0;0;11
0;1;11
0;2;11
0;3;11
0;4;1
0;5;1
0;6;1
0;7;1
0;8;1
0;9;1
0;10;1
0;11;1
0;12;1
0;13;1
0;14;1
0;15;1
0;16;1
0;17;1
0;18;1
0;19;1
0;20;1
0;21;1
0;22;1
0;23;1
0;24;1
0;25;1
0;26;1
0;27;1
0;28;39
0;29;39
0;30;39
0;31;39
0;32;39
0;33;39
0;34;39
0;35;39
0;36;39
0;37;39
0;38;39
0;39;39
0;40;39
0;41;39
0;42;39
0;43;39
0;44;39
0;45;39
0;46;39
0;47;39
0;48;45
0;49;45
0;50;45
0;51;45
0;52;45
0;53;45
0;54;45
0;55;45
0;56;45
0;57;45
0;58;45
0;59;45
0;60;45
0;61;45
0;62;45
0;63;45
0;64;45
0;65;45
0;66;45
0;67;45
0;68;45
0;69;45
0;70;45
0;71;45
0;72;45
0;73;45
0;74;35
0;75;35
0;76;35
0;77;35
0;78;35
0;79;35
0;80;35
0;81;35
0;82;35
0;83;35
0;84;35
0;85;35
0;86;35
0;87;35
0;88;35
0;89;35
0;90;35
0;91;35
0;92;35
0;93;35
0;94;35
0;95;35
0;96;35
0;97;35
0;98;35
0;99;35
0;100;35
0;101;15
0;102;15
0;103;15
0;104;15
0;105;15
0;106;15
0;107;15
0;108;15
0;109;15
0;110;15
0;111;15
0;112;15
0;113;15
0;114;15
0;115;15
0;116;15
0;117;15
0;118;15
0;119;15
0;120;15
0;121;15
0;122;15
0;123;15
0;124;11
0;125;11
0;126;11
0;127;11
0;128;11
0;129;11
0;130;11
0;131;11
0;132;11
0;133;11
0;134;11
0;135;11
0;136;11
0;137;11
0;138;11
0;139;11
0;140;11
0;141;11
0;142;11
0;143;11
0;144;11
0;145;11
0;146;11
0;147;11
0;148;11
0;149;11
0;150;11
0;151;11
0;152;11
0;153;11
0;154;11
0;155;11
0;156;11
0;157;11
0;158;11
0;159;11
0;160;11
0;161;11
0;162;11
0;163;11
0;164;11
0;165;11
0;166;11
0;167;11
0;168;11
0;169;11
0;170;11
0;171;11
0;172;11
0;173;11
0;174;11
0;175;11
0;176;11
0;177;11
0;178;11
0;179;9
0;180;9
0;181;9
0;182;9
0;183;9
0;184;9
0;185;9
0;186;9
0;187;9
0;188;9
0;189;9
0;190;9
0;191;9
0;192;9
0;193;9
0;194;9
0;195;9
0;196;9
0;197;9
0;198;9
0;199;9
0;200;9
0;201;9
0;202;9
0;203;9
0;204;9
0;205;9
0;206;9
0;207;9
0;208;9
0;209;9
0;210;9
0;211;9
0;212;9
0;213;9
0;214;9
0;215;9
0;216;9
0;217;9
0;218;9
0;219;9
0;220;9
0;221;9
0;222;9
0;223;9
0;224;9
0;225;9
0;226;9
0;227;9
0;228;9
0;229;9
0;230;9
0;231;11
0;232;11
0;233;11
0;234;11
0;235;11
0;236;11
0;237;11
0;238;11
0;239;11
0;240;11
0;241;11
0;242;11
0;243;11
0;244;11
0;245;11
0;246;11
0;247;11
0;248;11
0;249;11
0;250;11
0;251;11
0;252;11
0;253;11
0;254;11
0;255;11
0;256;11
0;257;11
0;258;11
0;259;11
0;260;11
0;261;11
0;262;11
0;263;11
0;264;11
0;265;11
0;266;11
0;267;11
0;268;11
0;269;11
0;270;11
0;271;11
0;272;11
0;273;11
0;274;11
0;275;14
0;276;14
0;277;14
0;278;14
0;279;14
0;280;14
0;281;14
0;282;14
0;283;14
0;284;14
0;285;14
0;286;14
0;287;14
0;288;14
0;289;14
0;290;14
0;291;14
0;292;14
0;293;14
0;294;14
0;295;14
0;296;14
0;297;14
0;298;14
0;299;14
0;300;14
0;301;14
0;302;14
0;303;14
0;304;14
0;305;14
0;306;14
0;307;14
0;308;14
0;309;14
0;310;14
0;311;14
0;312;14
0;313;14
0;314;14
0;315;14
0;316;24
0;317;24
0;318;24
0;319;24
0;320;24
0;321;24
0;322;24
0;323;24
0;324;24
0;325;24
0;326;24
0;327;24
0;328;24
0;329;24
0;330;24
0;331;24
0;332;24
0;333;24
0;334;24
0;335;24
0;336;24
0;337;24
0;338;24
0;339;24
0;340;24
0;341;24
0;342;24
0;343;24
0;344;24
0;345;24
0;346;24
0;347;24
0;348;24
0;349;24
0;350;24
0;351;24
0;352;24
0;353;10
0;354;10
0;355;10
0;356;10
0;357;10
0;358;10
0;359;10
0;360;10
0;361;10
0;362;10
0;363;10
0;364;10
0;365;10
0;366;10
0;367;10
0;368;10
0;369;10
0;370;10
0;371;10
0;372;10
0;373;10
0;374;10
0;375;10
0;376;10
0;377;10
0;378;10
0;379;10
0;380;10
0;381;10
0;382;10
0;383;1
0;384;1
0;385;1
0;386;1
0;387;1
0;388;1
0;389;1
0;390;1
0;391;1
0;392;1
0;393;1
0;394;1
0;395;1
0;396;1
0;397;1
0;398;1
0;399;1
0;400;1
0;401;1
0;402;1
0;403;1
0;404;1
0;405;1
0;406;1
0;407;1
0;408;1
0;409;1
0;410;1
0;411;1
0;412;1
0;413;17
0;414;17
0;415;17
0;416;17
0;417;49
0;418;49
0;419;49
0;420;49
0;421;49
0;422;49
0;423;49
0;424;49
0;425;49
0;426;49
0;427;49
0;428;49
0;429;49
0;430;49
0;431;49
0;432;49
0;433;49
0;434;49
0;435;49
0;436;49
0;437;49
0;438;49
0;439;49
0;440;49
0;441;49
0;442;49
0;443;49
0;444;49
0;445;27
0;446;27
0;447;27
0;448;27
0;449;27
0;450;27
0;451;27
0;452;27
0;453;27
0;454;27
0;455;27
0;456;27
0;457;27
0;458;27
0;459;27
0;460;27
0;461;27
0;462;27
0;463;27
0;464;27
0;465;27
0;466;27
0;467;27
0;468;27
0;469;27
0;470;27
0;471;27
0;472;27
0;473;27
0;474;27
0;475;27
0;476;27
0;477;27
0;478;27
0;479;27
0;480;27
0;481;27
0;482;27
0;483;27
0;484;27
0;485;27
0;486;27
0;487;27
0;488;27
0;489;27
0;490;27
0;491;27
0;492;27
0;493;27
0;494;27
0;495;27
0;496;27
0;497;27
0;498;27
0;499;27
1;0;11
1;1;11
1;2;11
1;3;11
1;4;11
1;5;1
1;6;1
1;7;1
1;8;1
1;9;1
1;10;1
1;11;1
1;12;1
1;13;1
1;14;1
1;15;1
1;16;1
1;17;1
1;18;1
1;19;1
1;20;1
1;21;1
1;22;1
1;23;1
1;24;1
1;25;1
1;26;1
1;27;1
1;28;39
1;29;39
1;30;39
1;31;39
1;32;39
1;33;39
1;34;39
1;35;39
1;36;39
1;37;39
1;38;39
1;39;39
1;40;39
1;41;39
1;42;39
1;43;39
1;44;39
1;45;39
1;46;39
1;47;39
1;48;45
1;49;45
1;50;45
1;51;45
1;52;45
1;53;45
1;54;45
1;55;45
1;56;45
1;57;45
1;58;45
1;59;45
1;60;45
1;61;45
1;62;45
1;63;45
1;64;45
1;65;45
1;66;45
1;67;45
1;68;45
1;69;45
1;70;45
1;71;45
1;72;45
1;73;45
1;74;45
1;75;35
1;76;35
1;77;35
1;78;35
1;79;35
1;80;35
1;81;35
1;82;35
1;83;35
1;84;35
1;85;35
1;86;35
1;87;35
1;88;35
1;89;35
1;90;35
1;91;35
1;92;35
1;93;35
1;94;35
1;95;35
1;96;35
1;97;35
1;98;35
1;99;35
1;100;35
1;101;15
1;102;15
1;103;15
1;104;15
1;105;15
1;106;15
1;107;15
1;108;15
1;109;15
1;110;15
1;111;15
1;112;15
1;113;15
1;114;15
1;115;15
1;116;15
1;117;15
1;118;15
1;119;15
1;120;15
1;121;15
1;122;15
1;123;15
1;124;11
1;125;11
1;126;11
1;127;11
1;128;11
1;129;11
1;130;11
1;131;11
1;132;11
1;133;11
1;134;11
1;135;11
1;136;11
1;137;11
1;138;11
1;139;11
1;140;11
1;141;11
1;142;11
1;143;11
1;144;11
1;145;11
1;146;11
1;147;11
1;148;11
1;149;11
1;150;11
1;151;11
1;152;11
1;153;11
1;154;11
1;155;11
1;156;11
1;157;11
1;158;11
1;159;11
1;160;11
1;161;11
1;162;11
1;163;11
1;164;11
1;165;11
1;166;11
1;167;11
1;168;11
1;169;11
1;170;11
1;171;11
1;172;11
1;173;11
1;174;11
1;175;11
1;176;11
1;177;11
1;178;11
1;179;11
1;180;9
1;181;9
1;182;9
1;183;9
1;184;9
1;185;9
1;186;9
1;187;9
1;188;9
1;189;9
1;190;9
1;191;9
1;192;9
1;193;9
1;194;9
1;195;9
1;196;9
1;197;9
1;198;9
1;199;9
1;200;9
1;201;9
1;202;9
1;203;9
1;204;9
1;205;9
1;206;9
1;207;9
1;208;9
1;209;9
1;210;9
1;211;9
1;212;9
1;213;9
1;214;9
1;215;9
1;216;9
1;217;9
1;218;9
1;219;9
1;220;9
1;221;9
1;222;9
1;223;9
1;224;9
1;225;9
1;226;9
1;227;9
1;228;9
1;229;9
1;230;9
1;231;11
1;232;11
1;233;11
1;234;11
1;235;11
1;236;11
1;237;11
1;238;11
1;239;11
1;240;11
1;241;11
1;242;11
1;243;11
1;244;11
1;245;11
1;246;11
1;247;11
1;248;11
1;249;11
1;250;11
1;251;11
1;252;11
1;253;11
1;254;11
1;255;11
1;256;11
1;257;11
1;258;11
1;259;11
1;260;11
1;261;11
1;262;11
1;263;11
1;264;11
1;265;11
1;266;11
1;267;11
1;268;11
1;269;11
1;270;11
1;271;11
1;272;11
1;273;11
1;274;11
1;275;11
1;276;14
1;277;14
1;278;14
1;279;14
1;280;14
1;281;14
1;282;14
1;283;14
1;284;14
1;285;14
1;286;14
1;287;14
1;288;14
1;289;14
1;290;14
1;291;14
1;292;14
1;293;14
1;294;14
1;295;14
1;296;14
1;297;14
1;298;14
1;299;14
1;300;14
1;301;14
1;302;14
1;303;14
1;304;14
1;305;14
1;306;14
1;307;14
1;308;14
1;309;14
1;310;14
1;311;14
1;312;14
1;313;14
1;314;14
1;315;14
1;316;14
1;317;24
1;318;24
1;319;24
1;320;24
1;321;24
1;322;24
1;323;24
1;324;24
1;325;24
1;326;24
1;327;24
1;328;24
1;329;24
1;330;24
1;331;24
1;332;24
1;333;24
1;334;24
1;335;24
1;336;24
1;337;24
1;338;24
1;339;24
1;340;24
1;341;24
1;342;24
1;343;24
1;344;24
1;345;24
1;346;24
1;347;24
1;348;24
1;349;24
1;350;24
1;351;24
1;352;24
1;353;24
1;354;10
1;355;10
1;356;10
1;357;10
1;358;10
1;359;10
1;360;10
1;361;10
1;362;10
1;363;10
1;364;10
1;365;10
1;366;10
1;367;10
1;368;10
1;369;10
1;370;10
1;371;10
1;372;10
1;373;10
1;374;10
1;375;10
1;376;10
1;377;10
1;378;10
1;379;10
1;380;10
1;381;10
1;382;10
1;383;1
1;384;1
1;385;1
1;386;1
1;387;1
1;388;1
1;389;1
1;390;1
1;391;1
1;392;1
1;393;1
1;394;1
1;395;1
1;396;1
1;397;1
1;398;1
1;399;1
1;400;1
1;401;1
1;402;1
1;403;1
1;404;1
1;405;1
1;406;1
1;407;1
1;408;1
1;409;1
1;410;1
1;411;1
1;412;1
1;413;17
1;414;17
1;415;17
1;416;17
1;417;49
1;418;49
1;419;49
1;420;49
1;421;49
1;422;49
1;423;49
1;424;49
1;425;49
1;426;49
1;427;49
1;428;49
1;429;49
1;430;49
1;431;49
1;432;49
1;433;49
1;434;49
1;435;49
1;436;49
1;437;49
1;438;49
1;439;49
1;440;49
1;441;49
1;442;49
1;443;49
1;444;49
1;445;49
1;446;27
1;447;27
1;448;27
1;449;27
1;450;27
1;451;27
1;452;27
1;453;27
1;454;27
1;455;27
1;456;27
1;457;27
1;458;27
1;459;27
1;460;27
1;461;27
1;462;27
1;463;27
1;464;27
1;465;27
1;466;27
1;467;27
1;468;27
1;469;27
1;470;27
1;471;27
1;472;27
1;473;27
1;474;27
1;475;27
1;476;27
1;477;27
1;478;27
1;479;27
1;480;27
1;481;27
1;482;27
1;483;27
1;484;27
1;485;27
1;486;27
1;487;27
1;488;27
1;489;27
1;490;27
1;491;27
1;492;27
1;493;27
1;494;27
1;495;27
1;496;27
1;497;27
1;498;27
1;499;27
2;0;11
2;1;11
2;2;11
2;3;11
2;4;11
2;5;11
2;6;1
2;7;1
2;8;1
2;9;1
2;10;1
2;11;1
2;12;1
2;13;1
2;14;1
2;15;1
2;16;1
2;17;1
2;18;1
2;19;1
2;20;1
2;21;1
2;22;1
2;23;1
2;24;1
2;25;1
2;26;1
2;27;1
2;28;39
2;29;39
2;30;39
2;31;39
2;32;39
2;33;39
2;34;39
2;35;39
2;36;39
2;37;39
2;38;39
2;39;39
2;40;39
2;41;39
2;42;39
2;43;39
2;44;39
2;45;39
2;46;39
2;47;39
2;48;39
2;49;45
2;50;45
2;51;45
2;52;45
2;53;45
2;54;45
2;55;45
2;56;45
2;57;45
2;58;45
2;59;45
2;60;45
2;61;45
2;62;45
2;63;45
2;64;45
2;65;45
2;66;45
2;67;45
2;68;45
2;69;45
2;70;45
2;71;45
2;72;45
2;73;45
2;74;45
2;75;45
2;76;35
2;77;35
2;78;35
2;79;35
2;80;35
2;81;35
2;82;35
2;83;35
2;84;35
2;85;35
2;86;35
2;87;35
2;88;35
2;89;35
2;90;35
2;91;35
2;92;35
2;93;35
2;94;35
2;95;35
2;96;35
2;97;35
2;98;35
2;99;35
2;100;35
2;101;15
2;102;15
2;103;15
2;104;15
2;105;15
2;106;15
2;107;15
2;108;15
2;109;15
2;110;15
2;111;15
2;112;15
2;113;15
2;114;15
2;115;15
2;116;15
2;117;15
2;118;15
2;119;15
2;120;15
2;121;15
2;122;15
2;123;15
2;124;15
2;125;11
2;126;11
2;127;11
2;128;11
2;129;11
2;130;11
2;131;11
2;132;11
2;133;11
2;134;11
2;135;11
2;136;11
2;137;11
2;138;11
2;139;11
2;140;11
2;141;11
2;142;11
2;143;11
2;144;11
2;145;11
2;146;11
2;147;11
2;148;11
2;149;11
2;150;11
2;151;11
2;152;11
2;153;11
2;154;11
2;155;11
2;156;11
2;157;11
2;158;11
2;159;11
2;160;11
2;161;11
2;162;11
2;163;11
2;164;11
2;165;11
2;166;11
2;167;11
2;168;11
2;169;11
2;170;11
2;171;11
2;172;11
2;173;11
2;174;11
2;175;11
2;176;11
2;177;11
2;178;11
2;179;11
2;180;9
2;181;9
2;182;9
2;183;9
2;184;9
2;185;9
2;186;9
2;187;9
2;188;9
2;189;9
2;190;9
2;191;9
2;192;9
2;193;9
2;194;9
2;195;9
2;196;9
2;197;9
2;198;9
2;199;9
2;200;9
2;201;9
2;202;9
2;203;9
2;204;9
2;205;9
2;206;9
2;207;9
2;208;9
2;209;9
2;210;9
2;211;9
2;212;9
2;213;9
2;214;9
2;215;9
2;216;9
2;217;9
2;218;9
2;219;9
2;220;9
2;221;9
2;222;9
2;223;9
2;224;9
2;225;9
2;226;9
2;227;9
2;228;9
2;229;9
2;230;9
2;231;9
2;232;11
2;233;11
2;234;11
2;235;11
2;236;11
2;237;11
2;238;11
2;239;11
2;240;11
2;241;11
2;242;11
2;243;11
2;244;11
2;245;11
2;246;11
2;247;11
2;248;11
2;249;11
2;250;11
2;251;11
2;252;11
2;253;11
2;254;11
2;255;11
2;256;11
2;257;11
2;258;11
2;259;11
2;260;11
2;261;11
2;262;11
2;263;11
2;264;11
2;265;11
2;266;11
2;267;11
2;268;11
2;269;11
2;270;11
2;271;11
2;272;11
2;273;11
2;274;11
2;275;11
2;276;6
2;277;14
2;278;14
2;279;14
2;280;14
2;281;14
2;282;14
2;283;14
2;284;14
2;285;14
2;286;14
2;287;14
2;288;14
2;289;14
2;290;14
2;291;14
2;292;14
2;293;14
2;294;14
2;295;14
2;296;14
2;297;14
2;298;14
2;299;14
2;300;14
2;301;14
2;302;14
2;303;14
2;304;14
2;305;14
2;306;14
2;307;14
2;308;14
2;309;14
2;310;14
2;311;14
2;312;14
2;313;14
2;314;14
2;315;14
2;316;14
2;317;24
2;318;24
2;319;24
2;320;24
2;321;24
2;322;24
2;323;24
2;324;24
2;325;24
2;326;24
2;327;24
2;328;24
2;329;24
2;330;24
2;331;24
2;332;24
2;333;24
2;334;24
2;335;24
2;336;24
2;337;24
2;338;24
2;339;24
2;340;24
2;341;24
2;342;24
2;343;24
2;344;24
2;345;24
2;346;24
2;347;24
2;348;24
2;349;24
2;350;24
2;351;24
2;352;24
2;353;24
2;354;10
2;355;10
2;356;10
2;357;10
2;358;10
2;359;10
2;360;10
2;361;10
2;362;10
2;363;10
2;364;10
2;365;10
2;366;10
2;367;10
2;368;10
2;369;10
2;370;10
2;371;10
2;372;10
2;373;10
2;374;10
2;375;10
2;376;10
2;377;10
2;378;10
2;379;10
2;380;10
2;381;10
2;382;10
2;383;1
2;384;1
2;385;1
2;386;1
2;387;1
2;388;1
2;389;1
2;390;1
2;391;1
2;392;1
2;393;1
2;394;1
2;395;1
2;396;1
2;397;1
2;398;1
2;399;1
2;400;1
2;401;1
2;402;1
2;403;1
2;404;1
2;405;1
2;406;1
2;407;1
2;408;1
2;409;1
2;410;1
2;411;1
2;412;1
2;413;17
2;414;17
2;415;17
2;416;17
2;417;17
2;418;49
2;419;49
2;420;49
2;421;49
2;422;49
2;423;49
2;424;49
2;425;49
2;426;49
2;427;49
2;428;49
2;429;49
2;430;49
2;431;49
2;432;49
2;433;49
2;434;49
2;435;49
2;436;49
2;437;49
2;438;49
2;439;49
2;440;49
2;441;49
2;442;49
2;443;49
2;444;49
2;445;49
2;446;49
2;447;27
2;448;27
2;449;27
2;450;27
2;451;27
2;452;27
2;453;27
2;454;27
2;455;27
2;456;27
2;457;27
2;458;27
2;459;27
2;460;27
2;461;27
2;462;27
2;463;27
2;464;27
2;465;27
2;466;27
2;467;27
2;468;27
2;469;27
2;470;27
2;471;27
2;472;27
2;473;27
2;474;27
2;475;27
2;476;27
2;477;27
2;478;27
2;479;27
2;480;27
2;481;27
2;482;27
2;483;27
2;484;27
2;485;27
2;486;27
2;487;27
2;488;27
2;489;27
2;490;27
2;491;27
2;492;27
2;493;27
2;494;27
2;495;27
2;496;27
2;497;27
2;498;27
2;499;27
3;0;11
3;1;11
3;2;11
3;3;11
3;4;11
3;5;11
3;6;11
3;7;1
3;8;1
3;9;1
3;10;1
3;11;1
3;12;1
3;13;1
3;14;1
3;15;1
3;16;1
3;17;1
3;18;1
3;19;1
3;20;1
3;21;1
3;22;1
3;23;1
3;24;1
3;25;1
3;26;1
3;27;1
3;28;39
3;29;39
3;30;39
3;31;39
3;32;39
3;33;39
3;34;39
3;35;39
3;36;39
3;37;39
3;38;39
3;39;39
3;40;39
3;41;39
3;42;39
3;43;39
3;44;39
3;45;39
3;46;39
3;47;39
3;48;39
3;49;45
3;50;45
3;51;45
3;52;45
3;53;45
3;54;45
3;55;45
3;56;45
3;57;45
3;58;45
3;59;45
3;60;45
3;61;45
3;62;45
3;63;45
3;64;45
3;65;45
3;66;45
3;67;45
3;68;45
3;69;45
3;70;45
3;71;45
3;72;45
3;73;45
3;74;45
3;75;45
3;76;45
3;77;35
3;78;35
3;79;35
3;80;35
3;81;35
3;82;35
3;83;35
3;84;35
3;85;35
3;86;35
3;87;35
3;88;35
3;89;35
3;90;35
3;91;35
3;92;35
3;93;35
3;94;35
3;95;35
3;96;35
3;97;35
3;98;35
3;99;35
3;100;15
3;101;15
3;102;15
3;103;15
3;104;15
3;105;15
3;106;15
3;107;15
3;108;15
3;109;15
3;110;15
3;111;15
3;112;15
3;113;15
3;114;15
3;115;15
3;116;15
3;117;15
3;118;15
3;119;15
3;120;15
3;121;15
3;122;15
3;123;15
3;124;15
3;125;11
3;126;11
3;127;11
3;128;11
3;129;11
3;130;11
3;131;11
3;132;11
3;133;11
3;134;11
3;135;11
3;136;11
3;137;11
3;138;11
3;139;11
3;140;11
3;141;11
3;142;11
3;143;11
3;144;11
3;145;11
3;146;11
3;147;11
3;148;11
3;149;11
3;150;11
3;151;11
3;152;11
3;153;11
3;154;11
3;155;11
3;156;11
3;157;11
3;158;11
3;159;11
3;160;11
3;161;11
3;162;11
3;163;11
3;164;11
3;165;11
3;166;11
3;167;11
3;168;11
3;169;11
3;170;11
3;171;11
3;172;11
3;173;11
3;174;11
3;175;11
3;176;11
3;177;11
3;178;11
3;179;11
3;180;11
3;181;9
3;182;9
3;183;9
3;184;9
3;185;9
3;186;9
3;187;9
3;188;9
3;189;9
3;190;9
3;191;9
3;192;9
3;193;9
3;194;9
3;195;9
3;196;9
3;197;9
3;198;9
3;199;9
3;200;9
3;201;9
3;202;9
3;203;9
3;204;9
3;205;9
3;206;9
3;207;9
3;208;9
3;209;9
3;210;9
3;211;9
3;212;9
3;213;9
3;214;9
3;215;9
3;216;9
3;217;9
3;218;9
3;219;9
3;220;9
3;221;9
3;222;9
3;223;9
3;224;9
3;225;9
3;226;9
3;227;9
3;228;9
3;229;9
3;230;9
3;231;9
3;232;11
3;233;11
3;234;11
3;235;11
3;236;11
3;237;11
3;238;11
3;239;11
3;240;11
3;241;11
3;242;11
3;243;11
3;244;11
3;245;11
3;246;11
3;247;11
3;248;11
3;249;11
3;250;11
3;251;11
3;252;11
3;253;11
3;254;11
3;255;11
3;256;11
3;257;11
3;258;11
3;259;11
3;260;11
3;261;11
3;262;11
3;263;11
3;264;11
3;265;11
3;266;11
3;267;11
3;268;11
3;269;11
3;270;11
3;271;11
3;272;11
3;273;11
3;274;11
3;275;11
3;276;6
3;277;6
3;278;6
3;279;14
3;280;14
3;281;14
3;282;14
3;283;14
3;284;14
3;285;14
3;286;14
3;287;14
3;288;14
3;289;14
3;290;14
3;291;14
3;292;14
3;293;14
3;294;14
3;295;14
3;296;14
3;297;14
3;298;14
3;299;14
3;300;14
3;301;14
3;302;14
3;303;14
3;304;14
3;305;14
3;306;14
3;307;14
3;308;14
3;309;14
3;310;14
3;311;14
3;312;14
3;313;14
3;314;14
3;315;14
3;316;14
3;317;24
3;318;24
3;319;24
3;320;24
3;321;24
3;322;24
3;323;24
3;324;24
3;325;24
3;326;24
3;327;24
3;328;24
3;329;24
3;330;24
3;331;24
3;332;24
3;333;24
3;334;24
3;335;24
3;336;24
3;337;24
3;338;24
3;339;24
3;340;24
3;341;24
3;342;24
3;343;24
3;344;24
3;345;24
3;346;24
3;347;24
3;348;24
3;349;24
3;350;24
3;351;24
3;352;24
3;353;24
3;354;24
3;355;10
3;356;10
3;357;10
3;358;10
3;359;10
3;360;10
3;361;10
3;362;10
3;363;10
3;364;10
3;365;10
3;366;10
3;367;10
3;368;10
3;369;10
3;370;10
3;371;10
3;372;10
3;373;10
3;374;10
3;375;10
3;376;10
3;377;10
3;378;10
3;379;10
3;380;10
3;381;10
3;382;10
3;383;1
3;384;1
3;385;1
3;386;1
3;387;1
3;388;1
3;389;1
3;390;1
3;391;1
3;392;1
3;393;1
3;394;1
3;395;1
3;396;1
3;397;1
3;398;1
3;399;1
3;400;1
3;401;1
3;402;1
3;403;1
3;404;1
3;405;1
3;406;1
3;407;1
3;408;1
3;409;1
3;410;1
3;411;1
3;412;1
3;413;17
3;414;17
3;415;17
3;416;17
3;417;17
3;418;49
3;419;49
3;420;49
3;421;49
3;422;49
3;423;49
3;424;49
3;425;49
3;426;49
3;427;49
3;428;49
3;429;49
3;430;49
3;431;49
3;432;49
3;433;49
3;434;49
3;435;49
3;436;49
3;437;49
3;438;49
3;439;49
3;440;49
3;441;49
3;442;49
3;443;49
3;444;49
3;445;49
3;446;49
3;447;49
3;448;27
3;449;27
3;450;27
3;451;27
3;452;27
3;453;27
3;454;27
3;455;27
3;456;27
3;457;27
3;458;27
3;459;27
3;460;27
3;461;27
3;462;27
3;463;27
3;464;27
3;465;27
3;466;27
3;467;27
3;468;27
3;469;27
3;470;27
3;471;27
3;472;27
3;473;27
3;474;27
3;475;27
3;476;27
3;477;27
3;478;27
3;479;27
3;480;27
3;481;27
3;482;27
3;483;27
3;484;27
3;485;27
3;486;27
3;487;27
3;488;27
3;489;27
3;490;27
3;491;27
3;492;27
3;493;27
3;494;27
3;495;27
3;496;27
3;497;27
3;498;27
3;499;27
4;0;11
4;1;11
4;2;11
4;3;11
4;4;11
4;5;11
4;6;11
4;7;1
4;8;1
4;9;1
4;10;1
4;11;1
4;12;1
4;13;1
4;14;1
4;15;1
4;16;1
4;17;1
4;18;1
4;19;1
4;20;1
4;21;1
4;22;1
4;23;1
4;24;1
4;25;1
4;26;1
4;27;1
4;28;39
4;29;39
4;30;39
4;31;39
4;32;39
4;33;39
4;34;39
4;35;39
4;36;39
4;37;39
4;38;39
4;39;39
4;40;39
4;41;39
4;42;39
4;43;39
4;44;39
4;45;39
4;46;39
4;47;39
4;48;39
4;49;39
4;50;45
4;51;45
4;52;45
4;53;45
4;54;45
4;55;45
4;56;45
4;57;45
4;58;45
4;59;45
4;60;45
4;61;45
4;62;45
4;63;45
4;64;45
4;65;45
4;66;45
4;67;45
4;68;45
4;69;45
4;70;45
4;71;45
4;72;45
4;73;45
4;74;45
4;75;45
4;76;45
4;77;45
4;78;35
4;79;35
4;80;35
4;81;35
4;82;35
4;83;35
4;84;35
4;85;35
4;86;35
4;87;35
4;88;35
4;89;35
4;90;35
4;91;35
4;92;35
4;93;35
4;94;35
4;95;35
4;96;35
4;97;35
4;98;35
4;99;15
4;100;15
4;101;15
4;102;15
4;103;15
4;104;15
4;105;15
4;106;15
4;107;15
4;108;15
4;109;15
4;110;15
4;111;15
4;112;15
4;113;15
4;114;15
4;115;15
4;116;15
4;117;15
4;118;15
4;119;15
4;120;15
4;121;15
4;122;15
4;123;15
4;124;15
4;125;15
4;126;11
4;127;11
4;128;11
4;129;11
4;130;11
4;131;11
4;132;11
4;133;11
4;134;11
4;135;11
4;136;11
4;137;11
4;138;11
4;139;11
4;140;11
4;141;11
4;142;11
4;143;11
4;144;11
4;145;11
4;146;11
4;147;11
4;148;11
4;149;11
4;150;11
4;151;11
4;152;11
4;153;11
4;154;11
4;155;11
4;156;11
4;157;11
4;158;11
4;159;11
4;160;11
4;161;11
4;162;11
4;163;11
4;164;11
4;165;11
4;166;11
4;167;11
4;168;11
4;169;11
4;170;11
4;171;11
4;172;11
4;173;11
4;174;11
4;175;11
4;176;11
4;177;11
4;178;11
4;179;11
4;180;11
4;181;9
4;182;9
4;183;9
4;184;9
4;185;9
4;186;9
4;187;9
4;188;9
4;189;9
4;190;9
4;191;9
4;192;9
4;193;9
4;194;9
4;195;9
4;196;9
4;197;9
4;198;9
4;199;9
4;200;9
4;201;9
4;202;9
4;203;9
4;204;9
4;205;9
4;206;9
4;207;9
4;208;9
4;209;9
4;210;9
4;211;9
4;212;9
4;213;9
4;214;9
4;215;9
4;216;9
4;217;9
4;218;9
4;219;9
4;220;9
4;221;9
4;222;9
4;223;9
4;224;9
4;225;9
4;226;9
4;227;9
4;228;9
4;229;9
4;230;9
4;231;9
4;232;9
4;233;11
4;234;11
4;235;11
4;236;11
4;237;11
4;238;11
4;239;11
4;240;11
4;241;11
4;242;11
4;243;11
4;244;11
4;245;11
4;246;11
4;247;11
4;248;11
4;249;11
4;250;11
4;251;11
4;252;11
4;253;11
4;254;11
4;255;11
4;256;11
4;257;11
4;258;11
4;259;11
4;260;11
4;261;11
4;262;11
4;263;11
4;264;11
4;265;11
4;266;11
4;267;11
4;268;11
4;269;11
4;270;11
4;271;11
4;272;11
4;273;11
4;274;11
4;275;11
4;276;6
4;277;6
4;278;6
4;279;6
4;280;6
4;281;14
4;282;14
4;283;14
4;284;14
4;285;14
4;286;14
4;287;14
4;288;14
4;289;14
4;290;14
4;291;14
4;292;14
4;293;14
4;294;14
4;295;14
4;296;14
4;297;14
4;298;14
4;299;14
4;300;14
4;301;14
4;302;14
4;303;14
4;304;14
4;305;14
4;306;14
4;307;14
4;308;14
4;309;14
4;310;14
4;311;14
4;312;14
4;313;14
4;314;14
4;315;14
4;316;14
4;317;24
4;318;24
4;319;24
4;320;24
4;321;24
4;322;24
4;323;24
4;324;24
4;325;24
4;326;24
4;327;24
4;328;24
4;329;24
4;330;24
4;331;24
4;332;24
4;333;24
4;334;24
4;335;24
4;336;24
4;337;24
4;338;24
4;339;24
4;340;24
4;341;24
4;342;24
4;343;24
4;344;24
4;345;24
4;346;24
4;347;24
4;348;24
4;349;24
4;350;24
4;351;24
4;352;24
4;353;24
4;354;24
4;355;10
4;356;10
4;357;10
4;358;10
4;359;10
4;360;10
4;361;10
4;362;10
4;363;10
4;364;10
4;365;10
4;366;10
4;367;10
4;368;10
4;369;10
4;370;10
4;371;10
4;372;10
4;373;10
4;374;10
4;375;10
4;376;10
4;377;10
4;378;10
4;379;10
4;380;10
4;381;10
4;382;10
4;383;1
4;384;1
4;385;1
4;386;1
4;387;1
4;388;1
4;389;1
4;390;1
4;391;1
4;392;1
4;393;1
4;394;1
4;395;1
4;396;1
4;397;1
4;398;1
4;399;1
4;400;1
4;401;1
4;402;1
4;403;1
4;404;1
4;405;1
4;406;1
4;407;1
4;408;1
4;409;1
4;410;1
4;411;1
4;412;1
4;413;17
4;414;17
4;415;17
4;416;17
4;417;17
4;418;17
4;419;49
4;420;49
4;421;49
4;422;49
4;423;49
4;424;49
4;425;49
4;426;49
4;427;49
4;428;49
4;429;49
4;430;49
4;431;49
4;432;49
4;433;49
4;434;49
4;435;49
4;436;49
4;437;49
4;438;49
4;439;49
4;440;49
4;441;49
4;442;49
4;443;49
4;444;49
4;445;49
4;446;49
4;447;49
4;448;49
4;449;27
4;450;27
4;451;27
4;452;27
4;453;27
4;454;27
4;455;27
4;456;27
4;457;27
4;458;27
4;459;27
4;460;27
4;461;27
4;462;27
4;463;27
4;464;27
4;465;27
4;466;27
4;467;27
4;468;27
4;469;27
4;470;27
4;471;27
4;472;27
4;473;27
4;474;27
4;475;27
4;476;27
4;477;27
4;478;27
4;479;27
4;480;27
4;481;27
4;482;27
4;483;27
4;484;27
4;485;27
4;486;27
4;487;27
4;488;27
4;489;27
4;490;27
4;491;27
4;492;27
4;493;27
4;494;27
4;495;27
4;496;27
4;497;27
4;498;27
4;499;27
5;0;11
5;1;11
5;2;11
5;3;11
5;4;11
5;5;11
5;6;11
5;7;11
5;8;1
5;9;1
5;10;1
5;11;1
5;12;1
5;13;1
5;14;1
5;15;1
5;16;1
5;17;1
5;18;1
5;19;1
5;20;1
5;21;1
5;22;1
5;23;1
5;24;1
5;25;1
5;26;1
5;27;1
5;28;39
5;29;39
5;30;39
5;31;39
5;32;39
5;33;39
5;34;39
5;35;39
5;36;39
5;37;39
5;38;39
5;39;39
5;40;39
5;41;39
5;42;39
5;43;39
5;44;39
5;45;39
5;46;39
5;47;39
5;48;39
5;49;39
5;50;45
5;51;45
5;52;45
5;53;45
5;54;45
5;55;45
5;56;45
5;57;45
5;58;45
5;59;45
5;60;45
5;61;45
5;62;45
5;63;45
5;64;45
5;65;45
5;66;45
5;67;45
5;68;45
5;69;45
5;70;45
5;71;45
5;72;45
5;73;45
5;74;45
5;75;45
5;76;45
5;77;45
5;78;45
5;79;35
5;80;35
5;81;35
5;82;35
5;83;35
5;84;35
5;85;35
5;86;35
5;87;35
5;88;35
5;89;35
5;90;35
5;91;35
5;92;35
5;93;35
5;94;35
5;95;35
5;96;35
5;97;35
5;98;15
5;99;15
5;100;15
5;101;15
5;102;15
5;103;15
5;104;15
5;105;15
5;106;15
5;107;15
5;108;15
5;109;15
5;110;15
5;111;15
5;112;15
5;113;15
5;114;15
5;115;15
5;116;15
5;117;15
5;118;15
5;119;15
5;120;15
5;121;15
5;122;15
5;123;15
5;124;15
5;125;15
5;126;11
5;127;11
5;128;11
5;129;11
5;130;11
5;131;11
5;132;11
5;133;11
5;134;11
5;135;11
5;136;11
5;137;11
5;138;11
5;139;11
5;140;11
5;141;11
5;142;11
5;143;11
5;144;11
5;145;11
5;146;11
5;147;11
5;148;11
5;149;11
5;150;11
5;151;11
5;152;11
5;153;11
5;154;11
5;155;11
5;156;11
5;157;11
5;158;11
5;159;11
5;160;11
5;161;11
5;162;11
5;163;11
5;164;11
5;165;11
5;166;11
5;167;11
5;168;11
5;169;11
5;170;11
5;171;11
5;172;11
5;173;11
5;174;11
5;175;11
5;176;11
5;177;11
5;178;11
5;179;11
5;180;11
5;181;11
5;182;9
5;183;9
5;184;9
5;185;9
5;186;9
5;187;9
5;188;9
5;189;9
5;190;9
5;191;9
5;192;9
5;193;9
5;194;9
5;195;9
5;196;9
5;197;9
5;198;9
5;199;9
5;200;9
5;201;9
5;202;9
5;203;9
5;204;9
5;205;9
5;206;9
5;207;9
5;208;9
5;209;9
5;210;9
5;211;9
5;212;9
5;213;9
5;214;9
5;215;9
5;216;9
5;217;9
5;218;9
5;219;9
5;220;9
5;221;9
5;222;9
5;223;9
5;224;9
5;225;9
5;226;9
5;227;9
5;228;9
5;229;9
5;230;9
5;231;9
5;232;9
5;233;11
5;234;11
5;235;11
5;236;11
5;237;11
5;238;11
5;239;11
5;240;11
5;241;11
5;242;11
5;243;11
5;244;11
5;245;11
5;246;11
5;247;11
5;248;11
5;249;11
5;250;11
5;251;11
5;252;11
5;253;11
5;254;11
5;255;11
5;256;11
5;257;11
5;258;11
5;259;11
5;260;11
5;261;11
5;262;11
5;263;11
5;264;11
5;265;11
5;266;11
5;267;11
5;268;11
5;269;11
5;270;11
5;271;11
5;272;11
5;273;11
5;274;11
5;275;11
5;276;6
5;277;6
5;278;6
5;279;6
5;280;6
5;281;6
5;282;6
5;283;14
5;284;14
5;285;14
5;286;14
5;287;14
5;288;14
5;289;14
5;290;14
5;291;14
5;292;14
5;293;14
5;294;14
5;295;14
5;296;14
5;297;14
5;298;14
5;299;14
5;300;14
5;301;14
5;302;14
5;303;14
5;304;14
5;305;14
5;306;14
5;307;14
5;308;14
5;309;14
5;310;14
5;311;14
5;312;14
5;313;14
5;314;14
5;315;14
5;316;14
5;317;24
5;318;24
5;319;24
5;320;24
5;321;24
5;322;24
5;323;24
5;324;24
5;325;24
5;326;24
5;327;24
5;328;24
5;329;24
5;330;24
5;331;24
5;332;24
5;333;24
5;334;24
5;335;24
5;336;24
5;337;24
5;338;24
5;339;24
5;340;24
5;341;24
5;342;24
5;343;24
5;344;24
5;345;24
5;346;24
5;347;24
5;348;24
5;349;24
5;350;24
5;351;24
5;352;24
5;353;24
5;354;24
5;355;24
5;356;10
5;357;10
5;358;10
5;359;10
5;360;10
5;361;10
5;362;10
5;363;10
5;364;10
5;365;10
5;366;10
5;367;10
5;368;10
5;369;10
5;370;10
5;371;10
5;372;10
5;373;10
5;374;10
5;375;10
5;376;10
5;377;10
5;378;10
5;379;10
5;380;10
5;381;10
5;382;10
5;383;1
5;384;1
5;385;1
5;386;1
5;387;1
5;388;1
5;389;1
5;390;1
5;391;1
5;392;1
5;393;1
5;394;1
5;395;1
5;396;1
5;397;1
5;398;1
5;399;1
5;400;1
5;401;1
5;402;1
5;403;1
5;404;1
5;405;1
5;406;1
5;407;1
5;408;1
5;409;1
5;410;1
5;411;1
5;412;1
5;413;17
5;414;17
5;415;17
5;416;17
5;417;17
5;418;17
5;419;49
5;420;49
5;421;49
5;422;49
5;423;49
5;424;49
5;425;49
5;426;49
5;427;49
5;428;49
5;429;49
5;430;49
5;431;49
5;432;49
5;433;49
5;434;49
5;435;49
5;436;49
5;437;49
5;438;49
5;439;49
5;440;49
5;441;49
5;442;49
5;443;49
5;444;49
5;445;49
5;446;49
5;447;49
5;448;49
5;449;49
5;450;27
5;451;27
5;452;27
5;453;27
5;454;27
5;455;27
5;456;27
5;457;27
5;458;27
5;459;27
5;460;27
5;461;27
5;462;27
5;463;27
5;464;27
5;465;27
5;466;27
5;467;27
5;468;27
5;469;27
5;470;27
5;471;27
5;472;27
5;473;27
5;474;27
5;475;27
5;476;27
5;477;27
5;478;27
5;479;27
5;480;27
5;481;27
5;482;27
5;483;27
5;484;27
5;485;27
5;486;27
5;487;27
5;488;27
5;489;27
5;490;27
5;491;27
5;492;27
5;493;27
5;494;27
5;495;27
5;496;27
5;497;27
5;498;27
5;499;27
6;0;11
6;1;11
6;2;11
6;3;11
6;4;11
6;5;11
6;6;11
6;7;11
6;8;1
6;9;1
6;10;1
6;11;1
6;12;1
6;13;1
6;14;1
6;15;1
6;16;1
6;17;1
6;18;1
6;19;1
6;20;1
6;21;1
6;22;1
6;23;1
6;24;1
6;25;1
6;26;1
6;27;1
6;28;39
6;29;39
6;30;39
6;31;39
6;32;39
6;33;39
6;34;39
6;35;39
6;36;39
6;37;39
6;38;39
6;39;39
6;40;39
6;41;39
6;42;39
6;43;39
6;44;39
6;45;39
6;46;39
6;47;39
6;48;39
6;49;39
6;50;39
6;51;45
6;52;45
6;53;45
6;54;45
6;55;45
6;56;45
6;57;45
6;58;45
6;59;45
6;60;45
6;61;45
6;62;45
6;63;45
6;64;45
6;65;45
6;66;45
6;67;45
6;68;45
6;69;45
6;70;45
6;71;45
6;72;45
6;73;45
6;74;45
6;75;45
6;76;45
6;77;45
6;78;45
6;79;45
6;80;35
6;81;35
6;82;35
6;83;35
6;84;35
6;85;35
6;86;35
6;87;35
6;88;35
6;89;35
6;90;35
6;91;35
6;92;35
6;93;35
6;94;35
6;95;35
6;96;35
6;97;15
6;98;15
6;99;15
6;100;15
6;101;15
6;102;15
6;103;15
6;104;15
6;105;15
6;106;15
6;107;15
6;108;15
6;109;15
6;110;15
6;111;15
6;112;15
6;113;15
6;114;15
6;115;15
6;116;15
6;117;15
6;118;15
6;119;15
6;120;15
6;121;15
6;122;15
6;123;15
6;124;15
6;125;15
6;126;15
6;127;11
6;128;11
6;129;11
6;130;11
6;131;11
6;132;11
6;133;11
6;134;11
6;135;11
6;136;11
6;137;11
6;138;11
6;139;11
6;140;11
6;141;11
6;142;11
6;143;11
6;144;11
6;145;11
6;146;11
6;147;11
6;148;11
6;149;11
6;150;11
6;151;11
6;152;11
6;153;11
6;154;11
6;155;11
6;156;11
6;157;11
6;158;11
6;159;11
6;160;11
6;161;11
6;162;11
6;163;11
6;164;11
6;165;11
6;166;11
6;167;11
6;168;11
6;169;11
6;170;11
6;171;11
6;172;11
6;173;11
6;174;11
6;175;11
6;176;11
6;177;11
6;178;11
6;179;11
6;180;11
6;181;11
6;182;9
6;183;9
6;184;9
6;185;9
6;186;9
6;187;9
6;188;9
6;189;9
6;190;9
6;191;9
6;192;9
6;193;9
6;194;9
6;195;9
6;196;9
6;197;9
6;198;9
6;199;9
6;200;9
6;201;9
6;202;9
6;203;9
6;204;9
6;205;9
6;206;9
6;207;9
6;208;9
6;209;9
6;210;9
6;211;9
6;212;9
6;213;9
6;214;9
6;215;9
6;216;9
6;217;9
6;218;9
6;219;9
6;220;9
6;221;9
6;222;9
6;223;9
6;224;9
6;225;9
6;226;9
6;227;9
6;228;9
6;229;9
6;230;9
6;231;9
6;232;9
6;233;9
6;234;11
6;235;11
6;236;11
6;237;11
6;238;11
6;239;11
6;240;11
6;241;11
6;242;11
6;243;11
6;244;11
6;245;11
6;246;11
6;247;11
6;248;11
6;249;11
6;250;11
6;251;11
6;252;11
6;253;11
6;254;11
6;255;11
6;256;11
6;257;11
6;258;11
6;259;11
6;260;11
6;261;11
6;262;11
6;263;11
6;264;11
6;265;11
6;266;11
6;267;11
6;268;11
6;269;11
6;270;11
6;271;11
6;272;11
6;273;11
6;274;11
6;275;11
6;276;6
6;277;6
6;278;6
6;279;6
6;280;6
6;281;6
6;282;6
6;283;6
6;284;6
6;285;14
6;286;14
6;287;14
6;288;14
6;289;14
6;290;14
6;291;14
6;292;14
6;293;14
6;294;14
6;295;14
6;296;14
6;297;14
6;298;14
6;299;14
6;300;14
6;301;14
6;302;14
6;303;14
6;304;14
6;305;14
6;306;14
6;307;14
6;308;14
6;309;14
6;310;14
6;311;14
6;312;14
6;313;14
6;314;14
6;315;14
6;316;14
6;317;24
6;318;24
6;319;24
6;320;24
6;321;24
6;322;24
6;323;24
6;324;24
6;325;24
6;326;24
6;327;24
6;328;24
6;329;24
6;330;24
6;331;24
6;332;24
6;333;24
6;334;24
6;335;24
6;336;24
6;337;24
6;338;24
6;339;24
6;340;24
6;341;24
6;342;24
6;343;24
6;344;24
6;345;24
6;346;24
6;347;24
6;348;24
6;349;24
6;350;24
6;351;24
6;352;24
6;353;24
6;354;24
6;355;24
6;356;10
6;357;10
6;358;10
6;359;10
6;360;10
6;361;10
6;362;10
6;363;10
6;364;10
6;365;10
6;366;10
6;367;10
6;368;10
6;369;10
6;370;10
6;371;10
6;372;10
6;373;10
6;374;10
6;375;10
6;376;10
6;377;10
6;378;10
6;379;10
6;380;10
6;381;10
6;382;10
6;383;1
6;384;1
6;385;1
6;386;1
6;387;1
6;388;1
6;389;1
6;390;1
6;391;1
6;392;1
6;393;1
6;394;1
6;395;1
6;396;1
6;397;1
6;398;1
6;399;1
6;400;1
6;401;1
6;402;1
6;403;1
6;404;1
6;405;1
6;406;1
6;407;1
6;408;1
6;409;1
6;410;1
6;411;1
6;412;1
6;413;17
6;414;17
6;415;17
6;416;17
6;417;17
6;418;17
6;419;17
6;420;49
6;421;49
6;422;49
6;423;49
6;424;49
6;425;49
6;426;49
6;427;49
6;428;49
6;429;49
6;430;49
6;431;49
6;432;49
6;433;49
6;434;49
6;435;49
6;436;49
6;437;49
6;438;49
6;439;49
6;440;49
6;441;49
6;442;49
6;443;49
6;444;49
6;445;49
6;446;49
6;447;49
6;448;49
6;449;49
6;450;49
6;451;27
6;452;27
6;453;27
6;454;27
6;455;27
6;456;27
6;457;27
6;458;27
6;459;27
6;460;27
6;461;27
6;462;27
6;463;27
6;464;27
6;465;27
6;466;27
6;467;27
6;468;27
6;469;27
6;470;27
6;471;27
6;472;27
6;473;27
6;474;27
6;475;27
6;476;27
6;477;27
6;478;27
6;479;27
6;480;27
6;481;27
6;482;27
6;483;27
6;484;27
6;485;27
6;486;27
6;487;27
6;488;27
6;489;27
6;490;27
6;491;27
6;492;27
6;493;27
6;494;27
6;495;27
6;496;27
6;497;27
6;498;27
6;499;27
7;0;11
7;1;11
7;2;11
7;3;11
7;4;11
7;5;11
7;6;11
7;7;11
7;8;11
7;9;1
7;10;1
7;11;1
7;12;1
7;13;1
7;14;1
7;15;1
7;16;1
7;17;1
7;18;1
7;19;1
7;20;1
7;21;1
7;22;1
7;23;1
7;24;1
7;25;1
7;26;1
7;27;1
7;28;39
7;29;39
7;30;39
7;31;39
7;32;39
7;33;39
7;34;39
7;35;39
7;36;39
7;37;39
7;38;39
7;39;39
7;40;39
7;41;39
7;42;39
7;43;39
7;44;39
7;45;39
7;46;39
7;47;39
7;48;39
7;49;39
7;50;39
7;51;45
7;52;45
7;53;45
7;54;45
7;55;45
7;56;45
7;57;45
7;58;45
7;59;45
7;60;45
7;61;45
7;62;45
7;63;45
7;64;45
7;65;45
7;66;45
7;67;45
7;68;45
7;69;45
7;70;45
7;71;45
7;72;45
7;73;45
7;74;45
7;75;45
7;76;45
7;77;45
7;78;45
7;79;45
7;80;45
7;81;35
7;82;35
7;83;35
7;84;35
7;85;35
7;86;35
7;87;35
7;88;35
7;89;35
7;90;35
7;91;35
7;92;35
7;93;35
7;94;35
7;95;35
7;96;15
7;97;15
7;98;15
7;99;15
7;100;15
7;101;15
7;102;15
7;103;15
7;104;15
7;105;15
7;106;15
7;107;15
7;108;15
7;109;15
7;110;15
7;111;15
7;112;15
7;113;15
7;114;15
7;115;15
7;116;15
7;117;15
7;118;15
7;119;15
7;120;15
7;121;15
7;122;15
7;123;15
7;124;15
7;125;15
7;126;15
7;127;11
7;128;11
7;129;11
7;130;11
7;131;11
7;132;11
7;133;11
7;134;11
7;135;11
7;136;11
7;137;11
7;138;11
7;139;11
7;140;11
7;141;11
7;142;11
7;143;11
7;144;11
7;145;11
7;146;11
7;147;11
7;148;11
7;149;11
7;150;11
7;151;11
7;152;11
7;153;11
7;154;11
7;155;11
7;156;11
7;157;11
7;158;11
7;159;11
7;160;11
7;161;11
7;162;11
7;163;11
7;164;11
7;165;11
7;166;11
7;167;11
7;168;11
7;169;11
7;170;11
7;171;11
7;172;11
7;173;11
7;174;11
7;175;11
7;176;11
7;177;11
7;178;11
7;179;11
7;180;11
7;181;11
7;182;11
7;183;9
7;184;9
7;185;9
7;186;9
7;187;9
7;188;9
7;189;9
7;190;9
7;191;9
7;192;9
7;193;9
7;194;9
7;195;9
7;196;9
7;197;9
7;198;9
7;199;9
7;200;9
7;201;9
7;202;9
7;203;9
7;204;9
7;205;9
7;206;9
7;207;9
7;208;9
7;209;9
7;210;9
7;211;9
7;212;9
7;213;9
7;214;9
7;215;9
7;216;9
7;217;9
7;218;9
7;219;9
7;220;9
7;221;9
7;222;9
7;223;9
7;224;9
7;225;9
7;226;9
7;227;9
7;228;9
7;229;9
7;230;9
7;231;9
7;232;9
7;233;9
7;234;11
7;235;11
7;236;11
7;237;11
7;238;11
7;239;11
7;240;11
7;241;11
7;242;11
7;243;11
7;244;11
7;245;11
7;246;11
7;247;11
7;248;11
7;249;11
7;250;11
7;251;11
7;252;11
7;253;11
7;254;11
7;255;11
7;256;11
7;257;11
7;258;11
7;259;11
7;260;11
7;261;11
7;262;11
7;263;11
7;264;11
7;265;11
7;266;11
7;267;11
7;268;11
7;269;11
7;270;11
7;271;11
7;272;11
7;273;11
7;274;11
7;275;11
7;276;11
7;277;6
7;278;6
7;279;6
7;280;6
7;281;6
7;282;6
7;283;6
7;284;6
7;285;6
7;286;14
7;287;14
7;288;14
7;289;14
7;290;14
7;291;14
7;292;14
7;293;14
7;294;14
7;295;14
7;296;14
7;297;14
7;298;14
7;299;14
7;300;14
7;301;14
7;302;14
7;303;14
7;304;14
7;305;14
7;306;14
7;307;14
7;308;14
7;309;14
7;310;14
7;311;14
7;312;14
7;313;14
7;314;14
7;315;14
7;316;14
7;317;24
7;318;24
7;319;24
7;320;24
7;321;24
7;322;24
7;323;24
7;324;24
7;325;24
7;326;24
7;327;24
7;328;24
7;329;24
7;330;24
7;331;24
7;332;24
7;333;24
7;334;24
7;335;24
7;336;24
7;337;24
7;338;24
7;339;24
7;340;24
7;341;24
7;342;24
7;343;24
7;344;24
7;345;24
7;346;24
7;347;24
7;348;24
7;349;24
7;350;24
7;351;24
7;352;24
7;353;24
7;354;24
7;355;24
7;356;24
7;357;10
7;358;10
7;359;10
7;360;10
7;361;10
7;362;10
7;363;10
7;364;10
7;365;10
7;366;10
7;367;10
7;368;10
7;369;10
7;370;10
7;371;10
7;372;10
7;373;10
7;374;10
7;375;10
7;376;10
7;377;10
7;378;10
7;379;10
7;380;10
7;381;10
7;382;10
7;383;1
7;384;1
7;385;1
7;386;1
7;387;1
7;388;1
7;389;1
7;390;1
7;391;1
7;392;1
7;393;1
7;394;1
7;395;1
7;396;1
7;397;1
7;398;1
7;399;1
7;400;1
7;401;1
7;402;1
7;403;1
7;404;1
7;405;1
7;406;1
7;407;1
7;408;1
7;409;1
7;410;1
7;411;1
7;412;1
7;413;17
7;414;17
7;415;17
7;416;17
7;417;17
7;418;17
7;419;17
7;420;49
7;421;49
7;422;49
7;423;49
7;424;49
7;425;49
7;426;49
7;427;49
7;428;49
7;429;49
7;430;49
7;431;49
7;432;49
7;433;49
7;434;49
7;435;49
7;436;49
7;437;49
7;438;49
7;439;49
7;440;49
7;441;49
7;442;49
7;443;49
7;444;49
7;445;49
7;446;49
7;447;49
7;448;49
7;449;49
7;450;49
7;451;49
7;452;27
7;453;27
7;454;27
7;455;27
7;456;27
7;457;27
7;458;27
7;459;27
7;460;27
7;461;27
7;462;27
7;463;27
7;464;27
7;465;27
7;466;27
7;467;27
7;468;27
7;469;27
7;470;27
7;471;27
7;472;27
7;473;27
7;474;27
7;475;27
7;476;27
7;477;27
7;478;27
7;479;27
7;480;27
7;481;27
7;482;27
7;483;27
7;484;27
7;485;27
7;486;27
7;487;27
7;488;27
7;489;27
7;490;27
7;491;27
7;492;27
7;493;27
7;494;27
7;495;27
7;496;27
7;497;27
7;498;27
7;499;27
8;0;11
8;1;11
8;2;11
8;3;11
8;4;11
8;5;11
8;6;11
8;7;11
8;8;11
8;9;11
8;10;1
8;11;1
8;12;1
8;13;1
8;14;1
8;15;1
8;16;1
8;17;1
8;18;1
8;19;1
8;20;1
8;21;1
8;22;1
8;23;1
8;24;1
8;25;1
8;26;1
8;27;1
8;28;39
8;29;39
8;30;39
8;31;39
8;32;39
8;33;39
8;34;39
8;35;39
8;36;39
8;37;39
8;38;39
8;39;39
8;40;39
8;41;39
8;42;39
8;43;39
8;44;39
8;45;39
8;46;39
8;47;39
8;48;39
8;49;39
8;50;39
8;51;39
8;52;45
8;53;45
8;54;45
8;55;45
8;56;45
8;57;45
8;58;45
8;59;45
8;60;45
8;61;45
8;62;45
8;63;45
8;64;45
8;65;45
8;66;45
8;67;45
8;68;45
8;69;45
8;70;45
8;71;45
8;72;45
8;73;45
8;74;45
8;75;45
8;76;45
8;77;45
8;78;45
8;79;45
8;80;45
8;81;45
8;82;35
8;83;35
8;84;35
8;85;35
8;86;35
8;87;35
8;88;35
8;89;35
8;90;35
8;91;35
8;92;35
8;93;35
8;94;35
8;95;35
8;96;15
8;97;15
8;98;15
8;99;15
8;100;15
8;101;15
8;102;15
8;103;15
8;104;15
8;105;15
8;106;15
8;107;15
8;108;15
8;109;15
8;110;15
8;111;15
8;112;15
8;113;15
8;114;15
8;115;15
8;116;15
8;117;15
8;118;15
8;119;15
8;120;15
8;121;15
8;122;15
8;123;15
8;124;15
8;125;15
8;126;15
8;127;15
8;128;11
8;129;11
8;130;11
8;131;11
8;132;11
8;133;11
8;134;11
8;135;11
8;136;11
8;137;11
8;138;11
8;139;11
8;140;11
8;141;11
8;142;11
8;143;11
8;144;11
8;145;11
8;146;11
8;147;11
8;148;11
8;149;11
8;150;11
8;151;11
8;152;11
8;153;11
8;154;11
8;155;11
8;156;11
8;157;11
8;158;11
8;159;11
8;160;11
8;161;11
8;162;11
8;163;11
8;164;11
8;165;11
8;166;11
8;167;11
8;168;11
8;169;11
8;170;11
8;171;11
8;172;11
8;173;11
8;174;11
8;175;11
8;176;11
8;177;11
8;178;11
8;179;11
8;180;11
8;181;11
8;182;11
8;183;9
8;184;9
8;185;9
8;186;9
8;187;9
8;188;9
8;189;9
8;190;9
8;191;9
8;192;9
8;193;9
8;194;9
8;195;9
8;196;9
8;197;9
8;198;9
8;199;9
8;200;9
8;201;9
8;202;9
8;203;9
8;204;9
8;205;9
8;206;9
8;207;9
8;208;9
8;209;9
8;210;9
8;211;9
8;212;9
8;213;9
8;214;9
8;215;9
8;216;9
8;217;9
8;218;9
8;219;9
8;220;9
8;221;9
8;222;9
8;223;9
8;224;9
8;225;9
8;226;9
8;227;9
8;228;9
8;229;9
8;230;9
8;231;9
8;232;9
8;233;9
8;234;9
8;235;11
8;236;11
8;237;11
8;238;11
8;239;11
8;240;11
8;241;11
8;242;11
8;243;11
8;244;11
8;245;11
8;246;11
8;247;11
8;248;11
8;249;11
8;250;11
8;251;11
8;252;11
8;253;11
8;254;11
8;255;11
8;256;11
8;257;11
8;258;11
8;259;11
8;260;11
8;261;11
8;262;11
8;263;11
8;264;11
8;265;11
8;266;11
8;267;11
8;268;11
8;269;11
8;270;11
8;271;11
8;272;11
8;273;11
8;274;11
8;275;11
8;276;11
8;277;6
8;278;6
8;279;6
8;280;6
8;281;6
8;282;6
8;283;6
8;284;6
8;285;6
8;286;6
8;287;14
8;288;14
8;289;14
8;290;14
8;291;14
8;292;14
8;293;14
8;294;14
8;295;14
8;296;14
8;297;14
8;298;14
8;299;14
8;300;14
8;301;14
8;302;14
8;303;14
8;304;14
8;305;14
8;306;14
8;307;14
8;308;14
8;309;14
8;310;14
8;311;14
8;312;14
8;313;14
8;314;14
8;315;14
8;316;14
8;317;24
8;318;24
8;319;24
8;320;24
8;321;24
8;322;24
8;323;24
8;324;24
8;325;24
8;326;24
8;327;24
8;328;24
8;329;24
8;330;24
8;331;24
8;332;24
8;333;24
8;334;24
8;335;24
8;336;24
8;337;24
8;338;24
8;339;24
8;340;24
8;341;24
8;342;24
8;343;24
8;344;24
8;345;24
8;346;24
8;347;24
8;348;24
8;349;24
8;350;24
8;351;24
8;352;24
8;353;24
8;354;24
8;355;24
8;356;24
8;357;10
8;358;10
8;359;10
8;360;10
8;361;10
8;362;10
8;363;10
8;364;10
8;365;10
8;366;10
8;367;10
8;368;10
8;369;10
8;370;10
8;371;10
8;372;10
8;373;10
8;374;10
8;375;10
8;376;10
8;377;10
8;378;10
8;379;10
8;380;10
8;381;10
8;382;10
8;383;1
8;384;1
8;385;1
8;386;1
8;387;1
8;388;1
8;389;1
8;390;1
8;391;1
8;392;1
8;393;1
8;394;1
8;395;1
8;396;1
8;397;1
8;398;1
8;399;1
8;400;1
8;401;1
8;402;1
8;403;1
8;404;1
8;405;1
8;406;1
8;407;1
8;408;1
8;409;1
8;410;1
8;411;1
8;412;1
8;413;17
8;414;17
8;415;17
8;416;17
8;417;17
8;418;17
8;419;17
8;420;17
8;421;49
8;422;49
8;423;49
8;424;49
8;425;49
8;426;49
8;427;49
8;428;49
8;429;49
8;430;49
8;431;49
8;432;49
8;433;49
8;434;49
8;435;49
8;436;49
8;437;49
8;438;49
8;439;49
8;440;49
8;441;49
8;442;49
8;443;49
8;444;49
8;445;49
8;446;49
8;447;49
8;448;49
8;449;49
8;450;49
8;451;49
8;452;49
8;453;27
8;454;27
8;455;27
8;456;27
8;457;27
8;458;27
8;459;27
8;460;27
8;461;27
8;462;27
8;463;27
8;464;27
8;465;27
8;466;27
8;467;27
8;468;27
8;469;27
8;470;27
8;471;27
8;472;27
8;473;27
8;474;27
8;475;27
8;476;27
8;477;27
8;478;27
8;479;27
8;480;27
8;481;27
8;482;27
8;483;27
8;484;27
8;485;27
8;486;27
8;487;27
8;488;27
8;489;27
8;490;27
8;491;27
8;492;27
8;493;27
8;494;27
8;495;27
8;496;27
8;497;27
8;498;27
8;499;27
9;0;11
9;1;11
9;2;11
9;3;11
9;4;11
9;5;11
9;6;11
9;7;11
9;8;11
9;9;11
9;10;11
9;11;1
9;12;1
9;13;1
9;14;1
9;15;1
9;16;1
9;17;1
9;18;1
9;19;1
9;20;1
9;21;1
9;22;1
9;23;1
9;24;1
9;25;1
9;26;1
9;27;1
9;28;39
9;29;39
9;30;39
9;31;39
9;32;39
9;33;39
9;34;39
9;35;39
9;36;39
9;37;39
9;38;39
9;39;39
9;40;39
9;41;39
9;42;39
9;43;39
9;44;39
9;45;39
9;46;39
9;47;39
9;48;39
9;49;39
9;50;39
9;51;39
9;52;45
9;53;45
9;54;45
9;55;45
9;56;45
9;57;45
9;58;45
9;59;45
9;60;45
9;61;45
9;62;45
9;63;45
9;64;45
9;65;45
9;66;45
9;67;45
9;68;45
9;69;45
9;70;45
9;71;45
9;72;45
9;73;45
9;74;45
9;75;45
9;76;45
9;77;45
9;78;45
9;79;45
9;80;45
9;81;45
9;82;45
9;83;35
9;84;35
9;85;35
9;86;35
9;87;35
9;88;35
9;89;35
9;90;35
9;91;35
9;92;35
9;93;35
9;94;35
9;95;35
9;96;15
9;97;15
9;98;15
9;99;15
9;100;15
9;101;15
9;102;15
9;103;15
9;104;15
9;105;15
9;106;15
9;107;15
9;108;15
9;109;15
9;110;15
9;111;15
9;112;15
9;113;15
9;114;15
9;115;15
9;116;15
9;117;15
9;118;15
9;119;15
9;120;15
9;121;15
9;122;15
9;123;15
9;124;15
9;125;15
9;126;15
9;127;15
9;128;11
9;129;11
9;130;11
9;131;11
9;132;11
9;133;11
9;134;11
9;135;11
9;136;11
9;137;11
9;138;11
9;139;11
9;140;11
9;141;11
9;142;11
9;143;11
9;144;11
9;145;11
9;146;11
9;147;11
9;148;11
9;149;11
9;150;11
9;151;11
9;152;11
9;153;11
9;154;11
9;155;11
9;156;11
9;157;11
9;158;11
9;159;11
9;160;11
9;161;11
9;162;11
9;163;11
9;164;11
9;165;11
9;166;11
9;167;11
9;168;11
9;169;11
9;170;11
9;171;11
9;172;11
9;173;11
9;174;11
9;175;11
9;176;11
9;177;11
9;178;11
9;179;11
9;180;11
9;181;11
9;182;11
9;183;11
9;184;9
9;185;9
9;186;9
9;187;9
9;188;9
9;189;9
9;190;9
9;191;9
9;192;9
9;193;9
9;194;9
9;195;9
9;196;9
9;197;9
9;198;9
9;199;9
9;200;9
9;201;9
9;202;9
9;203;9
9;204;9
9;205;9
9;206;9
9;207;9
9;208;9
9;209;9
9;210;9
9;211;9
9;212;9
9;213;9
9;214;9
9;215;9
9;216;9
9;217;9
9;218;9
9;219;9
9;220;9
9;221;9
9;222;9
9;223;9
9;224;9
9;225;9
9;226;9
9;227;9
9;228;9
9;229;9
9;230;9
9;231;9
9;232;9
9;233;9
9;234;9
9;235;11
9;236;11
9;237;11
9;238;11
9;239;11
9;240;11
9;241;11
9;242;11
9;243;11
9;244;11
9;245;11
9;246;11
9;247;11
9;248;11
9;249;11
9;250;11
9;251;11
9;252;11
9;253;11
9;254;11
9;255;11
9;256;11
9;257;11
9;258;11
9;259;11
9;260;11
9;261;11
9;262;11
9;263;11
9;264;11
9;265;11
9;266;11
9;267;11
9;268;11
9;269;11
9;270;11
9;271;11
9;272;11
9;273;11
9;274;11
9;275;11
9;276;11
9;277;11
9;278;6
9;279;6
9;280;6
9;281;6
9;282;6
9;283;6
9;284;6
9;285;6
9;286;6
9;287;6
9;288;14
9;289;14
9;290;14
9;291;14
9;292;14
9;293;14
9;294;14
9;295;14
9;296;14
9;297;14
9;298;14
9;299;14
9;300;14
9;301;14
9;302;14
9;303;14
9;304;14
9;305;14
9;306;14
9;307;14
9;308;14
9;309;14
9;310;14
9;311;14
9;312;14
9;313;14
9;314;14
9;315;14
9;316;14
9;317;24
9;318;24
9;319;24
9;320;24
9;321;24
9;322;24
9;323;24
9;324;24
9;325;24
9;326;24
9;327;24
9;328;24
9;329;24
9;330;24
9;331;24
9;332;24
9;333;24
9;334;24
9;335;24
9;336;24
9;337;24
9;338;24
9;339;24
9;340;24
9;341;24
9;342;24
9;343;24
9;344;24
9;345;24
9;346;24
9;347;24
9;348;24
9;349;24
9;350;24
9;351;24
9;352;24
9;353;24
9;354;24
9;355;24
9;356;24
9;357;24
9;358;10
9;359;10
9;360;10
9;361;10
9;362;10
9;363;10
9;364;10
9;365;10
9;366;10
9;367;10
9;368;10
9;369;10
9;370;10
9;371;10
9;372;10
9;373;10
9;374;10
9;375;10
9;376;10
9;377;10
9;378;10
9;379;10
9;380;10
9;381;10
9;382;10
9;383;1
9;384;1
9;385;1
9;386;1
9;387;1
9;388;1
9;389;1
9;390;1
9;391;1
9;392;1
9;393;1
9;394;1
9;395;1
9;396;1
9;397;1
9;398;1
9;399;1
9;400;1
9;401;1
9;402;1
9;403;1
9;404;1
9;405;1
9;406;1
9;407;1
9;408;1
9;409;1
9;410;1
9;411;1
9;412;1
9;413;17
9;414;17
9;415;17
9;416;17
9;417;17
9;418;17
9;419;17
9;420;17
9;421;49
9;422;49
9;423;49
9;424;49
9;425;49
9;426;49
9;427;49
9;428;49
9;429;49
9;430;49
9;431;49
9;432;49
9;433;49
9;434;49
9;435;49
9;436;49
9;437;49
9;438;49
9;439;49
9;440;49
9;441;49
9;442;49
9;443;49
9;444;49
9;445;49
9;446;49
9;447;49
9;448;49
9;449;49
9;450;49
9;451;49
9;452;49
9;453;49
9;454;27
9;455;27
9;456;27
9;457;27
9;458;27
9;459;27
9;460;27
9;461;27
9;462;27
9;463;27
9;464;27
9;465;27
9;466;27
9;467;27
9;468;27
9;469;27
9;470;27
9;471;27
9;472;27
9;473;27
9;474;27
9;475;27
9;476;27
9;477;27
9;478;27
9;479;27
9;480;27
9;481;27
9;482;27
9;483;27
9;484;27
9;485;27
9;486;27
9;487;27
9;488;27
9;489;27
9;490;27
9;491;27
9;492;27
9;493;27
9;494;27
9;495;27
9;496;27
9;497;27
9;498;27
9;499;27
10;0;11
10;1;11
10;2;11
10;3;11
10;4;11
10;5;11
10;6;11
10;7;11
10;8;11
10;9;11
10;10;11
10;11;11
10;12;1
10;13;1
10;14;1
10;15;1
10;16;1
10;17;1
10;18;1
10;19;1
10;20;1
10;21;1
10;22;1
10;23;1
10;24;1
10;25;1
10;26;1
10;27;1
10;28;39
10;29;39
10;30;39
10;31;39
10;32;39
10;33;39
10;34;39
10;35;39
10;36;39
10;37;39
10;38;39
10;39;39
10;40;39
10;41;39
10;42;39
10;43;39
10;44;39
10;45;39
10;46;39
10;47;39
10;48;39
10;49;39
10;50;39
10;51;39
10;52;39
10;53;45
10;54;45
10;55;45
10;56;45
10;57;45
10;58;45
10;59;45
10;60;45
10;61;45
10;62;45
10;63;45
10;64;45
10;65;45
10;66;45
10;67;45
10;68;45
10;69;45
10;70;45
10;71;45
10;72;45
10;73;45
10;74;45
10;75;45
10;76;45
10;77;45
10;78;45
10;79;45
10;80;45
10;81;45
10;82;45
10;83;45
10;84;35
10;85;35
10;86;35
10;87;35
10;88;35
10;89;35
10;90;35
10;91;35
10;92;35
10;93;35
10;94;35
10;95;15
10;96;15
10;97;15
10;98;15
10;99;15
10;100;15
10;101;15
10;102;15
10;103;15
10;104;15
10;105;15
10;106;15
10;107;15
10;108;15
10;109;15
10;110;15
10;111;15
10;112;15
10;113;15
10;114;15
10;115;15
10;116;15
10;117;15
10;118;15
10;119;15
10;120;15
10;121;15
10;122;15
10;123;15
10;124;15
10;125;15
10;126;15
10;127;15
10;128;15
10;129;11
10;130;11
10;131;11
10;132;11
10;133;11
10;134;11
10;135;11
10;136;11
10;137;11
10;138;11
10;139;11
10;140;11
10;141;11
10;142;11
10;143;11
10;144;11
10;145;11
10;146;11
10;147;11
10;148;11
10;149;11
10;150;11
10;151;11
10;152;11
10;153;11
10;154;11
10;155;11
10;156;11
10;157;11
10;158;11
10;159;11
10;160;11
10;161;11
10;162;11
10;163;11
10;164;11
10;165;11
10;166;11
10;167;11
10;168;11
10;169;11
10;170;11
10;171;11
10;172;11
10;173;11
10;174;11
10;175;11
10;176;11
10;177;11
10;178;11
10;179;11
10;180;11
10;181;11
10;182;11
10;183;11
10;184;9
10;185;9
10;186;9
10;187;9
10;188;9
10;189;9
10;190;9
10;191;9
10;192;9
10;193;9
10;194;9
10;195;9
10;196;9
10;197;9
10;198;9
10;199;9
10;200;9
10;201;9
10;202;9
10;203;9
10;204;9
10;205;9
10;206;9
10;207;9
10;208;9
10;209;9
10;210;9
10;211;9
10;212;9
10;213;9
10;214;9
10;215;9
10;216;9
10;217;9
10;218;9
10;219;9
10;220;9
10;221;9
10;222;9
10;223;9
10;224;9
10;225;9
10;226;9
10;227;9
10;228;9
10;229;9
10;230;9
10;231;9
10;232;9
10;233;9
10;234;9
10;235;9
10;236;11
10;237;11
10;238;11
10;239;11
10;240;11
10;241;11
10;242;11
10;243;11
10;244;11
10;245;11
10;246;11
10;247;11
10;248;11
10;249;11
10;250;11
10;251;11
10;252;11
10;253;11
10;254;11
10;255;11
10;256;11
10;257;11
10;258;11
10;259;11
10;260;11
10;261;11
10;262;11
10;263;11
10;264;11
10;265;11
10;266;11
10;267;11
10;268;11
10;269;11
10;270;11
10;271;11
10;272;11
10;273;11
10;274;11
10;275;11
10;276;11
10;277;11
10;278;6
10;279;6
10;280;6
10;281;6
10;282;6
10;283;6
10;284;6
10;285;6
10;286;6
10;287;6
10;288;6
10;289;14
10;290;14
10;291;14
10;292;14
10;293;14
10;294;14
10;295;14
10;296;14
10;297;14
10;298;14
10;299;14
10;300;14
10;301;14
10;302;14
10;303;14
10;304;14
10;305;14
10;306;14
10;307;14
10;308;14
10;309;14
10;310;14
10;311;14
10;312;14
10;313;14
10;314;14
10;315;14
10;316;14
10;317;24
10;318;24
10;319;24
10;320;24
10;321;24
10;322;24
10;323;24
10;324;24
10;325;24
10;326;24
10;327;24
10;328;24
10;329;24
10;330;24
10;331;24
10;332;24
10;333;24
10;334;24
10;335;24
10;336;24
10;337;24
10;338;24
10;339;24
10;340;24
10;341;24
10;342;24
10;343;24
10;344;24
10;345;24
10;346;24
10;347;24
10;348;24
10;349;24
10;350;24
10;351;24
10;352;24
10;353;24
10;354;24
10;355;24
10;356;24
10;357;24
10;358;10
10;359;10
10;360;10
10;361;10
10;362;10
10;363;10
10;364;10
10;365;10
10;366;10
10;367;10
10;368;10
10;369;10
10;370;10
10;371;10
10;372;10
10;373;10
10;374;10
10;375;10
10;376;10
10;377;10
10;378;10
10;379;10
10;380;10
10;381;10
10;382;10
10;383;10
10;384;1
10;385;1
10;386;1
10;387;1
10;388;1
10;389;1
10;390;1
10;391;1
10;392;1
10;393;1
10;394;1
10;395;1
10;396;1
10;397;1
10;398;1
10;399;1
10;400;1
10;401;1
10;402;1
10;403;1
10;404;1
10;405;1
10;406;1
10;407;1
10;408;1
10;409;1
10;410;1
10;411;1
10;412;1
10;413;17
10;414;17
10;415;17
10;416;17
10;417;17
10;418;17
10;419;17
10;420;17
10;421;17
10;422;49
10;423;49
10;424;49
10;425;49
10;426;49
10;427;49
10;428;49
10;429;49
10;430;49
10;431;49
10;432;49
10;433;49
10;434;49
10;435;49
10;436;49
10;437;49
10;438;49
10;439;49
10;440;49
10;441;49
10;442;49
10;443;49
10;444;49
10;445;49
10;446;49
10;447;49
10;448;49
10;449;49
10;450;49
10;451;49
10;452;49
10;453;49
10;454;49
10;455;27
10;456;27
10;457;27
10;458;27
10;459;27
10;460;27
10;461;27
10;462;27
10;463;27
10;464;27
10;465;27
10;466;27
10;467;27
10;468;27
10;469;27
10;470;27
10;471;27
10;472;27
10;473;27
10;474;27
10;475;27
10;476;27
10;477;27
10;478;27
10;479;27
10;480;27
10;481;27
10;482;27
10;483;27
10;484;27
10;485;27
10;486;27
10;487;27
10;488;27
10;489;27
10;490;27
10;491;27
10;492;27
10;493;27
10;494;27
10;495;27
10;496;27
10;497;27
10;498;27
10;499;27
11;0;23
11;1;11
11;2;11
11;3;11
11;4;11
11;5;11
11;6;11
11;7;11
11;8;11
11;9;11
11;10;11
11;11;11
11;12;11
11;13;1
11;14;1
11;15;1
11;16;1
11;17;1
11;18;1
11;19;1
11;20;1
11;21;1
11;22;1
11;23;1
11;24;1
11;25;1
11;26;1
11;27;1
11;28;39
11;29;39
11;30;39
11;31;39
11;32;39
11;33;39
11;34;39
11;35;39
11;36;39
11;37;39
11;38;39
11;39;39
11;40;39
11;41;39
11;42;39
11;43;39
11;44;39
11;45;39
11;46;39
11;47;39
11;48;39
11;49;39
11;50;39
11;51;39
11;52;39
11;53;45
11;54;45
11;55;45
11;56;45
11;57;45
11;58;45
11;59;45
11;60;45
11;61;45
11;62;45
11;63;45
11;64;45
11;65;45
11;66;45
11;67;45
11;68;45
11;69;45
11;70;45
11;71;45
11;72;45
11;73;45
11;74;45
11;75;45
11;76;45
11;77;45
11;78;45
11;79;45
11;80;45
11;81;45
11;82;45
11;83;45
11;84;45
11;85;35
11;86;35
11;87;35
11;88;35
11;89;35
11;90;35
11;91;35
11;92;35
11;93;35
11;94;15
11;95;15
11;96;15
11;97;15
11;98;15
11;99;15
11;100;15
11;101;15
11;102;15
11;103;15
11;104;15
11;105;15
11;106;15
11;107;15
11;108;15
11;109;15
11;110;15
11;111;15
11;112;15
11;113;15
11;114;15
11;115;15
11;116;15
11;117;15
11;118;15
11;119;15
11;120;15
11;121;15
11;122;15
11;123;15
11;124;15
11;125;15
11;126;15
11;127;15
11;128;15
11;129;11
11;130;11
11;131;11
11;132;11
11;133;11
11;134;11
11;135;11
11;136;11
11;137;11
11;138;11
11;139;11
11;140;11
11;141;11
11;142;11
11;143;11
11;144;11
11;145;11
11;146;11
11;147;11
11;148;11
11;149;11
11;150;11
11;151;11
11;152;11
11;153;11
11;154;11
11;155;11
11;156;11
11;157;11
11;158;11
11;159;11
11;160;11
11;161;11
11;162;11
11;163;11
11;164;11
11;165;11
11;166;11
11;167;11
11;168;11
11;169;11
11;170;11
11;171;11
11;172;11
11;173;11
11;174;11
11;175;11
11;176;11
11;177;11
11;178;11
11;179;11
11;180;11
11;181;11
11;182;11
11;183;11
11;184;11
11;185;9
11;186;9
11;187;9
11;188;9
11;189;9
11;190;9
11;191;9
11;192;9
11;193;9
11;194;9
11;195;9
11;196;9
11;197;9
11;198;9
11;199;9
11;200;9
11;201;9
11;202;9
11;203;9
11;204;9
11;205;9
11;206;9
11;207;9
11;208;9
11;209;9
11;210;9
11;211;9
11;212;9
11;213;9
11;214;9
11;215;9
11;216;9
11;217;9
11;218;9
11;219;9
11;220;9
11;221;9
11;222;9
11;223;9
11;224;9
11;225;9
11;226;9
11;227;9
11;228;9
11;229;9
11;230;9
11;231;9
11;232;9
11;233;9
11;234;9
11;235;9
11;236;9
11;237;11
11;238;11
11;239;11
11;240;11
11;241;11
11;242;11
11;243;11
11;244;11
11;245;11
11;246;11
11;247;11
11;248;11
11;249;11
11;250;11
11;251;11
11;252;11
11;253;11
11;254;11
11;255;11
11;256;11
11;257;11
11;258;11
11;259;11
11;260;11
11;261;11
11;262;11
11;263;11
11;264;11
11;265;11
11;266;11
11;267;11
11;268;11
11;269;11
11;270;11
11;271;11
11;272;11
11;273;11
11;274;11
11;275;11
11;276;11
11;277;11
11;278;6
11;279;6
11;280;6
11;281;6
11;282;6
11;283;6
11;284;6
11;285;6
11;286;6
11;287;6
11;288;6
11;289;6
11;290;14
11;291;14
11;292;14
11;293;14
11;294;14
11;295;14
11;296;14
11;297;14
11;298;14
11;299;14
11;300;14
11;301;14
11;302;14
11;303;14
11;304;14
11;305;14
11;306;14
11;307;14
11;308;14
11;309;14
11;310;14
11;311;14
11;312;14
11;313;14
11;314;14
11;315;14
11;316;14
11;317;14
11;318;24
11;319;24
11;320;24
11;321;24
11;322;24
11;323;24
11;324;24
11;325;24
11;326;24
11;327;24
11;328;24
11;329;24
11;330;24
11;331;24
11;332;24
11;333;24
11;334;24
11;335;24
11;336;24
11;337;24
11;338;24
11;339;24
11;340;24
11;341;24
11;342;24
11;343;24
11;344;24
11;345;24
11;346;24
11;347;24
11;348;24
11;349;24
11;350;24
11;351;24
11;352;24
11;353;24
11;354;24
11;355;24
11;356;24
11;357;24
11;358;10
11;359;10
11;360;10
11;361;10
11;362;10
11;363;10
11;364;10
11;365;10
11;366;10
11;367;10
11;368;10
11;369;10
11;370;10
11;371;10
11;372;10
11;373;10
11;374;10
11;375;10
11;376;10
11;377;10
11;378;10
11;379;10
11;380;10
11;381;10
11;382;10
11;383;10
11;384;1
11;385;1
11;386;1
11;387;1
11;388;1
11;389;1
11;390;1
11;391;1
11;392;1
11;393;1
11;394;1
11;395;1
11;396;1
11;397;1
11;398;1
11;399;1
11;400;1
11;401;1
11;402;1
11;403;1
11;404;1
11;405;1
11;406;1
11;407;1
11;408;1
11;409;1
11;410;1
11;411;1
11;412;1
11;413;17
11;414;17
11;415;17
11;416;17
11;417;17
11;418;17
11;419;17
11;420;17
11;421;17
11;422;49
11;423;49
11;424;49
11;425;49
11;426;49
11;427;49
11;428;49
11;429;49
11;430;49
11;431;49
11;432;49
11;433;49
11;434;49
11;435;49
11;436;49
11;437;49
11;438;49
11;439;49
11;440;49
11;441;49
11;442;49
11;443;49
11;444;49
11;445;49
11;446;49
11;447;49
11;448;49
11;449;49
11;450;49
11;451;49
11;452;49
11;453;49
11;454;49
11;455;49
11;456;27
11;457;27
11;458;27
11;459;27
11;460;27
11;461;27
11;462;27
11;463;27
11;464;27
11;465;27
11;466;27
11;467;27
11;468;27
11;469;27
11;470;27
11;471;27
11;472;27
11;473;27
11;474;27
11;475;27
11;476;27
11;477;27
11;478;27
11;479;27
11;480;27
11;481;27
11;482;27
11;483;27
11;484;27
11;485;27
11;486;27
11;487;27
11;488;27
11;489;27
11;490;27
11;491;27
11;492;27
11;493;27
11;494;27
11;495;27
11;496;27
11;497;27
11;498;27
11;499;27
12;0;23
12;1;23
12;2;23
12;3;11
12;4;11
12;5;11
12;6;11
12;7;11
12;8;11
12;9;11
12;10;11
12;11;11
12;12;11
12;13;1
12;14;1
12;15;1
12;16;1
12;17;1
12;18;1
12;19;1
12;20;1
12;21;1
12;22;1
12;23;1
12;24;1
12;25;1
12;26;1
12;27;1
12;28;39
12;29;39
12;30;39
12;31;39
12;32;39
12;33;39
12;34;39
12;35;39
12;36;39
12;37;39
12;38;39
12;39;39
12;40;39
12;41;39
12;42;39
12;43;39
12;44;39
12;45;39
12;46;39
12;47;39
12;48;39
12;49;39
12;50;39
12;51;39
12;52;39
12;53;39
12;54;45
12;55;45
12;56;45
12;57;45
12;58;45
12;59;45
12;60;45
12;61;45
12;62;45
12;63;45
12;64;45
12;65;45
12;66;45
12;67;45
12;68;45
12;69;45
12;70;45
12;71;45
12;72;45
12;73;45
12;74;45
12;75;45
12;76;45
12;77;45
12;78;45
12;79;45
12;80;45
12;81;45
12;82;45
12;83;45
12;84;45
12;85;45
12;86;35
12;87;35
12;88;35
12;89;35
12;90;35
12;91;35
12;92;35
12;93;15
12;94;15
12;95;15
12;96;15
12;97;15
12;98;15
12;99;15
12;100;15
12;101;15
12;102;15
12;103;15
12;104;15
12;105;15
12;106;15
12;107;15
12;108;15
12;109;15
12;110;15
12;111;15
12;112;15
12;113;15
12;114;15
12;115;15
12;116;15
12;117;15
12;118;15
12;119;15
12;120;15
12;121;15
12;122;15
12;123;15
12;124;15
12;125;15
12;126;15
12;127;15
12;128;15
12;129;15
12;130;11
12;131;11
12;132;11
12;133;11
12;134;11
12;135;11
12;136;11
12;137;11
12;138;11
12;139;11
12;140;11
12;141;11
12;142;11
12;143;11
12;144;11
12;145;11
12;146;11
12;147;11
12;148;11
12;149;11
12;150;11
12;151;11
12;152;11
12;153;11
12;154;11
12;155;11
12;156;11
12;157;11
12;158;11
12;159;11
12;160;11
12;161;11
12;162;11
12;163;11
12;164;11
12;165;11
12;166;11
12;167;11
12;168;11
12;169;11
12;170;11
12;171;11
12;172;11
12;173;11
12;174;11
12;175;11
12;176;11
12;177;11
12;178;11
12;179;11
12;180;11
12;181;11
12;182;11
12;183;11
12;184;11
12;185;9
12;186;9
12;187;9
12;188;9
12;189;9
12;190;9
12;191;9
12;192;9
12;193;9
12;194;9
12;195;9
12;196;9
12;197;9
12;198;9
12;199;9
12;200;9
12;201;9
12;202;9
12;203;9
12;204;9
12;205;9
12;206;9
12;207;9
12;208;9
12;209;9
12;210;9
12;211;9
12;212;9
12;213;9
12;214;9
12;215;9
12;216;9
12;217;9
12;218;9
12;219;9
12;220;9
12;221;9
12;222;9
12;223;9
12;224;9
12;225;9
12;226;9
12;227;9
12;228;9
12;229;9
12;230;9
12;231;9
12;232;9
12;233;9
12;234;9
12;235;9
12;236;9
12;237;9
12;238;11
12;239;11
12;240;11
12;241;11
12;242;11
12;243;11
12;244;11
12;245;11
12;246;11
12;247;11
12;248;11
12;249;11
12;250;11
12;251;11
12;252;11
12;253;11
12;254;11
12;255;11
12;256;11
12;257;11
12;258;11
12;259;11
12;260;11
12;261;11
12;262;11
12;263;11
12;264;11
12;265;11
12;266;11
12;267;11
12;268;11
12;269;11
12;270;11
12;271;11
12;272;11
12;273;11
12;274;11
12;275;11
12;276;11
12;277;11
12;278;6
12;279;6
12;280;6
12;281;6
12;282;6
12;283;6
12;284;6
12;285;6
12;286;6
12;287;6
12;288;6
12;289;6
12;290;6
12;291;6
12;292;14
12;293;14
12;294;14
12;295;14
12;296;14
12;297;14
12;298;14
12;299;14
12;300;14
12;301;14
12;302;14
12;303;14
12;304;14
12;305;14
12;306;14
12;307;14
12;308;14
12;309;14
12;310;14
12;311;14
12;312;14
12;313;14
12;314;14
12;315;14
12;316;14
12;317;14
12;318;24
12;319;24
12;320;24
12;321;24
12;322;24
12;323;24
12;324;24
12;325;24
12;326;24
12;327;24
12;328;24
12;329;24
12;330;24
12;331;24
12;332;24
12;333;24
12;334;24
12;335;24
12;336;24
12;337;24
12;338;24
12;339;24
12;340;24
12;341;24
12;342;24
12;343;24
12;344;24
12;345;24
12;346;24
12;347;24
12;348;24
12;349;24
12;350;24
12;351;24
12;352;24
12;353;24
12;354;24
12;355;24
12;356;24
12;357;24
12;358;24
12;359;10
12;360;10
12;361;10
12;362;10
12;363;10
12;364;10
12;365;10
12;366;10
12;367;10
12;368;10
12;369;10
12;370;10
12;371;10
12;372;10
12;373;10
12;374;10
12;375;10
12;376;10
12;377;10
12;378;10
12;379;10
12;380;10
12;381;10
12;382;10
12;383;10
12;384;1
12;385;1
12;386;1
12;387;1
12;388;1
12;389;1
12;390;1
12;391;1
12;392;1
12;393;1
12;394;1
12;395;1
12;396;1
12;397;1
12;398;1
12;399;1
12;400;1
12;401;1
12;402;1
12;403;1
12;404;1
12;405;1
12;406;1
12;407;1
12;408;1
12;409;1
12;410;1
12;411;1
12;412;1
12;413;17
12;414;17
12;415;17
12;416;17
12;417;17
12;418;17
12;419;17
12;420;17
12;421;17
12;422;17
12;423;49
12;424;49
12;425;49
12;426;49
12;427;49
12;428;49
12;429;49
12;430;49
12;431;49
12;432;49
12;433;49
12;434;49
12;435;49
12;436;49
12;437;49
12;438;49
12;439;49
12;440;49
12;441;49
12;442;49
12;443;49
12;444;49
12;445;49
12;446;49
12;447;49
12;448;49
12;449;49
12;450;49
12;451;49
12;452;49
12;453;49
12;454;49
12;455;49
12;456;49
12;457;27
12;458;27
12;459;27
12;460;27
12;461;27
12;462;27
12;463;27
12;464;27
12;465;27
12;466;27
12;467;27
12;468;27
12;469;27
12;470;27
12;471;27
12;472;27
12;473;27
12;474;27
12;475;27
12;476;27
12;477;27
12;478;27
12;479;27
12;480;27
12;481;27
12;482;27
12;483;27
12;484;27
12;485;27
12;486;27
12;487;27
12;488;27
12;489;27
12;490;27
12;491;27
12;492;27
12;493;27
12;494;27
12;495;27
12;496;27
12;497;27
12;498;27
12;499;27
13;0;23
13;1;23
13;2;23
13;3;23
13;4;23
13;5;11
13;6;11
13;7;11
13;8;11
13;9;11
13;10;11
13;11;11
13;12;11
13;13;11
13;14;1
13;15;1
13;16;1
13;17;1
13;18;1
13;19;1
13;20;1
13;21;1
13;22;1
13;23;1
13;24;1
13;25;1
13;26;1
13;27;1
13;28;39
13;29;39
13;30;39
13;31;39
13;32;39
13;33;39
13;34;39
13;35;39
13;36;39
13;37;39
13;38;39
13;39;39
13;40;39
13;41;39
13;42;39
13;43;39
13;44;39
13;45;39
13;46;39
13;47;39
13;48;39
13;49;39
13;50;39
13;51;39
13;52;39
13;53;39
13;54;45
13;55;45
13;56;45
13;57;45
13;58;45
13;59;45
13;60;45
13;61;45
13;62;45
13;63;45
13;64;45
13;65;45
13;66;45
13;67;45
13;68;45
13;69;45
13;70;45
13;71;45
13;72;45
13;73;45
13;74;45
13;75;45
13;76;45
13;77;45
13;78;45
13;79;45
13;80;45
13;81;45
13;82;45
13;83;45
13;84;45
13;85;45
13;86;45
13;87;35
13;88;35
13;89;35
13;90;35
13;91;35
13;92;15
13;93;15
13;94;15
13;95;15
13;96;15
13;97;15
13;98;15
13;99;15
13;100;15
13;101;15
13;102;15
13;103;15
13;104;15
13;105;15
13;106;15
13;107;15
13;108;15
13;109;15
13;110;15
13;111;15
13;112;15
13;113;15
13;114;15
13;115;15
13;116;15
13;117;15
13;118;15
13;119;15
13;120;15
13;121;15
13;122;15
13;123;15
13;124;15
13;125;15
13;126;15
13;127;15
13;128;15
13;129;15
13;130;11
13;131;11
13;132;11
13;133;11
13;134;11
13;135;11
13;136;11
13;137;11
13;138;11
13;139;11
13;140;11
13;141;11
13;142;11
13;143;11
13;144;11
13;145;11
13;146;11
13;147;11
13;148;11
13;149;11
13;150;11
13;151;11
13;152;11
13;153;11
13;154;11
13;155;11
13;156;11
13;157;11
13;158;11
13;159;11
13;160;11
13;161;11
13;162;11
13;163;11
13;164;11
13;165;11
13;166;11
13;167;11
13;168;11
13;169;11
13;170;11
13;171;11
13;172;11
13;173;11
13;174;11
13;175;11
13;176;11
13;177;11
13;178;11
13;179;11
13;180;11
13;181;11
13;182;11
13;183;11
13;184;11
13;185;11
13;186;9
13;187;9
13;188;9
13;189;9
13;190;9
13;191;9
13;192;9
13;193;9
13;194;9
13;195;9
13;196;9
13;197;9
13;198;9
13;199;9
13;200;9
13;201;9
13;202;9
13;203;9
13;204;9
13;205;9
13;206;9
13;207;9
13;208;9
13;209;9
13;210;9
13;211;9
13;212;9
13;213;9
13;214;9
13;215;9
13;216;9
13;217;9
13;218;9
13;219;9
13;220;9
13;221;9
13;222;9
13;223;9
13;224;9
13;225;9
13;226;9
13;227;9
13;228;9
13;229;9
13;230;9
13;231;9
13;232;9
13;233;9
13;234;9
13;235;9
13;236;9
13;237;9
13;238;9
13;239;11
13;240;11
13;241;11
13;242;11
13;243;11
13;244;11
13;245;11
13;246;11
13;247;11
13;248;11
13;249;11
13;250;11
13;251;11
13;252;11
13;253;11
13;254;11
13;255;11
13;256;11
13;257;11
13;258;11
13;259;11
13;260;11
13;261;11
13;262;11
13;263;11
13;264;11
13;265;11
13;266;11
13;267;11
13;268;11
13;269;11
13;270;11
13;271;11
13;272;11
13;273;11
13;274;11
13;275;11
13;276;11
13;277;11
13;278;6
13;279;6
13;280;6
13;281;6
13;282;6
13;283;6
13;284;6
13;285;6
13;286;6
13;287;6
13;288;6
13;289;6
13;290;6
13;291;6
13;292;6
13;293;6
13;294;14
13;295;14
13;296;14
13;297;14
13;298;14
13;299;14
13;300;14
13;301;14
13;302;14
13;303;14
13;304;14
13;305;14
13;306;14
13;307;14
13;308;14
13;309;14
13;310;14
13;311;14
13;312;14
13;313;14
13;314;14
13;315;14
13;316;14
13;317;14
13;318;14
13;319;24
13;320;24
13;321;24
13;322;24
13;323;24
13;324;24
13;325;24
13;326;24
13;327;24
13;328;24
13;329;24
13;330;24
13;331;24
13;332;24
13;333;24
13;334;24
13;335;24
13;336;24
13;337;24
13;338;24
13;339;24
13;340;24
13;341;24
13;342;24
13;343;24
13;344;24
13;345;24
13;346;24
13;347;24
13;348;24
13;349;24
13;350;24
13;351;24
13;352;24
13;353;24
13;354;24
13;355;24
13;356;24
13;357;24
13;358;24
13;359;10
13;360;10
13;361;10
13;362;10
13;363;10
13;364;10
13;365;10
13;366;10
13;367;10
13;368;10
13;369;10
13;370;10
13;371;10
13;372;10
13;373;10
13;374;10
13;375;10
13;376;10
13;377;10
13;378;10
13;379;10
13;380;10
13;381;10
13;382;10
13;383;10
13;384;1
13;385;1
13;386;1
13;387;1
13;388;1
13;389;1
13;390;1
13;391;1
13;392;1
13;393;1
13;394;1
13;395;1
13;396;1
13;397;1
13;398;1
13;399;1
13;400;1
13;401;1
13;402;1
13;403;1
13;404;1
13;405;1
13;406;1
13;407;1
13;408;1
13;409;1
13;410;1
13;411;1
13;412;1
13;413;17
13;414;17
13;415;17
13;416;17
13;417;17
13;418;17
13;419;17
13;420;17
13;421;17
13;422;17
13;423;49
13;424;49
13;425;49
13;426;49
13;427;49
13;428;49
13;429;49
13;430;49
13;431;49
13;432;49
13;433;49
13;434;49
13;435;49
13;436;49
13;437;49
13;438;49
13;439;49
13;440;49
13;441;49
13;442;49
13;443;49
13;444;49
13;445;49
13;446;49
13;447;49
13;448;49
13;449;49
13;450;49
13;451;49
13;452;49
13;453;49
13;454;49
13;455;49
13;456;49
13;457;49
13;458;27
13;459;27
13;460;27
13;461;27
13;462;27
13;463;27
13;464;27
13;465;27
13;466;27
13;467;27
13;468;27
13;469;27
13;470;27
13;471;27
13;472;27
13;473;27
13;474;27
13;475;27
13;476;27
13;477;27
13;478;27
13;479;27
13;480;27
13;481;27
13;482;27
13;483;27
13;484;27
13;485;27
13;486;27
13;487;27
13;488;27
13;489;27
13;490;27
13;491;27
13;492;27
13;493;27
13;494;27
13;495;27
13;496;27
13;497;27
13;498;27
13;499;27
14;0;23
14;1;23
14;2;23
14;3;23
14;4;23
14;5;23
14;6;23
14;7;11
14;8;11
14;9;11
14;10;11
14;11;11
14;12;11
14;13;11
14;14;1
14;15;1
14;16;1
14;17;1
14;18;1
14;19;1
14;20;1
14;21;1
14;22;1
14;23;1
14;24;1
14;25;1
14;26;1
14;27;1
14;28;39
14;29;39
14;30;39
14;31;39
14;32;39
14;33;39
14;34;39
14;35;39
14;36;39
14;37;39
14;38;39
14;39;39
14;40;39
14;41;39
14;42;39
14;43;39
14;44;39
14;45;39
14;46;39
14;47;39
14;48;39
14;49;39
14;50;39
14;51;39
14;52;39
14;53;39
14;54;39
14;55;45
14;56;45
14;57;45
14;58;45
14;59;45
14;60;45
14;61;45
14;62;45
14;63;45
14;64;45
14;65;45
14;66;45
14;67;45
14;68;45
14;69;45
14;70;45
14;71;45
14;72;45
14;73;45
14;74;45
14;75;45
14;76;45
14;77;45
14;78;45
14;79;45
14;80;45
14;81;45
14;82;45
14;83;45
14;84;45
14;85;45
14;86;45
14;87;45
14;88;35
14;89;35
14;90;35
14;91;35
14;92;15
14;93;15
14;94;15
14;95;15
14;96;15
14;97;15
14;98;15
14;99;15
14;100;15
14;101;15
14;102;15
14;103;15
14;104;15
14;105;15
14;106;15
14;107;15
14;108;15
14;109;15
14;110;15
14;111;15
14;112;15
14;113;15
14;114;15
14;115;15
14;116;15
14;117;15
14;118;15
14;119;15
14;120;15
14;121;15
14;122;15
14;123;15
14;124;15
14;125;15
14;126;15
14;127;15
14;128;15
14;129;31
14;130;31
14;131;11
14;132;11
14;133;11
14;134;11
14;135;11
14;136;11
14;137;11
14;138;11
14;139;11
14;140;11
14;141;11
14;142;11
14;143;11
14;144;11
14;145;11
14;146;11
14;147;11
14;148;11
14;149;11
14;150;11
14;151;11
14;152;11
14;153;11
14;154;11
14;155;11
14;156;11
14;157;11
14;158;11
14;159;11
14;160;11
14;161;11
14;162;11
14;163;11
14;164;11
14;165;11
14;166;11
14;167;11
14;168;11
14;169;11
14;170;11
14;171;11
14;172;11
14;173;11
14;174;11
14;175;11
14;176;11
14;177;11
14;178;11
14;179;11
14;180;11
14;181;11
14;182;11
14;183;11
14;184;11
14;185;11
14;186;9
14;187;9
14;188;9
14;189;9
14;190;9
14;191;9
14;192;9
14;193;9
14;194;9
14;195;9
14;196;9
14;197;9
14;198;9
14;199;9
14;200;9
14;201;9
14;202;9
14;203;9
14;204;9
14;205;9
14;206;9
14;207;9
14;208;9
14;209;9
14;210;9
14;211;9
14;212;9
14;213;9
14;214;9
14;215;9
14;216;9
14;217;9
14;218;9
14;219;9
14;220;9
14;221;9
14;222;9
14;223;9
14;224;9
14;225;9
14;226;9
14;227;9
14;228;9
14;229;9
14;230;9
14;231;9
14;232;9
14;233;9
14;234;9
14;235;9
14;236;9
14;237;9
14;238;9
14;239;9
14;240;11
14;241;11
14;242;11
14;243;11
14;244;11
14;245;11
14;246;11
14;247;11
14;248;11
14;249;11
14;250;11
14;251;11
14;252;11
14;253;11
14;254;11
14;255;11
14;256;11
14;257;11
14;258;11
14;259;11
14;260;11
14;261;11
14;262;11
14;263;11
14;264;11
14;265;11
14;266;11
14;267;11
14;268;11
14;269;11
14;270;11
14;271;11
14;272;11
14;273;11
14;274;11
14;275;11
14;276;11
14;277;11
14;278;6
14;279;6
14;280;6
14;281;6
14;282;6
14;283;6
14;284;6
14;285;6
14;286;6
14;287;6
14;288;6
14;289;6
14;290;6
14;291;6
14;292;6
14;293;6
14;294;6
14;295;6
14;296;14
14;297;14
14;298;14
14;299;14
14;300;14
14;301;14
14;302;14
14;303;14
14;304;14
14;305;14
14;306;14
14;307;14
14;308;14
14;309;14
14;310;14
14;311;14
14;312;14
14;313;14
14;314;14
14;315;14
14;316;14
14;317;14
14;318;14
14;319;24
14;320;24
14;321;24
14;322;24
14;323;24
14;324;24
14;325;24
14;326;24
14;327;24
14;328;24
14;329;24
14;330;24
14;331;24
14;332;24
14;333;24
14;334;24
14;335;24
14;336;24
14;337;24
14;338;24
14;339;24
14;340;24
14;341;24
14;342;24
14;343;24
14;344;24
14;345;24
14;346;24
14;347;24
14;348;24
14;349;24
14;350;24
14;351;24
14;352;24
14;353;24
14;354;24
14;355;24
14;356;24
14;357;24
14;358;24
14;359;24
14;360;10
14;361;10
14;362;10
14;363;10
14;364;10
14;365;10
14;366;10
14;367;10
14;368;10
14;369;10
14;370;10
14;371;10
14;372;10
14;373;10
14;374;10
14;375;10
14;376;10
14;377;10
14;378;10
14;379;10
14;380;10
14;381;10
14;382;10
14;383;10
14;384;1
14;385;1
14;386;1
14;387;1
14;388;1
14;389;1
14;390;1
14;391;1
14;392;1
14;393;1
14;394;1
14;395;1
14;396;1
14;397;1
14;398;1
14;399;1
14;400;1
14;401;1
14;402;1
14;403;1
14;404;1
14;405;1
14;406;1
14;407;1
14;408;1
14;409;1
14;410;1
14;411;1
14;412;1
14;413;17
14;414;17
14;415;17
14;416;17
14;417;17
14;418;17
14;419;17
14;420;17
14;421;17
14;422;17
14;423;17
14;424;49
14;425;49
14;426;49
14;427;49
14;428;49
14;429;49
14;430;49
14;431;49
14;432;49
14;433;49
14;434;49
14;435;49
14;436;49
14;437;49
14;438;49
14;439;49
14;440;49
14;441;49
14;442;49
14;443;49
14;444;49
14;445;49
14;446;49
14;447;49
14;448;49
14;449;49
14;450;49
14;451;49
14;452;49
14;453;49
14;454;49
14;455;49
14;456;49
14;457;49
14;458;49
14;459;27
14;460;27
14;461;27
14;462;27
14;463;27
14;464;27
14;465;27
14;466;27
14;467;27
14;468;27
14;469;27
14;470;27
14;471;27
14;472;27
14;473;27
14;474;27
14;475;27
14;476;27
14;477;27
14;478;27
14;479;27
14;480;27
14;481;27
14;482;27
14;483;27
14;484;27
14;485;27
14;486;27
14;487;27
14;488;27
14;489;27
14;490;27
14;491;27
14;492;27
14;493;27
14;494;27
14;495;27
14;496;27
14;497;27
14;498;27
14;499;27
15;0;23
15;1;23
15;2;23
15;3;23
15;4;23
15;5;23
15;6;23
15;7;23
15;8;23
15;9;11
15;10;11
15;11;11
15;12;11
15;13;11
15;14;11
15;15;1
15;16;1
15;17;1
15;18;1
15;19;1
15;20;1
15;21;1
15;22;1
15;23;1
15;24;1
15;25;1
15;26;1
15;27;1
15;28;39
15;29;39
15;30;39
15;31;39
15;32;39
15;33;39
15;34;39
15;35;39
15;36;39
15;37;39
15;38;39
15;39;39
15;40;39
15;41;39
15;42;39
15;43;39
15;44;39
15;45;39
15;46;39
15;47;39
15;48;39
15;49;39
15;50;39
15;51;39
15;52;39
15;53;39
15;54;39
15;55;45
15;56;45
15;57;45
15;58;45
15;59;45
15;60;45
15;61;45
15;62;45
15;63;45
15;64;45
15;65;45
15;66;45
15;67;45
15;68;45
15;69;45
15;70;45
15;71;45
15;72;45
15;73;45
15;74;45
15;75;45
15;76;45
15;77;45
15;78;45
15;79;45
15;80;45
15;81;45
15;82;45
15;83;45
15;84;45
15;85;45
15;86;45
15;87;45
15;88;45
15;89;35
15;90;35
15;91;35
15;92;15
15;93;15
15;94;15
15;95;15
15;96;15
15;97;15
15;98;15
15;99;15
15;100;15
15;101;15
15;102;15
15;103;15
15;104;15
15;105;15
15;106;15
15;107;15
15;108;15
15;109;15
15;110;15
15;111;15
15;112;15
15;113;15
15;114;15
15;115;15
15;116;15
15;117;15
15;118;15
15;119;15
15;120;15
15;121;15
15;122;15
15;123;15
15;124;15
15;125;15
15;126;15
15;127;15
15;128;31
15;129;31
15;130;31
15;131;31
15;132;11
15;133;11
15;134;11
15;135;11
15;136;11
15;137;11
15;138;11
15;139;11
15;140;11
15;141;11
15;142;11
15;143;11
15;144;11
15;145;11
15;146;11
15;147;11
15;148;11
15;149;11
15;150;11
15;151;11
15;152;11
15;153;11
15;154;11
15;155;11
15;156;11
15;157;11
15;158;11
15;159;11
15;160;11
15;161;11
15;162;11
15;163;11
15;164;11
15;165;11
15;166;11
15;167;11
15;168;11
15;169;11
15;170;11
15;171;11
15;172;11
15;173;11
15;174;11
15;175;11
15;176;11
15;177;11
15;178;11
15;179;11
15;180;11
15;181;11
15;182;11
15;183;11
15;184;11
15;185;11
15;186;11
15;187;9
15;188;9
15;189;9
15;190;9
15;191;9
15;192;9
15;193;9
15;194;9
15;195;9
15;196;9
15;197;9
15;198;9
15;199;9
15;200;9
15;201;9
15;202;9
15;203;9
15;204;9
15;205;9
15;206;9
15;207;9
15;208;9
15;209;9
15;210;9
15;211;9
15;212;9
15;213;9
15;214;9
15;215;9
15;216;9
15;217;9
15;218;9
15;219;9
15;220;9
15;221;9
15;222;9
15;223;9
15;224;9
15;225;9
15;226;9
15;227;9
15;228;9
15;229;9
15;230;9
15;231;9
15;232;9
15;233;9
15;234;9
15;235;9
15;236;9
15;237;9
15;238;9
15;239;9
15;240;9
15;241;11
15;242;11
15;243;11
15;244;11
15;245;11
15;246;11
15;247;11
15;248;11
15;249;11
15;250;11
15;251;11
15;252;11
15;253;11
15;254;11
15;255;11
15;256;11
15;257;11
15;258;11
15;259;11
15;260;11
15;261;11
15;262;11
15;263;11
15;264;11
15;265;11
15;266;11
15;267;11
15;268;11
15;269;11
15;270;11
15;271;11
15;272;11
15;273;11
15;274;11
15;275;11
15;276;11
15;277;11
15;278;6
15;279;6
15;280;6
15;281;6
15;282;6
15;283;6
15;284;6
15;285;6
15;286;6
15;287;6
15;288;6
15;289;6
15;290;6
15;291;6
15;292;6
15;293;6
15;294;6
15;295;6
15;296;6
15;297;6
15;298;14
15;299;14
15;300;14
15;301;14
15;302;14
15;303;14
15;304;14
15;305;14
15;306;14
15;307;14
15;308;14
15;309;14
15;310;14
15;311;14
15;312;14
15;313;14
15;314;14
15;315;14
15;316;14
15;317;14
15;318;14
15;319;14
15;320;24
15;321;24
15;322;24
15;323;24
15;324;24
15;325;24
15;326;24
15;327;24
15;328;24
15;329;24
15;330;24
15;331;24
15;332;24
15;333;24
15;334;24
15;335;24
15;336;24
15;337;24
15;338;24
15;339;24
15;340;24
15;341;24
15;342;24
15;343;24
15;344;24
15;345;24
15;346;24
15;347;24
15;348;24
15;349;24
15;350;24
15;351;24
15;352;24
15;353;24
15;354;24
15;355;24
15;356;24
15;357;24
15;358;24
15;359;24
15;360;10
15;361;10
15;362;10
15;363;10
15;364;10
15;365;10
15;366;10
15;367;10
15;368;10
15;369;10
15;370;10
15;371;10
15;372;10
15;373;10
15;374;10
15;375;10
15;376;10
15;377;10
15;378;10
15;379;10
15;380;10
15;381;10
15;382;10
15;383;10
15;384;1
15;385;1
15;386;1
15;387;1
15;388;1
15;389;1
15;390;1
15;391;1
15;392;1
15;393;1
15;394;1
15;395;1
15;396;1
15;397;1
15;398;1
15;399;1
15;400;1
15;401;1
15;402;1
15;403;1
15;404;1
15;405;1
15;406;1
15;407;1
15;408;1
15;409;1
15;410;1
15;411;1
15;412;1
15;413;17
15;414;17
15;415;17
15;416;17
15;417;17
15;418;17
15;419;17
15;420;17
15;421;17
15;422;17
15;423;17
15;424;49
15;425;49
15;426;49
15;427;49
15;428;49
15;429;49
15;430;49
15;431;49
15;432;49
15;433;49
15;434;49
15;435;49
15;436;49
15;437;49
15;438;49
15;439;49
15;440;49
15;441;49
15;442;49
15;443;49
15;444;49
15;445;49
15;446;49
15;447;49
15;448;49
15;449;49
15;450;49
15;451;49
15;452;49
15;453;49
15;454;49
15;455;49
15;456;49
15;457;49
15;458;49
15;459;27
15;460;27
15;461;27
15;462;27
15;463;27
15;464;27
15;465;27
15;466;27
15;467;27
15;468;27
15;469;27
15;470;27
15;471;27
15;472;27
15;473;27
15;474;27
15;475;27
15;476;27
15;477;27
15;478;27
15;479;27
15;480;27
15;481;27
15;482;27
15;483;27
15;484;27
15;485;27
15;486;27
15;487;27
15;488;27
15;489;27
15;490;27
15;491;27
15;492;27
15;493;27
15;494;27
15;495;27
15;496;27
15;497;27
15;498;27
15;499;27
16;0;23
16;1;23
16;2;23
16;3;23
16;4;23
16;5;23
16;6;23
16;7;23
16;8;23
16;9;23
16;10;23
16;11;11
16;12;11
16;13;11
16;14;11
16;15;11
16;16;1
16;17;1
16;18;1
16;19;1
16;20;1
16;21;1
16;22;1
16;23;1
16;24;1
16;25;1
16;26;1
16;27;1
16;28;39
16;29;39
16;30;39
16;31;39
16;32;39
16;33;39
16;34;39
16;35;39
16;36;39
16;37;39
16;38;39
16;39;39
16;40;39
16;41;39
16;42;39
16;43;39
16;44;39
16;45;39
16;46;39
16;47;39
16;48;39
16;49;39
16;50;39
16;51;39
16;52;39
16;53;39
16;54;39
16;55;39
16;56;45
16;57;45
16;58;45
16;59;45
16;60;45
16;61;45
16;62;45
16;63;45
16;64;45
16;65;45
16;66;45
16;67;45
16;68;45
16;69;45
16;70;45
16;71;45
16;72;45
16;73;45
16;74;45
16;75;45
16;76;45
16;77;45
16;78;45
16;79;45
16;80;45
16;81;45
16;82;45
16;83;45
16;84;45
16;85;45
16;86;45
16;87;45
16;88;45
16;89;45
16;90;35
16;91;35
16;92;15
16;93;15
16;94;15
16;95;15
16;96;15
16;97;15
16;98;15
16;99;15
16;100;15
16;101;15
16;102;15
16;103;15
16;104;15
16;105;15
16;106;15
16;107;15
16;108;15
16;109;15
16;110;15
16;111;15
16;112;15
16;113;15
16;114;15
16;115;15
16;116;15
16;117;15
16;118;15
16;119;15
16;120;15
16;121;15
16;122;15
16;123;15
16;124;15
16;125;15
16;126;15
16;127;31
16;128;31
16;129;31
16;130;31
16;131;31
16;132;31
16;133;11
16;134;11
16;135;11
16;136;11
16;137;11
16;138;11
16;139;11
16;140;11
16;141;11
16;142;11
16;143;11
16;144;11
16;145;11
16;146;11
16;147;11
16;148;11
16;149;11
16;150;11
16;151;11
16;152;11
16;153;11
16;154;11
16;155;11
16;156;11
16;157;11
16;158;11
16;159;11
16;160;11
16;161;11
16;162;11
16;163;11
16;164;11
16;165;11
16;166;11
16;167;11
16;168;11
16;169;11
16;170;11
16;171;11
16;172;11
16;173;11
16;174;11
16;175;11
16;176;11
16;177;11
16;178;11
16;179;11
16;180;11
16;181;11
16;182;11
16;183;11
16;184;11
16;185;11
16;186;11
16;187;9
16;188;9
16;189;9
16;190;9
16;191;9
16;192;9
16;193;9
16;194;9
16;195;9
16;196;9
16;197;9
16;198;9
16;199;9
16;200;9
16;201;9
16;202;9
16;203;9
16;204;9
16;205;9
16;206;9
16;207;9
16;208;9
16;209;9
16;210;9
16;211;9
16;212;9
16;213;9
16;214;9
16;215;9
16;216;9
16;217;9
16;218;9
16;219;9
16;220;9
16;221;9
16;222;9
16;223;9
16;224;9
16;225;9
16;226;9
16;227;9
16;228;9
16;229;9
16;230;9
16;231;9
16;232;9
16;233;9
16;234;9
16;235;9
16;236;9
16;237;9
16;238;9
16;239;9
16;240;9
16;241;9
16;242;11
16;243;11
16;244;11
16;245;11
16;246;11
16;247;11
16;248;11
16;249;11
16;250;11
16;251;11
16;252;11
16;253;11
16;254;11
16;255;11
16;256;11
16;257;11
16;258;11
16;259;11
16;260;11
16;261;11
16;262;11
16;263;11
16;264;11
16;265;11
16;266;11
16;267;11
16;268;11
16;269;11
16;270;11
16;271;11
16;272;11
16;273;11
16;274;11
16;275;11
16;276;11
16;277;11
16;278;6
16;279;6
16;280;6
16;281;6
16;282;6
16;283;6
16;284;6
16;285;6
16;286;6
16;287;6
16;288;6
16;289;6
16;290;6
16;291;6
16;292;6
16;293;6
16;294;6
16;295;6
16;296;6
16;297;6
16;298;6
16;299;14
16;300;14
16;301;14
16;302;14
16;303;14
16;304;14
16;305;14
16;306;14
16;307;14
16;308;14
16;309;14
16;310;14
16;311;14
16;312;14
16;313;14
16;314;14
16;315;14
16;316;14
16;317;14
16;318;14
16;319;14
16;320;24
16;321;24
16;322;24
16;323;24
16;324;24
16;325;24
16;326;24
16;327;24
16;328;24
16;329;24
16;330;24
16;331;24
16;332;24
16;333;24
16;334;24
16;335;24
16;336;24
16;337;24
16;338;24
16;339;24
16;340;24
16;341;24
16;342;24
16;343;24
16;344;24
16;345;24
16;346;24
16;347;24
16;348;24
16;349;24
16;350;24
16;351;24
16;352;24
16;353;24
16;354;24
16;355;24
16;356;24
16;357;24
16;358;24
16;359;24
16;360;24
16;361;10
16;362;10
16;363;10
16;364;10
16;365;10
16;366;10
16;367;10
16;368;10
16;369;10
16;370;10
16;371;10
16;372;10
16;373;10
16;374;10
16;375;10
16;376;10
16;377;10
16;378;10
16;379;10
16;380;10
16;381;10
16;382;10
16;383;10
16;384;1
16;385;1
16;386;1
16;387;1
16;388;1
16;389;1
16;390;1
16;391;1
16;392;1
16;393;1
16;394;1
16;395;1
16;396;1
16;397;1
16;398;1
16;399;1
16;400;1
16;401;1
16;402;1
16;403;1
16;404;1
16;405;1
16;406;1
16;407;1
16;408;1
16;409;1
16;410;1
16;411;1
16;412;1
16;413;17
16;414;17
16;415;17
16;416;17
16;417;17
16;418;17
16;419;17
16;420;17
16;421;17
16;422;17
16;423;17
16;424;17
16;425;49
16;426;49
16;427;49
16;428;49
16;429;49
16;430;49
16;431;49
16;432;49
16;433;49
16;434;49
16;435;49
16;436;49
16;437;49
16;438;49
16;439;49
16;440;49
16;441;49
16;442;49
16;443;49
16;444;49
16;445;49
16;446;49
16;447;49
16;448;49
16;449;49
16;450;49
16;451;49
16;452;49
16;453;49
16;454;49
16;455;49
16;456;49
16;457;49
16;458;49
16;459;49
16;460;27
16;461;27
16;462;27
16;463;27
16;464;27
16;465;27
16;466;27
16;467;27
16;468;27
16;469;27
16;470;27
16;471;27
16;472;27
16;473;27
16;474;27
16;475;27
16;476;27
16;477;27
16;478;27
16;479;27
16;480;27
16;481;27
16;482;27
16;483;27
16;484;27
16;485;27
16;486;27
16;487;27
16;488;27
16;489;27
16;490;27
16;491;27
16;492;27
16;493;27
16;494;27
16;495;27
16;496;27
16;497;27
16;498;27
16;499;27
17;0;23
17;1;23
17;2;23
17;3;23
17;4;23
17;5;23
17;6;23
17;7;23
17;8;23
17;9;23
17;10;23
17;11;23
17;12;23
17;13;23
17;14;23
17;15;23
17;16;23
17;17;1
17;18;1
17;19;1
17;20;1
17;21;1
17;22;1
17;23;1
17;24;1
17;25;1
17;26;1
17;27;1
17;28;39
17;29;39
17;30;39
17;31;39
17;32;39
17;33;39
17;34;39
17;35;39
17;36;39
17;37;39
17;38;39
17;39;39
17;40;39
17;41;39
17;42;39
17;43;39
17;44;39
17;45;39
17;46;39
17;47;39
17;48;39
17;49;39
17;50;39
17;51;39
17;52;39
17;53;39
17;54;39
17;55;39
17;56;39
17;57;45
17;58;45
17;59;45
17;60;45
17;61;45
17;62;45
17;63;45
17;64;45
17;65;45
17;66;45
17;67;45
17;68;45
17;69;45
17;70;45
17;71;45
17;72;45
17;73;45
17;74;45
17;75;45
17;76;45
17;77;45
17;78;45
17;79;45
17;80;45
17;81;45
17;82;45
17;83;45
17;84;45
17;85;45
17;86;45
17;87;45
17;88;45
17;89;45
17;90;45
17;91;35
17;92;15
17;93;15
17;94;15
17;95;15
17;96;15
17;97;15
17;98;15
17;99;15
17;100;15
17;101;15
17;102;15
17;103;15
17;104;15
17;105;15
17;106;15
17;107;15
17;108;15
17;109;15
17;110;15
17;111;15
17;112;15
17;113;15
17;114;15
17;115;15
17;116;15
17;117;15
17;118;15
17;119;15
17;120;15
17;121;15
17;122;15
17;123;15
17;124;15
17;125;15
17;126;15
17;127;31
17;128;31
17;129;31
17;130;31
17;131;31
17;132;31
17;133;31
17;134;11
17;135;11
17;136;11
17;137;11
17;138;11
17;139;11
17;140;11
17;141;11
17;142;11
17;143;11
17;144;11
17;145;11
17;146;11
17;147;11
17;148;11
17;149;11
17;150;11
17;151;11
17;152;11
17;153;11
17;154;11
17;155;11
17;156;11
17;157;11
17;158;11
17;159;11
17;160;11
17;161;11
17;162;11
17;163;11
17;164;11
17;165;11
17;166;11
17;167;11
17;168;11
17;169;11
17;170;11
17;171;11
17;172;11
17;173;11
17;174;11
17;175;11
17;176;11
17;177;11
17;178;11
17;179;11
17;180;11
17;181;11
17;182;11
17;183;11
17;184;11
17;185;11
17;186;11
17;187;11
17;188;9
17;189;9
17;190;9
17;191;9
17;192;9
17;193;9
17;194;9
17;195;9
17;196;9
17;197;9
17;198;9
17;199;9
17;200;9
17;201;9
17;202;9
17;203;9
17;204;9
17;205;9
17;206;9
17;207;9
17;208;9
17;209;9
17;210;9
17;211;9
17;212;9
17;213;9
17;214;9
17;215;9
17;216;9
17;217;9
17;218;9
17;219;9
17;220;9
17;221;9
17;222;9
17;223;9
17;224;9
17;225;9
17;226;9
17;227;9
17;228;9
17;229;9
17;230;9
17;231;9
17;232;9
17;233;9
17;234;9
17;235;9
17;236;9
17;237;9
17;238;9
17;239;9
17;240;9
17;241;9
17;242;11
17;243;11
17;244;11
17;245;11
17;246;11
17;247;11
17;248;11
17;249;11
17;250;11
17;251;11
17;252;11
17;253;11
17;254;11
17;255;11
17;256;11
17;257;11
17;258;11
17;259;11
17;260;11
17;261;11
17;262;11
17;263;11
17;264;11
17;265;11
17;266;11
17;267;11
17;268;11
17;269;11
17;270;11
17;271;11
17;272;11
17;273;11
17;274;11
17;275;11
17;276;11
17;277;11
17;278;11
17;279;6
17;280;6
17;281;6
17;282;6
17;283;6
17;284;6
17;285;6
17;286;6
17;287;6
17;288;6
17;289;6
17;290;6
17;291;6
17;292;6
17;293;6
17;294;6
17;295;6
17;296;6
17;297;6
17;298;6
17;299;6
17;300;14
17;301;14
17;302;14
17;303;14
17;304;14
17;305;14
17;306;14
17;307;14
17;308;14
17;309;14
17;310;14
17;311;14
17;312;14
17;313;14
17;314;14
17;315;14
17;316;14
17;317;14
17;318;14
17;319;14
17;320;14
17;321;24
17;322;24
17;323;24
17;324;24
17;325;24
17;326;24
17;327;24
17;328;24
17;329;24
17;330;24
17;331;24
17;332;24
17;333;24
17;334;24
17;335;24
17;336;24
17;337;24
17;338;24
17;339;24
17;340;24
17;341;24
17;342;24
17;343;24
17;344;24
17;345;24
17;346;24
17;347;24
17;348;24
17;349;24
17;350;24
17;351;24
17;352;24
17;353;24
17;354;24
17;355;24
17;356;24
17;357;24
17;358;24
17;359;24
17;360;24
17;361;10
17;362;10
17;363;10
17;364;10
17;365;10
17;366;10
17;367;10
17;368;10
17;369;10
17;370;10
17;371;10
17;372;10
17;373;10
17;374;10
17;375;10
17;376;10
17;377;10
17;378;10
17;379;10
17;380;10
17;381;10
17;382;10
17;383;10
17;384;1
17;385;1
17;386;1
17;387;1
17;388;1
17;389;1
17;390;1
17;391;1
17;392;1
17;393;1
17;394;1
17;395;1
17;396;1
17;397;1
17;398;1
17;399;1
17;400;1
17;401;1
17;402;1
17;403;1
17;404;1
17;405;1
17;406;1
17;407;1
17;408;1
17;409;1
17;410;1
17;411;1
17;412;1
17;413;17
17;414;17
17;415;17
17;416;17
17;417;17
17;418;17
17;419;17
17;420;17
17;421;17
17;422;17
17;423;17
17;424;17
17;425;49
17;426;49
17;427;49
17;428;49
17;429;49
17;430;49
17;431;49
17;432;49
17;433;49
17;434;49
17;435;49
17;436;49
17;437;49
17;438;49
17;439;49
17;440;49
17;441;49
17;442;49
17;443;49
17;444;49
17;445;49
17;446;49
17;447;49
17;448;49
17;449;49
17;450;49
17;451;49
17;452;49
17;453;49
17;454;49
17;455;49
17;456;49
17;457;49
17;458;49
17;459;49
17;460;27
17;461;27
17;462;27
17;463;27
17;464;27
17;465;27
17;466;27
17;467;27
17;468;27
17;469;27
17;470;27
17;471;27
17;472;27
17;473;27
17;474;27
17;475;27
17;476;27
17;477;27
17;478;27
17;479;27
17;480;27
17;481;27
17;482;27
17;483;27
17;484;27
17;485;27
17;486;27
17;487;27
17;488;27
17;489;27
17;490;27
17;491;27
17;492;27
17;493;27
17;494;27
17;495;27
17;496;27
17;497;27
17;498;27
17;499;27
18;0;23
18;1;23
18;2;23
18;3;23
18;4;23
18;5;23
18;6;23
18;7;23
18;8;23
18;9;23
18;10;23
18;11;23
18;12;23
18;13;23
18;14;23
18;15;23
18;16;23
18;17;23
18;18;1
18;19;1
18;20;1
18;21;1
18;22;1
18;23;1
18;24;1
18;25;1
18;26;1
18;27;1
18;28;39
18;29;39
18;30;39
18;31;39
18;32;39
18;33;39
18;34;39
18;35;39
18;36;39
18;37;39
18;38;39
18;39;39
18;40;39
18;41;39
18;42;39
18;43;39
18;44;39
18;45;39
18;46;39
18;47;39
18;48;39
18;49;39
18;50;39
18;51;39
18;52;39
18;53;39
18;54;39
18;55;39
18;56;39
18;57;39
18;58;24
18;59;24
18;60;24
18;61;24
18;62;24
18;63;24
18;64;24
18;65;24
18;66;24
18;67;24
18;68;24
18;69;24
18;70;24
18;71;24
18;72;24
18;73;24
18;74;45
18;75;45
18;76;45
18;77;45
18;78;45
18;79;45
18;80;45
18;81;45
18;82;45
18;83;45
18;84;45
18;85;45
18;86;45
18;87;45
18;88;45
18;89;45
18;90;45
18;91;45
18;92;15
18;93;15
18;94;15
18;95;15
18;96;15
18;97;15
18;98;15
18;99;15
18;100;15
18;101;15
18;102;15
18;103;15
18;104;15
18;105;15
18;106;15
18;107;15
18;108;15
18;109;15
18;110;15
18;111;15
18;112;15
18;113;15
18;114;15
18;115;15
18;116;15
18;117;15
18;118;15
18;119;15
18;120;15
18;121;15
18;122;15
18;123;15
18;124;15
18;125;15
18;126;15
18;127;31
18;128;31
18;129;31
18;130;31
18;131;31
18;132;31
18;133;31
18;134;31
18;135;11
18;136;11
18;137;11
18;138;11
18;139;11
18;140;11
18;141;11
18;142;11
18;143;11
18;144;11
18;145;11
18;146;11
18;147;11
18;148;11
18;149;11
18;150;11
18;151;11
18;152;11
18;153;11
18;154;11
18;155;11
18;156;11
18;157;11
18;158;11
18;159;11
18;160;11
18;161;11
18;162;11
18;163;11
18;164;11
18;165;11
18;166;11
18;167;11
18;168;11
18;169;11
18;170;11
18;171;11
18;172;11
18;173;11
18;174;11
18;175;11
18;176;11
18;177;11
18;178;11
18;179;11
18;180;11
18;181;11
18;182;11
18;183;11
18;184;11
18;185;11
18;186;11
18;187;11
18;188;9
18;189;9
18;190;9
18;191;9
18;192;9
18;193;9
18;194;9
18;195;9
18;196;9
18;197;9
18;198;9
18;199;9
18;200;9
18;201;9
18;202;9
18;203;9
18;204;9
18;205;9
18;206;9
18;207;9
18;208;9
18;209;9
18;210;9
18;211;9
18;212;9
18;213;9
18;214;9
18;215;9
18;216;9
18;217;9
18;218;9
18;219;9
18;220;9
18;221;9
18;222;9
18;223;9
18;224;9
18;225;9
18;226;9
18;227;9
18;228;9
18;229;9
18;230;9
18;231;9
18;232;9
18;233;9
18;234;9
18;235;9
18;236;9
18;237;9
18;238;9
18;239;9
18;240;9
18;241;9
18;242;11
18;243;11
18;244;11
18;245;11
18;246;11
18;247;11
18;248;11
18;249;11
18;250;11
18;251;11
18;252;11
18;253;11
18;254;11
18;255;11
18;256;11
18;257;11
18;258;11
18;259;11
18;260;11
18;261;11
18;262;11
18;263;11
18;264;11
18;265;11
18;266;11
18;267;11
18;268;11
18;269;11
18;270;11
18;271;11
18;272;11
18;273;11
18;274;11
18;275;11
18;276;11
18;277;11
18;278;11
18;279;6
18;280;6
18;281;6
18;282;6
18;283;6
18;284;6
18;285;6
18;286;6
18;287;6
18;288;6
18;289;6
18;290;6
18;291;6
18;292;6
18;293;6
18;294;6
18;295;6
18;296;6
18;297;6
18;298;6
18;299;6
18;300;6
18;301;14
18;302;14
18;303;14
18;304;14
18;305;14
18;306;14
18;307;14
18;308;14
18;309;14
18;310;14
18;311;14
18;312;14
18;313;14
18;314;14
18;315;14
18;316;14
18;317;14
18;318;14
18;319;14
18;320;14
18;321;24
18;322;24
18;323;24
18;324;24
18;325;24
18;326;24
18;327;24
18;328;24
18;329;24
18;330;24
18;331;24
18;332;24
18;333;24
18;334;24
18;335;24
18;336;24
18;337;24
18;338;24
18;339;24
18;340;24
18;341;24
18;342;24
18;343;24
18;344;24
18;345;24
18;346;24
18;347;24
18;348;24
18;349;24
18;350;24
18;351;24
18;352;24
18;353;24
18;354;24
18;355;24
18;356;24
18;357;24
18;358;24
18;359;24
18;360;24
18;361;24
18;362;10
18;363;10
18;364;10
18;365;10
18;366;10
18;367;10
18;368;10
18;369;10
18;370;10
18;371;10
18;372;10
18;373;10
18;374;10
18;375;10
18;376;10
18;377;10
18;378;10
18;379;10
18;380;10
18;381;10
18;382;10
18;383;10
18;384;1
18;385;1
18;386;1
18;387;1
18;388;1
18;389;1
18;390;1
18;391;1
18;392;1
18;393;1
18;394;1
18;395;1
18;396;1
18;397;1
18;398;1
18;399;1
18;400;1
18;401;1
18;402;1
18;403;1
18;404;1
18;405;1
18;406;1
18;407;1
18;408;1
18;409;1
18;410;1
18;411;1
18;412;1
18;413;17
18;414;17
18;415;17
18;416;17
18;417;17
18;418;17
18;419;17
18;420;17
18;421;17
18;422;17
18;423;17
18;424;17
18;425;17
18;426;49
18;427;49
18;428;49
18;429;49
18;430;49
18;431;49
18;432;49
18;433;49
18;434;49
18;435;49
18;436;49
18;437;49
18;438;49
18;439;49
18;440;49
18;441;49
18;442;49
18;443;49
18;444;49
18;445;49
18;446;49
18;447;49
18;448;49
18;449;49
18;450;49
18;451;49
18;452;49
18;453;49
18;454;49
18;455;49
18;456;49
18;457;49
18;458;49
18;459;49
18;460;49
18;461;27
18;462;27
18;463;27
18;464;27
18;465;27
18;466;27
18;467;27
18;468;27
18;469;27
18;470;27
18;471;27
18;472;27
18;473;27
18;474;27
18;475;27
18;476;27
18;477;27
18;478;27
18;479;27
18;480;27
18;481;27
18;482;27
18;483;27
18;484;27
18;485;27
18;486;27
18;487;27
18;488;27
18;489;27
18;490;27
18;491;27
18;492;27
18;493;27
18;494;27
18;495;27
18;496;27
18;497;27
18;498;27
18;499;27
19;0;23
19;1;23
19;2;23
19;3;23
19;4;23
19;5;23
19;6;23
19;7;23
19;8;23
19;9;23
19;10;23
19;11;23
19;12;23
19;13;23
19;14;23
19;15;23
19;16;23
19;17;23
19;18;23
19;19;1
19;20;1
19;21;1
19;22;1
19;23;1
19;24;1
19;25;1
19;26;1
19;27;1
19;28;39
19;29;39
19;30;39
19;31;39
19;32;39
19;33;39
19;34;39
19;35;39
19;36;39
19;37;39
19;38;39
19;39;39
19;40;39
19;41;39
19;42;39
19;43;39
19;44;39
19;45;39
19;46;39
19;47;39
19;48;39
19;49;39
19;50;39
19;51;39
19;52;39
19;53;39
19;54;39
19;55;39
19;56;39
19;57;39
19;58;24
19;59;24
19;60;24
19;61;24
19;62;24
19;63;24
19;64;24
19;65;24
19;66;24
19;67;24
19;68;24
19;69;24
19;70;24
19;71;24
19;72;24
19;73;24
19;74;24
19;75;24
19;76;24
19;77;45
19;78;45
19;79;45
19;80;45
19;81;45
19;82;45
19;83;45
19;84;45
19;85;45
19;86;45
19;87;45
19;88;45
19;89;45
19;90;45
19;91;45
19;92;15
19;93;15
19;94;15
19;95;15
19;96;15
19;97;15
19;98;15
19;99;15
19;100;15
19;101;15
19;102;15
19;103;15
19;104;15
19;105;15
19;106;15
19;107;15
19;108;15
19;109;15
19;110;15
19;111;15
19;112;15
19;113;15
19;114;15
19;115;15
19;116;15
19;117;15
19;118;15
19;119;15
19;120;15
19;121;15
19;122;15
19;123;15
19;124;15
19;125;15
19;126;15
19;127;31
19;128;31
19;129;31
19;130;31
19;131;31
19;132;31
19;133;31
19;134;31
19;135;31
19;136;31
19;137;11
19;138;11
19;139;11
19;140;11
19;141;11
19;142;11
19;143;11
19;144;11
19;145;11
19;146;11
19;147;11
19;148;11
19;149;11
19;150;11
19;151;11
19;152;11
19;153;11
19;154;11
19;155;11
19;156;11
19;157;11
19;158;11
19;159;11
19;160;11
19;161;11
19;162;11
19;163;11
19;164;11
19;165;11
19;166;11
19;167;11
19;168;11
19;169;11
19;170;11
19;171;11
19;172;11
19;173;11
19;174;11
19;175;11
19;176;11
19;177;11
19;178;11
19;179;11
19;180;11
19;181;11
19;182;11
19;183;11
19;184;11
19;185;11
19;186;11
19;187;11
19;188;9
19;189;9
19;190;9
19;191;9
19;192;9
19;193;9
19;194;9
19;195;9
19;196;9
19;197;9
19;198;9
19;199;9
19;200;9
19;201;9
19;202;9
19;203;9
19;204;9
19;205;9
19;206;9
19;207;9
19;208;9
19;209;9
19;210;9
19;211;9
19;212;9
19;213;9
19;214;9
19;215;9
19;216;9
19;217;9
19;218;9
19;219;9
19;220;9
19;221;9
19;222;9
19;223;9
19;224;9
19;225;9
19;226;9
19;227;9
19;228;9
19;229;9
19;230;9
19;231;9
19;232;9
19;233;9
19;234;9
19;235;9
19;236;9
19;237;9
19;238;9
19;239;9
19;240;9
19;241;9
19;242;11
19;243;11
19;244;11
19;245;11
19;246;11
19;247;11
19;248;11
19;249;11
19;250;11
19;251;11
19;252;11
19;253;11
19;254;11
19;255;11
19;256;11
19;257;11
19;258;11
19;259;11
19;260;11
19;261;11
19;262;11
19;263;11
19;264;11
19;265;11
19;266;11
19;267;11
19;268;11
19;269;11
19;270;11
19;271;11
19;272;11
19;273;11
19;274;11
19;275;11
19;276;11
19;277;11
19;278;11
19;279;11
19;280;6
19;281;6
19;282;6
19;283;6
19;284;6
19;285;6
19;286;6
19;287;6
19;288;6
19;289;6
19;290;6
19;291;6
19;292;6
19;293;6
19;294;6
19;295;6
19;296;6
19;297;6
19;298;6
19;299;6
19;300;6
19;301;6
19;302;14
19;303;14
19;304;14
19;305;14
19;306;14
19;307;14
19;308;14
19;309;14
19;310;14
19;311;14
19;312;14
19;313;14
19;314;14
19;315;14
19;316;14
19;317;14
19;318;14
19;319;14
19;320;14
19;321;14
19;322;24
19;323;24
19;324;24
19;325;24
19;326;24
19;327;24
19;328;24
19;329;24
19;330;24
19;331;24
19;332;24
19;333;24
19;334;24
19;335;24
19;336;24
19;337;24
19;338;24
19;339;24
19;340;24
19;341;24
19;342;24
19;343;24
19;344;24
19;345;24
19;346;24
19;347;24
19;348;24
19;349;24
19;350;24
19;351;24
19;352;24
19;353;24
19;354;24
19;355;24
19;356;24
19;357;24
19;358;24
19;359;24
19;360;24
19;361;24
19;362;10
19;363;10
19;364;10
19;365;10
19;366;10
19;367;10
19;368;10
19;369;10
19;370;10
19;371;10
19;372;10
19;373;10
19;374;10
19;375;10
19;376;10
19;377;10
19;378;10
19;379;10
19;380;10
19;381;10
19;382;10
19;383;10
19;384;1
19;385;1
19;386;1
19;387;1
19;388;1
19;389;1
19;390;1
19;391;1
19;392;1
19;393;1
19;394;1
19;395;1
19;396;1
19;397;1
19;398;1
19;399;1
19;400;1
19;401;1
19;402;1
19;403;1
19;404;1
19;405;1
19;406;1
19;407;1
19;408;1
19;409;1
19;410;1
19;411;1
19;412;1
19;413;17
19;414;17
19;415;17
19;416;17
19;417;17
19;418;17
19;419;17
19;420;17
19;421;17
19;422;17
19;423;17
19;424;17
19;425;17
19;426;49
19;427;49
19;428;49
19;429;49
19;430;49
19;431;49
19;432;49
19;433;49
19;434;49
19;435;49
19;436;49
19;437;49
19;438;49
19;439;49
19;440;49
19;441;49
19;442;49
19;443;49
19;444;49
19;445;49
19;446;49
19;447;49
19;448;49
19;449;49
19;450;49
19;451;49
19;452;49
19;453;49
19;454;49
19;455;49
19;456;49
19;457;49
19;458;49
19;459;49
19;460;49
19;461;27
19;462;27
19;463;27
19;464;27
19;465;27
19;466;27
19;467;27
19;468;27
19;469;27
19;470;27
19;471;27
19;472;27
19;473;27
19;474;27
19;475;27
19;476;27
19;477;27
19;478;27
19;479;27
19;480;27
19;481;27
19;482;27
19;483;27
19;484;27
19;485;27
19;486;27
19;487;27
19;488;27
19;489;27
19;490;27
19;491;27
19;492;27
19;493;27
19;494;27
19;495;27
19;496;27
19;497;27
19;498;27
19;499;27
20;0;23
20;1;23
20;2;23
20;3;23
20;4;23
20;5;23
20;6;23
20;7;23
20;8;23
20;9;23
20;10;23
20;11;23
20;12;23
20;13;23
20;14;23
20;15;23
20;16;23
20;17;23
20;18;23
20;19;23
20;20;1
20;21;1
20;22;1
20;23;1
20;24;1
20;25;1
20;26;1
20;27;1
20;28;39
20;29;39
20;30;39
20;31;39
20;32;39
20;33;39
20;34;39
20;35;39
20;36;39
20;37;39
20;38;39
20;39;39
20;40;39
20;41;39
20;42;39
20;43;39
20;44;39
20;45;39
20;46;39
20;47;39
20;48;39
20;49;39
20;50;39
20;51;39
20;52;39
20;53;39
20;54;39
20;55;39
20;56;39
20;57;39
20;58;39
20;59;24
20;60;24
20;61;24
20;62;24
20;63;24
20;64;24
20;65;24
20;66;24
20;67;24
20;68;24
20;69;24
20;70;24
20;71;24
20;72;24
20;73;24
20;74;24
20;75;24
20;76;24
20;77;24
20;78;24
20;79;45
20;80;45
20;81;45
20;82;45
20;83;45
20;84;45
20;85;45
20;86;45
20;87;45
20;88;45
20;89;45
20;90;45
20;91;45
20;92;45
20;93;15
20;94;15
20;95;15
20;96;15
20;97;15
20;98;15
20;99;15
20;100;15
20;101;15
20;102;15
20;103;15
20;104;15
20;105;15
20;106;15
20;107;15
20;108;15
20;109;15
20;110;15
20;111;15
20;112;15
20;113;15
20;114;15
20;115;15
20;116;15
20;117;15
20;118;15
20;119;15
20;120;15
20;121;15
20;122;15
20;123;15
20;124;15
20;125;15
20;126;15
20;127;31
20;128;31
20;129;31
20;130;31
20;131;31
20;132;31
20;133;31
20;134;31
20;135;31
20;136;31
20;137;31
20;138;31
20;139;11
20;140;11
20;141;11
20;142;11
20;143;11
20;144;11
20;145;11
20;146;11
20;147;11
20;148;11
20;149;11
20;150;11
20;151;11
20;152;11
20;153;11
20;154;11
20;155;11
20;156;11
20;157;11
20;158;11
20;159;11
20;160;11
20;161;11
20;162;11
20;163;11
20;164;11
20;165;11
20;166;11
20;167;11
20;168;11
20;169;11
20;170;11
20;171;11
20;172;11
20;173;11
20;174;11
20;175;11
20;176;11
20;177;11
20;178;11
20;179;11
20;180;11
20;181;11
20;182;11
20;183;11
20;184;11
20;185;11
20;186;11
20;187;11
20;188;9
20;189;9
20;190;9
20;191;9
20;192;9
20;193;9
20;194;9
20;195;9
20;196;9
20;197;9
20;198;9
20;199;9
20;200;9
20;201;9
20;202;9
20;203;9
20;204;9
20;205;9
20;206;9
20;207;9
20;208;9
20;209;9
20;210;9
20;211;9
20;212;9
20;213;9
20;214;9
20;215;9
20;216;9
20;217;9
20;218;9
20;219;9
20;220;9
20;221;9
20;222;9
20;223;9
20;224;9
20;225;9
20;226;9
20;227;9
20;228;9
20;229;9
20;230;9
20;231;9
20;232;9
20;233;9
20;234;9
20;235;9
20;236;9
20;237;9
20;238;9
20;239;9
20;240;9
20;241;9
20;242;11
20;243;11
20;244;11
20;245;11
20;246;11
20;247;11
20;248;34
20;249;34
20;250;34
20;251;34
20;252;34
20;253;34
20;254;34
20;255;34
20;256;34
20;257;34
20;258;34
20;259;34
20;260;34
20;261;34
20;262;34
20;263;11
20;264;11
20;265;11
20;266;11
20;267;11
20;268;11
20;269;11
20;270;11
20;271;11
20;272;11
20;273;11
20;274;11
20;275;11
20;276;11
20;277;11
20;278;11
20;279;11
20;280;6
20;281;6
20;282;6
20;283;6
20;284;6
20;285;6
20;286;6
20;287;6
20;288;6
20;289;6
20;290;6
20;291;6
20;292;6
20;293;6
20;294;6
20;295;6
20;296;6
20;297;6
20;298;6
20;299;6
20;300;6
20;301;6
20;302;6
20;303;14
20;304;14
20;305;14
20;306;14
20;307;14
20;308;14
20;309;14
20;310;14
20;311;14
20;312;14
20;313;14
20;314;14
20;315;14
20;316;14
20;317;14
20;318;14
20;319;14
20;320;14
20;321;14
20;322;24
20;323;24
20;324;24
20;325;24
20;326;24
20;327;24
20;328;24
20;329;24
20;330;24
20;331;24
20;332;24
20;333;24
20;334;24
20;335;24
20;336;24
20;337;24
20;338;24
20;339;24
20;340;24
20;341;24
20;342;24
20;343;24
20;344;24
20;345;24
20;346;24
20;347;24
20;348;24
20;349;24
20;350;24
20;351;24
20;352;24
20;353;24
20;354;24
20;355;24
20;356;24
20;357;24
20;358;24
20;359;24
20;360;24
20;361;24
20;362;41
20;363;41
20;364;41
20;365;41
20;366;41
20;367;41
20;368;41
20;369;41
20;370;41
20;371;10
20;372;10
20;373;10
20;374;10
20;375;10
20;376;10
20;377;10
20;378;10
20;379;10
20;380;10
20;381;10
20;382;10
20;383;10
20;384;1
20;385;1
20;386;1
20;387;1
20;388;1
20;389;1
20;390;1
20;391;1
20;392;1
20;393;1
20;394;1
20;395;1
20;396;1
20;397;1
20;398;1
20;399;1
20;400;1
20;401;1
20;402;1
20;403;1
20;404;1
20;405;1
20;406;1
20;407;1
20;408;1
20;409;1
20;410;1
20;411;1
20;412;1
20;413;17
20;414;17
20;415;17
20;416;17
20;417;17
20;418;17
20;419;17
20;420;17
20;421;17
20;422;17
20;423;17
20;424;17
20;425;17
20;426;17
20;427;49
20;428;49
20;429;49
20;430;49
20;431;49
20;432;49
20;433;49
20;434;49
20;435;49
20;436;49
20;437;49
20;438;49
20;439;49
20;440;49
20;441;49
20;442;49
20;443;49
20;444;49
20;445;49
20;446;49
20;447;49
20;448;49
20;449;49
20;450;49
20;451;49
20;452;49
20;453;49
20;454;49
20;455;49
20;456;49
20;457;49
20;458;49
20;459;49
20;460;49
20;461;49
20;462;27
20;463;27
20;464;27
20;465;27
20;466;27
20;467;27
20;468;27
20;469;27
20;470;27
20;471;27
20;472;27
20;473;27
20;474;27
20;475;27
20;476;27
20;477;27
20;478;27
20;479;27
20;480;27
20;481;27
20;482;27
20;483;27
20;484;27
20;485;27
20;486;27
20;487;27
20;488;27
20;489;27
20;490;27
20;491;27
20;492;27
20;493;27
20;494;27
20;495;27
20;496;27
20;497;27
20;498;27
20;499;27
21;0;23
21;1;23
21;2;23
21;3;23
21;4;23
21;5;23
21;6;23
21;7;23
21;8;23
21;9;23
21;10;23
21;11;23
21;12;23
21;13;23
21;14;23
21;15;23
21;16;23
21;17;23
21;18;23
21;19;23
21;20;23
21;21;1
21;22;1
21;23;1
21;24;1
21;25;1
21;26;1
21;27;39
21;28;39
21;29;39
21;30;39
21;31;39
21;32;39
21;33;39
21;34;39
21;35;39
21;36;39
21;37;39
21;38;39
21;39;39
21;40;39
21;41;39
21;42;39
21;43;39
21;44;39
21;45;39
21;46;39
21;47;39
21;48;39
21;49;39
21;50;39
21;51;39
21;52;39
21;53;39
21;54;39
21;55;39
21;56;39
21;57;39
21;58;39
21;59;24
21;60;24
21;61;24
21;62;24
21;63;24
21;64;24
21;65;24
21;66;24
21;67;24
21;68;24
21;69;24
21;70;24
21;71;24
21;72;24
21;73;24
21;74;24
21;75;24
21;76;24
21;77;24
21;78;24
21;79;24
21;80;24
21;81;24
21;82;24
21;83;24
21;84;24
21;85;24
21;86;24
21;87;24
21;88;24
21;89;24
21;90;24
21;91;24
21;92;24
21;93;24
21;94;15
21;95;15
21;96;15
21;97;15
21;98;15
21;99;15
21;100;15
21;101;15
21;102;15
21;103;15
21;104;15
21;105;15
21;106;15
21;107;15
21;108;15
21;109;15
21;110;15
21;111;15
21;112;15
21;113;15
21;114;15
21;115;15
21;116;15
21;117;15
21;118;15
21;119;15
21;120;15
21;121;15
21;122;15
21;123;15
21;124;15
21;125;15
21;126;15
21;127;31
21;128;31
21;129;31
21;130;31
21;131;31
21;132;31
21;133;31
21;134;31
21;135;31
21;136;31
21;137;31
21;138;31
21;139;31
21;140;31
21;141;11
21;142;11
21;143;11
21;144;11
21;145;11
21;146;11
21;147;11
21;148;11
21;149;11
21;150;11
21;151;11
21;152;11
21;153;11
21;154;11
21;155;11
21;156;11
21;157;11
21;158;11
21;159;11
21;160;11
21;161;11
21;162;11
21;163;11
21;164;11
21;165;11
21;166;11
21;167;11
21;168;11
21;169;11
21;170;11
21;171;11
21;172;11
21;173;11
21;174;11
21;175;11
21;176;11
21;177;11
21;178;11
21;179;11
21;180;11
21;181;11
21;182;11
21;183;11
21;184;11
21;185;11
21;186;11
21;187;11
21;188;9
21;189;9
21;190;9
21;191;9
21;192;9
21;193;9
21;194;9
21;195;9
21;196;9
21;197;9
21;198;9
21;199;9
21;200;9
21;201;9
21;202;9
21;203;9
21;204;9
21;205;9
21;206;9
21;207;9
21;208;9
21;209;9
21;210;9
21;211;9
21;212;9
21;213;9
21;214;9
21;215;9
21;216;9
21;217;9
21;218;9
21;219;9
21;220;9
21;221;9
21;222;9
21;223;9
21;224;9
21;225;9
21;226;9
21;227;9
21;228;9
21;229;9
21;230;9
21;231;9
21;232;9
21;233;9
21;234;9
21;235;9
21;236;9
21;237;9
21;238;9
21;239;9
21;240;9
21;241;9
21;242;11
21;243;11
21;244;11
21;245;11
21;246;11
21;247;11
21;248;11
21;249;34
21;250;34
21;251;34
21;252;34
21;253;34
21;254;34
21;255;34
21;256;34
21;257;34
21;258;34
21;259;34
21;260;34
21;261;34
21;262;34
21;263;34
21;264;34
21;265;11
21;266;11
21;267;11
21;268;11
21;269;11
21;270;11
21;271;11
21;272;11
21;273;11
21;274;11
21;275;11
21;276;11
21;277;11
21;278;11
21;279;11
21;280;6
21;281;6
21;282;6
21;283;6
21;284;6
21;285;6
21;286;6
21;287;6
21;288;6
21;289;6
21;290;6
21;291;6
21;292;6
21;293;6
21;294;6
21;295;6
21;296;6
21;297;6
21;298;6
21;299;6
21;300;6
21;301;6
21;302;6
21;303;6
21;304;14
21;305;14
21;306;14
21;307;14
21;308;14
21;309;14
21;310;14
21;311;14
21;312;14
21;313;14
21;314;14
21;315;14
21;316;14
21;317;14
21;318;14
21;319;14
21;320;14
21;321;14
21;322;14
21;323;24
21;324;24
21;325;24
21;326;24
21;327;24
21;328;24
21;329;24
21;330;24
21;331;24
21;332;24
21;333;24
21;334;24
21;335;24
21;336;24
21;337;24
21;338;24
21;339;24
21;340;24
21;341;24
21;342;24
21;343;24
21;344;24
21;345;24
21;346;24
21;347;24
21;348;24
21;349;24
21;350;24
21;351;24
21;352;24
21;353;24
21;354;24
21;355;24
21;356;24
21;357;24
21;358;24
21;359;24
21;360;24
21;361;24
21;362;41
21;363;41
21;364;41
21;365;41
21;366;41
21;367;41
21;368;41
21;369;41
21;370;41
21;371;41
21;372;41
21;373;41
21;374;41
21;375;41
21;376;41
21;377;41
21;378;41
21;379;41
21;380;41
21;381;41
21;382;41
21;383;41
21;384;1
21;385;1
21;386;1
21;387;1
21;388;1
21;389;1
21;390;1
21;391;1
21;392;1
21;393;1
21;394;1
21;395;1
21;396;1
21;397;1
21;398;1
21;399;1
21;400;1
21;401;1
21;402;1
21;403;1
21;404;1
21;405;1
21;406;1
21;407;1
21;408;1
21;409;1
21;410;1
21;411;1
21;412;1
21;413;17
21;414;17
21;415;17
21;416;17
21;417;17
21;418;17
21;419;17
21;420;17
21;421;17
21;422;17
21;423;17
21;424;17
21;425;17
21;426;17
21;427;49
21;428;49
21;429;49
21;430;49
21;431;49
21;432;49
21;433;49
21;434;49
21;435;49
21;436;49
21;437;49
21;438;49
21;439;49
21;440;49
21;441;49
21;442;49
21;443;49
21;444;49
21;445;49
21;446;49
21;447;49
21;448;49
21;449;49
21;450;49
21;451;49
21;452;49
21;453;49
21;454;49
21;455;49
21;456;49
21;457;49
21;458;49
21;459;49
21;460;49
21;461;49
21;462;27
21;463;27
21;464;27
21;465;27
21;466;27
21;467;27
21;468;27
21;469;27
21;470;27
21;471;27
21;472;27
21;473;27
21;474;27
21;475;27
21;476;27
21;477;27
21;478;27
21;479;27
21;480;27
21;481;27
21;482;27
21;483;27
21;484;27
21;485;27
21;486;27
21;487;27
21;488;27
21;489;27
21;490;27
21;491;27
21;492;27
21;493;27
21;494;27
21;495;27
21;496;27
21;497;27
21;498;27
21;499;27
22;0;23
22;1;23
22;2;23
22;3;23
22;4;23
22;5;23
22;6;23
22;7;23
22;8;23
22;9;23
22;10;23
22;11;23
22;12;23
22;13;23
22;14;23
22;15;23
22;16;23
22;17;23
22;18;23
22;19;23
22;20;23
22;21;23
22;22;1
22;23;1
22;24;1
22;25;1
22;26;1
22;27;39
22;28;39
22;29;39
22;30;39
22;31;39
22;32;39
22;33;39
22;34;39
22;35;39
22;36;39
22;37;39
22;38;39
22;39;39
22;40;39
22;41;39
22;42;39
22;43;39
22;44;39
22;45;39
22;46;39
22;47;39
22;48;39
22;49;39
22;50;39
22;51;39
22;52;39
22;53;39
22;54;39
22;55;39
22;56;39
22;57;39
22;58;39
22;59;39
22;60;24
22;61;24
22;62;24
22;63;24
22;64;24
22;65;24
22;66;24
22;67;24
22;68;24
22;69;24
22;70;24
22;71;24
22;72;24
22;73;24
22;74;24
22;75;24
22;76;24
22;77;24
22;78;24
22;79;24
22;80;24
22;81;24
22;82;24
22;83;24
22;84;24
22;85;24
22;86;24
22;87;24
22;88;24
22;89;24
22;90;24
22;91;24
22;92;24
22;93;24
22;94;15
22;95;15
22;96;15
22;97;15
22;98;15
22;99;15
22;100;15
22;101;15
22;102;15
22;103;15
22;104;15
22;105;15
22;106;15
22;107;15
22;108;15
22;109;15
22;110;15
22;111;15
22;112;15
22;113;15
22;114;15
22;115;15
22;116;15
22;117;15
22;118;15
22;119;15
22;120;15
22;121;15
22;122;15
22;123;15
22;124;15
22;125;15
22;126;15
22;127;31
22;128;31
22;129;31
22;130;31
22;131;31
22;132;31
22;133;31
22;134;31
22;135;31
22;136;31
22;137;31
22;138;31
22;139;31
22;140;31
22;141;31
22;142;31
22;143;11
22;144;11
22;145;11
22;146;11
22;147;11
22;148;11
22;149;11
22;150;11
22;151;11
22;152;11
22;153;11
22;154;11
22;155;11
22;156;11
22;157;11
22;158;11
22;159;11
22;160;11
22;161;11
22;162;11
22;163;11
22;164;11
22;165;11
22;166;11
22;167;11
22;168;11
22;169;11
22;170;11
22;171;11
22;172;11
22;173;11
22;174;11
22;175;11
22;176;11
22;177;11
22;178;11
22;179;11
22;180;11
22;181;11
22;182;11
22;183;11
22;184;11
22;185;11
22;186;11
22;187;11
22;188;9
22;189;9
22;190;9
22;191;9
22;192;9
22;193;9
22;194;9
22;195;9
22;196;9
22;197;9
22;198;9
22;199;9
22;200;9
22;201;9
22;202;9
22;203;9
22;204;9
22;205;9
22;206;9
22;207;9
22;208;9
22;209;9
22;210;9
22;211;9
22;212;9
22;213;9
22;214;9
22;215;9
22;216;9
22;217;9
22;218;9
22;219;9
22;220;9
22;221;9
22;222;9
22;223;9
22;224;9
22;225;9
22;226;9
22;227;9
22;228;9
22;229;9
22;230;9
22;231;9
22;232;9
22;233;9
22;234;9
22;235;9
22;236;9
22;237;9
22;238;9
22;239;9
22;240;9
22;241;9
22;242;11
22;243;11
22;244;11
22;245;11
22;246;11
22;247;11
22;248;11
22;249;34
22;250;34
22;251;34
22;252;34
22;253;34
22;254;34
22;255;34
22;256;34
22;257;34
22;258;34
22;259;34
22;260;34
22;261;34
22;262;34
22;263;34
22;264;34
22;265;34
22;266;34
22;267;11
22;268;11
22;269;11
22;270;11
22;271;11
22;272;11
22;273;11
22;274;11
22;275;11
22;276;11
22;277;11
22;278;11
22;279;11
22;280;6
22;281;6
22;282;6
22;283;6
22;284;6
22;285;6
22;286;6
22;287;6
22;288;6
22;289;6
22;290;6
22;291;6
22;292;6
22;293;6
22;294;6
22;295;6
22;296;6
22;297;6
22;298;6
22;299;6
22;300;6
22;301;6
22;302;6
22;303;6
22;304;6
22;305;14
22;306;14
22;307;14
22;308;14
22;309;14
22;310;14
22;311;14
22;312;14
22;313;14
22;314;14
22;315;14
22;316;14
22;317;14
22;318;14
22;319;14
22;320;14
22;321;14
22;322;14
22;323;24
22;324;24
22;325;24
22;326;24
22;327;24
22;328;24
22;329;24
22;330;24
22;331;24
22;332;24
22;333;24
22;334;24
22;335;24
22;336;24
22;337;24
22;338;24
22;339;24
22;340;24
22;341;24
22;342;24
22;343;24
22;344;24
22;345;24
22;346;24
22;347;24
22;348;24
22;349;24
22;350;24
22;351;24
22;352;24
22;353;24
22;354;24
22;355;24
22;356;24
22;357;24
22;358;24
22;359;24
22;360;24
22;361;24
22;362;41
22;363;41
22;364;41
22;365;41
22;366;41
22;367;41
22;368;41
22;369;41
22;370;41
22;371;41
22;372;41
22;373;41
22;374;41
22;375;41
22;376;41
22;377;41
22;378;41
22;379;41
22;380;41
22;381;41
22;382;41
22;383;41
22;384;41
22;385;1
22;386;1
22;387;1
22;388;1
22;389;1
22;390;1
22;391;1
22;392;1
22;393;1
22;394;1
22;395;1
22;396;1
22;397;1
22;398;1
22;399;1
22;400;1
22;401;1
22;402;1
22;403;1
22;404;1
22;405;1
22;406;1
22;407;1
22;408;1
22;409;1
22;410;1
22;411;1
22;412;1
22;413;17
22;414;17
22;415;17
22;416;17
22;417;17
22;418;17
22;419;17
22;420;17
22;421;17
22;422;17
22;423;17
22;424;17
22;425;17
22;426;17
22;427;17
22;428;49
22;429;49
22;430;49
22;431;49
22;432;49
22;433;49
22;434;49
22;435;49
22;436;49
22;437;49
22;438;49
22;439;49
22;440;49
22;441;49
22;442;49
22;443;49
22;444;49
22;445;49
22;446;49
22;447;49
22;448;49
22;449;49
22;450;49
22;451;49
22;452;49
22;453;49
22;454;49
22;455;49
22;456;49
22;457;49
22;458;49
22;459;49
22;460;49
22;461;49
22;462;49
22;463;27
22;464;27
22;465;27
22;466;27
22;467;27
22;468;27
22;469;27
22;470;27
22;471;27
22;472;27
22;473;27
22;474;27
22;475;27
22;476;27
22;477;27
22;478;27
22;479;27
22;480;27
22;481;27
22;482;27
22;483;27
22;484;27
22;485;27
22;486;27
22;487;27
22;488;27
22;489;27
22;490;27
22;491;27
22;492;27
22;493;27
22;494;27
22;495;27
22;496;27
22;497;27
22;498;27
22;499;27
23;0;18
23;1;18
23;2;23
23;3;23
23;4;23
23;5;23
23;6;23
23;7;23
23;8;23
23;9;23
23;10;23
23;11;23
23;12;23
23;13;23
23;14;23
23;15;23
23;16;23
23;17;23
23;18;23
23;19;23
23;20;23
23;21;23
23;22;23
23;23;1
23;24;1
23;25;1
23;26;1
23;27;39
23;28;39
23;29;39
23;30;39
23;31;39
23;32;39
23;33;39
23;34;39
23;35;39
23;36;39
23;37;39
23;38;39
23;39;39
23;40;39
23;41;39
23;42;39
23;43;39
23;44;39
23;45;39
23;46;39
23;47;39
23;48;39
23;49;39
23;50;39
23;51;39
23;52;39
23;53;39
23;54;39
23;55;39
23;56;39
23;57;39
23;58;39
23;59;39
23;60;23
23;61;23
23;62;23
23;63;23
23;64;23
23;65;23
23;66;23
23;67;23
23;68;23
23;69;24
23;70;24
23;71;24
23;72;24
23;73;24
23;74;24
23;75;24
23;76;24
23;77;24
23;78;24
23;79;24
23;80;24
23;81;24
23;82;24
23;83;24
23;84;24
23;85;24
23;86;24
23;87;24
23;88;24
23;89;24
23;90;24
23;91;24
23;92;24
23;93;24
23;94;24
23;95;15
23;96;15
23;97;15
23;98;15
23;99;15
23;100;15
23;101;15
23;102;15
23;103;15
23;104;15
23;105;15
23;106;15
23;107;15
23;108;15
23;109;15
23;110;15
23;111;15
23;112;15
23;113;15
23;114;15
23;115;15
23;116;15
23;117;15
23;118;15
23;119;15
23;120;15
23;121;15
23;122;15
23;123;15
23;124;15
23;125;15
23;126;15
23;127;31
23;128;31
23;129;31
23;130;31
23;131;31
23;132;31
23;133;31
23;134;31
23;135;31
23;136;31
23;137;31
23;138;31
23;139;31
23;140;31
23;141;31
23;142;31
23;143;31
23;144;31
23;145;11
23;146;11
23;147;11
23;148;11
23;149;11
23;150;11
23;151;11
23;152;11
23;153;11
23;154;11
23;155;11
23;156;11
23;157;11
23;158;11
23;159;11
23;160;11
23;161;11
23;162;11
23;163;11
23;164;11
23;165;11
23;166;11
23;167;11
23;168;11
23;169;11
23;170;11
23;171;11
23;172;11
23;173;11
23;174;11
23;175;11
23;176;11
23;177;11
23;178;11
23;179;11
23;180;11
23;181;11
23;182;11
23;183;11
23;184;11
23;185;11
23;186;11
23;187;11
23;188;9
23;189;9
23;190;9
23;191;9
23;192;9
23;193;9
23;194;9
23;195;9
23;196;9
23;197;9
23;198;9
23;199;9
23;200;9
23;201;9
23;202;9
23;203;9
23;204;9
23;205;9
23;206;9
23;207;9
23;208;9
23;209;9
23;210;9
23;211;9
23;212;9
23;213;9
23;214;9
23;215;9
23;216;9
23;217;9
23;218;9
23;219;9
23;220;9
23;221;9
23;222;9
23;223;9
23;224;9
23;225;9
23;226;9
23;227;9
23;228;9
23;229;9
23;230;9
23;231;9
23;232;9
23;233;9
23;234;9
23;235;9
23;236;9
23;237;9
23;238;9
23;239;9
23;240;9
23;241;9
23;242;11
23;243;11
23;244;11
23;245;11
23;246;11
23;247;11
23;248;11
23;249;11
23;250;34
23;251;34
23;252;34
23;253;34
23;254;34
23;255;34
23;256;34
23;257;34
23;258;34
23;259;34
23;260;34
23;261;34
23;262;34
23;263;34
23;264;34
23;265;34
23;266;34
23;267;34
23;268;34
23;269;11
23;270;11
23;271;11
23;272;11
23;273;11
23;274;11
23;275;11
23;276;11
23;277;11
23;278;11
23;279;11
23;280;6
23;281;6
23;282;6
23;283;6
23;284;6
23;285;6
23;286;6
23;287;6
23;288;6
23;289;6
23;290;6
23;291;6
23;292;6
23;293;6
23;294;6
23;295;6
23;296;6
23;297;6
23;298;6
23;299;6
23;300;6
23;301;6
23;302;6
23;303;6
23;304;6
23;305;6
23;306;14
23;307;14
23;308;14
23;309;14
23;310;14
23;311;14
23;312;14
23;313;14
23;314;14
23;315;14
23;316;14
23;317;14
23;318;14
23;319;14
23;320;14
23;321;14
23;322;14
23;323;14
23;324;24
23;325;24
23;326;24
23;327;24
23;328;24
23;329;24
23;330;24
23;331;24
23;332;24
23;333;24
23;334;24
23;335;24
23;336;24
23;337;24
23;338;24
23;339;24
23;340;24
23;341;24
23;342;24
23;343;24
23;344;24
23;345;24
23;346;24
23;347;24
23;348;24
23;349;24
23;350;24
23;351;24
23;352;24
23;353;24
23;354;24
23;355;24
23;356;24
23;357;24
23;358;24
23;359;24
23;360;24
23;361;24
23;362;41
23;363;41
23;364;41
23;365;41
23;366;41
23;367;41
23;368;41
23;369;41
23;370;41
23;371;41
23;372;41
23;373;41
23;374;41
23;375;41
23;376;41
23;377;41
23;378;41
23;379;41
23;380;41
23;381;41
23;382;41
23;383;41
23;384;41
23;385;41
23;386;1
23;387;1
23;388;1
23;389;1
23;390;1
23;391;1
23;392;1
23;393;1
23;394;1
23;395;1
23;396;1
23;397;1
23;398;1
23;399;1
23;400;1
23;401;1
23;402;1
23;403;1
23;404;1
23;405;1
23;406;1
23;407;1
23;408;1
23;409;1
23;410;1
23;411;1
23;412;17
23;413;17
23;414;17
23;415;17
23;416;17
23;417;17
23;418;17
23;419;17
23;420;17
23;421;17
23;422;17
23;423;17
23;424;17
23;425;17
23;426;17
23;427;17
23;428;49
23;429;49
23;430;49
23;431;49
23;432;49
23;433;49
23;434;49
23;435;49
23;436;49
23;437;49
23;438;49
23;439;49
23;440;49
23;441;49
23;442;49
23;443;49
23;444;49
23;445;49
23;446;49
23;447;49
23;448;49
23;449;49
23;450;49
23;451;49
23;452;49
23;453;49
23;454;49
23;455;49
23;456;49
23;457;49
23;458;49
23;459;49
23;460;49
23;461;49
23;462;49
23;463;27
23;464;27
23;465;27
23;466;27
23;467;27
23;468;27
23;469;27
23;470;27
23;471;27
23;472;27
23;473;27
23;474;27
23;475;27
23;476;27
23;477;27
23;478;27
23;479;27
23;480;27
23;481;27
23;482;27
23;483;27
23;484;27
23;485;27
23;486;27
23;487;27
23;488;27
23;489;27
23;490;27
23;491;27
23;492;27
23;493;27
23;494;27
23;495;27
23;496;27
23;497;27
23;498;27
23;499;27
24;0;18
24;1;18
24;2;18
24;3;18
24;4;23
24;5;23
24;6;23
24;7;23
24;8;23
24;9;23
24;10;23
24;11;23
24;12;23
24;13;23
24;14;23
24;15;23
24;16;23
24;17;23
24;18;23
24;19;23
24;20;23
24;21;23
24;22;23
24;23;23
24;24;1
24;25;1
24;26;1
24;27;39
24;28;39
24;29;39
24;30;39
24;31;39
24;32;39
24;33;39
24;34;39
24;35;39
24;36;39
24;37;39
24;38;39
24;39;39
24;40;39
24;41;39
24;42;39
24;43;39
24;44;39
24;45;39
24;46;39
24;47;39
24;48;39
24;49;39
24;50;39
24;51;39
24;52;39
24;53;39
24;54;39
24;55;39
24;56;39
24;57;39
24;58;39
24;59;39
24;60;23
24;61;23
24;62;23
24;63;23
24;64;23
24;65;23
24;66;23
24;67;23
24;68;23
24;69;23
24;70;23
24;71;24
24;72;24
24;73;24
24;74;24
24;75;24
24;76;24
24;77;24
24;78;24
24;79;24
24;80;24
24;81;24
24;82;24
24;83;24
24;84;24
24;85;24
24;86;24
24;87;24
24;88;24
24;89;24
24;90;24
24;91;24
24;92;24
24;93;24
24;94;24
24;95;15
24;96;15
24;97;15
24;98;15
24;99;15
24;100;15
24;101;15
24;102;15
24;103;15
24;104;15
24;105;15
24;106;15
24;107;15
24;108;15
24;109;15
24;110;15
24;111;15
24;112;15
24;113;15
24;114;15
24;115;15
24;116;15
24;117;15
24;118;15
24;119;15
24;120;15
24;121;15
24;122;15
24;123;15
24;124;15
24;125;15
24;126;15
24;127;31
24;128;31
24;129;31
24;130;31
24;131;31
24;132;31
24;133;31
24;134;31
24;135;31
24;136;31
24;137;31
24;138;31
24;139;31
24;140;31
24;141;31
24;142;31
24;143;31
24;144;31
24;145;31
24;146;31
24;147;11
24;148;11
24;149;11
24;150;11
24;151;11
24;152;11
24;153;11
24;154;11
24;155;11
24;156;11
24;157;11
24;158;11
24;159;11
24;160;11
24;161;11
24;162;11
24;163;11
24;164;11
24;165;11
24;166;11
24;167;11
24;168;11
24;169;11
24;170;11
24;171;11
24;172;11
24;173;11
24;174;11
24;175;11
24;176;11
24;177;11
24;178;11
24;179;11
24;180;11
24;181;11
24;182;11
24;183;11
24;184;11
24;185;11
24;186;11
24;187;11
24;188;9
24;189;9
24;190;9
24;191;9
24;192;9
24;193;9
24;194;9
24;195;9
24;196;9
24;197;9
24;198;9
24;199;9
24;200;9
24;201;9
24;202;9
24;203;9
24;204;9
24;205;9
24;206;9
24;207;9
24;208;9
24;209;9
24;210;9
24;211;9
24;212;9
24;213;9
24;214;9
24;215;9
24;216;9
24;217;9
24;218;9
24;219;9
24;220;9
24;221;9
24;222;9
24;223;9
24;224;9
24;225;9
24;226;9
24;227;9
24;228;9
24;229;9
24;230;9
24;231;9
24;232;9
24;233;9
24;234;9
24;235;9
24;236;9
24;237;9
24;238;9
24;239;9
24;240;9
24;241;9
24;242;11
24;243;11
24;244;11
24;245;11
24;246;11
24;247;11
24;248;11
24;249;11
24;250;34
24;251;34
24;252;34
24;253;34
24;254;34
24;255;34
24;256;34
24;257;34
24;258;34
24;259;34
24;260;34
24;261;34
24;262;34
24;263;34
24;264;34
24;265;34
24;266;34
24;267;34
24;268;34
24;269;34
24;270;34
24;271;34
24;272;34
24;273;34
24;274;34
24;275;34
24;276;34
24;277;34
24;278;34
24;279;34
24;280;34
24;281;6
24;282;6
24;283;6
24;284;6
24;285;6
24;286;6
24;287;6
24;288;6
24;289;6
24;290;6
24;291;6
24;292;6
24;293;6
24;294;6
24;295;6
24;296;6
24;297;6
24;298;6
24;299;6
24;300;6
24;301;6
24;302;6
24;303;6
24;304;6
24;305;6
24;306;6
24;307;14
24;308;14
24;309;14
24;310;14
24;311;14
24;312;14
24;313;14
24;314;14
24;315;14
24;316;14
24;317;14
24;318;14
24;319;14
24;320;14
24;321;14
24;322;14
24;323;14
24;324;24
24;325;24
24;326;24
24;327;24
24;328;24
24;329;24
24;330;24
24;331;24
24;332;24
24;333;24
24;334;24
24;335;24
24;336;24
24;337;24
24;338;24
24;339;24
24;340;24
24;341;24
24;342;24
24;343;24
24;344;24
24;345;24
24;346;24
24;347;24
24;348;24
24;349;24
24;350;24
24;351;24
24;352;24
24;353;24
24;354;24
24;355;24
24;356;24
24;357;24
24;358;24
24;359;24
24;360;24
24;361;24
24;362;41
24;363;41
24;364;41
24;365;41
24;366;41
24;367;41
24;368;41
24;369;41
24;370;41
24;371;41
24;372;41
24;373;41
24;374;41
24;375;41
24;376;41
24;377;41
24;378;41
24;379;41
24;380;41
24;381;41
24;382;41
24;383;41
24;384;41
24;385;41
24;386;41
24;387;1
24;388;1
24;389;1
24;390;1
24;391;1
24;392;1
24;393;1
24;394;1
24;395;1
24;396;1
24;397;1
24;398;1
24;399;1
24;400;1
24;401;1
24;402;1
24;403;1
24;404;1
24;405;1
24;406;1
24;407;1
24;408;1
24;409;1
24;410;1
24;411;17
24;412;17
24;413;17
24;414;17
24;415;17
24;416;17
24;417;17
24;418;17
24;419;17
24;420;17
24;421;17
24;422;17
24;423;17
24;424;17
24;425;17
24;426;17
24;427;17
24;428;17
24;429;49
24;430;49
24;431;49
24;432;49
24;433;49
24;434;49
24;435;49
24;436;49
24;437;49
24;438;49
24;439;49
24;440;49
24;441;49
24;442;49
24;443;49
24;444;49
24;445;49
24;446;49
24;447;49
24;448;49
24;449;49
24;450;49
24;451;49
24;452;49
24;453;49
24;454;49
24;455;49
24;456;49
24;457;49
24;458;49
24;459;49
24;460;49
24;461;49
24;462;49
24;463;49
24;464;27
24;465;27
24;466;27
24;467;27
24;468;27
24;469;27
24;470;27
24;471;27
24;472;27
24;473;27
24;474;27
24;475;27
24;476;27
24;477;27
24;478;27
24;479;27
24;480;27
24;481;27
24;482;27
24;483;27
24;484;27
24;485;27
24;486;27
24;487;27
24;488;27
24;489;27
24;490;27
24;491;27
24;492;27
24;493;27
24;494;27
24;495;27
24;496;27
24;497;27
24;498;27
24;499;27
25;0;18
25;1;18
25;2;18
25;3;18
25;4;18
25;5;18
25;6;23
25;7;23
25;8;23
25;9;23
25;10;23
25;11;23
25;12;23
25;13;23
25;14;23
25;15;23
25;16;23
25;17;23
25;18;23
25;19;23
25;20;23
25;21;23
25;22;23
25;23;23
25;24;23
25;25;1
25;26;1
25;27;39
25;28;39
25;29;39
25;30;39
25;31;39
25;32;39
25;33;39
25;34;39
25;35;39
25;36;39
25;37;39
25;38;39
25;39;39
25;40;39
25;41;39
25;42;39
25;43;39
25;44;39
25;45;39
25;46;39
25;47;39
25;48;39
25;49;39
25;50;39
25;51;39
25;52;39
25;53;39
25;54;39
25;55;39
25;56;39
25;57;39
25;58;39
25;59;39
25;60;23
25;61;23
25;62;23
25;63;23
25;64;23
25;65;23
25;66;23
25;67;23
25;68;23
25;69;23
25;70;23
25;71;23
25;72;23
25;73;24
25;74;24
25;75;24
25;76;24
25;77;24
25;78;24
25;79;24
25;80;24
25;81;24
25;82;24
25;83;24
25;84;24
25;85;24
25;86;24
25;87;24
25;88;24
25;89;24
25;90;24
25;91;24
25;92;24
25;93;24
25;94;24
25;95;24
25;96;15
25;97;15
25;98;15
25;99;15
25;100;15
25;101;15
25;102;15
25;103;15
25;104;15
25;105;15
25;106;15
25;107;15
25;108;15
25;109;15
25;110;15
25;111;15
25;112;15
25;113;15
25;114;15
25;115;15
25;116;15
25;117;15
25;118;15
25;119;15
25;120;15
25;121;15
25;122;15
25;123;15
25;124;15
25;125;15
25;126;15
25;127;31
25;128;31
25;129;31
25;130;31
25;131;31
25;132;31
25;133;31
25;134;31
25;135;31
25;136;31
25;137;31
25;138;31
25;139;31
25;140;31
25;141;31
25;142;31
25;143;31
25;144;31
25;145;31
25;146;31
25;147;31
25;148;31
25;149;11
25;150;11
25;151;11
25;152;11
25;153;11
25;154;11
25;155;11
25;156;11
25;157;11
25;158;11
25;159;11
25;160;11
25;161;11
25;162;11
25;163;11
25;164;11
25;165;11
25;166;11
25;167;11
25;168;11
25;169;11
25;170;11
25;171;11
25;172;11
25;173;11
25;174;11
25;175;11
25;176;11
25;177;11
25;178;11
25;179;11
25;180;11
25;181;11
25;182;11
25;183;11
25;184;11
25;185;11
25;186;11
25;187;11
25;188;9
25;189;9
25;190;9
25;191;9
25;192;9
25;193;9
25;194;9
25;195;9
25;196;9
25;197;9
25;198;9
25;199;9
25;200;9
25;201;9
25;202;9
25;203;9
25;204;9
25;205;9
25;206;9
25;207;9
25;208;9
25;209;9
25;210;9
25;211;9
25;212;9
25;213;9
25;214;9
25;215;9
25;216;9
25;217;9
25;218;9
25;219;9
25;220;9
25;221;9
25;222;9
25;223;9
25;224;9
25;225;9
25;226;9
25;227;9
25;228;9
25;229;9
25;230;9
25;231;9
25;232;9
25;233;9
25;234;9
25;235;9
25;236;9
25;237;9
25;238;9
25;239;9
25;240;9
25;241;9
25;242;11
25;243;11
25;244;11
25;245;11
25;246;11
25;247;11
25;248;11
25;249;11
25;250;31
25;251;34
25;252;34
25;253;34
25;254;34
25;255;34
25;256;34
25;257;34
25;258;34
25;259;34
25;260;34
25;261;34
25;262;34
25;263;34
25;264;34
25;265;34
25;266;34
25;267;34
25;268;34
25;269;34
25;270;34
25;271;34
25;272;34
25;273;34
25;274;34
25;275;34
25;276;34
25;277;34
25;278;34
25;279;34
25;280;34
25;281;8
25;282;8
25;283;6
25;284;6
25;285;6
25;286;6
25;287;6
25;288;6
25;289;6
25;290;6
25;291;6
25;292;6
25;293;6
25;294;6
25;295;6
25;296;6
25;297;6
25;298;6
25;299;6
25;300;6
25;301;6
25;302;6
25;303;6
25;304;6
25;305;6
25;306;6
25;307;6
25;308;14
25;309;14
25;310;14
25;311;14
25;312;14
25;313;14
25;314;14
25;315;14
25;316;14
25;317;14
25;318;14
25;319;14
25;320;14
25;321;14
25;322;14
25;323;14
25;324;14
25;325;24
25;326;24
25;327;24
25;328;24
25;329;24
25;330;24
25;331;24
25;332;24
25;333;24
25;334;24
25;335;24
25;336;24
25;337;24
25;338;24
25;339;24
25;340;24
25;341;24
25;342;24
25;343;24
25;344;24
25;345;24
25;346;24
25;347;24
25;348;24
25;349;24
25;350;24
25;351;24
25;352;24
25;353;24
25;354;24
25;355;24
25;356;24
25;357;24
25;358;24
25;359;24
25;360;24
25;361;24
25;362;41
25;363;41
25;364;41
25;365;41
25;366;41
25;367;41
25;368;41
25;369;41
25;370;41
25;371;41
25;372;41
25;373;41
25;374;41
25;375;41
25;376;41
25;377;41
25;378;41
25;379;41
25;380;41
25;381;41
25;382;41
25;383;41
25;384;41
25;385;41
25;386;41
25;387;41
25;388;1
25;389;1
25;390;1
25;391;1
25;392;1
25;393;1
25;394;1
25;395;1
25;396;1
25;397;1
25;398;1
25;399;1
25;400;1
25;401;1
25;402;1
25;403;1
25;404;1
25;405;1
25;406;1
25;407;1
25;408;1
25;409;1
25;410;17
25;411;17
25;412;17
25;413;17
25;414;17
25;415;17
25;416;17
25;417;17
25;418;17
25;419;17
25;420;17
25;421;17
25;422;17
25;423;17
25;424;17
25;425;17
25;426;17
25;427;17
25;428;17
25;429;49
25;430;49
25;431;49
25;432;49
25;433;49
25;434;49
25;435;49
25;436;49
25;437;49
25;438;49
25;439;49
25;440;49
25;441;49
25;442;49
25;443;49
25;444;49
25;445;49
25;446;49
25;447;49
25;448;49
25;449;49
25;450;49
25;451;49
25;452;49
25;453;49
25;454;49
25;455;49
25;456;49
25;457;49
25;458;49
25;459;49
25;460;49
25;461;49
25;462;49
25;463;49
25;464;27
25;465;27
25;466;27
25;467;27
25;468;27
25;469;27
25;470;27
25;471;27
25;472;27
25;473;27
25;474;27
25;475;27
25;476;27
25;477;27
25;478;27
25;479;27
25;480;27
25;481;27
25;482;27
25;483;27
25;484;27
25;485;27
25;486;27
25;487;27
25;488;27
25;489;27
25;490;27
25;491;27
25;492;27
25;493;27
25;494;27
25;495;27
25;496;27
25;497;27
25;498;27
25;499;27
26;0;18
26;1;18
26;2;18
26;3;18
26;4;18
26;5;18
26;6;18
26;7;18
26;8;18
26;9;18
26;10;18
26;11;18
26;12;23
26;13;23
26;14;23
26;15;23
26;16;23
26;17;23
26;18;23
26;19;23
26;20;23
26;21;23
26;22;23
26;23;23
26;24;23
26;25;23
26;26;1
26;27;39
26;28;39
26;29;39
26;30;39
26;31;39
26;32;39
26;33;39
26;34;39
26;35;39
26;36;39
26;37;39
26;38;39
26;39;39
26;40;39
26;41;39
26;42;39
26;43;39
26;44;39
26;45;39
26;46;39
26;47;39
26;48;39
26;49;39
26;50;39
26;51;39
26;52;39
26;53;39
26;54;39
26;55;39
26;56;39
26;57;39
26;58;39
26;59;39
26;60;23
26;61;23
26;62;23
26;63;23
26;64;23
26;65;23
26;66;23
26;67;23
26;68;23
26;69;23
26;70;23
26;71;23
26;72;23
26;73;23
26;74;23
26;75;24
26;76;24
26;77;24
26;78;24
26;79;24
26;80;24
26;81;24
26;82;24
26;83;24
26;84;24
26;85;24
26;86;24
26;87;24
26;88;24
26;89;24
26;90;24
26;91;24
26;92;24
26;93;24
26;94;24
26;95;24
26;96;15
26;97;15
26;98;15
26;99;15
26;100;15
26;101;15
26;102;15
26;103;15
26;104;15
26;105;15
26;106;15
26;107;15
26;108;15
26;109;15
26;110;15
26;111;15
26;112;15
26;113;15
26;114;15
26;115;15
26;116;15
26;117;15
26;118;15
26;119;15
26;120;15
26;121;15
26;122;15
26;123;15
26;124;15
26;125;15
26;126;15
26;127;31
26;128;31
26;129;31
26;130;31
26;131;31
26;132;31
26;133;31
26;134;31
26;135;31
26;136;31
26;137;31
26;138;31
26;139;31
26;140;31
26;141;31
26;142;31
26;143;31
26;144;31
26;145;31
26;146;31
26;147;31
26;148;31
26;149;31
26;150;31
26;151;11
26;152;11
26;153;11
26;154;11
26;155;11
26;156;11
26;157;11
26;158;11
26;159;11
26;160;11
26;161;11
26;162;11
26;163;11
26;164;11
26;165;11
26;166;11
26;167;11
26;168;11
26;169;11
26;170;11
26;171;11
26;172;11
26;173;11
26;174;11
26;175;11
26;176;11
26;177;11
26;178;11
26;179;11
26;180;11
26;181;11
26;182;11
26;183;11
26;184;11
26;185;11
26;186;11
26;187;11
26;188;9
26;189;9
26;190;9
26;191;9
26;192;9
26;193;9
26;194;9
26;195;9
26;196;9
26;197;9
26;198;9
26;199;9
26;200;9
26;201;9
26;202;9
26;203;9
26;204;9
26;205;9
26;206;9
26;207;9
26;208;9
26;209;9
26;210;9
26;211;9
26;212;9
26;213;9
26;214;9
26;215;9
26;216;9
26;217;9
26;218;9
26;219;9
26;220;9
26;221;9
26;222;9
26;223;9
26;224;9
26;225;9
26;226;9
26;227;9
26;228;9
26;229;9
26;230;9
26;231;9
26;232;9
26;233;9
26;234;9
26;235;9
26;236;9
26;237;9
26;238;9
26;239;9
26;240;9
26;241;9
26;242;11
26;243;11
26;244;11
26;245;11
26;246;11
26;247;11
26;248;11
26;249;11
26;250;31
26;251;31
26;252;34
26;253;34
26;254;34
26;255;34
26;256;34
26;257;34
26;258;34
26;259;34
26;260;34
26;261;34
26;262;34
26;263;34
26;264;34
26;265;34
26;266;34
26;267;34
26;268;34
26;269;34
26;270;34
26;271;34
26;272;34
26;273;34
26;274;34
26;275;34
26;276;34
26;277;34
26;278;34
26;279;34
26;280;34
26;281;8
26;282;8
26;283;8
26;284;8
26;285;6
26;286;6
26;287;6
26;288;6
26;289;6
26;290;6
26;291;6
26;292;6
26;293;6
26;294;6
26;295;6
26;296;6
26;297;6
26;298;6
26;299;6
26;300;6
26;301;6
26;302;6
26;303;6
26;304;6
26;305;6
26;306;6
26;307;6
26;308;6
26;309;14
26;310;14
26;311;14
26;312;14
26;313;14
26;314;14
26;315;14
26;316;14
26;317;14
26;318;14
26;319;14
26;320;14
26;321;14
26;322;14
26;323;14
26;324;14
26;325;24
26;326;24
26;327;24
26;328;24
26;329;24
26;330;24
26;331;24
26;332;24
26;333;24
26;334;24
26;335;24
26;336;24
26;337;24
26;338;24
26;339;24
26;340;24
26;341;24
26;342;24
26;343;24
26;344;24
26;345;24
26;346;24
26;347;24
26;348;24
26;349;24
26;350;24
26;351;24
26;352;24
26;353;24
26;354;24
26;355;24
26;356;24
26;357;24
26;358;24
26;359;24
26;360;24
26;361;24
26;362;41
26;363;41
26;364;41
26;365;41
26;366;41
26;367;41
26;368;41
26;369;41
26;370;41
26;371;41
26;372;41
26;373;41
26;374;41
26;375;41
26;376;41
26;377;41
26;378;41
26;379;41
26;380;41
26;381;41
26;382;41
26;383;41
26;384;41
26;385;41
26;386;41
26;387;41
26;388;41
26;389;1
26;390;1
26;391;1
26;392;1
26;393;1
26;394;1
26;395;1
26;396;1
26;397;1
26;398;1
26;399;1
26;400;1
26;401;1
26;402;1
26;403;1
26;404;1
26;405;1
26;406;1
26;407;1
26;408;1
26;409;17
26;410;17
26;411;17
26;412;17
26;413;17
26;414;17
26;415;17
26;416;17
26;417;17
26;418;17
26;419;17
26;420;17
26;421;17
26;422;17
26;423;17
26;424;17
26;425;17
26;426;17
26;427;17
26;428;17
26;429;17
26;430;49
26;431;49
26;432;49
26;433;49
26;434;49
26;435;49
26;436;49
26;437;49
26;438;49
26;439;49
26;440;49
26;441;49
26;442;49
26;443;49
26;444;49
26;445;49
26;446;49
26;447;49
26;448;49
26;449;49
26;450;49
26;451;49
26;452;49
26;453;49
26;454;49
26;455;49
26;456;49
26;457;49
26;458;49
26;459;49
26;460;49
26;461;49
26;462;49
26;463;49
26;464;49
26;465;27
26;466;27
26;467;27
26;468;27
26;469;27
26;470;27
26;471;27
26;472;27
26;473;27
26;474;27
26;475;27
26;476;27
26;477;27
26;478;27
26;479;27
26;480;27
26;481;27
26;482;27
26;483;27
26;484;27
26;485;27
26;486;27
26;487;27
26;488;27
26;489;27
26;490;27
26;491;27
26;492;27
26;493;27
26;494;27
26;495;27
26;496;27
26;497;27
26;498;27
26;499;27
27;0;18
27;1;18
27;2;18
27;3;18
27;4;18
27;5;18
27;6;18
27;7;18
27;8;18
27;9;18
27;10;18
27;11;18
27;12;18
27;13;18
27;14;23
27;15;23
27;16;23
27;17;23
27;18;23
27;19;23
27;20;23
27;21;23
27;22;23
27;23;23
27;24;23
27;25;23
27;26;23
27;27;39
27;28;39
27;29;39
27;30;39
27;31;39
27;32;39
27;33;39
27;34;39
27;35;39
27;36;39
27;37;39
27;38;39
27;39;39
27;40;39
27;41;39
27;42;39
27;43;39
27;44;39
27;45;39
27;46;39
27;47;39
27;48;39
27;49;39
27;50;39
27;51;39
27;52;39
27;53;39
27;54;39
27;55;39
27;56;39
27;57;39
27;58;39
27;59;39
27;60;23
27;61;23
27;62;23
27;63;23
27;64;23
27;65;23
27;66;23
27;67;23
27;68;23
27;69;23
27;70;23
27;71;23
27;72;23
27;73;23
27;74;23
27;75;23
27;76;23
27;77;23
27;78;24
27;79;24
27;80;24
27;81;24
27;82;24
27;83;24
27;84;24
27;85;24
27;86;24
27;87;24
27;88;24
27;89;24
27;90;24
27;91;24
27;92;24
27;93;24
27;94;24
27;95;24
27;96;24
27;97;15
27;98;15
27;99;15
27;100;15
27;101;15
27;102;15
27;103;15
27;104;15
27;105;15
27;106;15
27;107;15
27;108;15
27;109;15
27;110;15
27;111;15
27;112;15
27;113;15
27;114;15
27;115;15
27;116;15
27;117;15
27;118;15
27;119;15
27;120;15
27;121;15
27;122;15
27;123;15
27;124;15
27;125;15
27;126;15
27;127;31
27;128;31
27;129;31
27;130;31
27;131;31
27;132;31
27;133;31
27;134;31
27;135;31
27;136;31
27;137;31
27;138;31
27;139;31
27;140;31
27;141;31
27;142;31
27;143;31
27;144;31
27;145;31
27;146;31
27;147;31
27;148;31
27;149;31
27;150;31
27;151;31
27;152;31
27;153;11
27;154;11
27;155;11
27;156;11
27;157;11
27;158;11
27;159;11
27;160;11
27;161;11
27;162;11
27;163;11
27;164;11
27;165;11
27;166;11
27;167;11
27;168;11
27;169;11
27;170;11
27;171;11
27;172;11
27;173;11
27;174;11
27;175;11
27;176;11
27;177;11
27;178;11
27;179;11
27;180;11
27;181;11
27;182;11
27;183;11
27;184;11
27;185;11
27;186;11
27;187;11
27;188;11
27;189;9
27;190;9
27;191;9
27;192;9
27;193;9
27;194;9
27;195;9
27;196;9
27;197;9
27;198;9
27;199;9
27;200;9
27;201;9
27;202;9
27;203;9
27;204;9
27;205;9
27;206;9
27;207;9
27;208;9
27;209;9
27;210;9
27;211;9
27;212;9
27;213;9
27;214;9
27;215;9
27;216;9
27;217;9
27;218;9
27;219;9
27;220;9
27;221;9
27;222;9
27;223;9
27;224;9
27;225;9
27;226;9
27;227;9
27;228;9
27;229;9
27;230;9
27;231;9
27;232;9
27;233;9
27;234;9
27;235;9
27;236;9
27;237;9
27;238;9
27;239;9
27;240;9
27;241;11
27;242;11
27;243;11
27;244;11
27;245;11
27;246;11
27;247;11
27;248;11
27;249;11
27;250;31
27;251;31
27;252;31
27;253;34
27;254;34
27;255;34
27;256;34
27;257;34
27;258;34
27;259;34
27;260;34
27;261;34
27;262;34
27;263;34
27;264;34
27;265;34
27;266;34
27;267;34
27;268;34
27;269;34
27;270;34
27;271;34
27;272;34
27;273;34
27;274;34
27;275;34
27;276;34
27;277;34
27;278;34
27;279;34
27;280;34
27;281;8
27;282;8
27;283;8
27;284;8
27;285;8
27;286;6
27;287;6
27;288;6
27;289;6
27;290;6
27;291;6
27;292;6
27;293;6
27;294;6
27;295;6
27;296;6
27;297;6
27;298;6
27;299;6
27;300;6
27;301;6
27;302;6
27;303;6
27;304;6
27;305;6
27;306;6
27;307;6
27;308;6
27;309;6
27;310;14
27;311;14
27;312;14
27;313;14
27;314;14
27;315;14
27;316;14
27;317;14
27;318;14
27;319;14
27;320;14
27;321;14
27;322;14
27;323;14
27;324;14
27;325;14
27;326;24
27;327;24
27;328;24
27;329;24
27;330;24
27;331;24
27;332;24
27;333;24
27;334;24
27;335;24
27;336;24
27;337;24
27;338;24
27;339;24
27;340;24
27;341;24
27;342;24
27;343;24
27;344;24
27;345;24
27;346;24
27;347;24
27;348;24
27;349;24
27;350;24
27;351;24
27;352;24
27;353;24
27;354;24
27;355;24
27;356;24
27;357;24
27;358;24
27;359;24
27;360;24
27;361;24
27;362;41
27;363;41
27;364;41
27;365;41
27;366;41
27;367;41
27;368;41
27;369;41
27;370;41
27;371;41
27;372;41
27;373;41
27;374;41
27;375;41
27;376;41
27;377;41
27;378;41
27;379;41
27;380;41
27;381;41
27;382;41
27;383;41
27;384;41
27;385;41
27;386;41
27;387;41
27;388;41
27;389;41
27;390;1
27;391;1
27;392;1
27;393;1
27;394;1
27;395;1
27;396;1
27;397;1
27;398;1
27;399;1
27;400;1
27;401;1
27;402;1
27;403;1
27;404;1
27;405;1
27;406;1
27;407;1
27;408;17
27;409;17
27;410;17
27;411;17
27;412;17
27;413;17
27;414;17
27;415;17
27;416;17
27;417;17
27;418;17
27;419;17
27;420;17
27;421;17
27;422;17
27;423;17
27;424;17
27;425;17
27;426;17
27;427;17
27;428;17
27;429;17
27;430;49
27;431;49
27;432;49
27;433;49
27;434;49
27;435;49
27;436;49
27;437;49
27;438;49
27;439;49
27;440;49
27;441;49
27;442;49
27;443;49
27;444;49
27;445;49
27;446;49
27;447;49
27;448;49
27;449;49
27;450;49
27;451;49
27;452;49
27;453;49
27;454;49
27;455;49
27;456;49
27;457;49
27;458;49
27;459;49
27;460;49
27;461;49
27;462;49
27;463;49
27;464;49
27;465;49
27;466;27
27;467;27
27;468;27
27;469;27
27;470;27
27;471;27
27;472;27
27;473;27
27;474;27
27;475;27
27;476;27
27;477;27
27;478;27
27;479;27
27;480;27
27;481;27
27;482;27
27;483;27
27;484;27
27;485;27
27;486;27
27;487;27
27;488;27
27;489;27
27;490;27
27;491;27
27;492;27
27;493;27
27;494;27
27;495;27
27;496;27
27;497;27
27;498;27
27;499;27
28;0;18
28;1;18
28;2;18
28;3;18
28;4;18
28;5;18
28;6;18
28;7;18
28;8;18
28;9;18
28;10;18
28;11;18
28;12;18
28;13;18
28;14;18
28;15;18
28;16;23
28;17;23
28;18;23
28;19;23
28;20;23
28;21;23
28;22;23
28;23;23
28;24;23
28;25;23
28;26;3
28;27;3
28;28;3
28;29;39
28;30;39
28;31;39
28;32;39
28;33;39
28;34;39
28;35;39
28;36;39
28;37;39
28;38;39
28;39;39
28;40;39
28;41;39
28;42;39
28;43;39
28;44;39
28;45;39
28;46;39
28;47;39
28;48;39
28;49;39
28;50;39
28;51;39
28;52;39
28;53;39
28;54;39
28;55;39
28;56;39
28;57;39
28;58;39
28;59;39
28;60;23
28;61;23
28;62;23
28;63;23
28;64;23
28;65;23
28;66;23
28;67;23
28;68;23
28;69;23
28;70;23
28;71;23
28;72;23
28;73;23
28;74;23
28;75;23
28;76;23
28;77;23
28;78;23
28;79;23
28;80;24
28;81;24
28;82;24
28;83;24
28;84;24
28;85;24
28;86;24
28;87;24
28;88;24
28;89;24
28;90;24
28;91;24
28;92;24
28;93;24
28;94;24
28;95;24
28;96;24
28;97;15
28;98;15
28;99;15
28;100;15
28;101;15
28;102;15
28;103;15
28;104;15
28;105;15
28;106;15
28;107;15
28;108;15
28;109;15
28;110;15
28;111;15
28;112;15
28;113;15
28;114;15
28;115;15
28;116;15
28;117;15
28;118;15
28;119;15
28;120;15
28;121;15
28;122;15
28;123;15
28;124;15
28;125;15
28;126;15
28;127;31
28;128;31
28;129;31
28;130;31
28;131;31
28;132;31
28;133;31
28;134;31
28;135;31
28;136;31
28;137;31
28;138;31
28;139;31
28;140;31
28;141;31
28;142;31
28;143;31
28;144;31
28;145;31
28;146;31
28;147;31
28;148;31
28;149;31
28;150;31
28;151;31
28;152;31
28;153;31
28;154;11
28;155;11
28;156;11
28;157;11
28;158;11
28;159;11
28;160;11
28;161;11
28;162;11
28;163;11
28;164;11
28;165;11
28;166;11
28;167;11
28;168;11
28;169;11
28;170;11
28;171;11
28;172;11
28;173;11
28;174;11
28;175;11
28;176;11
28;177;11
28;178;11
28;179;11
28;180;11
28;181;11
28;182;11
28;183;11
28;184;11
28;185;11
28;186;11
28;187;11
28;188;11
28;189;9
28;190;9
28;191;9
28;192;9
28;193;9
28;194;9
28;195;9
28;196;9
28;197;9
28;198;9
28;199;9
28;200;9
28;201;9
28;202;9
28;203;9
28;204;9
28;205;9
28;206;9
28;207;9
28;208;9
28;209;9
28;210;9
28;211;9
28;212;9
28;213;9
28;214;9
28;215;9
28;216;9
28;217;9
28;218;9
28;219;9
28;220;9
28;221;9
28;222;9
28;223;9
28;224;9
28;225;9
28;226;9
28;227;9
28;228;9
28;229;9
28;230;9
28;231;9
28;232;9
28;233;9
28;234;9
28;235;9
28;236;9
28;237;9
28;238;9
28;239;9
28;240;11
28;241;11
28;242;11
28;243;11
28;244;11
28;245;11
28;246;11
28;247;11
28;248;11
28;249;11
28;250;31
28;251;31
28;252;31
28;253;31
28;254;34
28;255;34
28;256;34
28;257;34
28;258;34
28;259;34
28;260;34
28;261;34
28;262;34
28;263;34
28;264;34
28;265;34
28;266;34
28;267;34
28;268;34
28;269;34
28;270;34
28;271;34
28;272;34
28;273;34
28;274;34
28;275;34
28;276;34
28;277;34
28;278;34
28;279;34
28;280;34
28;281;8
28;282;8
28;283;8
28;284;8
28;285;8
28;286;8
28;287;8
28;288;6
28;289;6
28;290;6
28;291;6
28;292;6
28;293;6
28;294;6
28;295;6
28;296;6
28;297;6
28;298;6
28;299;6
28;300;6
28;301;6
28;302;6
28;303;6
28;304;6
28;305;6
28;306;6
28;307;6
28;308;6
28;309;6
28;310;6
28;311;14
28;312;14
28;313;14
28;314;14
28;315;14
28;316;14
28;317;14
28;318;14
28;319;14
28;320;14
28;321;14
28;322;14
28;323;14
28;324;14
28;325;14
28;326;24
28;327;24
28;328;24
28;329;24
28;330;24
28;331;24
28;332;24
28;333;24
28;334;24
28;335;24
28;336;24
28;337;24
28;338;24
28;339;24
28;340;24
28;341;24
28;342;24
28;343;24
28;344;24
28;345;24
28;346;24
28;347;24
28;348;24
28;349;24
28;350;24
28;351;24
28;352;24
28;353;24
28;354;24
28;355;24
28;356;24
28;357;24
28;358;24
28;359;24
28;360;24
28;361;24
28;362;41
28;363;41
28;364;41
28;365;41
28;366;41
28;367;41
28;368;41
28;369;41
28;370;41
28;371;41
28;372;41
28;373;41
28;374;41
28;375;41
28;376;41
28;377;41
28;378;41
28;379;41
28;380;41
28;381;41
28;382;41
28;383;41
28;384;41
28;385;41
28;386;41
28;387;41
28;388;41
28;389;41
28;390;41
28;391;1
28;392;1
28;393;1
28;394;1
28;395;1
28;396;1
28;397;1
28;398;1
28;399;1
28;400;1
28;401;1
28;402;1
28;403;1
28;404;1
28;405;1
28;406;1
28;407;17
28;408;17
28;409;17
28;410;17
28;411;17
28;412;17
28;413;17
28;414;17
28;415;17
28;416;17
28;417;17
28;418;17
28;419;17
28;420;17
28;421;17
28;422;17
28;423;17
28;424;17
28;425;17
28;426;17
28;427;17
28;428;17
28;429;17
28;430;17
28;431;49
28;432;49
28;433;49
28;434;49
28;435;49
28;436;49
28;437;49
28;438;49
28;439;49
28;440;49
28;441;49
28;442;49
28;443;49
28;444;49
28;445;49
28;446;49
28;447;49
28;448;49
28;449;49
28;450;49
28;451;49
28;452;49
28;453;49
28;454;49
28;455;49
28;456;49
28;457;49
28;458;49
28;459;49
28;460;49
28;461;49
28;462;49
28;463;49
28;464;49
28;465;49
28;466;49
28;467;27
28;468;27
28;469;27
28;470;27
28;471;27
28;472;27
28;473;27
28;474;27
28;475;27
28;476;27
28;477;27
28;478;27
28;479;27
28;480;27
28;481;27
28;482;27
28;483;27
28;484;27
28;485;27
28;486;27
28;487;27
28;488;27
28;489;27
28;490;27
28;491;27
28;492;27
28;493;27
28;494;27
28;495;27
28;496;27
28;497;27
28;498;27
28;499;27
29;0;18
29;1;18
29;2;18
29;3;18
29;4;18
29;5;18
29;6;18
29;7;18
29;8;18
29;9;18
29;10;18
29;11;18
29;12;18
29;13;18
29;14;18
29;15;18
29;16;18
29;17;18
29;18;23
29;19;23
29;20;23
29;21;23
29;22;23
29;23;23
29;24;23
29;25;23
29;26;3
29;27;3
29;28;3
29;29;3
29;30;3
29;31;39
29;32;39
29;33;39
29;34;39
29;35;39
29;36;39
29;37;39
29;38;39
29;39;39
29;40;39
29;41;39
29;42;39
29;43;39
29;44;39
29;45;39
29;46;39
29;47;39
29;48;39
29;49;39
29;50;39
29;51;39
29;52;39
29;53;39
29;54;39
29;55;39
29;56;39
29;57;39
29;58;39
29;59;39
29;60;23
29;61;23
29;62;23
29;63;23
29;64;23
29;65;23
29;66;23
29;67;23
29;68;23
29;69;23
29;70;23
29;71;23
29;72;23
29;73;23
29;74;23
29;75;23
29;76;23
29;77;23
29;78;23
29;79;23
29;80;23
29;81;23
29;82;24
29;83;24
29;84;24
29;85;24
29;86;24
29;87;24
29;88;24
29;89;24
29;90;24
29;91;24
29;92;24
29;93;24
29;94;24
29;95;24
29;96;24
29;97;24
29;98;15
29;99;15
29;100;15
29;101;15
29;102;15
29;103;15
29;104;15
29;105;15
29;106;15
29;107;15
29;108;15
29;109;15
29;110;15
29;111;15
29;112;15
29;113;15
29;114;15
29;115;15
29;116;15
29;117;15
29;118;15
29;119;15
29;120;15
29;121;15
29;122;15
29;123;15
29;124;15
29;125;15
29;126;15
29;127;31
29;128;31
29;129;31
29;130;31
29;131;31
29;132;31
29;133;31
29;134;31
29;135;31
29;136;31
29;137;31
29;138;31
29;139;31
29;140;31
29;141;31
29;142;31
29;143;31
29;144;31
29;145;31
29;146;31
29;147;31
29;148;31
29;149;31
29;150;31
29;151;31
29;152;31
29;153;31
29;154;31
29;155;11
29;156;11
29;157;11
29;158;11
29;159;11
29;160;11
29;161;11
29;162;11
29;163;11
29;164;11
29;165;11
29;166;11
29;167;11
29;168;11
29;169;11
29;170;11
29;171;11
29;172;11
29;173;11
29;174;11
29;175;11
29;176;11
29;177;11
29;178;11
29;179;11
29;180;11
29;181;11
29;182;11
29;183;11
29;184;11
29;185;11
29;186;11
29;187;11
29;188;11
29;189;11
29;190;9
29;191;9
29;192;9
29;193;9
29;194;9
29;195;9
29;196;9
29;197;9
29;198;9
29;199;9
29;200;9
29;201;9
29;202;9
29;203;9
29;204;9
29;205;9
29;206;9
29;207;9
29;208;9
29;209;9
29;210;9
29;211;9
29;212;9
29;213;9
29;214;9
29;215;9
29;216;9
29;217;9
29;218;9
29;219;9
29;220;9
29;221;9
29;222;9
29;223;9
29;224;9
29;225;9
29;226;9
29;227;9
29;228;9
29;229;9
29;230;9
29;231;9
29;232;9
29;233;9
29;234;9
29;235;9
29;236;9
29;237;9
29;238;9
29;239;11
29;240;11
29;241;11
29;242;11
29;243;11
29;244;11
29;245;11
29;246;11
29;247;11
29;248;11
29;249;11
29;250;31
29;251;31
29;252;31
29;253;31
29;254;31
29;255;34
29;256;34
29;257;34
29;258;34
29;259;34
29;260;34
29;261;34
29;262;34
29;263;34
29;264;34
29;265;34
29;266;34
29;267;34
29;268;34
29;269;34
29;270;34
29;271;34
29;272;34
29;273;34
29;274;34
29;275;34
29;276;34
29;277;34
29;278;34
29;279;34
29;280;34
29;281;8
29;282;8
29;283;8
29;284;8
29;285;8
29;286;8
29;287;8
29;288;8
29;289;8
29;290;6
29;291;6
29;292;6
29;293;6
29;294;6
29;295;6
29;296;6
29;297;6
29;298;6
29;299;6
29;300;6
29;301;6
29;302;6
29;303;6
29;304;6
29;305;6
29;306;6
29;307;6
29;308;6
29;309;6
29;310;6
29;311;6
29;312;14
29;313;14
29;314;14
29;315;14
29;316;14
29;317;14
29;318;14
29;319;14
29;320;14
29;321;14
29;322;14
29;323;14
29;324;14
29;325;14
29;326;14
29;327;24
29;328;24
29;329;24
29;330;24
29;331;24
29;332;24
29;333;24
29;334;24
29;335;24
29;336;24
29;337;24
29;338;24
29;339;24
29;340;24
29;341;24
29;342;24
29;343;24
29;344;24
29;345;24
29;346;24
29;347;24
29;348;24
29;349;24
29;350;24
29;351;24
29;352;24
29;353;24
29;354;24
29;355;24
29;356;24
29;357;24
29;358;24
29;359;24
29;360;24
29;361;41
29;362;41
29;363;41
29;364;41
29;365;41
29;366;41
29;367;41
29;368;41
29;369;41
29;370;41
29;371;41
29;372;41
29;373;41
29;374;41
29;375;41
29;376;41
29;377;41
29;378;41
29;379;41
29;380;41
29;381;41
29;382;41
29;383;41
29;384;41
29;385;41
29;386;41
29;387;41
29;388;41
29;389;41
29;390;41
29;391;41
29;392;1
29;393;1
29;394;1
29;395;1
29;396;1
29;397;1
29;398;1
29;399;1
29;400;1
29;401;1
29;402;1
29;403;1
29;404;1
29;405;1
29;406;17
29;407;17
29;408;17
29;409;17
29;410;17
29;411;17
29;412;17
29;413;17
29;414;17
29;415;17
29;416;17
29;417;17
29;418;17
29;419;17
29;420;17
29;421;17
29;422;17
29;423;17
29;424;17
29;425;17
29;426;17
29;427;17
29;428;17
29;429;17
29;430;17
29;431;49
29;432;49
29;433;49
29;434;49
29;435;49
29;436;49
29;437;49
29;438;49
29;439;49
29;440;49
29;441;49
29;442;49
29;443;49
29;444;49
29;445;49
29;446;49
29;447;49
29;448;49
29;449;49
29;450;49
29;451;49
29;452;49
29;453;49
29;454;49
29;455;49
29;456;49
29;457;49
29;458;49
29;459;49
29;460;49
29;461;49
29;462;49
29;463;49
29;464;49
29;465;49
29;466;49
29;467;49
29;468;27
29;469;27
29;470;27
29;471;27
29;472;27
29;473;27
29;474;27
29;475;27
29;476;27
29;477;27
29;478;27
29;479;27
29;480;27
29;481;27
29;482;27
29;483;27
29;484;27
29;485;27
29;486;27
29;487;27
29;488;27
29;489;27
29;490;27
29;491;27
29;492;27
29;493;27
29;494;27
29;495;27
29;496;27
29;497;27
29;498;27
29;499;27
30;0;18
30;1;18
30;2;18
30;3;18
30;4;18
30;5;18
30;6;18
30;7;18
30;8;18
30;9;18
30;10;18
30;11;18
30;12;18
30;13;18
30;14;18
30;15;18
30;16;18
30;17;18
30;18;18
30;19;18
30;20;18
30;21;18
30;22;18
30;23;18
30;24;18
30;25;18
30;26;18
30;27;3
30;28;3
30;29;3
30;30;3
30;31;3
30;32;3
30;33;39
30;34;39
30;35;39
30;36;39
30;37;39
30;38;39
30;39;39
30;40;39
30;41;39
30;42;39
30;43;39
30;44;39
30;45;39
30;46;39
30;47;39
30;48;39
30;49;39
30;50;39
30;51;39
30;52;39
30;53;39
30;54;39
30;55;39
30;56;39
30;57;39
30;58;39
30;59;39
30;60;23
30;61;23
30;62;23
30;63;23
30;64;23
30;65;23
30;66;23
30;67;23
30;68;23
30;69;23
30;70;23
30;71;23
30;72;23
30;73;23
30;74;23
30;75;23
30;76;23
30;77;23
30;78;23
30;79;23
30;80;23
30;81;23
30;82;23
30;83;23
30;84;24
30;85;24
30;86;24
30;87;24
30;88;24
30;89;24
30;90;24
30;91;24
30;92;24
30;93;24
30;94;24
30;95;24
30;96;24
30;97;24
30;98;15
30;99;15
30;100;15
30;101;15
30;102;15
30;103;15
30;104;15
30;105;15
30;106;15
30;107;15
30;108;15
30;109;15
30;110;15
30;111;15
30;112;15
30;113;15
30;114;15
30;115;15
30;116;15
30;117;15
30;118;15
30;119;15
30;120;15
30;121;15
30;122;15
30;123;15
30;124;15
30;125;15
30;126;15
30;127;31
30;128;31
30;129;31
30;130;31
30;131;31
30;132;31
30;133;31
30;134;31
30;135;31
30;136;31
30;137;31
30;138;31
30;139;31
30;140;31
30;141;31
30;142;31
30;143;31
30;144;31
30;145;31
30;146;31
30;147;31
30;148;31
30;149;31
30;150;31
30;151;31
30;152;31
30;153;31
30;154;31
30;155;31
30;156;11
30;157;11
30;158;11
30;159;11
30;160;11
30;161;11
30;162;11
30;163;11
30;164;11
30;165;11
30;166;11
30;167;11
30;168;11
30;169;11
30;170;11
30;171;11
30;172;11
30;173;11
30;174;11
30;175;11
30;176;11
30;177;11
30;178;11
30;179;11
30;180;11
30;181;11
30;182;11
30;183;11
30;184;11
30;185;11
30;186;11
30;187;11
30;188;11
30;189;11
30;190;9
30;191;9
30;192;9
30;193;9
30;194;9
30;195;9
30;196;9
30;197;9
30;198;9
30;199;9
30;200;9
30;201;9
30;202;9
30;203;9
30;204;9
30;205;9
30;206;9
30;207;9
30;208;9
30;209;9
30;210;9
30;211;9
30;212;9
30;213;9
30;214;9
30;215;9
30;216;9
30;217;9
30;218;9
30;219;9
30;220;9
30;221;9
30;222;9
30;223;9
30;224;9
30;225;9
30;226;9
30;227;9
30;228;9
30;229;9
30;230;9
30;231;9
30;232;9
30;233;9
30;234;9
30;235;9
30;236;9
30;237;9
30;238;11
30;239;11
30;240;11
30;241;11
30;242;11
30;243;11
30;244;11
30;245;11
30;246;11
30;247;11
30;248;11
30;249;11
30;250;31
30;251;31
30;252;31
30;253;31
30;254;31
30;255;31
30;256;34
30;257;34
30;258;34
30;259;34
30;260;34
30;261;34
30;262;34
30;263;34
30;264;34
30;265;34
30;266;34
30;267;34
30;268;34
30;269;34
30;270;34
30;271;34
30;272;34
30;273;34
30;274;34
30;275;34
30;276;34
30;277;34
30;278;34
30;279;34
30;280;34
30;281;8
30;282;8
30;283;8
30;284;8
30;285;8
30;286;8
30;287;8
30;288;8
30;289;8
30;290;8
30;291;8
30;292;6
30;293;6
30;294;6
30;295;6
30;296;6
30;297;6
30;298;6
30;299;6
30;300;6
30;301;6
30;302;6
30;303;6
30;304;6
30;305;6
30;306;6
30;307;6
30;308;6
30;309;6
30;310;6
30;311;6
30;312;6
30;313;14
30;314;14
30;315;14
30;316;14
30;317;14
30;318;14
30;319;14
30;320;14
30;321;14
30;322;14
30;323;14
30;324;14
30;325;14
30;326;14
30;327;24
30;328;24
30;329;24
30;330;24
30;331;24
30;332;24
30;333;24
30;334;24
30;335;24
30;336;24
30;337;24
30;338;24
30;339;24
30;340;24
30;341;24
30;342;24
30;343;24
30;344;24
30;345;24
30;346;24
30;347;24
30;348;24
30;349;24
30;350;24
30;351;24
30;352;24
30;353;24
30;354;24
30;355;24
30;356;24
30;357;24
30;358;24
30;359;24
30;360;41
30;361;41
30;362;41
30;363;41
30;364;41
30;365;41
30;366;41
30;367;41
30;368;41
30;369;41
30;370;41
30;371;41
30;372;41
30;373;41
30;374;41
30;375;41
30;376;41
30;377;41
30;378;41
30;379;41
30;380;41
30;381;41
30;382;41
30;383;41
30;384;41
30;385;41
30;386;41
30;387;41
30;388;41
30;389;41
30;390;41
30;391;41
30;392;41
30;393;1
30;394;1
30;395;1
30;396;1
30;397;1
30;398;1
30;399;1
30;400;1
30;401;1
30;402;1
30;403;1
30;404;1
30;405;17
30;406;17
30;407;17
30;408;17
30;409;17
30;410;17
30;411;17
30;412;17
30;413;17
30;414;17
30;415;17
30;416;17
30;417;17
30;418;17
30;419;17
30;420;17
30;421;17
30;422;17
30;423;17
30;424;17
30;425;17
30;426;17
30;427;17
30;428;17
30;429;17
30;430;17
30;431;17
30;432;49
30;433;49
30;434;49
30;435;49
30;436;49
30;437;49
30;438;49
30;439;49
30;440;49
30;441;49
30;442;49
30;443;49
30;444;49
30;445;49
30;446;49
30;447;49
30;448;49
30;449;49
30;450;49
30;451;49
30;452;49
30;453;49
30;454;49
30;455;49
30;456;49
30;457;49
30;458;49
30;459;49
30;460;49
30;461;49
30;462;49
30;463;49
30;464;49
30;465;49
30;466;49
30;467;49
30;468;49
30;469;27
30;470;27
30;471;27
30;472;27
30;473;27
30;474;27
30;475;27
30;476;27
30;477;27
30;478;27
30;479;27
30;480;27
30;481;27
30;482;27
30;483;27
30;484;27
30;485;27
30;486;27
30;487;27
30;488;27
30;489;27
30;490;27
30;491;27
30;492;27
30;493;27
30;494;27
30;495;27
30;496;27
30;497;27
30;498;27
30;499;27
31;0;18
31;1;18
31;2;18
31;3;18
31;4;18
31;5;18
31;6;18
31;7;18
31;8;18
31;9;18
31;10;18
31;11;18
31;12;18
31;13;18
31;14;18
31;15;18
31;16;18
31;17;18
31;18;18
31;19;18
31;20;18
31;21;18
31;22;18
31;23;18
31;24;18
31;25;18
31;26;18
31;27;3
31;28;3
31;29;3
31;30;3
31;31;3
31;32;3
31;33;3
31;34;3
31;35;39
31;36;39
31;37;39
31;38;39
31;39;39
31;40;39
31;41;39
31;42;39
31;43;39
31;44;39
31;45;39
31;46;39
31;47;39
31;48;39
31;49;39
31;50;39
31;51;39
31;52;39
31;53;39
31;54;39
31;55;39
31;56;39
31;57;39
31;58;39
31;59;39
31;60;23
31;61;23
31;62;23
31;63;23
31;64;23
31;65;23
31;66;23
31;67;23
31;68;23
31;69;23
31;70;23
31;71;23
31;72;23
31;73;23
31;74;23
31;75;23
31;76;23
31;77;23
31;78;23
31;79;23
31;80;23
31;81;23
31;82;23
31;83;23
31;84;23
31;85;23
31;86;24
31;87;24
31;88;24
31;89;24
31;90;24
31;91;24
31;92;24
31;93;24
31;94;24
31;95;24
31;96;24
31;97;24
31;98;24
31;99;15
31;100;15
31;101;15
31;102;15
31;103;15
31;104;15
31;105;15
31;106;15
31;107;15
31;108;15
31;109;15
31;110;15
31;111;15
31;112;15
31;113;15
31;114;15
31;115;15
31;116;15
31;117;15
31;118;15
31;119;15
31;120;15
31;121;15
31;122;15
31;123;15
31;124;15
31;125;15
31;126;15
31;127;31
31;128;31
31;129;31
31;130;31
31;131;31
31;132;31
31;133;31
31;134;31
31;135;31
31;136;31
31;137;31
31;138;31
31;139;31
31;140;31
31;141;31
31;142;31
31;143;31
31;144;31
31;145;31
31;146;31
31;147;31
31;148;31
31;149;31
31;150;31
31;151;31
31;152;31
31;153;31
31;154;31
31;155;31
31;156;31
31;157;11
31;158;11
31;159;11
31;160;11
31;161;11
31;162;11
31;163;11
31;164;11
31;165;11
31;166;11
31;167;11
31;168;11
31;169;11
31;170;11
31;171;11
31;172;11
31;173;11
31;174;11
31;175;11
31;176;11
31;177;11
31;178;11
31;179;11
31;180;11
31;181;11
31;182;11
31;183;11
31;184;11
31;185;11
31;186;11
31;187;11
31;188;11
31;189;11
31;190;11
31;191;9
31;192;9
31;193;9
31;194;9
31;195;9
31;196;9
31;197;9
31;198;9
31;199;9
31;200;9
31;201;9
31;202;9
31;203;9
31;204;9
31;205;9
31;206;9
31;207;9
31;208;9
31;209;9
31;210;9
31;211;9
31;212;9
31;213;9
31;214;9
31;215;9
31;216;9
31;217;9
31;218;9
31;219;9
31;220;9
31;221;9
31;222;9
31;223;9
31;224;9
31;225;9
31;226;9
31;227;9
31;228;22
31;229;22
31;230;22
31;231;22
31;232;22
31;233;22
31;234;22
31;235;22
31;236;22
31;237;22
31;238;11
31;239;11
31;240;11
31;241;11
31;242;11
31;243;11
31;244;11
31;245;11
31;246;11
31;247;11
31;248;11
31;249;11
31;250;11
31;251;31
31;252;31
31;253;31
31;254;31
31;255;31
31;256;31
31;257;34
31;258;34
31;259;34
31;260;34
31;261;34
31;262;34
31;263;34
31;264;34
31;265;34
31;266;34
31;267;34
31;268;34
31;269;34
31;270;34
31;271;34
31;272;34
31;273;34
31;274;34
31;275;34
31;276;34
31;277;34
31;278;34
31;279;34
31;280;34
31;281;8
31;282;8
31;283;8
31;284;8
31;285;8
31;286;8
31;287;8
31;288;8
31;289;8
31;290;8
31;291;8
31;292;8
31;293;8
31;294;6
31;295;6
31;296;6
31;297;6
31;298;6
31;299;6
31;300;6
31;301;6
31;302;6
31;303;6
31;304;6
31;305;6
31;306;6
31;307;6
31;308;6
31;309;6
31;310;6
31;311;6
31;312;6
31;313;6
31;314;14
31;315;14
31;316;14
31;317;14
31;318;14
31;319;14
31;320;14
31;321;14
31;322;14
31;323;14
31;324;14
31;325;14
31;326;14
31;327;14
31;328;24
31;329;24
31;330;24
31;331;24
31;332;24
31;333;24
31;334;24
31;335;24
31;336;24
31;337;24
31;338;24
31;339;24
31;340;24
31;341;24
31;342;24
31;343;24
31;344;24
31;345;24
31;346;24
31;347;24
31;348;24
31;349;24
31;350;24
31;351;24
31;352;24
31;353;24
31;354;24
31;355;24
31;356;24
31;357;24
31;358;24
31;359;24
31;360;41
31;361;41
31;362;41
31;363;41
31;364;41
31;365;41
31;366;41
31;367;41
31;368;41
31;369;41
31;370;41
31;371;41
31;372;41
31;373;41
31;374;41
31;375;41
31;376;41
31;377;41
31;378;41
31;379;41
31;380;41
31;381;41
31;382;41
31;383;41
31;384;41
31;385;41
31;386;41
31;387;41
31;388;41
31;389;41
31;390;41
31;391;41
31;392;41
31;393;1
31;394;1
31;395;1
31;396;1
31;397;1
31;398;1
31;399;1
31;400;1
31;401;1
31;402;1
31;403;1
31;404;1
31;405;17
31;406;17
31;407;17
31;408;17
31;409;17
31;410;17
31;411;17
31;412;17
31;413;17
31;414;17
31;415;17
31;416;17
31;417;17
31;418;17
31;419;17
31;420;17
31;421;17
31;422;17
31;423;17
31;424;17
31;425;17
31;426;17
31;427;17
31;428;17
31;429;17
31;430;17
31;431;17
31;432;49
31;433;49
31;434;49
31;435;49
31;436;49
31;437;49
31;438;49
31;439;49
31;440;49
31;441;49
31;442;49
31;443;49
31;444;49
31;445;49
31;446;49
31;447;49
31;448;49
31;449;49
31;450;49
31;451;49
31;452;49
31;453;49
31;454;49
31;455;49
31;456;49
31;457;49
31;458;49
31;459;49
31;460;49
31;461;49
31;462;49
31;463;49
31;464;49
31;465;49
31;466;49
31;467;49
31;468;49
31;469;49
31;470;27
31;471;27
31;472;27
31;473;27
31;474;27
31;475;27
31;476;27
31;477;27
31;478;27
31;479;27
31;480;27
31;481;27
31;482;27
31;483;27
31;484;27
31;485;27
31;486;27
31;487;27
31;488;27
31;489;27
31;490;27
31;491;27
31;492;27
31;493;27
31;494;27
31;495;27
31;496;27
31;497;27
31;498;27
31;499;27
32;0;18
32;1;18
32;2;18
32;3;18
32;4;18
32;5;18
32;6;18
32;7;18
32;8;18
32;9;18
32;10;18
32;11;18
32;12;18
32;13;18
32;14;18
32;15;18
32;16;18
32;17;18
32;18;18
32;19;18
32;20;18
32;21;18
32;22;18
32;23;18
32;24;18
32;25;18
32;26;18
32;27;18
32;28;3
32;29;3
32;30;3
32;31;3
32;32;3
32;33;3
32;34;3
32;35;3
32;36;3
32;37;39
32;38;39
32;39;39
32;40;39
32;41;39
32;42;39
32;43;39
32;44;39
32;45;39
32;46;39
32;47;39
32;48;39
32;49;39
32;50;39
32;51;39
32;52;39
32;53;39
32;54;39
32;55;39
32;56;39
32;57;39
32;58;39
32;59;39
32;60;23
32;61;23
32;62;23
32;63;23
32;64;23
32;65;23
32;66;23
32;67;23
32;68;23
32;69;23
32;70;23
32;71;23
32;72;23
32;73;23
32;74;23
32;75;23
32;76;23
32;77;23
32;78;23
32;79;23
32;80;23
32;81;23
32;82;23
32;83;23
32;84;23
32;85;23
32;86;23
32;87;23
32;88;23
32;89;23
32;90;23
32;91;23
32;92;23
32;93;23
32;94;23
32;95;23
32;96;23
32;97;23
32;98;23
32;99;23
32;100;15
32;101;15
32;102;15
32;103;15
32;104;15
32;105;15
32;106;15
32;107;15
32;108;15
32;109;15
32;110;15
32;111;15
32;112;15
32;113;15
32;114;15
32;115;15
32;116;15
32;117;15
32;118;15
32;119;15
32;120;15
32;121;15
32;122;15
32;123;15
32;124;15
32;125;15
32;126;15
32;127;31
32;128;31
32;129;31
32;130;31
32;131;31
32;132;31
32;133;31
32;134;31
32;135;31
32;136;31
32;137;31
32;138;31
32;139;31
32;140;31
32;141;31
32;142;31
32;143;31
32;144;31
32;145;31
32;146;31
32;147;31
32;148;31
32;149;31
32;150;31
32;151;31
32;152;31
32;153;31
32;154;31
32;155;31
32;156;31
32;157;31
32;158;11
32;159;11
32;160;11
32;161;11
32;162;11
32;163;11
32;164;11
32;165;11
32;166;11
32;167;11
32;168;11
32;169;11
32;170;11
32;171;11
32;172;11
32;173;11
32;174;11
32;175;11
32;176;11
32;177;11
32;178;11
32;179;11
32;180;11
32;181;11
32;182;11
32;183;11
32;184;11
32;185;11
32;186;11
32;187;11
32;188;11
32;189;11
32;190;11
32;191;44
32;192;44
32;193;44
32;194;44
32;195;44
32;196;44
32;197;44
32;198;44
32;199;44
32;200;44
32;201;44
32;202;44
32;203;44
32;204;44
32;205;44
32;206;44
32;207;44
32;208;44
32;209;44
32;210;44
32;211;44
32;212;9
32;213;9
32;214;9
32;215;9
32;216;9
32;217;9
32;218;9
32;219;9
32;220;9
32;221;9
32;222;9
32;223;9
32;224;9
32;225;9
32;226;9
32;227;22
32;228;22
32;229;22
32;230;22
32;231;22
32;232;22
32;233;22
32;234;22
32;235;22
32;236;22
32;237;22
32;238;11
32;239;11
32;240;11
32;241;11
32;242;11
32;243;11
32;244;11
32;245;11
32;246;11
32;247;11
32;248;11
32;249;11
32;250;11
32;251;31
32;252;31
32;253;31
32;254;31
32;255;31
32;256;31
32;257;31
32;258;34
32;259;34
32;260;34
32;261;34
32;262;34
32;263;34
32;264;34
32;265;34
32;266;34
32;267;34
32;268;34
32;269;34
32;270;34
32;271;34
32;272;34
32;273;34
32;274;34
32;275;34
32;276;34
32;277;34
32;278;34
32;279;34
32;280;34
32;281;8
32;282;8
32;283;8
32;284;8
32;285;8
32;286;8
32;287;8
32;288;8
32;289;8
32;290;8
32;291;8
32;292;8
32;293;8
32;294;8
32;295;8
32;296;6
32;297;6
32;298;6
32;299;6
32;300;6
32;301;6
32;302;6
32;303;6
32;304;6
32;305;6
32;306;6
32;307;6
32;308;6
32;309;6
32;310;6
32;311;6
32;312;6
32;313;6
32;314;6
32;315;14
32;316;14
32;317;14
32;318;14
32;319;14
32;320;14
32;321;14
32;322;14
32;323;14
32;324;14
32;325;14
32;326;14
32;327;14
32;328;24
32;329;24
32;330;24
32;331;24
32;332;24
32;333;24
32;334;24
32;335;24
32;336;24
32;337;24
32;338;24
32;339;24
32;340;24
32;341;24
32;342;24
32;343;24
32;344;24
32;345;24
32;346;24
32;347;24
32;348;24
32;349;24
32;350;24
32;351;24
32;352;24
32;353;24
32;354;24
32;355;24
32;356;24
32;357;24
32;358;24
32;359;24
32;360;41
32;361;41
32;362;41
32;363;41
32;364;41
32;365;41
32;366;41
32;367;41
32;368;41
32;369;41
32;370;41
32;371;41
32;372;41
32;373;41
32;374;41
32;375;41
32;376;41
32;377;41
32;378;41
32;379;41
32;380;41
32;381;41
32;382;41
32;383;41
32;384;41
32;385;41
32;386;41
32;387;41
32;388;41
32;389;41
32;390;41
32;391;41
32;392;41
32;393;41
32;394;1
32;395;1
32;396;1
32;397;1
32;398;1
32;399;1
32;400;1
32;401;1
32;402;1
32;403;1
32;404;17
32;405;17
32;406;17
32;407;17
32;408;17
32;409;17
32;410;17
32;411;17
32;412;17
32;413;17
32;414;17
32;415;17
32;416;17
32;417;17
32;418;17
32;419;17
32;420;17
32;421;17
32;422;17
32;423;17
32;424;17
32;425;17
32;426;17
32;427;17
32;428;17
32;429;17
32;430;17
32;431;17
32;432;17
32;433;49
32;434;49
32;435;49
32;436;49
32;437;49
32;438;49
32;439;49
32;440;49
32;441;49
32;442;49
32;443;49
32;444;49
32;445;49
32;446;49
32;447;49
32;448;49
32;449;49
32;450;49
32;451;49
32;452;49
32;453;49
32;454;49
32;455;49
32;456;49
32;457;49
32;458;49
32;459;49
32;460;49
32;461;49
32;462;49
32;463;49
32;464;49
32;465;49
32;466;49
32;467;49
32;468;49
32;469;49
32;470;49
32;471;27
32;472;27
32;473;27
32;474;27
32;475;27
32;476;27
32;477;27
32;478;27
32;479;27
32;480;27
32;481;27
32;482;27
32;483;27
32;484;27
32;485;27
32;486;27
32;487;27
32;488;27
32;489;27
32;490;27
32;491;27
32;492;27
32;493;27
32;494;27
32;495;27
32;496;27
32;497;27
32;498;27
32;499;27
33;0;18
33;1;18
33;2;18
33;3;18
33;4;18
33;5;18
33;6;18
33;7;18
33;8;18
33;9;18
33;10;18
33;11;18
33;12;18
33;13;18
33;14;18
33;15;18
33;16;18
33;17;18
33;18;18
33;19;18
33;20;18
33;21;18
33;22;18
33;23;18
33;24;18
33;25;18
33;26;18
33;27;18
33;28;3
33;29;3
33;30;3
33;31;3
33;32;3
33;33;3
33;34;3
33;35;3
33;36;3
33;37;3
33;38;3
33;39;39
33;40;39
33;41;39
33;42;39
33;43;39
33;44;39
33;45;39
33;46;39
33;47;39
33;48;39
33;49;39
33;50;39
33;51;39
33;52;39
33;53;39
33;54;39
33;55;39
33;56;39
33;57;39
33;58;39
33;59;39
33;60;23
33;61;23
33;62;23
33;63;23
33;64;23
33;65;23
33;66;23
33;67;23
33;68;23
33;69;23
33;70;23
33;71;23
33;72;23
33;73;23
33;74;23
33;75;23
33;76;23
33;77;23
33;78;23
33;79;23
33;80;23
33;81;23
33;82;23
33;83;23
33;84;23
33;85;23
33;86;23
33;87;23
33;88;23
33;89;23
33;90;23
33;91;23
33;92;23
33;93;23
33;94;23
33;95;23
33;96;23
33;97;23
33;98;23
33;99;23
33;100;15
33;101;15
33;102;15
33;103;15
33;104;15
33;105;15
33;106;15
33;107;15
33;108;15
33;109;15
33;110;15
33;111;15
33;112;15
33;113;15
33;114;15
33;115;15
33;116;15
33;117;15
33;118;15
33;119;15
33;120;15
33;121;15
33;122;15
33;123;15
33;124;15
33;125;15
33;126;15
33;127;31
33;128;31
33;129;31
33;130;31
33;131;31
33;132;31
33;133;31
33;134;31
33;135;31
33;136;31
33;137;31
33;138;31
33;139;31
33;140;31
33;141;31
33;142;31
33;143;31
33;144;31
33;145;31
33;146;31
33;147;31
33;148;31
33;149;31
33;150;31
33;151;31
33;152;31
33;153;31
33;154;31
33;155;31
33;156;31
33;157;31
33;158;31
33;159;31
33;160;11
33;161;11
33;162;11
33;163;11
33;164;11
33;165;11
33;166;11
33;167;11
33;168;11
33;169;11
33;170;11
33;171;11
33;172;11
33;173;11
33;174;11
33;175;11
33;176;11
33;177;11
33;178;11
33;179;11
33;180;11
33;181;11
33;182;11
33;183;11
33;184;11
33;185;11
33;186;11
33;187;11
33;188;11
33;189;11
33;190;11
33;191;44
33;192;44
33;193;44
33;194;44
33;195;44
33;196;44
33;197;44
33;198;44
33;199;44
33;200;44
33;201;44
33;202;44
33;203;44
33;204;44
33;205;44
33;206;44
33;207;44
33;208;44
33;209;44
33;210;44
33;211;44
33;212;44
33;213;44
33;214;9
33;215;9
33;216;9
33;217;9
33;218;9
33;219;9
33;220;9
33;221;9
33;222;9
33;223;9
33;224;9
33;225;9
33;226;22
33;227;22
33;228;22
33;229;22
33;230;22
33;231;22
33;232;22
33;233;22
33;234;22
33;235;22
33;236;22
33;237;22
33;238;11
33;239;11
33;240;11
33;241;11
33;242;11
33;243;11
33;244;11
33;245;11
33;246;11
33;247;11
33;248;11
33;249;11
33;250;11
33;251;11
33;252;31
33;253;31
33;254;31
33;255;31
33;256;31
33;257;31
33;258;31
33;259;34
33;260;34
33;261;34
33;262;34
33;263;34
33;264;34
33;265;34
33;266;34
33;267;34
33;268;34
33;269;34
33;270;34
33;271;34
33;272;34
33;273;34
33;274;34
33;275;34
33;276;34
33;277;34
33;278;34
33;279;34
33;280;34
33;281;8
33;282;8
33;283;8
33;284;8
33;285;8
33;286;8
33;287;8
33;288;8
33;289;8
33;290;8
33;291;8
33;292;8
33;293;8
33;294;8
33;295;8
33;296;8
33;297;8
33;298;6
33;299;6
33;300;6
33;301;6
33;302;6
33;303;6
33;304;6
33;305;6
33;306;6
33;307;6
33;308;6
33;309;6
33;310;6
33;311;6
33;312;6
33;313;6
33;314;6
33;315;6
33;316;14
33;317;14
33;318;14
33;319;14
33;320;14
33;321;14
33;322;14
33;323;14
33;324;14
33;325;14
33;326;14
33;327;14
33;328;14
33;329;24
33;330;24
33;331;24
33;332;24
33;333;24
33;334;24
33;335;24
33;336;24
33;337;24
33;338;24
33;339;24
33;340;24
33;341;24
33;342;24
33;343;24
33;344;24
33;345;24
33;346;24
33;347;24
33;348;24
33;349;24
33;350;24
33;351;24
33;352;24
33;353;24
33;354;24
33;355;24
33;356;24
33;357;24
33;358;24
33;359;24
33;360;41
33;361;41
33;362;41
33;363;41
33;364;41
33;365;41
33;366;41
33;367;41
33;368;41
33;369;41
33;370;41
33;371;41
33;372;41
33;373;41
33;374;41
33;375;41
33;376;41
33;377;41
33;378;41
33;379;41
33;380;41
33;381;41
33;382;41
33;383;41
33;384;41
33;385;41
33;386;41
33;387;41
33;388;41
33;389;41
33;390;41
33;391;41
33;392;41
33;393;41
33;394;1
33;395;1
33;396;1
33;397;1
33;398;1
33;399;1
33;400;1
33;401;1
33;402;1
33;403;17
33;404;17
33;405;17
33;406;17
33;407;17
33;408;17
33;409;17
33;410;17
33;411;17
33;412;17
33;413;17
33;414;17
33;415;17
33;416;17
33;417;17
33;418;17
33;419;17
33;420;17
33;421;17
33;422;17
33;423;17
33;424;17
33;425;17
33;426;17
33;427;17
33;428;17
33;429;17
33;430;17
33;431;17
33;432;17
33;433;49
33;434;49
33;435;49
33;436;49
33;437;49
33;438;49
33;439;49
33;440;49
33;441;49
33;442;49
33;443;49
33;444;49
33;445;49
33;446;49
33;447;49
33;448;49
33;449;49
33;450;49
33;451;49
33;452;49
33;453;49
33;454;49
33;455;49
33;456;49
33;457;49
33;458;49
33;459;49
33;460;49
33;461;49
33;462;49
33;463;49
33;464;49
33;465;49
33;466;49
33;467;49
33;468;49
33;469;49
33;470;49
33;471;49
33;472;27
33;473;27
33;474;27
33;475;27
33;476;27
33;477;27
33;478;27
33;479;27
33;480;27
33;481;27
33;482;27
33;483;27
33;484;27
33;485;27
33;486;27
33;487;27
33;488;27
33;489;27
33;490;27
33;491;27
33;492;27
33;493;27
33;494;27
33;495;27
33;496;27
33;497;27
33;498;27
33;499;27
34;0;18
34;1;18
34;2;18
34;3;18
34;4;18
34;5;18
34;6;18
34;7;18
34;8;18
34;9;18
34;10;18
34;11;18
34;12;18
34;13;18
34;14;18
34;15;18
34;16;18
34;17;18
34;18;18
34;19;18
34;20;18
34;21;18
34;22;18
34;23;18
34;24;18
34;25;18
34;26;18
34;27;18
34;28;3
34;29;3
34;30;3
34;31;3
34;32;3
34;33;3
34;34;3
34;35;3
34;36;3
34;37;3
34;38;3
34;39;3
34;40;3
34;41;39
34;42;39
34;43;39
34;44;39
34;45;39
34;46;39
34;47;39
34;48;39
34;49;39
34;50;39
34;51;39
34;52;39
34;53;39
34;54;39
34;55;39
34;56;39
34;57;39
34;58;39
34;59;39
34;60;39
34;61;23
34;62;23
34;63;23
34;64;23
34;65;23
34;66;23
34;67;23
34;68;23
34;69;23
34;70;23
34;71;23
34;72;23
34;73;23
34;74;23
34;75;23
34;76;23
34;77;23
34;78;23
34;79;23
34;80;23
34;81;23
34;82;23
34;83;23
34;84;23
34;85;23
34;86;23
34;87;23
34;88;23
34;89;23
34;90;23
34;91;23
34;92;23
34;93;23
34;94;23
34;95;23
34;96;23
34;97;23
34;98;23
34;99;23
34;100;23
34;101;15
34;102;15
34;103;15
34;104;15
34;105;15
34;106;15
34;107;15
34;108;15
34;109;15
34;110;15
34;111;15
34;112;15
34;113;15
34;114;15
34;115;15
34;116;15
34;117;15
34;118;15
34;119;15
34;120;15
34;121;15
34;122;15
34;123;15
34;124;15
34;125;15
34;126;15
34;127;31
34;128;31
34;129;31
34;130;31
34;131;31
34;132;31
34;133;31
34;134;31
34;135;31
34;136;31
34;137;31
34;138;31
34;139;31
34;140;31
34;141;31
34;142;31
34;143;31
34;144;31
34;145;31
34;146;31
34;147;31
34;148;31
34;149;31
34;150;31
34;151;31
34;152;31
34;153;31
34;154;31
34;155;31
34;156;31
34;157;31
34;158;31
34;159;31
34;160;31
34;161;31
34;162;11
34;163;11
34;164;11
34;165;11
34;166;11
34;167;11
34;168;11
34;169;11
34;170;11
34;171;11
34;172;11
34;173;11
34;174;11
34;175;11
34;176;11
34;177;11
34;178;11
34;179;11
34;180;11
34;181;11
34;182;11
34;183;11
34;184;11
34;185;11
34;186;11
34;187;11
34;188;11
34;189;11
34;190;11
34;191;44
34;192;44
34;193;44
34;194;44
34;195;44
34;196;44
34;197;44
34;198;44
34;199;44
34;200;44
34;201;44
34;202;44
34;203;44
34;204;44
34;205;44
34;206;44
34;207;44
34;208;44
34;209;44
34;210;44
34;211;44
34;212;44
34;213;44
34;214;44
34;215;44
34;216;9
34;217;9
34;218;9
34;219;9
34;220;22
34;221;22
34;222;22
34;223;22
34;224;22
34;225;22
34;226;22
34;227;22
34;228;22
34;229;22
34;230;22
34;231;22
34;232;22
34;233;22
34;234;22
34;235;22
34;236;22
34;237;22
34;238;11
34;239;11
34;240;11
34;241;11
34;242;11
34;243;11
34;244;11
34;245;11
34;246;11
34;247;11
34;248;11
34;249;11
34;250;11
34;251;11
34;252;31
34;253;31
34;254;31
34;255;31
34;256;31
34;257;31
34;258;31
34;259;31
34;260;34
34;261;34
34;262;34
34;263;34
34;264;34
34;265;34
34;266;34
34;267;34
34;268;34
34;269;34
34;270;34
34;271;34
34;272;34
34;273;34
34;274;34
34;275;34
34;276;34
34;277;34
34;278;34
34;279;34
34;280;34
34;281;8
34;282;8
34;283;8
34;284;8
34;285;8
34;286;8
34;287;8
34;288;8
34;289;8
34;290;8
34;291;8
34;292;8
34;293;8
34;294;8
34;295;8
34;296;8
34;297;8
34;298;8
34;299;8
34;300;6
34;301;6
34;302;6
34;303;6
34;304;6
34;305;6
34;306;6
34;307;6
34;308;6
34;309;6
34;310;6
34;311;6
34;312;6
34;313;6
34;314;6
34;315;6
34;316;6
34;317;14
34;318;14
34;319;14
34;320;14
34;321;14
34;322;14
34;323;14
34;324;14
34;325;14
34;326;14
34;327;14
34;328;14
34;329;24
34;330;24
34;331;24
34;332;24
34;333;24
34;334;24
34;335;24
34;336;24
34;337;24
34;338;24
34;339;24
34;340;24
34;341;24
34;342;24
34;343;24
34;344;24
34;345;24
34;346;24
34;347;24
34;348;24
34;349;24
34;350;24
34;351;24
34;352;24
34;353;24
34;354;24
34;355;24
34;356;24
34;357;24
34;358;24
34;359;24
34;360;41
34;361;41
34;362;41
34;363;41
34;364;41
34;365;41
34;366;41
34;367;41
34;368;41
34;369;41
34;370;41
34;371;41
34;372;41
34;373;41
34;374;41
34;375;41
34;376;41
34;377;41
34;378;41
34;379;41
34;380;41
34;381;41
34;382;41
34;383;41
34;384;41
34;385;41
34;386;41
34;387;41
34;388;41
34;389;41
34;390;41
34;391;41
34;392;41
34;393;41
34;394;41
34;395;1
34;396;1
34;397;1
34;398;1
34;399;1
34;400;1
34;401;1
34;402;17
34;403;17
34;404;17
34;405;17
34;406;17
34;407;17
34;408;17
34;409;17
34;410;17
34;411;17
34;412;17
34;413;17
34;414;17
34;415;17
34;416;17
34;417;17
34;418;17
34;419;17
34;420;17
34;421;17
34;422;17
34;423;17
34;424;17
34;425;17
34;426;17
34;427;17
34;428;17
34;429;17
34;430;17
34;431;17
34;432;17
34;433;17
34;434;49
34;435;49
34;436;49
34;437;49
34;438;49
34;439;49
34;440;49
34;441;49
34;442;49
34;443;49
34;444;49
34;445;49
34;446;49
34;447;49
34;448;49
34;449;49
34;450;49
34;451;49
34;452;49
34;453;49
34;454;49
34;455;49
34;456;49
34;457;49
34;458;49
34;459;49
34;460;49
34;461;49
34;462;49
34;463;49
34;464;49
34;465;49
34;466;49
34;467;49
34;468;49
34;469;49
34;470;49
34;471;49
34;472;49
34;473;27
34;474;27
34;475;27
34;476;27
34;477;27
34;478;27
34;479;27
34;480;27
34;481;27
34;482;27
34;483;27
34;484;27
34;485;27
34;486;27
34;487;27
34;488;27
34;489;27
34;490;27
34;491;27
34;492;27
34;493;27
34;494;27
34;495;27
34;496;27
34;497;27
34;498;27
34;499;27
35;0;18
35;1;18
35;2;18
35;3;18
35;4;18
35;5;18
35;6;18
35;7;18
35;8;18
35;9;18
35;10;18
35;11;18
35;12;18
35;13;18
35;14;18
35;15;18
35;16;18
35;17;18
35;18;18
35;19;18
35;20;18
35;21;18
35;22;18
35;23;18
35;24;18
35;25;18
35;26;18
35;27;18
35;28;3
35;29;3
35;30;3
35;31;3
35;32;3
35;33;3
35;34;3
35;35;3
35;36;3
35;37;3
35;38;3
35;39;3
35;40;3
35;41;3
35;42;3
35;43;3
35;44;3
35;45;3
35;46;3
35;47;39
35;48;39
35;49;39
35;50;39
35;51;39
35;52;39
35;53;39
35;54;39
35;55;39
35;56;39
35;57;39
35;58;39
35;59;39
35;60;39
35;61;23
35;62;23
35;63;23
35;64;23
35;65;23
35;66;23
35;67;23
35;68;23
35;69;23
35;70;23
35;71;23
35;72;23
35;73;23
35;74;23
35;75;23
35;76;23
35;77;23
35;78;23
35;79;23
35;80;23
35;81;23
35;82;23
35;83;23
35;84;23
35;85;23
35;86;23
35;87;23
35;88;23
35;89;23
35;90;23
35;91;23
35;92;23
35;93;23
35;94;23
35;95;23
35;96;23
35;97;23
35;98;23
35;99;23
35;100;23
35;101;15
35;102;15
35;103;15
35;104;15
35;105;15
35;106;15
35;107;15
35;108;15
35;109;15
35;110;15
35;111;15
35;112;15
35;113;15
35;114;15
35;115;15
35;116;15
35;117;15
35;118;15
35;119;15
35;120;15
35;121;15
35;122;15
35;123;15
35;124;15
35;125;15
35;126;15
35;127;31
35;128;31
35;129;31
35;130;31
35;131;31
35;132;31
35;133;31
35;134;31
35;135;31
35;136;31
35;137;31
35;138;31
35;139;31
35;140;31
35;141;31
35;142;31
35;143;31
35;144;31
35;145;31
35;146;31
35;147;31
35;148;31
35;149;31
35;150;31
35;151;31
35;152;31
35;153;31
35;154;31
35;155;31
35;156;31
35;157;31
35;158;31
35;159;31
35;160;31
35;161;31
35;162;31
35;163;31
35;164;11
35;165;11
35;166;11
35;167;11
35;168;11
35;169;11
35;170;11
35;171;11
35;172;11
35;173;11
35;174;11
35;175;11
35;176;11
35;177;11
35;178;11
35;179;11
35;180;11
35;181;11
35;182;11
35;183;11
35;184;11
35;185;11
35;186;11
35;187;11
35;188;11
35;189;11
35;190;11
35;191;44
35;192;44
35;193;44
35;194;44
35;195;44
35;196;44
35;197;44
35;198;44
35;199;44
35;200;44
35;201;44
35;202;44
35;203;44
35;204;44
35;205;44
35;206;44
35;207;44
35;208;44
35;209;44
35;210;44
35;211;44
35;212;44
35;213;44
35;214;44
35;215;44
35;216;44
35;217;44
35;218;9
35;219;22
35;220;22
35;221;22
35;222;22
35;223;22
35;224;22
35;225;22
35;226;22
35;227;22
35;228;22
35;229;22
35;230;22
35;231;22
35;232;22
35;233;22
35;234;22
35;235;22
35;236;22
35;237;22
35;238;11
35;239;11
35;240;11
35;241;11
35;242;11
35;243;11
35;244;11
35;245;11
35;246;11
35;247;11
35;248;11
35;249;11
35;250;11
35;251;11
35;252;11
35;253;31
35;254;31
35;255;31
35;256;31
35;257;31
35;258;31
35;259;31
35;260;31
35;261;34
35;262;34
35;263;34
35;264;34
35;265;34
35;266;34
35;267;34
35;268;34
35;269;34
35;270;34
35;271;34
35;272;34
35;273;34
35;274;34
35;275;34
35;276;34
35;277;34
35;278;34
35;279;34
35;280;34
35;281;8
35;282;8
35;283;8
35;284;8
35;285;8
35;286;8
35;287;8
35;288;8
35;289;8
35;290;8
35;291;8
35;292;8
35;293;8
35;294;8
35;295;8
35;296;8
35;297;8
35;298;8
35;299;8
35;300;8
35;301;8
35;302;6
35;303;6
35;304;6
35;305;6
35;306;6
35;307;6
35;308;6
35;309;6
35;310;6
35;311;6
35;312;6
35;313;6
35;314;6
35;315;6
35;316;6
35;317;6
35;318;14
35;319;14
35;320;14
35;321;14
35;322;14
35;323;14
35;324;14
35;325;14
35;326;14
35;327;14
35;328;14
35;329;14
35;330;24
35;331;24
35;332;24
35;333;24
35;334;24
35;335;24
35;336;24
35;337;24
35;338;24
35;339;24
35;340;24
35;341;24
35;342;24
35;343;24
35;344;24
35;345;24
35;346;24
35;347;24
35;348;24
35;349;24
35;350;24
35;351;24
35;352;24
35;353;24
35;354;24
35;355;24
35;356;24
35;357;24
35;358;24
35;359;24
35;360;41
35;361;41
35;362;41
35;363;41
35;364;41
35;365;41
35;366;41
35;367;41
35;368;41
35;369;41
35;370;41
35;371;41
35;372;41
35;373;41
35;374;41
35;375;41
35;376;41
35;377;41
35;378;41
35;379;41
35;380;41
35;381;41
35;382;41
35;383;41
35;384;41
35;385;41
35;386;41
35;387;41
35;388;41
35;389;41
35;390;41
35;391;41
35;392;41
35;393;41
35;394;41
35;395;1
35;396;1
35;397;1
35;398;1
35;399;1
35;400;1
35;401;17
35;402;17
35;403;17
35;404;17
35;405;17
35;406;17
35;407;17
35;408;17
35;409;17
35;410;17
35;411;17
35;412;17
35;413;17
35;414;17
35;415;17
35;416;17
35;417;17
35;418;17
35;419;17
35;420;17
35;421;17
35;422;17
35;423;17
35;424;17
35;425;17
35;426;17
35;427;17
35;428;17
35;429;17
35;430;17
35;431;17
35;432;17
35;433;17
35;434;49
35;435;49
35;436;49
35;437;49
35;438;49
35;439;49
35;440;49
35;441;49
35;442;49
35;443;49
35;444;49
35;445;49
35;446;49
35;447;49
35;448;49
35;449;49
35;450;49
35;451;49
35;452;49
35;453;49
35;454;49
35;455;49
35;456;49
35;457;49
35;458;49
35;459;49
35;460;49
35;461;49
35;462;49
35;463;49
35;464;49
35;465;49
35;466;49
35;467;49
35;468;49
35;469;49
35;470;49
35;471;49
35;472;49
35;473;49
35;474;27
35;475;27
35;476;27
35;477;27
35;478;27
35;479;27
35;480;27
35;481;27
35;482;27
35;483;27
35;484;27
35;485;27
35;486;27
35;487;27
35;488;27
35;489;27
35;490;27
35;491;27
35;492;27
35;493;27
35;494;27
35;495;27
35;496;27
35;497;27
35;498;27
35;499;27
36;0;18
36;1;18
36;2;18
36;3;18
36;4;18
36;5;18
36;6;18
36;7;18
36;8;18
36;9;18
36;10;18
36;11;18
36;12;18
36;13;18
36;14;18
36;15;18
36;16;18
36;17;18
36;18;18
36;19;18
36;20;18
36;21;18
36;22;18
36;23;18
36;24;18
36;25;18
36;26;18
36;27;18
36;28;3
36;29;3
36;30;3
36;31;3
36;32;3
36;33;3
36;34;3
36;35;3
36;36;3
36;37;3
36;38;3
36;39;3
36;40;3
36;41;3
36;42;3
36;43;3
36;44;3
36;45;3
36;46;3
36;47;3
36;48;3
36;49;39
36;50;39
36;51;39
36;52;39
36;53;39
36;54;39
36;55;39
36;56;39
36;57;39
36;58;39
36;59;39
36;60;39
36;61;39
36;62;23
36;63;23
36;64;23
36;65;23
36;66;23
36;67;23
36;68;23
36;69;23
36;70;23
36;71;23
36;72;23
36;73;23
36;74;23
36;75;23
36;76;23
36;77;23
36;78;23
36;79;23
36;80;23
36;81;23
36;82;23
36;83;23
36;84;23
36;85;23
36;86;23
36;87;23
36;88;23
36;89;23
36;90;23
36;91;23
36;92;23
36;93;23
36;94;23
36;95;23
36;96;23
36;97;23
36;98;23
36;99;23
36;100;23
36;101;4
36;102;15
36;103;15
36;104;15
36;105;15
36;106;15
36;107;15
36;108;15
36;109;15
36;110;15
36;111;15
36;112;15
36;113;15
36;114;15
36;115;15
36;116;15
36;117;15
36;118;15
36;119;15
36;120;15
36;121;15
36;122;15
36;123;15
36;124;15
36;125;15
36;126;15
36;127;31
36;128;31
36;129;31
36;130;31
36;131;31
36;132;31
36;133;31
36;134;31
36;135;31
36;136;31
36;137;31
36;138;31
36;139;31
36;140;31
36;141;31
36;142;31
36;143;31
36;144;31
36;145;31
36;146;31
36;147;31
36;148;31
36;149;31
36;150;31
36;151;31
36;152;31
36;153;31
36;154;31
36;155;31
36;156;31
36;157;31
36;158;31
36;159;31
36;160;31
36;161;31
36;162;31
36;163;31
36;164;31
36;165;31
36;166;11
36;167;11
36;168;11
36;169;11
36;170;11
36;171;11
36;172;11
36;173;11
36;174;11
36;175;11
36;176;11
36;177;11
36;178;11
36;179;11
36;180;11
36;181;11
36;182;15
36;183;15
36;184;15
36;185;15
36;186;15
36;187;15
36;188;15
36;189;15
36;190;15
36;191;44
36;192;44
36;193;44
36;194;44
36;195;44
36;196;44
36;197;44
36;198;44
36;199;44
36;200;44
36;201;44
36;202;44
36;203;44
36;204;44
36;205;44
36;206;44
36;207;44
36;208;44
36;209;44
36;210;44
36;211;44
36;212;44
36;213;44
36;214;44
36;215;44
36;216;44
36;217;44
36;218;44
36;219;44
36;220;22
36;221;22
36;222;22
36;223;22
36;224;22
36;225;22
36;226;22
36;227;22
36;228;22
36;229;22
36;230;22
36;231;22
36;232;22
36;233;22
36;234;22
36;235;22
36;236;22
36;237;22
36;238;11
36;239;11
36;240;11
36;241;11
36;242;11
36;243;11
36;244;11
36;245;11
36;246;11
36;247;11
36;248;11
36;249;11
36;250;11
36;251;11
36;252;11
36;253;31
36;254;31
36;255;31
36;256;31
36;257;31
36;258;31
36;259;31
36;260;31
36;261;31
36;262;34
36;263;34
36;264;34
36;265;34
36;266;34
36;267;34
36;268;34
36;269;34
36;270;34
36;271;34
36;272;34
36;273;34
36;274;34
36;275;34
36;276;34
36;277;34
36;278;34
36;279;34
36;280;34
36;281;34
36;282;8
36;283;8
36;284;8
36;285;8
36;286;8
36;287;8
36;288;8
36;289;8
36;290;8
36;291;8
36;292;8
36;293;8
36;294;8
36;295;8
36;296;8
36;297;8
36;298;8
36;299;8
36;300;8
36;301;8
36;302;8
36;303;8
36;304;6
36;305;6
36;306;6
36;307;6
36;308;6
36;309;6
36;310;6
36;311;6
36;312;6
36;313;6
36;314;6
36;315;6
36;316;6
36;317;6
36;318;6
36;319;14
36;320;14
36;321;14
36;322;14
36;323;14
36;324;14
36;325;14
36;326;14
36;327;14
36;328;14
36;329;14
36;330;24
36;331;24
36;332;24
36;333;24
36;334;24
36;335;24
36;336;24
36;337;24
36;338;24
36;339;24
36;340;24
36;341;24
36;342;24
36;343;24
36;344;24
36;345;24
36;346;24
36;347;24
36;348;24
36;349;24
36;350;24
36;351;24
36;352;24
36;353;24
36;354;24
36;355;24
36;356;24
36;357;24
36;358;24
36;359;24
36;360;41
36;361;41
36;362;41
36;363;41
36;364;41
36;365;41
36;366;41
36;367;41
36;368;41
36;369;41
36;370;41
36;371;41
36;372;41
36;373;41
36;374;41
36;375;41
36;376;41
36;377;41
36;378;41
36;379;41
36;380;41
36;381;41
36;382;41
36;383;41
36;384;41
36;385;41
36;386;41
36;387;41
36;388;41
36;389;41
36;390;41
36;391;41
36;392;41
36;393;41
36;394;41
36;395;41
36;396;1
36;397;1
36;398;1
36;399;1
36;400;17
36;401;17
36;402;17
36;403;17
36;404;17
36;405;17
36;406;17
36;407;17
36;408;17
36;409;17
36;410;17
36;411;17
36;412;17
36;413;17
36;414;17
36;415;17
36;416;17
36;417;17
36;418;17
36;419;17
36;420;17
36;421;17
36;422;17
36;423;17
36;424;17
36;425;17
36;426;17
36;427;17
36;428;17
36;429;17
36;430;17
36;431;17
36;432;17
36;433;17
36;434;17
36;435;49
36;436;49
36;437;49
36;438;49
36;439;49
36;440;49
36;441;49
36;442;49
36;443;49
36;444;49
36;445;49
36;446;49
36;447;49
36;448;49
36;449;49
36;450;49
36;451;49
36;452;49
36;453;49
36;454;49
36;455;49
36;456;49
36;457;49
36;458;49
36;459;49
36;460;49
36;461;49
36;462;49
36;463;49
36;464;49
36;465;49
36;466;49
36;467;49
36;468;49
36;469;49
36;470;49
36;471;49
36;472;49
36;473;49
36;474;49
36;475;27
36;476;27
36;477;27
36;478;27
36;479;27
36;480;27
36;481;27
36;482;27
36;483;27
36;484;27
36;485;27
36;486;27
36;487;27
36;488;27
36;489;27
36;490;27
36;491;27
36;492;27
36;493;27
36;494;27
36;495;27
36;496;27
36;497;27
36;498;27
36;499;27
37;0;18
37;1;18
37;2;18
37;3;18
37;4;18
37;5;18
37;6;18
37;7;18
37;8;18
37;9;18
37;10;18
37;11;18
37;12;18
37;13;18
37;14;18
37;15;18
37;16;18
37;17;18
37;18;18
37;19;18
37;20;18
37;21;18
37;22;18
37;23;18
37;24;18
37;25;18
37;26;18
37;27;18
37;28;3
37;29;3
37;30;3
37;31;3
37;32;3
37;33;3
37;34;3
37;35;3
37;36;3
37;37;3
37;38;3
37;39;3
37;40;3
37;41;3
37;42;3
37;43;3
37;44;3
37;45;3
37;46;3
37;47;3
37;48;3
37;49;3
37;50;3
37;51;39
37;52;39
37;53;39
37;54;39
37;55;39
37;56;39
37;57;39
37;58;39
37;59;39
37;60;39
37;61;39
37;62;23
37;63;23
37;64;23
37;65;23
37;66;23
37;67;23
37;68;23
37;69;23
37;70;23
37;71;23
37;72;23
37;73;23
37;74;23
37;75;23
37;76;23
37;77;23
37;78;23
37;79;23
37;80;23
37;81;23
37;82;23
37;83;23
37;84;23
37;85;23
37;86;23
37;87;23
37;88;23
37;89;23
37;90;23
37;91;23
37;92;23
37;93;23
37;94;23
37;95;23
37;96;23
37;97;23
37;98;23
37;99;23
37;100;4
37;101;4
37;102;4
37;103;4
37;104;4
37;105;4
37;106;4
37;107;4
37;108;15
37;109;15
37;110;15
37;111;15
37;112;15
37;113;15
37;114;15
37;115;15
37;116;15
37;117;15
37;118;15
37;119;15
37;120;15
37;121;15
37;122;15
37;123;15
37;124;15
37;125;15
37;126;15
37;127;31
37;128;31
37;129;31
37;130;31
37;131;31
37;132;31
37;133;31
37;134;31
37;135;31
37;136;31
37;137;31
37;138;31
37;139;31
37;140;31
37;141;31
37;142;31
37;143;31
37;144;31
37;145;31
37;146;31
37;147;31
37;148;31
37;149;31
37;150;31
37;151;31
37;152;31
37;153;31
37;154;31
37;155;31
37;156;31
37;157;31
37;158;31
37;159;31
37;160;31
37;161;31
37;162;31
37;163;31
37;164;31
37;165;31
37;166;31
37;167;31
37;168;11
37;169;11
37;170;11
37;171;11
37;172;11
37;173;11
37;174;11
37;175;11
37;176;11
37;177;11
37;178;11
37;179;11
37;180;11
37;181;15
37;182;15
37;183;15
37;184;15
37;185;15
37;186;15
37;187;15
37;188;15
37;189;15
37;190;15
37;191;44
37;192;44
37;193;44
37;194;44
37;195;44
37;196;44
37;197;44
37;198;44
37;199;44
37;200;44
37;201;44
37;202;44
37;203;44
37;204;44
37;205;44
37;206;44
37;207;44
37;208;44
37;209;44
37;210;44
37;211;44
37;212;44
37;213;44
37;214;44
37;215;44
37;216;44
37;217;44
37;218;44
37;219;44
37;220;44
37;221;22
37;222;22
37;223;22
37;224;22
37;225;22
37;226;22
37;227;22
37;228;22
37;229;22
37;230;22
37;231;22
37;232;22
37;233;22
37;234;22
37;235;22
37;236;22
37;237;22
37;238;11
37;239;11
37;240;11
37;241;11
37;242;11
37;243;11
37;244;11
37;245;11
37;246;11
37;247;11
37;248;11
37;249;11
37;250;11
37;251;11
37;252;11
37;253;11
37;254;31
37;255;31
37;256;31
37;257;31
37;258;31
37;259;31
37;260;31
37;261;31
37;262;31
37;263;34
37;264;34
37;265;34
37;266;34
37;267;34
37;268;34
37;269;34
37;270;34
37;271;34
37;272;34
37;273;34
37;274;34
37;275;34
37;276;34
37;277;34
37;278;34
37;279;34
37;280;34
37;281;34
37;282;8
37;283;8
37;284;8
37;285;8
37;286;8
37;287;8
37;288;8
37;289;8
37;290;8
37;291;8
37;292;8
37;293;8
37;294;8
37;295;8
37;296;8
37;297;8
37;298;8
37;299;8
37;300;8
37;301;8
37;302;8
37;303;8
37;304;8
37;305;8
37;306;6
37;307;6
37;308;6
37;309;6
37;310;6
37;311;6
37;312;6
37;313;6
37;314;6
37;315;6
37;316;6
37;317;6
37;318;6
37;319;6
37;320;14
37;321;14
37;322;14
37;323;14
37;324;14
37;325;14
37;326;14
37;327;14
37;328;14
37;329;14
37;330;14
37;331;24
37;332;24
37;333;24
37;334;24
37;335;24
37;336;24
37;337;24
37;338;24
37;339;24
37;340;24
37;341;24
37;342;24
37;343;24
37;344;24
37;345;24
37;346;24
37;347;24
37;348;24
37;349;24
37;350;24
37;351;24
37;352;24
37;353;24
37;354;24
37;355;24
37;356;24
37;357;24
37;358;24
37;359;24
37;360;41
37;361;41
37;362;41
37;363;41
37;364;41
37;365;41
37;366;41
37;367;41
37;368;41
37;369;41
37;370;41
37;371;41
37;372;41
37;373;41
37;374;41
37;375;41
37;376;41
37;377;41
37;378;41
37;379;41
37;380;41
37;381;41
37;382;41
37;383;41
37;384;41
37;385;41
37;386;41
37;387;41
37;388;41
37;389;41
37;390;41
37;391;41
37;392;41
37;393;41
37;394;41
37;395;41
37;396;1
37;397;1
37;398;1
37;399;17
37;400;17
37;401;17
37;402;17
37;403;17
37;404;17
37;405;17
37;406;17
37;407;17
37;408;17
37;409;17
37;410;17
37;411;17
37;412;17
37;413;17
37;414;17
37;415;17
37;416;17
37;417;17
37;418;17
37;419;17
37;420;17
37;421;17
37;422;17
37;423;17
37;424;17
37;425;17
37;426;17
37;427;17
37;428;17
37;429;17
37;430;17
37;431;17
37;432;17
37;433;17
37;434;17
37;435;49
37;436;49
37;437;49
37;438;49
37;439;49
37;440;49
37;441;49
37;442;49
37;443;49
37;444;49
37;445;49
37;446;49
37;447;49
37;448;49
37;449;49
37;450;49
37;451;49
37;452;49
37;453;49
37;454;49
37;455;49
37;456;49
37;457;49
37;458;49
37;459;49
37;460;49
37;461;49
37;462;49
37;463;49
37;464;49
37;465;49
37;466;49
37;467;49
37;468;49
37;469;49
37;470;49
37;471;49
37;472;49
37;473;49
37;474;49
37;475;49
37;476;27
37;477;27
37;478;27
37;479;27
37;480;27
37;481;27
37;482;27
37;483;27
37;484;27
37;485;27
37;486;27
37;487;27
37;488;27
37;489;27
37;490;27
37;491;27
37;492;27
37;493;27
37;494;27
37;495;27
37;496;27
37;497;27
37;498;27
37;499;27
38;0;18
38;1;18
38;2;18
38;3;18
38;4;18
38;5;18
38;6;18
38;7;18
38;8;18
38;9;18
38;10;18
38;11;18
38;12;18
38;13;18
38;14;18
38;15;18
38;16;18
38;17;18
38;18;18
38;19;18
38;20;18
38;21;18
38;22;18
38;23;18
38;24;18
38;25;18
38;26;18
38;27;18
38;28;3
38;29;3
38;30;3
38;31;3
38;32;3
38;33;3
38;34;3
38;35;3
38;36;3
38;37;3
38;38;3
38;39;3
38;40;3
38;41;3
38;42;3
38;43;3
38;44;3
38;45;3
38;46;3
38;47;3
38;48;3
38;49;3
38;50;3
38;51;3
38;52;3
38;53;39
38;54;39
38;55;39
38;56;39
38;57;39
38;58;39
38;59;39
38;60;39
38;61;39
38;62;39
38;63;23
38;64;23
38;65;23
38;66;23
38;67;23
38;68;23
38;69;23
38;70;23
38;71;23
38;72;23
38;73;23
38;74;23
38;75;23
38;76;23
38;77;23
38;78;23
38;79;23
38;80;23
38;81;23
38;82;23
38;83;23
38;84;23
38;85;23
38;86;23
38;87;23
38;88;23
38;89;23
38;90;23
38;91;23
38;92;23
38;93;23
38;94;23
38;95;23
38;96;23
38;97;23
38;98;23
38;99;4
38;100;4
38;101;4
38;102;4
38;103;4
38;104;4
38;105;4
38;106;4
38;107;4
38;108;4
38;109;4
38;110;15
38;111;15
38;112;15
38;113;15
38;114;15
38;115;15
38;116;15
38;117;15
38;118;15
38;119;15
38;120;15
38;121;15
38;122;15
38;123;15
38;124;15
38;125;15
38;126;15
38;127;31
38;128;31
38;129;31
38;130;31
38;131;31
38;132;31
38;133;31
38;134;31
38;135;31
38;136;31
38;137;31
38;138;31
38;139;31
38;140;31
38;141;31
38;142;31
38;143;31
38;144;31
38;145;31
38;146;31
38;147;31
38;148;31
38;149;31
38;150;31
38;151;31
38;152;31
38;153;31
38;154;31
38;155;31
38;156;31
38;157;31
38;158;31
38;159;31
38;160;31
38;161;31
38;162;31
38;163;31
38;164;31
38;165;31
38;166;31
38;167;31
38;168;31
38;169;31
38;170;11
38;171;11
38;172;11
38;173;11
38;174;11
38;175;11
38;176;11
38;177;11
38;178;11
38;179;11
38;180;15
38;181;15
38;182;15
38;183;15
38;184;15
38;185;15
38;186;15
38;187;15
38;188;15
38;189;15
38;190;15
38;191;15
38;192;44
38;193;44
38;194;44
38;195;44
38;196;44
38;197;44
38;198;44
38;199;44
38;200;44
38;201;44
38;202;44
38;203;44
38;204;44
38;205;44
38;206;44
38;207;44
38;208;44
38;209;44
38;210;44
38;211;44
38;212;44
38;213;44
38;214;44
38;215;44
38;216;44
38;217;44
38;218;44
38;219;44
38;220;44
38;221;44
38;222;22
38;223;22
38;224;22
38;225;22
38;226;22
38;227;22
38;228;22
38;229;22
38;230;22
38;231;22
38;232;22
38;233;22
38;234;22
38;235;22
38;236;22
38;237;22
38;238;11
38;239;11
38;240;11
38;241;11
38;242;11
38;243;11
38;244;11
38;245;11
38;246;11
38;247;11
38;248;11
38;249;11
38;250;11
38;251;11
38;252;11
38;253;11
38;254;31
38;255;31
38;256;31
38;257;31
38;258;31
38;259;31
38;260;31
38;261;31
38;262;31
38;263;31
38;264;34
38;265;34
38;266;34
38;267;34
38;268;34
38;269;34
38;270;34
38;271;34
38;272;34
38;273;34
38;274;34
38;275;34
38;276;34
38;277;34
38;278;34
38;279;34
38;280;34
38;281;34
38;282;34
38;283;8
38;284;8
38;285;8
38;286;8
38;287;8
38;288;8
38;289;8
38;290;8
38;291;8
38;292;8
38;293;8
38;294;8
38;295;8
38;296;8
38;297;8
38;298;8
38;299;8
38;300;8
38;301;8
38;302;8
38;303;8
38;304;8
38;305;8
38;306;8
38;307;8
38;308;6
38;309;6
38;310;6
38;311;6
38;312;6
38;313;6
38;314;6
38;315;6
38;316;6
38;317;6
38;318;6
38;319;6
38;320;6
38;321;14
38;322;14
38;323;14
38;324;14
38;325;14
38;326;14
38;327;14
38;328;14
38;329;14
38;330;14
38;331;24
38;332;24
38;333;24
38;334;24
38;335;24
38;336;24
38;337;24
38;338;24
38;339;24
38;340;24
38;341;24
38;342;24
38;343;24
38;344;24
38;345;24
38;346;24
38;347;24
38;348;24
38;349;24
38;350;24
38;351;24
38;352;24
38;353;24
38;354;24
38;355;24
38;356;24
38;357;24
38;358;24
38;359;24
38;360;41
38;361;41
38;362;41
38;363;41
38;364;41
38;365;41
38;366;41
38;367;41
38;368;41
38;369;41
38;370;41
38;371;41
38;372;41
38;373;41
38;374;41
38;375;41
38;376;41
38;377;41
38;378;41
38;379;41
38;380;41
38;381;41
38;382;41
38;383;41
38;384;41
38;385;41
38;386;41
38;387;41
38;388;41
38;389;41
38;390;41
38;391;41
38;392;41
38;393;41
38;394;41
38;395;41
38;396;41
38;397;1
38;398;17
38;399;17
38;400;17
38;401;17
38;402;17
38;403;17
38;404;17
38;405;17
38;406;17
38;407;17
38;408;17
38;409;17
38;410;17
38;411;17
38;412;17
38;413;17
38;414;17
38;415;17
38;416;17
38;417;17
38;418;17
38;419;17
38;420;17
38;421;17
38;422;17
38;423;17
38;424;17
38;425;17
38;426;17
38;427;17
38;428;17
38;429;17
38;430;17
38;431;17
38;432;17
38;433;17
38;434;17
38;435;17
38;436;9
38;437;49
38;438;49
38;439;49
38;440;49
38;441;49
38;442;49
38;443;49
38;444;49
38;445;49
38;446;49
38;447;49
38;448;49
38;449;49
38;450;49
38;451;49
38;452;49
38;453;49
38;454;49
38;455;49
38;456;49
38;457;49
38;458;49
38;459;49
38;460;49
38;461;49
38;462;49
38;463;49
38;464;49
38;465;49
38;466;49
38;467;49
38;468;49
38;469;49
38;470;49
38;471;49
38;472;49
38;473;49
38;474;49
38;475;49
38;476;27
38;477;27
38;478;27
38;479;27
38;480;27
38;481;27
38;482;27
38;483;27
38;484;27
38;485;27
38;486;27
38;487;27
38;488;27
38;489;27
38;490;27
38;491;27
38;492;27
38;493;27
38;494;27
38;495;27
38;496;27
38;497;27
38;498;27
38;499;27
39;0;18
39;1;18
39;2;18
39;3;18
39;4;18
39;5;18
39;6;18
39;7;18
39;8;18
39;9;18
39;10;18
39;11;18
39;12;18
39;13;18
39;14;18
39;15;18
39;16;18
39;17;18
39;18;18
39;19;18
39;20;18
39;21;18
39;22;18
39;23;18
39;24;18
39;25;18
39;26;18
39;27;18
39;28;3
39;29;3
39;30;3
39;31;3
39;32;3
39;33;3
39;34;3
39;35;3
39;36;3
39;37;3
39;38;3
39;39;3
39;40;3
39;41;3
39;42;3
39;43;3
39;44;3
39;45;3
39;46;3
39;47;3
39;48;3
39;49;3
39;50;3
39;51;3
39;52;3
39;53;3
39;54;3
39;55;39
39;56;39
39;57;39
39;58;39
39;59;39
39;60;39
39;61;39
39;62;39
39;63;23
39;64;23
39;65;23
39;66;23
39;67;23
39;68;23
39;69;23
39;70;23
39;71;23
39;72;23
39;73;23
39;74;23
39;75;23
39;76;23
39;77;23
39;78;23
39;79;23
39;80;23
39;81;23
39;82;23
39;83;23
39;84;23
39;85;23
39;86;23
39;87;23
39;88;23
39;89;23
39;90;23
39;91;23
39;92;23
39;93;23
39;94;23
39;95;23
39;96;23
39;97;23
39;98;4
39;99;4
39;100;4
39;101;4
39;102;4
39;103;4
39;104;4
39;105;4
39;106;4
39;107;4
39;108;4
39;109;4
39;110;4
39;111;4
39;112;15
39;113;15
39;114;15
39;115;15
39;116;15
39;117;15
39;118;15
39;119;15
39;120;15
39;121;15
39;122;15
39;123;15
39;124;15
39;125;15
39;126;31
39;127;31
39;128;31
39;129;31
39;130;31
39;131;31
39;132;31
39;133;31
39;134;31
39;135;31
39;136;31
39;137;31
39;138;31
39;139;31
39;140;31
39;141;31
39;142;31
39;143;31
39;144;31
39;145;31
39;146;31
39;147;31
39;148;31
39;149;31
39;150;31
39;151;31
39;152;31
39;153;31
39;154;31
39;155;31
39;156;31
39;157;31
39;158;31
39;159;31
39;160;31
39;161;31
39;162;31
39;163;31
39;164;31
39;165;31
39;166;31
39;167;31
39;168;31
39;169;31
39;170;31
39;171;31
39;172;11
39;173;11
39;174;11
39;175;11
39;176;11
39;177;11
39;178;11
39;179;15
39;180;15
39;181;15
39;182;15
39;183;15
39;184;15
39;185;15
39;186;15
39;187;15
39;188;15
39;189;15
39;190;15
39;191;15
39;192;44
39;193;44
39;194;44
39;195;44
39;196;44
39;197;44
39;198;44
39;199;44
39;200;44
39;201;44
39;202;44
39;203;44
39;204;44
39;205;44
39;206;44
39;207;44
39;208;44
39;209;44
39;210;44
39;211;44
39;212;44
39;213;44
39;214;44
39;215;44
39;216;44
39;217;44
39;218;44
39;219;44
39;220;44
39;221;44
39;222;44
39;223;22
39;224;22
39;225;22
39;226;22
39;227;22
39;228;22
39;229;22
39;230;22
39;231;22
39;232;22
39;233;22
39;234;22
39;235;22
39;236;22
39;237;22
39;238;11
39;239;11
39;240;11
39;241;11
39;242;11
39;243;11
39;244;11
39;245;11
39;246;11
39;247;11
39;248;11
39;249;11
39;250;11
39;251;11
39;252;11
39;253;11
39;254;11
39;255;31
39;256;31
39;257;31
39;258;31
39;259;31
39;260;31
39;261;31
39;262;31
39;263;31
39;264;31
39;265;31
39;266;34
39;267;34
39;268;34
39;269;34
39;270;34
39;271;34
39;272;34
39;273;34
39;274;34
39;275;34
39;276;34
39;277;34
39;278;34
39;279;34
39;280;34
39;281;34
39;282;34
39;283;8
39;284;8
39;285;8
39;286;8
39;287;8
39;288;8
39;289;8
39;290;8
39;291;8
39;292;8
39;293;8
39;294;8
39;295;8
39;296;8
39;297;8
39;298;8
39;299;8
39;300;8
39;301;8
39;302;8
39;303;8
39;304;8
39;305;8
39;306;8
39;307;8
39;308;8
39;309;6
39;310;6
39;311;6
39;312;6
39;313;6
39;314;6
39;315;6
39;316;6
39;317;6
39;318;6
39;319;6
39;320;6
39;321;6
39;322;14
39;323;14
39;324;14
39;325;14
39;326;14
39;327;14
39;328;14
39;329;14
39;330;14
39;331;14
39;332;24
39;333;24
39;334;24
39;335;24
39;336;24
39;337;24
39;338;24
39;339;24
39;340;24
39;341;24
39;342;24
39;343;24
39;344;24
39;345;24
39;346;24
39;347;24
39;348;24
39;349;24
39;350;24
39;351;24
39;352;24
39;353;24
39;354;24
39;355;24
39;356;24
39;357;24
39;358;24
39;359;24
39;360;41
39;361;41
39;362;41
39;363;41
39;364;41
39;365;41
39;366;41
39;367;41
39;368;41
39;369;41
39;370;41
39;371;41
39;372;41
39;373;41
39;374;41
39;375;41
39;376;41
39;377;41
39;378;41
39;379;41
39;380;41
39;381;41
39;382;41
39;383;41
39;384;41
39;385;41
39;386;41
39;387;41
39;388;41
39;389;41
39;390;41
39;391;41
39;392;41
39;393;41
39;394;41
39;395;41
39;396;41
39;397;41
39;398;17
39;399;17
39;400;17
39;401;17
39;402;17
39;403;17
39;404;17
39;405;17
39;406;17
39;407;17
39;408;17
39;409;17
39;410;17
39;411;17
39;412;17
39;413;17
39;414;17
39;415;17
39;416;17
39;417;17
39;418;17
39;419;17
39;420;17
39;421;17
39;422;17
39;423;17
39;424;17
39;425;17
39;426;17
39;427;17
39;428;17
39;429;17
39;430;17
39;431;17
39;432;17
39;433;17
39;434;17
39;435;17
39;436;9
39;437;9
39;438;9
39;439;49
39;440;49
39;441;49
39;442;49
39;443;49
39;444;49
39;445;49
39;446;49
39;447;49
39;448;49
39;449;49
39;450;49
39;451;49
39;452;49
39;453;49
39;454;49
39;455;49
39;456;49
39;457;49
39;458;49
39;459;49
39;460;49
39;461;49
39;462;49
39;463;49
39;464;49
39;465;49
39;466;49
39;467;49
39;468;49
39;469;49
39;470;49
39;471;49
39;472;49
39;473;49
39;474;49
39;475;49
39;476;49
39;477;27
39;478;27
39;479;27
39;480;27
39;481;27
39;482;27
39;483;27
39;484;27
39;485;27
39;486;27
39;487;27
39;488;27
39;489;27
39;490;27
39;491;27
39;492;27
39;493;27
39;494;27
39;495;27
39;496;27
39;497;27
39;498;27
39;499;27
40;0;18
40;1;18
40;2;18
40;3;18
40;4;18
40;5;18
40;6;18
40;7;18
40;8;18
40;9;18
40;10;18
40;11;18
40;12;18
40;13;18
40;14;18
40;15;18
40;16;18
40;17;18
40;18;18
40;19;18
40;20;18
40;21;18
40;22;18
40;23;18
40;24;18
40;25;18
40;26;18
40;27;18
40;28;3
40;29;3
40;30;3
40;31;3
40;32;3
40;33;3
40;34;3
40;35;3
40;36;3
40;37;3
40;38;3
40;39;3
40;40;3
40;41;3
40;42;3
40;43;3
40;44;3
40;45;3
40;46;3
40;47;3
40;48;3
40;49;3
40;50;3
40;51;3
40;52;3
40;53;3
40;54;3
40;55;3
40;56;3
40;57;39
40;58;39
40;59;39
40;60;39
40;61;39
40;62;39
40;63;39
40;64;23
40;65;23
40;66;23
40;67;23
40;68;23
40;69;23
40;70;23
40;71;23
40;72;23
40;73;23
40;74;23
40;75;23
40;76;23
40;77;23
40;78;23
40;79;23
40;80;23
40;81;23
40;82;23
40;83;23
40;84;23
40;85;23
40;86;23
40;87;23
40;88;23
40;89;23
40;90;23
40;91;23
40;92;23
40;93;23
40;94;23
40;95;23
40;96;23
40;97;4
40;98;4
40;99;4
40;100;4
40;101;4
40;102;4
40;103;4
40;104;4
40;105;4
40;106;4
40;107;4
40;108;4
40;109;4
40;110;4
40;111;4
40;112;4
40;113;4
40;114;15
40;115;15
40;116;15
40;117;15
40;118;15
40;119;15
40;120;15
40;121;15
40;122;15
40;123;15
40;124;15
40;125;31
40;126;31
40;127;31
40;128;31
40;129;31
40;130;31
40;131;31
40;132;31
40;133;31
40;134;31
40;135;31
40;136;31
40;137;31
40;138;31
40;139;31
40;140;31
40;141;31
40;142;31
40;143;31
40;144;31
40;145;31
40;146;31
40;147;31
40;148;31
40;149;31
40;150;31
40;151;31
40;152;31
40;153;31
40;154;31
40;155;31
40;156;31
40;157;31
40;158;31
40;159;31
40;160;31
40;161;31
40;162;31
40;163;31
40;164;31
40;165;31
40;166;31
40;167;31
40;168;31
40;169;31
40;170;31
40;171;31
40;172;31
40;173;15
40;174;15
40;175;15
40;176;15
40;177;15
40;178;15
40;179;15
40;180;15
40;181;15
40;182;15
40;183;15
40;184;15
40;185;15
40;186;15
40;187;15
40;188;15
40;189;15
40;190;15
40;191;15
40;192;15
40;193;44
40;194;44
40;195;44
40;196;44
40;197;44
40;198;44
40;199;44
40;200;44
40;201;44
40;202;44
40;203;44
40;204;44
40;205;44
40;206;44
40;207;44
40;208;44
40;209;44
40;210;44
40;211;44
40;212;44
40;213;44
40;214;44
40;215;44
40;216;44
40;217;44
40;218;44
40;219;44
40;220;44
40;221;44
40;222;44
40;223;44
40;224;22
40;225;22
40;226;22
40;227;22
40;228;22
40;229;22
40;230;22
40;231;22
40;232;22
40;233;22
40;234;22
40;235;22
40;236;22
40;237;22
40;238;11
40;239;11
40;240;11
40;241;11
40;242;11
40;243;11
40;244;11
40;245;11
40;246;11
40;247;11
40;248;11
40;249;11
40;250;11
40;251;11
40;252;11
40;253;11
40;254;11
40;255;31
40;256;31
40;257;31
40;258;31
40;259;31
40;260;31
40;261;31
40;262;31
40;263;31
40;264;31
40;265;31
40;266;31
40;267;31
40;268;34
40;269;34
40;270;34
40;271;34
40;272;34
40;273;34
40;274;34
40;275;34
40;276;34
40;277;34
40;278;34
40;279;34
40;280;34
40;281;34
40;282;34
40;283;34
40;284;8
40;285;8
40;286;8
40;287;8
40;288;8
40;289;8
40;290;8
40;291;8
40;292;8
40;293;8
40;294;8
40;295;8
40;296;8
40;297;8
40;298;8
40;299;8
40;300;8
40;301;8
40;302;8
40;303;8
40;304;8
40;305;8
40;306;8
40;307;8
40;308;8
40;309;8
40;310;6
40;311;6
40;312;6
40;313;6
40;314;6
40;315;6
40;316;6
40;317;6
40;318;6
40;319;6
40;320;6
40;321;6
40;322;6
40;323;14
40;324;14
40;325;14
40;326;14
40;327;14
40;328;14
40;329;14
40;330;14
40;331;14
40;332;24
40;333;24
40;334;24
40;335;24
40;336;24
40;337;24
40;338;24
40;339;24
40;340;24
40;341;24
40;342;24
40;343;24
40;344;24
40;345;24
40;346;24
40;347;24
40;348;24
40;349;24
40;350;24
40;351;24
40;352;24
40;353;24
40;354;24
40;355;24
40;356;24
40;357;24
40;358;24
40;359;24
40;360;41
40;361;41
40;362;41
40;363;41
40;364;41
40;365;41
40;366;41
40;367;41
40;368;41
40;369;41
40;370;41
40;371;41
40;372;41
40;373;41
40;374;41
40;375;41
40;376;41
40;377;41
40;378;41
40;379;41
40;380;41
40;381;41
40;382;41
40;383;41
40;384;41
40;385;41
40;386;41
40;387;41
40;388;41
40;389;41
40;390;41
40;391;41
40;392;41
40;393;41
40;394;41
40;395;41
40;396;41
40;397;41
40;398;17
40;399;17
40;400;17
40;401;17
40;402;17
40;403;17
40;404;17
40;405;17
40;406;17
40;407;17
40;408;17
40;409;17
40;410;17
40;411;17
40;412;17
40;413;17
40;414;17
40;415;17
40;416;17
40;417;17
40;418;17
40;419;17
40;420;17
40;421;17
40;422;17
40;423;17
40;424;17
40;425;17
40;426;17
40;427;17
40;428;17
40;429;17
40;430;17
40;431;17
40;432;17
40;433;17
40;434;17
40;435;9
40;436;9
40;437;9
40;438;9
40;439;9
40;440;9
40;441;49
40;442;49
40;443;49
40;444;49
40;445;49
40;446;49
40;447;49
40;448;49
40;449;49
40;450;49
40;451;49
40;452;49
40;453;49
40;454;49
40;455;49
40;456;49
40;457;49
40;458;49
40;459;49
40;460;49
40;461;49
40;462;49
40;463;49
40;464;49
40;465;49
40;466;49
40;467;49
40;468;49
40;469;49
40;470;49
40;471;49
40;472;49
40;473;49
40;474;49
40;475;49
40;476;49
40;477;27
40;478;27
40;479;27
40;480;27
40;481;27
40;482;27
40;483;27
40;484;27
40;485;27
40;486;27
40;487;27
40;488;27
40;489;27
40;490;27
40;491;27
40;492;27
40;493;27
40;494;27
40;495;27
40;496;27
40;497;27
40;498;27
40;499;27
41;0;18
41;1;18
41;2;18
41;3;18
41;4;18
41;5;18
41;6;18
41;7;18
41;8;18
41;9;18
41;10;18
41;11;18
41;12;18
41;13;18
41;14;18
41;15;18
41;16;18
41;17;18
41;18;18
41;19;18
41;20;18
41;21;18
41;22;18
41;23;18
41;24;18
41;25;18
41;26;18
41;27;18
41;28;3
41;29;3
41;30;3
41;31;3
41;32;3
41;33;3
41;34;3
41;35;3
41;36;3
41;37;3
41;38;3
41;39;3
41;40;3
41;41;3
41;42;3
41;43;3
41;44;3
41;45;3
41;46;3
41;47;3
41;48;3
41;49;3
41;50;3
41;51;3
41;52;3
41;53;3
41;54;3
41;55;3
41;56;3
41;57;3
41;58;3
41;59;39
41;60;39
41;61;39
41;62;39
41;63;39
41;64;23
41;65;23
41;66;23
41;67;23
41;68;23
41;69;23
41;70;23
41;71;23
41;72;23
41;73;23
41;74;23
41;75;23
41;76;23
41;77;23
41;78;23
41;79;23
41;80;23
41;81;23
41;82;23
41;83;23
41;84;23
41;85;23
41;86;23
41;87;23
41;88;23
41;89;23
41;90;23
41;91;23
41;92;23
41;93;23
41;94;23
41;95;23
41;96;4
41;97;4
41;98;4
41;99;4
41;100;4
41;101;4
41;102;4
41;103;4
41;104;4
41;105;4
41;106;4
41;107;4
41;108;4
41;109;4
41;110;4
41;111;4
41;112;4
41;113;4
41;114;4
41;115;4
41;116;15
41;117;15
41;118;15
41;119;15
41;120;15
41;121;15
41;122;15
41;123;15
41;124;31
41;125;31
41;126;31
41;127;31
41;128;31
41;129;31
41;130;31
41;131;31
41;132;31
41;133;31
41;134;31
41;135;31
41;136;31
41;137;31
41;138;31
41;139;31
41;140;31
41;141;31
41;142;31
41;143;31
41;144;31
41;145;31
41;146;31
41;147;31
41;148;31
41;149;31
41;150;31
41;151;31
41;152;31
41;153;31
41;154;31
41;155;31
41;156;31
41;157;31
41;158;31
41;159;31
41;160;31
41;161;31
41;162;31
41;163;31
41;164;31
41;165;31
41;166;31
41;167;31
41;168;31
41;169;31
41;170;31
41;171;31
41;172;31
41;173;15
41;174;15
41;175;15
41;176;15
41;177;15
41;178;15
41;179;15
41;180;15
41;181;15
41;182;15
41;183;15
41;184;15
41;185;15
41;186;15
41;187;15
41;188;15
41;189;15
41;190;15
41;191;15
41;192;15
41;193;44
41;194;44
41;195;44
41;196;44
41;197;44
41;198;44
41;199;44
41;200;44
41;201;44
41;202;44
41;203;44
41;204;44
41;205;44
41;206;44
41;207;44
41;208;44
41;209;44
41;210;44
41;211;44
41;212;44
41;213;44
41;214;44
41;215;44
41;216;44
41;217;44
41;218;44
41;219;44
41;220;44
41;221;44
41;222;44
41;223;44
41;224;44
41;225;22
41;226;22
41;227;22
41;228;22
41;229;22
41;230;22
41;231;22
41;232;22
41;233;22
41;234;22
41;235;22
41;236;22
41;237;22
41;238;11
41;239;11
41;240;11
41;241;11
41;242;11
41;243;11
41;244;11
41;245;11
41;246;11
41;247;11
41;248;11
41;249;11
41;250;11
41;251;11
41;252;11
41;253;11
41;254;11
41;255;11
41;256;31
41;257;31
41;258;31
41;259;31
41;260;31
41;261;31
41;262;31
41;263;31
41;264;31
41;265;31
41;266;31
41;267;31
41;268;31
41;269;31
41;270;34
41;271;34
41;272;34
41;273;34
41;274;34
41;275;34
41;276;34
41;277;34
41;278;34
41;279;34
41;280;34
41;281;34
41;282;34
41;283;34
41;284;8
41;285;8
41;286;8
41;287;8
41;288;8
41;289;8
41;290;8
41;291;8
41;292;8
41;293;8
41;294;8
41;295;8
41;296;8
41;297;8
41;298;8
41;299;8
41;300;8
41;301;8
41;302;8
41;303;8
41;304;8
41;305;8
41;306;8
41;307;8
41;308;8
41;309;8
41;310;8
41;311;6
41;312;6
41;313;6
41;314;6
41;315;6
41;316;6
41;317;6
41;318;6
41;319;6
41;320;6
41;321;6
41;322;6
41;323;6
41;324;14
41;325;14
41;326;14
41;327;14
41;328;14
41;329;14
41;330;14
41;331;14
41;332;14
41;333;24
41;334;24
41;335;24
41;336;24
41;337;24
41;338;24
41;339;24
41;340;24
41;341;24
41;342;24
41;343;24
41;344;24
41;345;24
41;346;24
41;347;24
41;348;24
41;349;24
41;350;24
41;351;24
41;352;24
41;353;24
41;354;24
41;355;24
41;356;24
41;357;24
41;358;24
41;359;24
41;360;41
41;361;41
41;362;41
41;363;41
41;364;41
41;365;41
41;366;41
41;367;41
41;368;41
41;369;41
41;370;41
41;371;41
41;372;41
41;373;41
41;374;41
41;375;41
41;376;41
41;377;41
41;378;41
41;379;41
41;380;41
41;381;41
41;382;41
41;383;41
41;384;41
41;385;41
41;386;41
41;387;41
41;388;41
41;389;41
41;390;41
41;391;41
41;392;41
41;393;41
41;394;41
41;395;41
41;396;41
41;397;41
41;398;41
41;399;17
41;400;17
41;401;17
41;402;17
41;403;17
41;404;17
41;405;17
41;406;17
41;407;17
41;408;17
41;409;17
41;410;17
41;411;17
41;412;17
41;413;17
41;414;17
41;415;17
41;416;17
41;417;17
41;418;17
41;419;17
41;420;17
41;421;17
41;422;17
41;423;17
41;424;17
41;425;17
41;426;17
41;427;17
41;428;17
41;429;17
41;430;17
41;431;17
41;432;17
41;433;17
41;434;9
41;435;9
41;436;9
41;437;9
41;438;9
41;439;9
41;440;9
41;441;9
41;442;9
41;443;49
41;444;49
41;445;49
41;446;49
41;447;49
41;448;49
41;449;49
41;450;49
41;451;49
41;452;49
41;453;49
41;454;49
41;455;49
41;456;49
41;457;49
41;458;49
41;459;49
41;460;49
41;461;49
41;462;49
41;463;49
41;464;49
41;465;49
41;466;49
41;467;49
41;468;49
41;469;49
41;470;49
41;471;49
41;472;49
41;473;49
41;474;49
41;475;49
41;476;49
41;477;49
41;478;27
41;479;27
41;480;27
41;481;27
41;482;27
41;483;27
41;484;27
41;485;27
41;486;27
41;487;27
41;488;27
41;489;27
41;490;27
41;491;27
41;492;27
41;493;27
41;494;27
41;495;27
41;496;27
41;497;27
41;498;27
41;499;27
42;0;18
42;1;18
42;2;18
42;3;18
42;4;18
42;5;18
42;6;18
42;7;18
42;8;18
42;9;18
42;10;18
42;11;18
42;12;18
42;13;18
42;14;18
42;15;18
42;16;18
42;17;18
42;18;18
42;19;18
42;20;18
42;21;18
42;22;18
42;23;18
42;24;18
42;25;18
42;26;18
42;27;18
42;28;3
42;29;3
42;30;3
42;31;3
42;32;3
42;33;3
42;34;3
42;35;3
42;36;3
42;37;3
42;38;3
42;39;3
42;40;3
42;41;3
42;42;3
42;43;3
42;44;3
42;45;3
42;46;3
42;47;3
42;48;3
42;49;3
42;50;3
42;51;3
42;52;3
42;53;3
42;54;3
42;55;3
42;56;3
42;57;3
42;58;3
42;59;3
42;60;3
42;61;39
42;62;39
42;63;39
42;64;39
42;65;23
42;66;23
42;67;23
42;68;23
42;69;23
42;70;23
42;71;23
42;72;23
42;73;23
42;74;23
42;75;23
42;76;23
42;77;23
42;78;23
42;79;23
42;80;23
42;81;23
42;82;23
42;83;23
42;84;23
42;85;23
42;86;23
42;87;23
42;88;23
42;89;23
42;90;23
42;91;23
42;92;23
42;93;23
42;94;23
42;95;4
42;96;4
42;97;4
42;98;4
42;99;4
42;100;4
42;101;4
42;102;4
42;103;4
42;104;4
42;105;4
42;106;4
42;107;4
42;108;4
42;109;4
42;110;4
42;111;4
42;112;4
42;113;4
42;114;4
42;115;4
42;116;4
42;117;4
42;118;15
42;119;15
42;120;15
42;121;15
42;122;15
42;123;15
42;124;31
42;125;31
42;126;31
42;127;31
42;128;31
42;129;31
42;130;31
42;131;31
42;132;31
42;133;31
42;134;31
42;135;31
42;136;31
42;137;31
42;138;31
42;139;31
42;140;31
42;141;31
42;142;31
42;143;31
42;144;31
42;145;31
42;146;31
42;147;31
42;148;31
42;149;31
42;150;31
42;151;31
42;152;31
42;153;31
42;154;31
42;155;31
42;156;31
42;157;31
42;158;31
42;159;31
42;160;31
42;161;31
42;162;31
42;163;31
42;164;31
42;165;31
42;166;31
42;167;31
42;168;31
42;169;31
42;170;31
42;171;31
42;172;15
42;173;15
42;174;15
42;175;15
42;176;15
42;177;15
42;178;15
42;179;15
42;180;15
42;181;15
42;182;15
42;183;15
42;184;15
42;185;15
42;186;15
42;187;15
42;188;15
42;189;15
42;190;15
42;191;15
42;192;15
42;193;15
42;194;44
42;195;44
42;196;44
42;197;44
42;198;44
42;199;44
42;200;44
42;201;44
42;202;44
42;203;44
42;204;44
42;205;44
42;206;44
42;207;44
42;208;44
42;209;44
42;210;44
42;211;44
42;212;44
42;213;44
42;214;44
42;215;44
42;216;44
42;217;44
42;218;44
42;219;44
42;220;44
42;221;44
42;222;44
42;223;44
42;224;44
42;225;44
42;226;22
42;227;22
42;228;22
42;229;22
42;230;22
42;231;22
42;232;22
42;233;22
42;234;22
42;235;22
42;236;22
42;237;22
42;238;11
42;239;11
42;240;11
42;241;11
42;242;11
42;243;11
42;244;11
42;245;11
42;246;11
42;247;11
42;248;11
42;249;11
42;250;11
42;251;11
42;252;11
42;253;11
42;254;11
42;255;11
42;256;31
42;257;31
42;258;31
42;259;31
42;260;31
42;261;31
42;262;31
42;263;31
42;264;31
42;265;31
42;266;31
42;267;31
42;268;31
42;269;31
42;270;31
42;271;31
42;272;34
42;273;34
42;274;34
42;275;34
42;276;34
42;277;34
42;278;34
42;279;34
42;280;34
42;281;34
42;282;34
42;283;34
42;284;34
42;285;8
42;286;8
42;287;8
42;288;8
42;289;8
42;290;8
42;291;8
42;292;8
42;293;8
42;294;8
42;295;8
42;296;8
42;297;8
42;298;8
42;299;8
42;300;8
42;301;8
42;302;8
42;303;8
42;304;8
42;305;8
42;306;8
42;307;8
42;308;8
42;309;8
42;310;8
42;311;8
42;312;6
42;313;6
42;314;6
42;315;6
42;316;6
42;317;6
42;318;6
42;319;6
42;320;6
42;321;6
42;322;6
42;323;6
42;324;6
42;325;14
42;326;14
42;327;14
42;328;14
42;329;14
42;330;14
42;331;14
42;332;14
42;333;24
42;334;24
42;335;24
42;336;24
42;337;24
42;338;24
42;339;24
42;340;24
42;341;24
42;342;24
42;343;24
42;344;24
42;345;24
42;346;24
42;347;24
42;348;24
42;349;24
42;350;24
42;351;24
42;352;24
42;353;24
42;354;24
42;355;24
42;356;24
42;357;24
42;358;24
42;359;24
42;360;41
42;361;41
42;362;41
42;363;41
42;364;41
42;365;41
42;366;41
42;367;41
42;368;41
42;369;41
42;370;41
42;371;41
42;372;41
42;373;41
42;374;41
42;375;41
42;376;41
42;377;41
42;378;41
42;379;41
42;380;41
42;381;41
42;382;41
42;383;41
42;384;41
42;385;41
42;386;41
42;387;41
42;388;41
42;389;41
42;390;41
42;391;41
42;392;41
42;393;41
42;394;41
42;395;41
42;396;41
42;397;41
42;398;41
42;399;17
42;400;17
42;401;17
42;402;17
42;403;17
42;404;17
42;405;17
42;406;17
42;407;17
42;408;17
42;409;17
42;410;17
42;411;17
42;412;17
42;413;17
42;414;17
42;415;17
42;416;17
42;417;17
42;418;17
42;419;17
42;420;17
42;421;17
42;422;17
42;423;17
42;424;17
42;425;17
42;426;17
42;427;17
42;428;17
42;429;17
42;430;17
42;431;17
42;432;17
42;433;9
42;434;9
42;435;9
42;436;9
42;437;9
42;438;9
42;439;9
42;440;9
42;441;9
42;442;9
42;443;9
42;444;9
42;445;49
42;446;49
42;447;49
42;448;49
42;449;49
42;450;49
42;451;49
42;452;49
42;453;49
42;454;49
42;455;49
42;456;49
42;457;49
42;458;49
42;459;49
42;460;49
42;461;49
42;462;49
42;463;49
42;464;49
42;465;49
42;466;49
42;467;49
42;468;49
42;469;49
42;470;49
42;471;49
42;472;49
42;473;49
42;474;49
42;475;49
42;476;49
42;477;49
42;478;27
42;479;27
42;480;27
42;481;27
42;482;27
42;483;27
42;484;27
42;485;27
42;486;27
42;487;27
42;488;27
42;489;27
42;490;27
42;491;27
42;492;27
42;493;27
42;494;27
42;495;27
42;496;27
42;497;27
42;498;27
42;499;27
43;0;18
43;1;18
43;2;18
43;3;18
43;4;18
43;5;18
43;6;18
43;7;18
43;8;18
43;9;18
43;10;18
43;11;18
43;12;18
43;13;18
43;14;18
43;15;18
43;16;18
43;17;18
43;18;18
43;19;18
43;20;18
43;21;18
43;22;18
43;23;18
43;24;18
43;25;18
43;26;18
43;27;18
43;28;3
43;29;3
43;30;3
43;31;3
43;32;3
43;33;3
43;34;3
43;35;3
43;36;3
43;37;3
43;38;3
43;39;3
43;40;3
43;41;3
43;42;3
43;43;3
43;44;3
43;45;3
43;46;3
43;47;3
43;48;3
43;49;3
43;50;3
43;51;3
43;52;3
43;53;3
43;54;3
43;55;3
43;56;3
43;57;3
43;58;3
43;59;3
43;60;3
43;61;3
43;62;3
43;63;39
43;64;39
43;65;23
43;66;23
43;67;23
43;68;23
43;69;23
43;70;23
43;71;23
43;72;23
43;73;23
43;74;23
43;75;23
43;76;23
43;77;23
43;78;23
43;79;23
43;80;23
43;81;23
43;82;23
43;83;23
43;84;23
43;85;23
43;86;23
43;87;23
43;88;23
43;89;23
43;90;23
43;91;23
43;92;23
43;93;23
43;94;4
43;95;4
43;96;4
43;97;4
43;98;4
43;99;4
43;100;4
43;101;4
43;102;4
43;103;4
43;104;4
43;105;4
43;106;4
43;107;4
43;108;4
43;109;4
43;110;4
43;111;4
43;112;4
43;113;4
43;114;4
43;115;4
43;116;4
43;117;4
43;118;4
43;119;4
43;120;15
43;121;15
43;122;15
43;123;15
43;124;31
43;125;31
43;126;31
43;127;31
43;128;31
43;129;31
43;130;31
43;131;31
43;132;31
43;133;31
43;134;31
43;135;31
43;136;31
43;137;31
43;138;31
43;139;31
43;140;31
43;141;31
43;142;31
43;143;31
43;144;31
43;145;31
43;146;31
43;147;31
43;148;31
43;149;31
43;150;31
43;151;31
43;152;31
43;153;31
43;154;31
43;155;31
43;156;31
43;157;31
43;158;31
43;159;31
43;160;31
43;161;31
43;162;31
43;163;31
43;164;31
43;165;31
43;166;31
43;167;31
43;168;31
43;169;31
43;170;31
43;171;15
43;172;15
43;173;15
43;174;15
43;175;15
43;176;15
43;177;15
43;178;15
43;179;15
43;180;15
43;181;15
43;182;15
43;183;15
43;184;15
43;185;15
43;186;15
43;187;15
43;188;15
43;189;15
43;190;15
43;191;15
43;192;15
43;193;15
43;194;44
43;195;44
43;196;44
43;197;44
43;198;44
43;199;44
43;200;44
43;201;44
43;202;44
43;203;44
43;204;44
43;205;44
43;206;44
43;207;44
43;208;44
43;209;44
43;210;44
43;211;44
43;212;44
43;213;44
43;214;44
43;215;44
43;216;44
43;217;44
43;218;44
43;219;44
43;220;44
43;221;44
43;222;44
43;223;44
43;224;44
43;225;44
43;226;44
43;227;22
43;228;22
43;229;22
43;230;22
43;231;22
43;232;22
43;233;22
43;234;22
43;235;22
43;236;22
43;237;22
43;238;11
43;239;11
43;240;11
43;241;11
43;242;11
43;243;11
43;244;11
43;245;11
43;246;11
43;247;11
43;248;11
43;249;11
43;250;11
43;251;11
43;252;11
43;253;11
43;254;11
43;255;11
43;256;11
43;257;31
43;258;31
43;259;31
43;260;31
43;261;31
43;262;31
43;263;31
43;264;31
43;265;31
43;266;31
43;267;31
43;268;31
43;269;31
43;270;31
43;271;31
43;272;31
43;273;31
43;274;34
43;275;34
43;276;34
43;277;34
43;278;34
43;279;34
43;280;34
43;281;34
43;282;34
43;283;34
43;284;34
43;285;34
43;286;8
43;287;8
43;288;8
43;289;8
43;290;8
43;291;8
43;292;8
43;293;8
43;294;8
43;295;8
43;296;8
43;297;8
43;298;8
43;299;8
43;300;8
43;301;8
43;302;8
43;303;8
43;304;8
43;305;8
43;306;8
43;307;8
43;308;8
43;309;8
43;310;8
43;311;8
43;312;8
43;313;6
43;314;6
43;315;6
43;316;6
43;317;6
43;318;6
43;319;6
43;320;6
43;321;6
43;322;6
43;323;6
43;324;6
43;325;6
43;326;14
43;327;14
43;328;14
43;329;14
43;330;14
43;331;14
43;332;14
43;333;44
43;334;44
43;335;24
43;336;24
43;337;24
43;338;24
43;339;24
43;340;24
43;341;24
43;342;24
43;343;24
43;344;24
43;345;24
43;346;24
43;347;24
43;348;24
43;349;24
43;350;24
43;351;24
43;352;24
43;353;24
43;354;24
43;355;24
43;356;24
43;357;24
43;358;24
43;359;24
43;360;41
43;361;41
43;362;41
43;363;41
43;364;41
43;365;41
43;366;41
43;367;41
43;368;41
43;369;41
43;370;41
43;371;41
43;372;41
43;373;41
43;374;41
43;375;41
43;376;41
43;377;41
43;378;41
43;379;41
43;380;41
43;381;41
43;382;41
43;383;41
43;384;41
43;385;41
43;386;41
43;387;41
43;388;41
43;389;41
43;390;41
43;391;41
43;392;41
43;393;41
43;394;41
43;395;41
43;396;41
43;397;41
43;398;41
43;399;41
43;400;17
43;401;17
43;402;17
43;403;17
43;404;17
43;405;17
43;406;17
43;407;17
43;408;17
43;409;17
43;410;17
43;411;17
43;412;17
43;413;17
43;414;17
43;415;17
43;416;17
43;417;17
43;418;17
43;419;17
43;420;17
43;421;17
43;422;17
43;423;17
43;424;17
43;425;17
43;426;17
43;427;17
43;428;17
43;429;17
43;430;17
43;431;17
43;432;9
43;433;9
43;434;9
43;435;9
43;436;9
43;437;9
43;438;9
43;439;9
43;440;9
43;441;9
43;442;9
43;443;9
43;444;9
43;445;9
43;446;2
43;447;49
43;448;49
43;449;49
43;450;49
43;451;49
43;452;49
43;453;49
43;454;49
43;455;49
43;456;49
43;457;49
43;458;49
43;459;49
43;460;49
43;461;49
43;462;49
43;463;49
43;464;49
43;465;49
43;466;49
43;467;49
43;468;49
43;469;49
43;470;49
43;471;49
43;472;49
43;473;49
43;474;49
43;475;49
43;476;49
43;477;49
43;478;49
43;479;27
43;480;27
43;481;27
43;482;27
43;483;27
43;484;27
43;485;27
43;486;27
43;487;27
43;488;27
43;489;27
43;490;27
43;491;27
43;492;27
43;493;27
43;494;27
43;495;27
43;496;27
43;497;27
43;498;27
43;499;27
44;0;18
44;1;18
44;2;18
44;3;18
44;4;18
44;5;18
44;6;18
44;7;18
44;8;18
44;9;18
44;10;18
44;11;18
44;12;18
44;13;18
44;14;18
44;15;18
44;16;18
44;17;18
44;18;18
44;19;18
44;20;18
44;21;18
44;22;18
44;23;18
44;24;18
44;25;18
44;26;18
44;27;18
44;28;3
44;29;3
44;30;3
44;31;3
44;32;3
44;33;3
44;34;3
44;35;3
44;36;3
44;37;3
44;38;3
44;39;3
44;40;3
44;41;3
44;42;3
44;43;3
44;44;3
44;45;3
44;46;3
44;47;3
44;48;3
44;49;3
44;50;3
44;51;3
44;52;3
44;53;3
44;54;3
44;55;3
44;56;3
44;57;3
44;58;3
44;59;3
44;60;3
44;61;3
44;62;3
44;63;3
44;64;3
44;65;3
44;66;23
44;67;23
44;68;23
44;69;23
44;70;23
44;71;23
44;72;23
44;73;23
44;74;23
44;75;23
44;76;23
44;77;23
44;78;23
44;79;23
44;80;23
44;81;23
44;82;23
44;83;23
44;84;23
44;85;23
44;86;23
44;87;23
44;88;23
44;89;23
44;90;23
44;91;23
44;92;23
44;93;4
44;94;4
44;95;4
44;96;4
44;97;4
44;98;4
44;99;4
44;100;4
44;101;4
44;102;4
44;103;4
44;104;4
44;105;4
44;106;4
44;107;4
44;108;4
44;109;4
44;110;4
44;111;4
44;112;4
44;113;4
44;114;4
44;115;4
44;116;4
44;117;4
44;118;4
44;119;4
44;120;4
44;121;4
44;122;15
44;123;15
44;124;31
44;125;31
44;126;31
44;127;31
44;128;31
44;129;31
44;130;31
44;131;31
44;132;31
44;133;31
44;134;31
44;135;31
44;136;31
44;137;31
44;138;31
44;139;31
44;140;31
44;141;31
44;142;31
44;143;31
44;144;31
44;145;31
44;146;31
44;147;31
44;148;31
44;149;31
44;150;31
44;151;31
44;152;31
44;153;31
44;154;31
44;155;31
44;156;31
44;157;31
44;158;31
44;159;31
44;160;31
44;161;31
44;162;31
44;163;31
44;164;31
44;165;31
44;166;31
44;167;31
44;168;31
44;169;31
44;170;15
44;171;15
44;172;15
44;173;15
44;174;15
44;175;15
44;176;15
44;177;15
44;178;15
44;179;15
44;180;15
44;181;15
44;182;15
44;183;15
44;184;15
44;185;15
44;186;15
44;187;15
44;188;15
44;189;15
44;190;15
44;191;15
44;192;15
44;193;15
44;194;15
44;195;44
44;196;44
44;197;44
44;198;44
44;199;44
44;200;44
44;201;44
44;202;44
44;203;44
44;204;44
44;205;44
44;206;44
44;207;44
44;208;44
44;209;44
44;210;44
44;211;44
44;212;44
44;213;44
44;214;44
44;215;44
44;216;44
44;217;44
44;218;44
44;219;44
44;220;44
44;221;44
44;222;44
44;223;44
44;224;44
44;225;44
44;226;44
44;227;44
44;228;22
44;229;22
44;230;22
44;231;22
44;232;22
44;233;22
44;234;22
44;235;22
44;236;22
44;237;22
44;238;11
44;239;11
44;240;11
44;241;11
44;242;11
44;243;11
44;244;11
44;245;11
44;246;11
44;247;11
44;248;11
44;249;11
44;250;11
44;251;11
44;252;11
44;253;11
44;254;11
44;255;11
44;256;11
44;257;31
44;258;31
44;259;31
44;260;31
44;261;31
44;262;31
44;263;31
44;264;31
44;265;31
44;266;31
44;267;31
44;268;31
44;269;31
44;270;31
44;271;31
44;272;31
44;273;31
44;274;31
44;275;34
44;276;34
44;277;34
44;278;34
44;279;34
44;280;34
44;281;34
44;282;34
44;283;34
44;284;34
44;285;34
44;286;34
44;287;8
44;288;8
44;289;8
44;290;8
44;291;8
44;292;8
44;293;8
44;294;8
44;295;8
44;296;8
44;297;8
44;298;8
44;299;8
44;300;8
44;301;8
44;302;8
44;303;8
44;304;8
44;305;8
44;306;8
44;307;8
44;308;8
44;309;8
44;310;8
44;311;8
44;312;8
44;313;8
44;314;6
44;315;6
44;316;6
44;317;6
44;318;6
44;319;6
44;320;6
44;321;6
44;322;6
44;323;6
44;324;6
44;325;6
44;326;6
44;327;44
44;328;44
44;329;44
44;330;44
44;331;44
44;332;44
44;333;44
44;334;44
44;335;44
44;336;24
44;337;24
44;338;24
44;339;24
44;340;24
44;341;24
44;342;24
44;343;24
44;344;24
44;345;24
44;346;24
44;347;24
44;348;24
44;349;24
44;350;24
44;351;24
44;352;24
44;353;24
44;354;24
44;355;24
44;356;24
44;357;24
44;358;24
44;359;24
44;360;41
44;361;41
44;362;41
44;363;41
44;364;41
44;365;41
44;366;41
44;367;41
44;368;41
44;369;41
44;370;41
44;371;41
44;372;41
44;373;41
44;374;41
44;375;41
44;376;41
44;377;41
44;378;41
44;379;41
44;380;41
44;381;41
44;382;41
44;383;41
44;384;41
44;385;41
44;386;41
44;387;41
44;388;41
44;389;41
44;390;41
44;391;41
44;392;41
44;393;41
44;394;41
44;395;41
44;396;41
44;397;41
44;398;41
44;399;41
44;400;17
44;401;17
44;402;17
44;403;17
44;404;17
44;405;17
44;406;17
44;407;17
44;408;17
44;409;17
44;410;17
44;411;17
44;412;17
44;413;17
44;414;17
44;415;17
44;416;17
44;417;17
44;418;17
44;419;17
44;420;17
44;421;17
44;422;17
44;423;17
44;424;17
44;425;17
44;426;17
44;427;17
44;428;17
44;429;17
44;430;17
44;431;9
44;432;9
44;433;9
44;434;9
44;435;9
44;436;9
44;437;9
44;438;9
44;439;9
44;440;9
44;441;9
44;442;9
44;443;9
44;444;9
44;445;9
44;446;2
44;447;2
44;448;2
44;449;49
44;450;49
44;451;49
44;452;49
44;453;49
44;454;49
44;455;49
44;456;49
44;457;49
44;458;49
44;459;49
44;460;49
44;461;49
44;462;49
44;463;49
44;464;49
44;465;49
44;466;49
44;467;49
44;468;49
44;469;49
44;470;49
44;471;49
44;472;49
44;473;49
44;474;49
44;475;49
44;476;49
44;477;49
44;478;49
44;479;27
44;480;27
44;481;27
44;482;27
44;483;27
44;484;27
44;485;27
44;486;27
44;487;27
44;488;27
44;489;27
44;490;27
44;491;27
44;492;27
44;493;27
44;494;27
44;495;27
44;496;27
44;497;27
44;498;27
44;499;27
45;0;18
45;1;18
45;2;18
45;3;18
45;4;18
45;5;18
45;6;18
45;7;18
45;8;18
45;9;18
45;10;18
45;11;18
45;12;18
45;13;18
45;14;18
45;15;18
45;16;18
45;17;18
45;18;18
45;19;18
45;20;18
45;21;18
45;22;18
45;23;18
45;24;18
45;25;18
45;26;18
45;27;18
45;28;3
45;29;3
45;30;3
45;31;3
45;32;3
45;33;3
45;34;3
45;35;3
45;36;3
45;37;3
45;38;3
45;39;3
45;40;3
45;41;3
45;42;3
45;43;3
45;44;3
45;45;3
45;46;3
45;47;3
45;48;3
45;49;3
45;50;3
45;51;3
45;52;3
45;53;3
45;54;3
45;55;3
45;56;3
45;57;3
45;58;3
45;59;3
45;60;3
45;61;3
45;62;3
45;63;3
45;64;3
45;65;3
45;66;3
45;67;23
45;68;23
45;69;23
45;70;23
45;71;23
45;72;23
45;73;23
45;74;23
45;75;23
45;76;23
45;77;23
45;78;23
45;79;23
45;80;23
45;81;23
45;82;23
45;83;23
45;84;23
45;85;23
45;86;23
45;87;23
45;88;23
45;89;23
45;90;23
45;91;23
45;92;4
45;93;4
45;94;4
45;95;4
45;96;4
45;97;4
45;98;4
45;99;4
45;100;4
45;101;4
45;102;4
45;103;4
45;104;4
45;105;4
45;106;4
45;107;4
45;108;4
45;109;4
45;110;4
45;111;4
45;112;4
45;113;4
45;114;4
45;115;4
45;116;4
45;117;4
45;118;4
45;119;4
45;120;4
45;121;4
45;122;4
45;123;4
45;124;31
45;125;31
45;126;31
45;127;31
45;128;31
45;129;31
45;130;31
45;131;31
45;132;31
45;133;31
45;134;31
45;135;31
45;136;31
45;137;31
45;138;31
45;139;31
45;140;31
45;141;31
45;142;31
45;143;31
45;144;31
45;145;31
45;146;31
45;147;31
45;148;31
45;149;31
45;150;31
45;151;31
45;152;31
45;153;31
45;154;31
45;155;31
45;156;31
45;157;31
45;158;31
45;159;31
45;160;31
45;161;31
45;162;31
45;163;31
45;164;31
45;165;31
45;166;31
45;167;31
45;168;31
45;169;15
45;170;15
45;171;15
45;172;15
45;173;15
45;174;15
45;175;15
45;176;15
45;177;15
45;178;15
45;179;15
45;180;15
45;181;15
45;182;15
45;183;15
45;184;15
45;185;15
45;186;15
45;187;15
45;188;15
45;189;15
45;190;15
45;191;15
45;192;15
45;193;15
45;194;15
45;195;44
45;196;44
45;197;44
45;198;44
45;199;44
45;200;44
45;201;44
45;202;44
45;203;44
45;204;44
45;205;44
45;206;44
45;207;44
45;208;44
45;209;44
45;210;44
45;211;44
45;212;44
45;213;44
45;214;44
45;215;44
45;216;44
45;217;44
45;218;44
45;219;44
45;220;44
45;221;44
45;222;44
45;223;44
45;224;44
45;225;44
45;226;44
45;227;44
45;228;44
45;229;22
45;230;22
45;231;22
45;232;22
45;233;22
45;234;22
45;235;22
45;236;22
45;237;22
45;238;11
45;239;11
45;240;11
45;241;11
45;242;11
45;243;11
45;244;11
45;245;11
45;246;11
45;247;11
45;248;11
45;249;11
45;250;11
45;251;11
45;252;11
45;253;11
45;254;11
45;255;11
45;256;11
45;257;11
45;258;31
45;259;31
45;260;31
45;261;31
45;262;31
45;263;31
45;264;31
45;265;31
45;266;31
45;267;31
45;268;31
45;269;31
45;270;31
45;271;31
45;272;31
45;273;31
45;274;31
45;275;31
45;276;34
45;277;34
45;278;34
45;279;34
45;280;34
45;281;34
45;282;34
45;283;34
45;284;34
45;285;34
45;286;34
45;287;34
45;288;8
45;289;8
45;290;8
45;291;8
45;292;8
45;293;8
45;294;8
45;295;8
45;296;8
45;297;8
45;298;8
45;299;8
45;300;8
45;301;8
45;302;8
45;303;8
45;304;8
45;305;8
45;306;8
45;307;8
45;308;8
45;309;8
45;310;8
45;311;8
45;312;8
45;313;8
45;314;8
45;315;6
45;316;6
45;317;6
45;318;6
45;319;6
45;320;6
45;321;6
45;322;6
45;323;6
45;324;6
45;325;6
45;326;44
45;327;44
45;328;44
45;329;44
45;330;44
45;331;44
45;332;44
45;333;44
45;334;44
45;335;44
45;336;44
45;337;24
45;338;24
45;339;24
45;340;24
45;341;24
45;342;24
45;343;24
45;344;24
45;345;24
45;346;24
45;347;24
45;348;24
45;349;24
45;350;24
45;351;24
45;352;24
45;353;24
45;354;24
45;355;24
45;356;24
45;357;24
45;358;24
45;359;24
45;360;41
45;361;41
45;362;41
45;363;41
45;364;41
45;365;41
45;366;41
45;367;41
45;368;41
45;369;41
45;370;41
45;371;41
45;372;41
45;373;41
45;374;41
45;375;41
45;376;41
45;377;41
45;378;41
45;379;41
45;380;41
45;381;41
45;382;41
45;383;41
45;384;41
45;385;41
45;386;41
45;387;41
45;388;41
45;389;41
45;390;41
45;391;41
45;392;41
45;393;41
45;394;41
45;395;41
45;396;41
45;397;41
45;398;41
45;399;41
45;400;41
45;401;17
45;402;17
45;403;17
45;404;17
45;405;17
45;406;17
45;407;17
45;408;17
45;409;17
45;410;17
45;411;17
45;412;17
45;413;17
45;414;17
45;415;17
45;416;17
45;417;17
45;418;17
45;419;17
45;420;17
45;421;17
45;422;17
45;423;17
45;424;17
45;425;17
45;426;17
45;427;17
45;428;17
45;429;17
45;430;9
45;431;9
45;432;9
45;433;9
45;434;9
45;435;9
45;436;9
45;437;9
45;438;9
45;439;9
45;440;9
45;441;9
45;442;9
45;443;9
45;444;9
45;445;9
45;446;2
45;447;2
45;448;2
45;449;2
45;450;2
45;451;49
45;452;49
45;453;49
45;454;49
45;455;49
45;456;49
45;457;49
45;458;49
45;459;49
45;460;49
45;461;49
45;462;49
45;463;49
45;464;49
45;465;49
45;466;49
45;467;49
45;468;49
45;469;49
45;470;49
45;471;49
45;472;49
45;473;49
45;474;49
45;475;49
45;476;49
45;477;49
45;478;49
45;479;49
45;480;27
45;481;27
45;482;27
45;483;27
45;484;27
45;485;27
45;486;27
45;487;27
45;488;27
45;489;27
45;490;27
45;491;27
45;492;27
45;493;27
45;494;27
45;495;27
45;496;27
45;497;27
45;498;27
45;499;27
46;0;30
46;1;30
46;2;18
46;3;18
46;4;18
46;5;18
46;6;18
46;7;18
46;8;18
46;9;18
46;10;18
46;11;18
46;12;18
46;13;18
46;14;18
46;15;18
46;16;18
46;17;18
46;18;18
46;19;18
46;20;18
46;21;18
46;22;18
46;23;18
46;24;18
46;25;18
46;26;18
46;27;18
46;28;3
46;29;3
46;30;3
46;31;3
46;32;3
46;33;3
46;34;3
46;35;3
46;36;3
46;37;3
46;38;3
46;39;3
46;40;3
46;41;3
46;42;3
46;43;3
46;44;3
46;45;3
46;46;3
46;47;3
46;48;3
46;49;3
46;50;3
46;51;3
46;52;3
46;53;3
46;54;3
46;55;3
46;56;3
46;57;3
46;58;3
46;59;3
46;60;3
46;61;3
46;62;3
46;63;3
46;64;3
46;65;3
46;66;3
46;67;3
46;68;23
46;69;23
46;70;23
46;71;23
46;72;23
46;73;23
46;74;23
46;75;23
46;76;23
46;77;23
46;78;23
46;79;23
46;80;23
46;81;23
46;82;23
46;83;23
46;84;23
46;85;23
46;86;23
46;87;23
46;88;23
46;89;23
46;90;23
46;91;23
46;92;4
46;93;4
46;94;4
46;95;4
46;96;4
46;97;4
46;98;4
46;99;4
46;100;4
46;101;4
46;102;4
46;103;4
46;104;4
46;105;4
46;106;4
46;107;4
46;108;4
46;109;4
46;110;4
46;111;4
46;112;4
46;113;4
46;114;4
46;115;4
46;116;4
46;117;4
46;118;4
46;119;4
46;120;4
46;121;4
46;122;4
46;123;4
46;124;4
46;125;31
46;126;31
46;127;31
46;128;31
46;129;31
46;130;31
46;131;31
46;132;31
46;133;31
46;134;31
46;135;31
46;136;31
46;137;31
46;138;31
46;139;31
46;140;31
46;141;31
46;142;31
46;143;31
46;144;31
46;145;31
46;146;31
46;147;31
46;148;31
46;149;31
46;150;31
46;151;31
46;152;31
46;153;31
46;154;31
46;155;31
46;156;31
46;157;31
46;158;31
46;159;31
46;160;31
46;161;31
46;162;31
46;163;31
46;164;31
46;165;31
46;166;31
46;167;31
46;168;15
46;169;15
46;170;15
46;171;15
46;172;15
46;173;15
46;174;15
46;175;15
46;176;15
46;177;15
46;178;15
46;179;15
46;180;15
46;181;15
46;182;15
46;183;15
46;184;15
46;185;15
46;186;15
46;187;15
46;188;15
46;189;15
46;190;15
46;191;15
46;192;15
46;193;15
46;194;15
46;195;15
46;196;44
46;197;44
46;198;44
46;199;44
46;200;44
46;201;44
46;202;44
46;203;44
46;204;44
46;205;44
46;206;44
46;207;44
46;208;44
46;209;44
46;210;44
46;211;44
46;212;44
46;213;44
46;214;44
46;215;44
46;216;44
46;217;44
46;218;44
46;219;44
46;220;44
46;221;44
46;222;44
46;223;44
46;224;44
46;225;44
46;226;44
46;227;44
46;228;44
46;229;44
46;230;22
46;231;22
46;232;22
46;233;22
46;234;22
46;235;22
46;236;22
46;237;22
46;238;11
46;239;11
46;240;11
46;241;11
46;242;11
46;243;11
46;244;11
46;245;11
46;246;11
46;247;11
46;248;11
46;249;11
46;250;11
46;251;11
46;252;11
46;253;11
46;254;11
46;255;11
46;256;11
46;257;11
46;258;31
46;259;31
46;260;31
46;261;31
46;262;31
46;263;31
46;264;31
46;265;31
46;266;31
46;267;31
46;268;31
46;269;31
46;270;31
46;271;31
46;272;31
46;273;31
46;274;31
46;275;31
46;276;31
46;277;34
46;278;34
46;279;34
46;280;34
46;281;34
46;282;34
46;283;34
46;284;34
46;285;34
46;286;34
46;287;34
46;288;34
46;289;8
46;290;8
46;291;8
46;292;8
46;293;8
46;294;8
46;295;8
46;296;8
46;297;8
46;298;8
46;299;8
46;300;8
46;301;8
46;302;8
46;303;8
46;304;8
46;305;8
46;306;8
46;307;8
46;308;8
46;309;8
46;310;8
46;311;8
46;312;8
46;313;8
46;314;8
46;315;8
46;316;6
46;317;6
46;318;6
46;319;6
46;320;6
46;321;6
46;322;6
46;323;6
46;324;6
46;325;44
46;326;44
46;327;44
46;328;44
46;329;44
46;330;44
46;331;44
46;332;44
46;333;44
46;334;44
46;335;44
46;336;44
46;337;44
46;338;24
46;339;24
46;340;24
46;341;24
46;342;24
46;343;24
46;344;24
46;345;24
46;346;24
46;347;24
46;348;24
46;349;24
46;350;24
46;351;24
46;352;24
46;353;24
46;354;24
46;355;24
46;356;24
46;357;24
46;358;24
46;359;24
46;360;41
46;361;41
46;362;41
46;363;41
46;364;41
46;365;41
46;366;41
46;367;41
46;368;41
46;369;41
46;370;41
46;371;41
46;372;41
46;373;41
46;374;41
46;375;41
46;376;41
46;377;41
46;378;41
46;379;41
46;380;41
46;381;41
46;382;41
46;383;41
46;384;41
46;385;41
46;386;41
46;387;41
46;388;41
46;389;41
46;390;41
46;391;41
46;392;41
46;393;41
46;394;41
46;395;41
46;396;41
46;397;41
46;398;41
46;399;41
46;400;41
46;401;17
46;402;17
46;403;17
46;404;17
46;405;17
46;406;17
46;407;17
46;408;17
46;409;17
46;410;17
46;411;17
46;412;17
46;413;17
46;414;17
46;415;17
46;416;17
46;417;17
46;418;17
46;419;17
46;420;17
46;421;17
46;422;17
46;423;17
46;424;17
46;425;17
46;426;17
46;427;17
46;428;17
46;429;17
46;430;9
46;431;9
46;432;9
46;433;9
46;434;9
46;435;9
46;436;9
46;437;9
46;438;9
46;439;9
46;440;9
46;441;9
46;442;9
46;443;9
46;444;9
46;445;9
46;446;9
46;447;2
46;448;2
46;449;2
46;450;2
46;451;2
46;452;2
46;453;49
46;454;49
46;455;49
46;456;49
46;457;49
46;458;49
46;459;49
46;460;49
46;461;49
46;462;49
46;463;49
46;464;49
46;465;49
46;466;49
46;467;49
46;468;49
46;469;49
46;470;49
46;471;49
46;472;49
46;473;49
46;474;49
46;475;49
46;476;49
46;477;49
46;478;49
46;479;49
46;480;27
46;481;27
46;482;27
46;483;27
46;484;27
46;485;27
46;486;27
46;487;27
46;488;27
46;489;27
46;490;27
46;491;27
46;492;27
46;493;27
46;494;27
46;495;27
46;496;27
46;497;27
46;498;27
46;499;27
47;0;30
47;1;30
47;2;30
47;3;30
47;4;18
47;5;18
47;6;18
47;7;18
47;8;18
47;9;18
47;10;18
47;11;18
47;12;18
47;13;18
47;14;18
47;15;18
47;16;18
47;17;18
47;18;18
47;19;18
47;20;18
47;21;18
47;22;18
47;23;18
47;24;18
47;25;18
47;26;18
47;27;28
47;28;28
47;29;3
47;30;3
47;31;3
47;32;3
47;33;3
47;34;3
47;35;3
47;36;3
47;37;3
47;38;3
47;39;3
47;40;3
47;41;3
47;42;3
47;43;3
47;44;3
47;45;3
47;46;3
47;47;3
47;48;3
47;49;3
47;50;3
47;51;3
47;52;3
47;53;3
47;54;3
47;55;3
47;56;3
47;57;3
47;58;3
47;59;3
47;60;3
47;61;3
47;62;3
47;63;3
47;64;3
47;65;3
47;66;3
47;67;3
47;68;3
47;69;23
47;70;23
47;71;23
47;72;23
47;73;23
47;74;23
47;75;23
47;76;23
47;77;23
47;78;23
47;79;23
47;80;23
47;81;23
47;82;23
47;83;23
47;84;23
47;85;23
47;86;23
47;87;23
47;88;23
47;89;23
47;90;23
47;91;23
47;92;4
47;93;4
47;94;4
47;95;4
47;96;4
47;97;4
47;98;4
47;99;4
47;100;4
47;101;4
47;102;4
47;103;4
47;104;4
47;105;4
47;106;4
47;107;4
47;108;4
47;109;4
47;110;4
47;111;4
47;112;4
47;113;4
47;114;4
47;115;4
47;116;4
47;117;4
47;118;4
47;119;4
47;120;4
47;121;4
47;122;4
47;123;4
47;124;4
47;125;4
47;126;31
47;127;31
47;128;31
47;129;31
47;130;31
47;131;31
47;132;31
47;133;31
47;134;31
47;135;31
47;136;31
47;137;31
47;138;31
47;139;31
47;140;31
47;141;31
47;142;31
47;143;31
47;144;31
47;145;31
47;146;31
47;147;31
47;148;31
47;149;31
47;150;31
47;151;31
47;152;31
47;153;31
47;154;31
47;155;31
47;156;31
47;157;31
47;158;31
47;159;31
47;160;31
47;161;31
47;162;31
47;163;31
47;164;31
47;165;31
47;166;31
47;167;31
47;168;15
47;169;15
47;170;15
47;171;15
47;172;15
47;173;15
47;174;15
47;175;15
47;176;15
47;177;15
47;178;15
47;179;15
47;180;15
47;181;15
47;182;15
47;183;15
47;184;15
47;185;15
47;186;15
47;187;15
47;188;15
47;189;15
47;190;15
47;191;15
47;192;15
47;193;15
47;194;15
47;195;15
47;196;15
47;197;44
47;198;44
47;199;44
47;200;44
47;201;44
47;202;44
47;203;44
47;204;44
47;205;44
47;206;44
47;207;44
47;208;44
47;209;44
47;210;44
47;211;44
47;212;44
47;213;44
47;214;44
47;215;44
47;216;44
47;217;44
47;218;44
47;219;44
47;220;44
47;221;44
47;222;44
47;223;44
47;224;44
47;225;44
47;226;44
47;227;44
47;228;44
47;229;44
47;230;44
47;231;22
47;232;22
47;233;22
47;234;22
47;235;22
47;236;22
47;237;22
47;238;11
47;239;11
47;240;11
47;241;11
47;242;11
47;243;11
47;244;11
47;245;11
47;246;11
47;247;11
47;248;11
47;249;11
47;250;11
47;251;11
47;252;11
47;253;11
47;254;11
47;255;11
47;256;11
47;257;11
47;258;11
47;259;31
47;260;31
47;261;31
47;262;31
47;263;31
47;264;31
47;265;31
47;266;31
47;267;31
47;268;31
47;269;31
47;270;31
47;271;31
47;272;31
47;273;31
47;274;31
47;275;31
47;276;31
47;277;31
47;278;34
47;279;34
47;280;34
47;281;34
47;282;48
47;283;48
47;284;48
47;285;48
47;286;48
47;287;48
47;288;48
47;289;48
47;290;48
47;291;48
47;292;48
47;293;8
47;294;8
47;295;8
47;296;8
47;297;8
47;298;8
47;299;8
47;300;8
47;301;8
47;302;8
47;303;8
47;304;8
47;305;8
47;306;8
47;307;8
47;308;8
47;309;8
47;310;8
47;311;8
47;312;8
47;313;8
47;314;8
47;315;8
47;316;8
47;317;6
47;318;6
47;319;6
47;320;6
47;321;6
47;322;6
47;323;6
47;324;44
47;325;44
47;326;44
47;327;44
47;328;44
47;329;44
47;330;44
47;331;44
47;332;44
47;333;44
47;334;44
47;335;44
47;336;44
47;337;44
47;338;44
47;339;24
47;340;24
47;341;24
47;342;24
47;343;24
47;344;24
47;345;24
47;346;24
47;347;24
47;348;24
47;349;24
47;350;24
47;351;24
47;352;24
47;353;24
47;354;24
47;355;24
47;356;24
47;357;24
47;358;24
47;359;24
47;360;41
47;361;41
47;362;41
47;363;41
47;364;41
47;365;41
47;366;41
47;367;41
47;368;41
47;369;41
47;370;41
47;371;41
47;372;41
47;373;41
47;374;41
47;375;41
47;376;41
47;377;41
47;378;41
47;379;41
47;380;41
47;381;41
47;382;41
47;383;41
47;384;41
47;385;41
47;386;41
47;387;41
47;388;41
47;389;41
47;390;41
47;391;41
47;392;41
47;393;41
47;394;41
47;395;41
47;396;41
47;397;41
47;398;41
47;399;41
47;400;41
47;401;41
47;402;17
47;403;17
47;404;17
47;405;17
47;406;17
47;407;17
47;408;17
47;409;17
47;410;17
47;411;17
47;412;17
47;413;17
47;414;17
47;415;17
47;416;17
47;417;17
47;418;17
47;419;17
47;420;17
47;421;17
47;422;17
47;423;17
47;424;17
47;425;17
47;426;17
47;427;17
47;428;17
47;429;17
47;430;9
47;431;9
47;432;9
47;433;9
47;434;9
47;435;9
47;436;9
47;437;9
47;438;9
47;439;9
47;440;9
47;441;9
47;442;9
47;443;9
47;444;9
47;445;9
47;446;9
47;447;2
47;448;2
47;449;2
47;450;2
47;451;2
47;452;2
47;453;2
47;454;2
47;455;49
47;456;49
47;457;49
47;458;49
47;459;49
47;460;49
47;461;49
47;462;49
47;463;49
47;464;49
47;465;49
47;466;49
47;467;49
47;468;49
47;469;49
47;470;49
47;471;49
47;472;49
47;473;49
47;474;49
47;475;49
47;476;49
47;477;49
47;478;49
47;479;49
47;480;49
47;481;27
47;482;27
47;483;27
47;484;27
47;485;27
47;486;27
47;487;27
47;488;27
47;489;27
47;490;27
47;491;27
47;492;27
47;493;27
47;494;27
47;495;27
47;496;27
47;497;27
47;498;27
47;499;27
48;0;30
48;1;30
48;2;30
48;3;30
48;4;30
48;5;30
48;6;18
48;7;18
48;8;18
48;9;18
48;10;18
48;11;18
48;12;18
48;13;18
48;14;18
48;15;18
48;16;18
48;17;18
48;18;18
48;19;18
48;20;18
48;21;18
48;22;18
48;23;18
48;24;18
48;25;18
48;26;28
48;27;28
48;28;28
48;29;28
48;30;28
48;31;3
48;32;3
48;33;3
48;34;3
48;35;3
48;36;3
48;37;3
48;38;3
48;39;3
48;40;3
48;41;3
48;42;3
48;43;3
48;44;3
48;45;3
48;46;3
48;47;3
48;48;3
48;49;3
48;50;3
48;51;3
48;52;3
48;53;3
48;54;3
48;55;3
48;56;3
48;57;3
48;58;3
48;59;3
48;60;3
48;61;3
48;62;3
48;63;3
48;64;3
48;65;3
48;66;3
48;67;3
48;68;3
48;69;23
48;70;23
48;71;23
48;72;23
48;73;23
48;74;23
48;75;23
48;76;23
48;77;23
48;78;23
48;79;23
48;80;23
48;81;23
48;82;23
48;83;23
48;84;23
48;85;23
48;86;23
48;87;23
48;88;23
48;89;23
48;90;23
48;91;4
48;92;4
48;93;4
48;94;4
48;95;4
48;96;4
48;97;4
48;98;4
48;99;4
48;100;4
48;101;4
48;102;4
48;103;4
48;104;4
48;105;4
48;106;4
48;107;4
48;108;4
48;109;4
48;110;4
48;111;4
48;112;4
48;113;4
48;114;4
48;115;4
48;116;4
48;117;4
48;118;4
48;119;4
48;120;4
48;121;4
48;122;4
48;123;4
48;124;4
48;125;4
48;126;4
48;127;31
48;128;31
48;129;31
48;130;31
48;131;31
48;132;31
48;133;31
48;134;31
48;135;31
48;136;31
48;137;31
48;138;31
48;139;31
48;140;31
48;141;31
48;142;31
48;143;31
48;144;31
48;145;31
48;146;31
48;147;31
48;148;31
48;149;31
48;150;31
48;151;31
48;152;31
48;153;31
48;154;31
48;155;31
48;156;31
48;157;31
48;158;31
48;159;31
48;160;31
48;161;31
48;162;31
48;163;31
48;164;31
48;165;31
48;166;31
48;167;31
48;168;15
48;169;15
48;170;15
48;171;15
48;172;15
48;173;15
48;174;15
48;175;15
48;176;15
48;177;15
48;178;15
48;179;15
48;180;15
48;181;15
48;182;15
48;183;15
48;184;15
48;185;15
48;186;15
48;187;15
48;188;15
48;189;15
48;190;15
48;191;15
48;192;15
48;193;15
48;194;15
48;195;15
48;196;15
48;197;15
48;198;44
48;199;44
48;200;44
48;201;44
48;202;44
48;203;44
48;204;44
48;205;44
48;206;44
48;207;44
48;208;44
48;209;44
48;210;44
48;211;44
48;212;44
48;213;44
48;214;44
48;215;44
48;216;44
48;217;44
48;218;44
48;219;44
48;220;44
48;221;44
48;222;44
48;223;44
48;224;44
48;225;44
48;226;44
48;227;44
48;228;44
48;229;44
48;230;44
48;231;44
48;232;22
48;233;22
48;234;22
48;235;22
48;236;22
48;237;22
48;238;11
48;239;11
48;240;11
48;241;11
48;242;11
48;243;11
48;244;11
48;245;11
48;246;11
48;247;11
48;248;11
48;249;11
48;250;11
48;251;11
48;252;11
48;253;11
48;254;11
48;255;11
48;256;11
48;257;11
48;258;11
48;259;31
48;260;31
48;261;31
48;262;31
48;263;31
48;264;31
48;265;31
48;266;31
48;267;31
48;268;31
48;269;31
48;270;31
48;271;31
48;272;31
48;273;31
48;274;31
48;275;31
48;276;31
48;277;31
48;278;31
48;279;34
48;280;34
48;281;48
48;282;48
48;283;48
48;284;48
48;285;48
48;286;48
48;287;48
48;288;48
48;289;48
48;290;48
48;291;48
48;292;48
48;293;48
48;294;48
48;295;48
48;296;48
48;297;48
48;298;48
48;299;48
48;300;48
48;301;48
48;302;48
48;303;48
48;304;48
48;305;48
48;306;48
48;307;48
48;308;48
48;309;48
48;310;48
48;311;48
48;312;48
48;313;48
48;314;48
48;315;48
48;316;48
48;317;48
48;318;6
48;319;6
48;320;6
48;321;6
48;322;6
48;323;44
48;324;44
48;325;44
48;326;44
48;327;44
48;328;44
48;329;44
48;330;44
48;331;44
48;332;44
48;333;44
48;334;44
48;335;44
48;336;44
48;337;44
48;338;44
48;339;44
48;340;24
48;341;24
48;342;24
48;343;24
48;344;24
48;345;24
48;346;24
48;347;24
48;348;24
48;349;24
48;350;24
48;351;24
48;352;24
48;353;24
48;354;24
48;355;24
48;356;24
48;357;24
48;358;24
48;359;24
48;360;41
48;361;41
48;362;41
48;363;41
48;364;41
48;365;41
48;366;41
48;367;41
48;368;41
48;369;41
48;370;41
48;371;41
48;372;41
48;373;41
48;374;41
48;375;41
48;376;41
48;377;41
48;378;41
48;379;41
48;380;41
48;381;41
48;382;41
48;383;41
48;384;41
48;385;41
48;386;41
48;387;41
48;388;41
48;389;41
48;390;41
48;391;41
48;392;41
48;393;41
48;394;41
48;395;41
48;396;41
48;397;41
48;398;41
48;399;41
48;400;41
48;401;41
48;402;17
48;403;17
48;404;17
48;405;17
48;406;17
48;407;17
48;408;17
48;409;17
48;410;17
48;411;17
48;412;17
48;413;17
48;414;17
48;415;17
48;416;17
48;417;17
48;418;17
48;419;17
48;420;17
48;421;17
48;422;17
48;423;17
48;424;17
48;425;17
48;426;17
48;427;17
48;428;17
48;429;17
48;430;9
48;431;9
48;432;9
48;433;9
48;434;9
48;435;9
48;436;9
48;437;9
48;438;9
48;439;9
48;440;9
48;441;9
48;442;9
48;443;9
48;444;9
48;445;9
48;446;9
48;447;9
48;448;2
48;449;2
48;450;2
48;451;2
48;452;2
48;453;2
48;454;2
48;455;2
48;456;2
48;457;49
48;458;49
48;459;49
48;460;49
48;461;49
48;462;49
48;463;49
48;464;49
48;465;49
48;466;49
48;467;49
48;468;49
48;469;49
48;470;49
48;471;49
48;472;49
48;473;49
48;474;49
48;475;49
48;476;49
48;477;49
48;478;49
48;479;49
48;480;49
48;481;27
48;482;27
48;483;27
48;484;27
48;485;27
48;486;27
48;487;27
48;488;27
48;489;27
48;490;27
48;491;27
48;492;27
48;493;27
48;494;27
48;495;27
48;496;27
48;497;27
48;498;27
48;499;27
49;0;30
49;1;30
49;2;30
49;3;30
49;4;30
49;5;30
49;6;30
49;7;30
49;8;18
49;9;18
49;10;18
49;11;18
49;12;18
49;13;18
49;14;18
49;15;18
49;16;18
49;17;18
49;18;18
49;19;18
49;20;28
49;21;28
49;22;28
49;23;28
49;24;28
49;25;28
49;26;28
49;27;28
49;28;28
49;29;28
49;30;28
49;31;28
49;32;28
49;33;3
49;34;3
49;35;3
49;36;3
49;37;3
49;38;3
49;39;3
49;40;3
49;41;3
49;42;3
49;43;3
49;44;3
49;45;3
49;46;3
49;47;3
49;48;3
49;49;3
49;50;3
49;51;3
49;52;3
49;53;3
49;54;3
49;55;3
49;56;3
49;57;3
49;58;3
49;59;3
49;60;3
49;61;3
49;62;3
49;63;3
49;64;3
49;65;3
49;66;3
49;67;3
49;68;3
49;69;3
49;70;23
49;71;23
49;72;23
49;73;23
49;74;23
49;75;23
49;76;23
49;77;23
49;78;23
49;79;23
49;80;23
49;81;23
49;82;23
49;83;23
49;84;13
49;85;13
49;86;13
49;87;13
49;88;13
49;89;13
49;90;13
49;91;4
49;92;4
49;93;4
49;94;4
49;95;4
49;96;4
49;97;4
49;98;4
49;99;4
49;100;4
49;101;4
49;102;4
49;103;4
49;104;4
49;105;4
49;106;4
49;107;4
49;108;4
49;109;4
49;110;4
49;111;4
49;112;4
49;113;4
49;114;4
49;115;4
49;116;4
49;117;4
49;118;4
49;119;4
49;120;4
49;121;4
49;122;4
49;123;4
49;124;4
49;125;4
49;126;4
49;127;4
49;128;31
49;129;31
49;130;31
49;131;31
49;132;31
49;133;31
49;134;31
49;135;31
49;136;31
49;137;31
49;138;31
49;139;31
49;140;31
49;141;31
49;142;31
49;143;31
49;144;31
49;145;31
49;146;31
49;147;31
49;148;31
49;149;31
49;150;31
49;151;31
49;152;31
49;153;31
49;154;31
49;155;31
49;156;31
49;157;31
49;158;31
49;159;31
49;160;31
49;161;31
49;162;31
49;163;31
49;164;31
49;165;31
49;166;31
49;167;31
49;168;15
49;169;15
49;170;15
49;171;15
49;172;15
49;173;15
49;174;15
49;175;15
49;176;15
49;177;15
49;178;15
49;179;15
49;180;15
49;181;15
49;182;15
49;183;15
49;184;15
49;185;15
49;186;15
49;187;15
49;188;15
49;189;15
49;190;15
49;191;15
49;192;15
49;193;15
49;194;15
49;195;15
49;196;15
49;197;15
49;198;15
49;199;44
49;200;44
49;201;44
49;202;44
49;203;44
49;204;44
49;205;44
49;206;44
49;207;44
49;208;44
49;209;44
49;210;44
49;211;44
49;212;44
49;213;44
49;214;44
49;215;44
49;216;44
49;217;44
49;218;44
49;219;44
49;220;44
49;221;44
49;222;44
49;223;44
49;224;44
49;225;44
49;226;44
49;227;44
49;228;44
49;229;44
49;230;44
49;231;44
49;232;44
49;233;22
49;234;22
49;235;22
49;236;22
49;237;22
49;238;11
49;239;11
49;240;11
49;241;11
49;242;11
49;243;11
49;244;11
49;245;11
49;246;11
49;247;11
49;248;11
49;249;11
49;250;11
49;251;11
49;252;11
49;253;11
49;254;11
49;255;11
49;256;11
49;257;11
49;258;11
49;259;11
49;260;31
49;261;31
49;262;31
49;263;31
49;264;31
49;265;31
49;266;31
49;267;31
49;268;31
49;269;31
49;270;31
49;271;31
49;272;31
49;273;31
49;274;31
49;275;31
49;276;31
49;277;31
49;278;31
49;279;31
49;280;48
49;281;48
49;282;48
49;283;48
49;284;48
49;285;48
49;286;48
49;287;48
49;288;48
49;289;48
49;290;48
49;291;48
49;292;48
49;293;48
49;294;48
49;295;48
49;296;48
49;297;48
49;298;48
49;299;48
49;300;48
49;301;48
49;302;48
49;303;48
49;304;48
49;305;48
49;306;48
49;307;48
49;308;48
49;309;48
49;310;48
49;311;48
49;312;48
49;313;48
49;314;48
49;315;48
49;316;48
49;317;48
49;318;48
49;319;48
49;320;48
49;321;48
49;322;48
49;323;44
49;324;44
49;325;44
49;326;44
49;327;44
49;328;44
49;329;44
49;330;44
49;331;44
49;332;44
49;333;44
49;334;44
49;335;44
49;336;44
49;337;44
49;338;44
49;339;44
49;340;44
49;341;24
49;342;24
49;343;24
49;344;24
49;345;24
49;346;24
49;347;24
49;348;24
49;349;24
49;350;24
49;351;24
49;352;24
49;353;24
49;354;24
49;355;24
49;356;24
49;357;24
49;358;24
49;359;24
49;360;41
49;361;41
49;362;41
49;363;41
49;364;41
49;365;41
49;366;41
49;367;41
49;368;41
49;369;41
49;370;41
49;371;41
49;372;41
49;373;41
49;374;41
49;375;41
49;376;41
49;377;41
49;378;41
49;379;41
49;380;41
49;381;41
49;382;41
49;383;41
49;384;41
49;385;41
49;386;41
49;387;41
49;388;41
49;389;41
49;390;41
49;391;41
49;392;41
49;393;41
49;394;41
49;395;41
49;396;41
49;397;41
49;398;41
49;399;41
49;400;41
49;401;41
49;402;41
49;403;17
49;404;17
49;405;17
49;406;17
49;407;17
49;408;17
49;409;17
49;410;17
49;411;17
49;412;17
49;413;17
49;414;17
49;415;17
49;416;17
49;417;17
49;418;17
49;419;17
49;420;17
49;421;17
49;422;17
49;423;17
49;424;17
49;425;17
49;426;17
49;427;17
49;428;17
49;429;17
49;430;9
49;431;9
49;432;9
49;433;9
49;434;9
49;435;9
49;436;9
49;437;9
49;438;9
49;439;9
49;440;9
49;441;9
49;442;9
49;443;9
49;444;9
49;445;9
49;446;9
49;447;9
49;448;2
49;449;2
49;450;2
49;451;2
49;452;2
49;453;2
49;454;2
49;455;2
49;456;2
49;457;2
49;458;2
49;459;2
49;460;2
49;461;2
49;462;49
49;463;49
49;464;49
49;465;49
49;466;49
49;467;49
49;468;49
49;469;49
49;470;49
49;471;49
49;472;49
49;473;49
49;474;49
49;475;49
49;476;49
49;477;49
49;478;49
49;479;49
49;480;49
49;481;23
49;482;23
49;483;23
49;484;23
49;485;27
49;486;27
49;487;27
49;488;27
49;489;27
49;490;27
49;491;27
49;492;27
49;493;27
49;494;27
49;495;27
49;496;27
49;497;27
49;498;27
49;499;27
50;0;30
50;1;30
50;2;30
50;3;30
50;4;30
50;5;30
50;6;30
50;7;30
50;8;30
50;9;18
50;10;18
50;11;18
50;12;18
50;13;18
50;14;18
50;15;18
50;16;18
50;17;18
50;18;18
50;19;28
50;20;28
50;21;28
50;22;28
50;23;28
50;24;28
50;25;28
50;26;28
50;27;28
50;28;28
50;29;28
50;30;28
50;31;28
50;32;28
50;33;28
50;34;28
50;35;3
50;36;3
50;37;3
50;38;3
50;39;3
50;40;3
50;41;3
50;42;3
50;43;3
50;44;3
50;45;3
50;46;3
50;47;3
50;48;3
50;49;3
50;50;3
50;51;3
50;52;3
50;53;3
50;54;3
50;55;3
50;56;3
50;57;3
50;58;3
50;59;3
50;60;3
50;61;3
50;62;3
50;63;3
50;64;3
50;65;3
50;66;3
50;67;3
50;68;3
50;69;3
50;70;23
50;71;23
50;72;23
50;73;23
50;74;23
50;75;23
50;76;23
50;77;23
50;78;23
50;79;23
50;80;23
50;81;23
50;82;23
50;83;13
50;84;13
50;85;13
50;86;13
50;87;13
50;88;13
50;89;13
50;90;13
50;91;13
50;92;4
50;93;4
50;94;4
50;95;4
50;96;4
50;97;4
50;98;4
50;99;4
50;100;4
50;101;4
50;102;4
50;103;4
50;104;4
50;105;4
50;106;4
50;107;4
50;108;4
50;109;4
50;110;4
50;111;4
50;112;4
50;113;4
50;114;4
50;115;4
50;116;4
50;117;4
50;118;4
50;119;4
50;120;4
50;121;4
50;122;4
50;123;4
50;124;4
50;125;4
50;126;4
50;127;4
50;128;4
50;129;31
50;130;31
50;131;31
50;132;31
50;133;31
50;134;31
50;135;31
50;136;31
50;137;31
50;138;31
50;139;31
50;140;31
50;141;31
50;142;31
50;143;31
50;144;31
50;145;31
50;146;31
50;147;31
50;148;31
50;149;31
50;150;31
50;151;31
50;152;31
50;153;31
50;154;31
50;155;31
50;156;31
50;157;31
50;158;31
50;159;31
50;160;31
50;161;31
50;162;31
50;163;31
50;164;31
50;165;31
50;166;31
50;167;31
50;168;15
50;169;15
50;170;15
50;171;15
50;172;15
50;173;15
50;174;15
50;175;15
50;176;15
50;177;15
50;178;15
50;179;15
50;180;15
50;181;15
50;182;15
50;183;15
50;184;15
50;185;15
50;186;15
50;187;15
50;188;15
50;189;15
50;190;15
50;191;15
50;192;15
50;193;15
50;194;15
50;195;15
50;196;15
50;197;15
50;198;15
50;199;15
50;200;44
50;201;44
50;202;44
50;203;44
50;204;44
50;205;44
50;206;44
50;207;44
50;208;44
50;209;44
50;210;44
50;211;44
50;212;44
50;213;44
50;214;44
50;215;44
50;216;44
50;217;44
50;218;44
50;219;44
50;220;44
50;221;44
50;222;44
50;223;44
50;224;44
50;225;44
50;226;44
50;227;44
50;228;44
50;229;44
50;230;44
50;231;44
50;232;44
50;233;44
50;234;22
50;235;22
50;236;22
50;237;22
50;238;11
50;239;11
50;240;11
50;241;11
50;242;11
50;243;11
50;244;11
50;245;11
50;246;11
50;247;11
50;248;11
50;249;11
50;250;11
50;251;11
50;252;11
50;253;11
50;254;11
50;255;11
50;256;11
50;257;11
50;258;11
50;259;11
50;260;31
50;261;31
50;262;31
50;263;31
50;264;31
50;265;31
50;266;31
50;267;31
50;268;31
50;269;31
50;270;31
50;271;31
50;272;31
50;273;31
50;274;31
50;275;31
50;276;31
50;277;31
50;278;31
50;279;31
50;280;31
50;281;48
50;282;48
50;283;48
50;284;48
50;285;48
50;286;48
50;287;48
50;288;48
50;289;48
50;290;48
50;291;48
50;292;48
50;293;48
50;294;48
50;295;48
50;296;48
50;297;48
50;298;48
50;299;48
50;300;48
50;301;48
50;302;48
50;303;48
50;304;48
50;305;48
50;306;48
50;307;48
50;308;48
50;309;48
50;310;48
50;311;48
50;312;48
50;313;48
50;314;48
50;315;48
50;316;48
50;317;48
50;318;48
50;319;48
50;320;48
50;321;48
50;322;48
50;323;44
50;324;44
50;325;44
50;326;44
50;327;44
50;328;44
50;329;44
50;330;44
50;331;44
50;332;44
50;333;44
50;334;44
50;335;44
50;336;44
50;337;44
50;338;44
50;339;44
50;340;44
50;341;44
50;342;24
50;343;24
50;344;24
50;345;24
50;346;24
50;347;24
50;348;24
50;349;24
50;350;24
50;351;24
50;352;24
50;353;24
50;354;24
50;355;24
50;356;24
50;357;24
50;358;24
50;359;24
50;360;41
50;361;41
50;362;41
50;363;41
50;364;41
50;365;41
50;366;41
50;367;41
50;368;41
50;369;41
50;370;41
50;371;41
50;372;41
50;373;41
50;374;41
50;375;41
50;376;41
50;377;41
50;378;41
50;379;41
50;380;41
50;381;41
50;382;41
50;383;41
50;384;41
50;385;41
50;386;41
50;387;41
50;388;41
50;389;41
50;390;41
50;391;41
50;392;41
50;393;41
50;394;41
50;395;41
50;396;41
50;397;41
50;398;41
50;399;41
50;400;41
50;401;41
50;402;41
50;403;17
50;404;17
50;405;17
50;406;17
50;407;17
50;408;17
50;409;17
50;410;17
50;411;17
50;412;17
50;413;17
50;414;17
50;415;17
50;416;17
50;417;17
50;418;17
50;419;17
50;420;17
50;421;17
50;422;17
50;423;17
50;424;17
50;425;17
50;426;17
50;427;17
50;428;17
50;429;17
50;430;9
50;431;9
50;432;9
50;433;9
50;434;9
50;435;9
50;436;9
50;437;9
50;438;9
50;439;9
50;440;9
50;441;9
50;442;9
50;443;9
50;444;9
50;445;9
50;446;9
50;447;9
50;448;9
50;449;2
50;450;2
50;451;2
50;452;2
50;453;2
50;454;2
50;455;2
50;456;2
50;457;2
50;458;2
50;459;2
50;460;2
50;461;2
50;462;2
50;463;2
50;464;49
50;465;49
50;466;49
50;467;49
50;468;49
50;469;49
50;470;49
50;471;49
50;472;49
50;473;49
50;474;49
50;475;49
50;476;49
50;477;49
50;478;49
50;479;49
50;480;23
50;481;23
50;482;23
50;483;23
50;484;23
50;485;23
50;486;23
50;487;27
50;488;27
50;489;27
50;490;27
50;491;27
50;492;27
50;493;27
50;494;27
50;495;27
50;496;27
50;497;27
50;498;27
50;499;27
51;0;30
51;1;30
51;2;30
51;3;30
51;4;30
51;5;30
51;6;30
51;7;30
51;8;30
51;9;30
51;10;18
51;11;18
51;12;18
51;13;18
51;14;18
51;15;18
51;16;18
51;17;18
51;18;28
51;19;28
51;20;28
51;21;28
51;22;28
51;23;28
51;24;28
51;25;28
51;26;28
51;27;28
51;28;28
51;29;28
51;30;28
51;31;28
51;32;28
51;33;28
51;34;28
51;35;28
51;36;28
51;37;3
51;38;3
51;39;3
51;40;3
51;41;3
51;42;3
51;43;3
51;44;3
51;45;3
51;46;3
51;47;3
51;48;3
51;49;3
51;50;3
51;51;3
51;52;3
51;53;3
51;54;3
51;55;3
51;56;3
51;57;3
51;58;3
51;59;3
51;60;3
51;61;3
51;62;3
51;63;3
51;64;3
51;65;3
51;66;3
51;67;3
51;68;3
51;69;3
51;70;3
51;71;23
51;72;23
51;73;23
51;74;23
51;75;23
51;76;23
51;77;23
51;78;23
51;79;23
51;80;23
51;81;23
51;82;13
51;83;13
51;84;13
51;85;13
51;86;13
51;87;13
51;88;13
51;89;13
51;90;13
51;91;13
51;92;13
51;93;4
51;94;4
51;95;4
51;96;4
51;97;4
51;98;4
51;99;4
51;100;4
51;101;4
51;102;4
51;103;4
51;104;4
51;105;4
51;106;4
51;107;4
51;108;4
51;109;4
51;110;4
51;111;4
51;112;4
51;113;4
51;114;4
51;115;4
51;116;4
51;117;4
51;118;4
51;119;4
51;120;4
51;121;4
51;122;4
51;123;4
51;124;4
51;125;4
51;126;4
51;127;4
51;128;4
51;129;4
51;130;31
51;131;31
51;132;31
51;133;31
51;134;31
51;135;31
51;136;31
51;137;31
51;138;31
51;139;31
51;140;31
51;141;31
51;142;31
51;143;31
51;144;31
51;145;31
51;146;31
51;147;31
51;148;31
51;149;31
51;150;31
51;151;31
51;152;31
51;153;31
51;154;31
51;155;31
51;156;31
51;157;31
51;158;31
51;159;31
51;160;31
51;161;31
51;162;31
51;163;31
51;164;31
51;165;31
51;166;31
51;167;31
51;168;15
51;169;15
51;170;15
51;171;15
51;172;15
51;173;15
51;174;15
51;175;15
51;176;15
51;177;15
51;178;15
51;179;15
51;180;15
51;181;15
51;182;15
51;183;15
51;184;15
51;185;15
51;186;15
51;187;15
51;188;15
51;189;15
51;190;15
51;191;15
51;192;15
51;193;15
51;194;15
51;195;15
51;196;15
51;197;15
51;198;15
51;199;15
51;200;15
51;201;44
51;202;44
51;203;44
51;204;44
51;205;44
51;206;44
51;207;44
51;208;44
51;209;44
51;210;44
51;211;44
51;212;44
51;213;44
51;214;44
51;215;44
51;216;44
51;217;44
51;218;44
51;219;44
51;220;44
51;221;44
51;222;44
51;223;44
51;224;44
51;225;44
51;226;44
51;227;44
51;228;44
51;229;44
51;230;44
51;231;44
51;232;44
51;233;44
51;234;44
51;235;22
51;236;22
51;237;22
51;238;11
51;239;11
51;240;11
51;241;11
51;242;11
51;243;11
51;244;11
51;245;11
51;246;11
51;247;11
51;248;11
51;249;11
51;250;11
51;251;11
51;252;11
51;253;11
51;254;11
51;255;11
51;256;11
51;257;11
51;258;11
51;259;11
51;260;31
51;261;31
51;262;31
51;263;31
51;264;31
51;265;31
51;266;31
51;267;31
51;268;31
51;269;31
51;270;31
51;271;31
51;272;31
51;273;31
51;274;31
51;275;31
51;276;31
51;277;31
51;278;31
51;279;31
51;280;31
51;281;48
51;282;48
51;283;48
51;284;48
51;285;48
51;286;48
51;287;48
51;288;48
51;289;48
51;290;48
51;291;48
51;292;48
51;293;48
51;294;48
51;295;48
51;296;48
51;297;48
51;298;48
51;299;48
51;300;48
51;301;48
51;302;48
51;303;48
51;304;48
51;305;48
51;306;48
51;307;48
51;308;48
51;309;48
51;310;48
51;311;48
51;312;48
51;313;48
51;314;48
51;315;48
51;316;48
51;317;48
51;318;48
51;319;48
51;320;48
51;321;48
51;322;48
51;323;44
51;324;44
51;325;44
51;326;44
51;327;44
51;328;44
51;329;44
51;330;44
51;331;44
51;332;44
51;333;44
51;334;44
51;335;44
51;336;44
51;337;44
51;338;44
51;339;44
51;340;44
51;341;44
51;342;44
51;343;24
51;344;24
51;345;24
51;346;24
51;347;24
51;348;24
51;349;24
51;350;24
51;351;24
51;352;24
51;353;24
51;354;24
51;355;24
51;356;24
51;357;24
51;358;24
51;359;24
51;360;41
51;361;41
51;362;41
51;363;41
51;364;41
51;365;41
51;366;41
51;367;41
51;368;41
51;369;41
51;370;41
51;371;41
51;372;41
51;373;41
51;374;41
51;375;41
51;376;41
51;377;41
51;378;41
51;379;41
51;380;41
51;381;41
51;382;41
51;383;41
51;384;41
51;385;41
51;386;41
51;387;41
51;388;41
51;389;41
51;390;41
51;391;41
51;392;41
51;393;41
51;394;41
51;395;41
51;396;41
51;397;41
51;398;41
51;399;41
51;400;41
51;401;41
51;402;41
51;403;41
51;404;41
51;405;41
51;406;17
51;407;17
51;408;17
51;409;17
51;410;17
51;411;17
51;412;17
51;413;17
51;414;17
51;415;17
51;416;17
51;417;17
51;418;17
51;419;17
51;420;17
51;421;17
51;422;17
51;423;17
51;424;17
51;425;17
51;426;17
51;427;17
51;428;17
51;429;17
51;430;9
51;431;9
51;432;9
51;433;9
51;434;9
51;435;9
51;436;9
51;437;9
51;438;9
51;439;9
51;440;9
51;441;9
51;442;9
51;443;9
51;444;9
51;445;9
51;446;9
51;447;9
51;448;9
51;449;2
51;450;2
51;451;2
51;452;2
51;453;2
51;454;2
51;455;2
51;456;2
51;457;2
51;458;2
51;459;2
51;460;2
51;461;2
51;462;2
51;463;2
51;464;2
51;465;2
51;466;49
51;467;49
51;468;49
51;469;49
51;470;49
51;471;49
51;472;49
51;473;49
51;474;49
51;475;49
51;476;49
51;477;49
51;478;49
51;479;23
51;480;23
51;481;23
51;482;23
51;483;23
51;484;23
51;485;23
51;486;23
51;487;23
51;488;23
51;489;27
51;490;27
51;491;27
51;492;27
51;493;27
51;494;27
51;495;27
51;496;27
51;497;27
51;498;27
51;499;27
52;0;30
52;1;30
52;2;30
52;3;30
52;4;30
52;5;30
52;6;30
52;7;30
52;8;30
52;9;30
52;10;30
52;11;30
52;12;18
52;13;18
52;14;18
52;15;18
52;16;18
52;17;28
52;18;28
52;19;28
52;20;28
52;21;28
52;22;28
52;23;28
52;24;28
52;25;28
52;26;28
52;27;28
52;28;28
52;29;28
52;30;28
52;31;28
52;32;28
52;33;28
52;34;28
52;35;28
52;36;28
52;37;28
52;38;3
52;39;3
52;40;3
52;41;3
52;42;3
52;43;3
52;44;3
52;45;3
52;46;3
52;47;3
52;48;3
52;49;3
52;50;3
52;51;3
52;52;3
52;53;3
52;54;3
52;55;3
52;56;3
52;57;3
52;58;3
52;59;3
52;60;3
52;61;3
52;62;3
52;63;3
52;64;3
52;65;3
52;66;3
52;67;3
52;68;3
52;69;3
52;70;3
52;71;23
52;72;23
52;73;23
52;74;23
52;75;23
52;76;23
52;77;23
52;78;23
52;79;23
52;80;23
52;81;13
52;82;13
52;83;13
52;84;13
52;85;13
52;86;13
52;87;13
52;88;13
52;89;13
52;90;13
52;91;13
52;92;13
52;93;13
52;94;4
52;95;4
52;96;4
52;97;4
52;98;4
52;99;4
52;100;4
52;101;4
52;102;4
52;103;4
52;104;4
52;105;4
52;106;4
52;107;4
52;108;4
52;109;4
52;110;4
52;111;4
52;112;4
52;113;4
52;114;4
52;115;4
52;116;4
52;117;4
52;118;4
52;119;4
52;120;4
52;121;4
52;122;4
52;123;4
52;124;4
52;125;4
52;126;4
52;127;4
52;128;4
52;129;4
52;130;4
52;131;51
52;132;51
52;133;51
52;134;51
52;135;51
52;136;51
52;137;51
52;138;51
52;139;51
52;140;51
52;141;51
52;142;51
52;143;51
52;144;51
52;145;51
52;146;51
52;147;51
52;148;51
52;149;51
52;150;51
52;151;51
52;152;31
52;153;31
52;154;31
52;155;31
52;156;31
52;157;31
52;158;31
52;159;31
52;160;31
52;161;31
52;162;31
52;163;31
52;164;31
52;165;31
52;166;31
52;167;31
52;168;15
52;169;15
52;170;15
52;171;15
52;172;15
52;173;15
52;174;15
52;175;15
52;176;15
52;177;15
52;178;15
52;179;15
52;180;15
52;181;15
52;182;15
52;183;15
52;184;15
52;185;15
52;186;15
52;187;15
52;188;15
52;189;15
52;190;15
52;191;15
52;192;15
52;193;15
52;194;15
52;195;15
52;196;15
52;197;15
52;198;15
52;199;15
52;200;15
52;201;15
52;202;44
52;203;44
52;204;44
52;205;44
52;206;44
52;207;44
52;208;44
52;209;44
52;210;44
52;211;44
52;212;44
52;213;44
52;214;44
52;215;44
52;216;44
52;217;44
52;218;44
52;219;44
52;220;44
52;221;44
52;222;44
52;223;44
52;224;44
52;225;44
52;226;44
52;227;44
52;228;44
52;229;44
52;230;44
52;231;44
52;232;44
52;233;44
52;234;44
52;235;44
52;236;22
52;237;22
52;238;11
52;239;11
52;240;11
52;241;11
52;242;11
52;243;11
52;244;11
52;245;11
52;246;11
52;247;11
52;248;11
52;249;11
52;250;11
52;251;11
52;252;11
52;253;11
52;254;11
52;255;11
52;256;11
52;257;11
52;258;11
52;259;11
52;260;31
52;261;31
52;262;31
52;263;31
52;264;31
52;265;31
52;266;31
52;267;31
52;268;31
52;269;31
52;270;31
52;271;31
52;272;31
52;273;31
52;274;31
52;275;31
52;276;31
52;277;31
52;278;31
52;279;31
52;280;31
52;281;31
52;282;48
52;283;48
52;284;48
52;285;48
52;286;48
52;287;48
52;288;48
52;289;48
52;290;48
52;291;48
52;292;48
52;293;48
52;294;48
52;295;48
52;296;48
52;297;48
52;298;48
52;299;48
52;300;48
52;301;48
52;302;48
52;303;48
52;304;48
52;305;48
52;306;48
52;307;48
52;308;48
52;309;48
52;310;48
52;311;48
52;312;48
52;313;48
52;314;48
52;315;48
52;316;48
52;317;48
52;318;48
52;319;48
52;320;48
52;321;48
52;322;48
52;323;44
52;324;44
52;325;44
52;326;44
52;327;44
52;328;44
52;329;44
52;330;44
52;331;44
52;332;44
52;333;44
52;334;44
52;335;44
52;336;44
52;337;44
52;338;44
52;339;44
52;340;44
52;341;44
52;342;44
52;343;44
52;344;24
52;345;24
52;346;24
52;347;24
52;348;24
52;349;24
52;350;24
52;351;24
52;352;24
52;353;24
52;354;24
52;355;24
52;356;24
52;357;24
52;358;24
52;359;24
52;360;41
52;361;41
52;362;41
52;363;41
52;364;41
52;365;41
52;366;41
52;367;41
52;368;41
52;369;41
52;370;41
52;371;41
52;372;41
52;373;41
52;374;41
52;375;41
52;376;41
52;377;41
52;378;41
52;379;41
52;380;41
52;381;41
52;382;41
52;383;41
52;384;41
52;385;41
52;386;41
52;387;41
52;388;41
52;389;41
52;390;41
52;391;41
52;392;41
52;393;41
52;394;41
52;395;41
52;396;41
52;397;41
52;398;41
52;399;41
52;400;41
52;401;41
52;402;41
52;403;41
52;404;41
52;405;41
52;406;41
52;407;41
52;408;17
52;409;17
52;410;17
52;411;17
52;412;17
52;413;17
52;414;17
52;415;17
52;416;17
52;417;17
52;418;17
52;419;17
52;420;17
52;421;17
52;422;17
52;423;17
52;424;17
52;425;17
52;426;17
52;427;17
52;428;17
52;429;17
52;430;9
52;431;9
52;432;9
52;433;9
52;434;9
52;435;9
52;436;9
52;437;9
52;438;9
52;439;9
52;440;9
52;441;9
52;442;9
52;443;9
52;444;9
52;445;9
52;446;9
52;447;9
52;448;9
52;449;9
52;450;2
52;451;2
52;452;2
52;453;2
52;454;2
52;455;2
52;456;2
52;457;2
52;458;2
52;459;2
52;460;2
52;461;2
52;462;2
52;463;2
52;464;2
52;465;2
52;466;2
52;467;2
52;468;49
52;469;49
52;470;49
52;471;49
52;472;49
52;473;49
52;474;49
52;475;49
52;476;49
52;477;49
52;478;23
52;479;23
52;480;23
52;481;23
52;482;23
52;483;23
52;484;23
52;485;23
52;486;23
52;487;23
52;488;23
52;489;23
52;490;23
52;491;27
52;492;27
52;493;27
52;494;27
52;495;27
52;496;27
52;497;27
52;498;27
52;499;27
53;0;30
53;1;30
53;2;30
53;3;30
53;4;30
53;5;30
53;6;30
53;7;30
53;8;30
53;9;30
53;10;30
53;11;30
53;12;30
53;13;30
53;14;18
53;15;18
53;16;28
53;17;28
53;18;28
53;19;28
53;20;28
53;21;28
53;22;28
53;23;28
53;24;28
53;25;28
53;26;28
53;27;28
53;28;28
53;29;28
53;30;28
53;31;28
53;32;28
53;33;28
53;34;28
53;35;28
53;36;28
53;37;28
53;38;28
53;39;3
53;40;3
53;41;3
53;42;3
53;43;3
53;44;3
53;45;3
53;46;3
53;47;3
53;48;3
53;49;3
53;50;3
53;51;3
53;52;3
53;53;3
53;54;3
53;55;3
53;56;3
53;57;3
53;58;3
53;59;3
53;60;3
53;61;3
53;62;3
53;63;3
53;64;3
53;65;3
53;66;3
53;67;3
53;68;3
53;69;3
53;70;3
53;71;3
53;72;23
53;73;23
53;74;23
53;75;23
53;76;23
53;77;23
53;78;23
53;79;23
53;80;13
53;81;13
53;82;13
53;83;13
53;84;13
53;85;13
53;86;13
53;87;13
53;88;13
53;89;13
53;90;13
53;91;13
53;92;13
53;93;13
53;94;13
53;95;4
53;96;4
53;97;4
53;98;4
53;99;4
53;100;4
53;101;4
53;102;4
53;103;4
53;104;4
53;105;4
53;106;4
53;107;4
53;108;4
53;109;4
53;110;4
53;111;4
53;112;4
53;113;4
53;114;4
53;115;4
53;116;4
53;117;4
53;118;4
53;119;4
53;120;4
53;121;4
53;122;4
53;123;4
53;124;4
53;125;4
53;126;4
53;127;4
53;128;4
53;129;4
53;130;4
53;131;4
53;132;51
53;133;51
53;134;51
53;135;51
53;136;51
53;137;51
53;138;51
53;139;51
53;140;51
53;141;51
53;142;51
53;143;51
53;144;51
53;145;51
53;146;51
53;147;51
53;148;51
53;149;51
53;150;51
53;151;51
53;152;51
53;153;51
53;154;51
53;155;51
53;156;51
53;157;51
53;158;51
53;159;51
53;160;51
53;161;51
53;162;51
53;163;51
53;164;51
53;165;51
53;166;51
53;167;51
53;168;15
53;169;15
53;170;15
53;171;15
53;172;15
53;173;15
53;174;15
53;175;15
53;176;15
53;177;15
53;178;15
53;179;15
53;180;15
53;181;15
53;182;15
53;183;15
53;184;15
53;185;15
53;186;15
53;187;15
53;188;15
53;189;15
53;190;15
53;191;15
53;192;15
53;193;15
53;194;15
53;195;15
53;196;15
53;197;15
53;198;15
53;199;15
53;200;15
53;201;15
53;202;15
53;203;44
53;204;44
53;205;44
53;206;44
53;207;44
53;208;44
53;209;44
53;210;44
53;211;44
53;212;44
53;213;44
53;214;44
53;215;44
53;216;44
53;217;44
53;218;44
53;219;44
53;220;44
53;221;44
53;222;44
53;223;44
53;224;44
53;225;44
53;226;44
53;227;44
53;228;44
53;229;44
53;230;44
53;231;44
53;232;44
53;233;44
53;234;44
53;235;44
53;236;44
53;237;22
53;238;11
53;239;11
53;240;11
53;241;11
53;242;11
53;243;11
53;244;11
53;245;11
53;246;11
53;247;11
53;248;11
53;249;11
53;250;11
53;251;11
53;252;11
53;253;11
53;254;11
53;255;11
53;256;11
53;257;11
53;258;11
53;259;11
53;260;31
53;261;31
53;262;31
53;263;31
53;264;31
53;265;31
53;266;31
53;267;31
53;268;31
53;269;31
53;270;31
53;271;31
53;272;31
53;273;31
53;274;31
53;275;31
53;276;31
53;277;31
53;278;31
53;279;31
53;280;31
53;281;31
53;282;48
53;283;48
53;284;48
53;285;48
53;286;48
53;287;48
53;288;48
53;289;48
53;290;48
53;291;48
53;292;48
53;293;48
53;294;48
53;295;48
53;296;48
53;297;48
53;298;48
53;299;48
53;300;48
53;301;48
53;302;48
53;303;48
53;304;48
53;305;48
53;306;48
53;307;48
53;308;48
53;309;48
53;310;48
53;311;48
53;312;48
53;313;48
53;314;48
53;315;48
53;316;48
53;317;48
53;318;48
53;319;48
53;320;48
53;321;48
53;322;48
53;323;44
53;324;44
53;325;44
53;326;44
53;327;44
53;328;44
53;329;44
53;330;44
53;331;44
53;332;44
53;333;44
53;334;44
53;335;44
53;336;44
53;337;44
53;338;44
53;339;44
53;340;44
53;341;44
53;342;44
53;343;44
53;344;44
53;345;44
53;346;24
53;347;24
53;348;24
53;349;24
53;350;24
53;351;24
53;352;24
53;353;24
53;354;24
53;355;24
53;356;24
53;357;24
53;358;24
53;359;24
53;360;41
53;361;41
53;362;41
53;363;41
53;364;41
53;365;41
53;366;41
53;367;41
53;368;41
53;369;41
53;370;41
53;371;41
53;372;41
53;373;41
53;374;41
53;375;41
53;376;41
53;377;41
53;378;41
53;379;41
53;380;41
53;381;41
53;382;41
53;383;41
53;384;41
53;385;41
53;386;41
53;387;41
53;388;41
53;389;41
53;390;41
53;391;41
53;392;41
53;393;41
53;394;41
53;395;41
53;396;41
53;397;41
53;398;41
53;399;41
53;400;41
53;401;41
53;402;41
53;403;41
53;404;41
53;405;41
53;406;41
53;407;41
53;408;41
53;409;41
53;410;17
53;411;17
53;412;17
53;413;17
53;414;17
53;415;17
53;416;17
53;417;17
53;418;17
53;419;17
53;420;17
53;421;17
53;422;17
53;423;17
53;424;17
53;425;17
53;426;17
53;427;17
53;428;17
53;429;17
53;430;9
53;431;9
53;432;9
53;433;9
53;434;9
53;435;9
53;436;9
53;437;9
53;438;9
53;439;9
53;440;9
53;441;9
53;442;9
53;443;9
53;444;9
53;445;9
53;446;9
53;447;9
53;448;9
53;449;9
53;450;2
53;451;2
53;452;2
53;453;2
53;454;2
53;455;2
53;456;2
53;457;2
53;458;2
53;459;2
53;460;2
53;461;2
53;462;2
53;463;2
53;464;2
53;465;2
53;466;2
53;467;2
53;468;2
53;469;2
53;470;49
53;471;49
53;472;49
53;473;49
53;474;49
53;475;49
53;476;49
53;477;23
53;478;23
53;479;23
53;480;23
53;481;23
53;482;23
53;483;23
53;484;23
53;485;23
53;486;23
53;487;23
53;488;23
53;489;23
53;490;23
53;491;23
53;492;23
53;493;27
53;494;27
53;495;27
53;496;27
53;497;27
53;498;27
53;499;27
54;0;30
54;1;30
54;2;30
54;3;30
54;4;30
54;5;30
54;6;30
54;7;30
54;8;30
54;9;30
54;10;30
54;11;30
54;12;30
54;13;30
54;14;30
54;15;30
54;16;28
54;17;28
54;18;28
54;19;28
54;20;28
54;21;28
54;22;28
54;23;28
54;24;28
54;25;28
54;26;28
54;27;28
54;28;28
54;29;28
54;30;28
54;31;28
54;32;28
54;33;28
54;34;28
54;35;28
54;36;28
54;37;28
54;38;28
54;39;28
54;40;3
54;41;3
54;42;3
54;43;3
54;44;3
54;45;3
54;46;3
54;47;3
54;48;3
54;49;3
54;50;3
54;51;3
54;52;3
54;53;3
54;54;3
54;55;3
54;56;3
54;57;3
54;58;3
54;59;3
54;60;3
54;61;3
54;62;3
54;63;3
54;64;3
54;65;3
54;66;3
54;67;3
54;68;3
54;69;3
54;70;3
54;71;3
54;72;23
54;73;23
54;74;23
54;75;23
54;76;23
54;77;23
54;78;23
54;79;13
54;80;13
54;81;13
54;82;13
54;83;13
54;84;13
54;85;13
54;86;13
54;87;13
54;88;13
54;89;13
54;90;13
54;91;13
54;92;13
54;93;13
54;94;13
54;95;13
54;96;4
54;97;4
54;98;4
54;99;4
54;100;4
54;101;4
54;102;4
54;103;4
54;104;4
54;105;4
54;106;4
54;107;4
54;108;4
54;109;4
54;110;4
54;111;4
54;112;4
54;113;4
54;114;4
54;115;4
54;116;4
54;117;4
54;118;4
54;119;4
54;120;4
54;121;4
54;122;4
54;123;4
54;124;4
54;125;4
54;126;4
54;127;4
54;128;4
54;129;4
54;130;4
54;131;4
54;132;51
54;133;51
54;134;51
54;135;51
54;136;51
54;137;51
54;138;51
54;139;51
54;140;51
54;141;51
54;142;51
54;143;51
54;144;51
54;145;51
54;146;51
54;147;51
54;148;51
54;149;51
54;150;51
54;151;51
54;152;51
54;153;51
54;154;51
54;155;51
54;156;51
54;157;51
54;158;51
54;159;51
54;160;51
54;161;51
54;162;51
54;163;51
54;164;51
54;165;51
54;166;51
54;167;51
54;168;15
54;169;15
54;170;15
54;171;15
54;172;15
54;173;15
54;174;15
54;175;15
54;176;15
54;177;15
54;178;15
54;179;15
54;180;15
54;181;15
54;182;15
54;183;15
54;184;15
54;185;15
54;186;15
54;187;15
54;188;15
54;189;15
54;190;15
54;191;15
54;192;15
54;193;15
54;194;15
54;195;15
54;196;15
54;197;15
54;198;15
54;199;15
54;200;15
54;201;15
54;202;15
54;203;15
54;204;44
54;205;44
54;206;44
54;207;44
54;208;44
54;209;44
54;210;44
54;211;44
54;212;44
54;213;44
54;214;44
54;215;44
54;216;44
54;217;44
54;218;44
54;219;44
54;220;44
54;221;44
54;222;44
54;223;44
54;224;44
54;225;44
54;226;44
54;227;44
54;228;44
54;229;44
54;230;44
54;231;44
54;232;44
54;233;44
54;234;44
54;235;44
54;236;44
54;237;44
54;238;11
54;239;11
54;240;11
54;241;11
54;242;11
54;243;11
54;244;11
54;245;11
54;246;11
54;247;11
54;248;11
54;249;11
54;250;11
54;251;11
54;252;11
54;253;11
54;254;11
54;255;11
54;256;11
54;257;11
54;258;11
54;259;11
54;260;31
54;261;31
54;262;31
54;263;31
54;264;31
54;265;31
54;266;31
54;267;31
54;268;31
54;269;31
54;270;31
54;271;31
54;272;31
54;273;31
54;274;31
54;275;31
54;276;31
54;277;31
54;278;31
54;279;31
54;280;31
54;281;31
54;282;31
54;283;48
54;284;48
54;285;48
54;286;48
54;287;48
54;288;48
54;289;48
54;290;48
54;291;48
54;292;48
54;293;48
54;294;48
54;295;48
54;296;48
54;297;48
54;298;48
54;299;48
54;300;48
54;301;48
54;302;48
54;303;48
54;304;48
54;305;48
54;306;48
54;307;48
54;308;48
54;309;48
54;310;48
54;311;48
54;312;48
54;313;48
54;314;48
54;315;48
54;316;48
54;317;48
54;318;48
54;319;48
54;320;48
54;321;48
54;322;48
54;323;44
54;324;44
54;325;44
54;326;44
54;327;44
54;328;44
54;329;44
54;330;44
54;331;44
54;332;44
54;333;44
54;334;44
54;335;44
54;336;44
54;337;44
54;338;44
54;339;44
54;340;44
54;341;44
54;342;44
54;343;44
54;344;44
54;345;44
54;346;44
54;347;44
54;348;24
54;349;24
54;350;24
54;351;24
54;352;24
54;353;24
54;354;24
54;355;24
54;356;24
54;357;24
54;358;24
54;359;24
54;360;41
54;361;41
54;362;41
54;363;41
54;364;41
54;365;41
54;366;41
54;367;41
54;368;41
54;369;41
54;370;41
54;371;41
54;372;41
54;373;41
54;374;41
54;375;41
54;376;41
54;377;41
54;378;41
54;379;41
54;380;41
54;381;41
54;382;41
54;383;41
54;384;41
54;385;41
54;386;41
54;387;41
54;388;41
54;389;41
54;390;41
54;391;41
54;392;41
54;393;41
54;394;41
54;395;41
54;396;41
54;397;41
54;398;41
54;399;41
54;400;41
54;401;41
54;402;41
54;403;41
54;404;41
54;405;41
54;406;41
54;407;41
54;408;41
54;409;41
54;410;41
54;411;41
54;412;17
54;413;17
54;414;17
54;415;17
54;416;17
54;417;17
54;418;17
54;419;17
54;420;17
54;421;17
54;422;17
54;423;17
54;424;17
54;425;17
54;426;17
54;427;17
54;428;17
54;429;17
54;430;9
54;431;9
54;432;9
54;433;9
54;434;9
54;435;9
54;436;9
54;437;9
54;438;9
54;439;9
54;440;9
54;441;9
54;442;9
54;443;9
54;444;9
54;445;9
54;446;9
54;447;9
54;448;9
54;449;9
54;450;9
54;451;2
54;452;2
54;453;2
54;454;2
54;455;2
54;456;2
54;457;2
54;458;2
54;459;2
54;460;2
54;461;2
54;462;2
54;463;2
54;464;2
54;465;2
54;466;2
54;467;2
54;468;2
54;469;2
54;470;2
54;471;2
54;472;49
54;473;49
54;474;49
54;475;49
54;476;23
54;477;23
54;478;23
54;479;23
54;480;23
54;481;23
54;482;23
54;483;23
54;484;23
54;485;23
54;486;23
54;487;23
54;488;23
54;489;23
54;490;23
54;491;23
54;492;23
54;493;23
54;494;23
54;495;27
54;496;27
54;497;27
54;498;27
54;499;27
55;0;30
55;1;30
55;2;30
55;3;30
55;4;30
55;5;30
55;6;30
55;7;30
55;8;30
55;9;30
55;10;30
55;11;30
55;12;30
55;13;30
55;14;30
55;15;30
55;16;28
55;17;28
55;18;28
55;19;28
55;20;28
55;21;28
55;22;28
55;23;28
55;24;28
55;25;28
55;26;28
55;27;28
55;28;28
55;29;28
55;30;28
55;31;28
55;32;28
55;33;28
55;34;28
55;35;28
55;36;28
55;37;28
55;38;28
55;39;28
55;40;28
55;41;3
55;42;3
55;43;3
55;44;3
55;45;3
55;46;3
55;47;3
55;48;3
55;49;3
55;50;3
55;51;3
55;52;3
55;53;3
55;54;3
55;55;3
55;56;3
55;57;3
55;58;3
55;59;3
55;60;3
55;61;3
55;62;3
55;63;3
55;64;3
55;65;3
55;66;3
55;67;3
55;68;3
55;69;3
55;70;3
55;71;3
55;72;3
55;73;23
55;74;23
55;75;23
55;76;23
55;77;23
55;78;13
55;79;13
55;80;13
55;81;13
55;82;13
55;83;13
55;84;13
55;85;13
55;86;13
55;87;13
55;88;13
55;89;13
55;90;13
55;91;13
55;92;13
55;93;13
55;94;13
55;95;13
55;96;13
55;97;4
55;98;4
55;99;4
55;100;4
55;101;4
55;102;4
55;103;4
55;104;4
55;105;4
55;106;4
55;107;4
55;108;4
55;109;4
55;110;4
55;111;4
55;112;4
55;113;4
55;114;4
55;115;4
55;116;4
55;117;4
55;118;4
55;119;4
55;120;4
55;121;4
55;122;4
55;123;4
55;124;4
55;125;4
55;126;4
55;127;4
55;128;4
55;129;4
55;130;4
55;131;4
55;132;4
55;133;51
55;134;51
55;135;51
55;136;51
55;137;51
55;138;51
55;139;51
55;140;51
55;141;51
55;142;51
55;143;51
55;144;51
55;145;51
55;146;51
55;147;51
55;148;51
55;149;51
55;150;51
55;151;51
55;152;51
55;153;51
55;154;51
55;155;51
55;156;51
55;157;51
55;158;51
55;159;51
55;160;51
55;161;51
55;162;51
55;163;51
55;164;51
55;165;51
55;166;51
55;167;51
55;168;51
55;169;15
55;170;15
55;171;15
55;172;15
55;173;15
55;174;15
55;175;15
55;176;15
55;177;15
55;178;15
55;179;15
55;180;15
55;181;15
55;182;15
55;183;15
55;184;15
55;185;15
55;186;15
55;187;15
55;188;15
55;189;15
55;190;15
55;191;15
55;192;15
55;193;15
55;194;15
55;195;15
55;196;15
55;197;15
55;198;15
55;199;15
55;200;15
55;201;15
55;202;15
55;203;15
55;204;15
55;205;44
55;206;44
55;207;44
55;208;44
55;209;44
55;210;44
55;211;44
55;212;44
55;213;44
55;214;44
55;215;44
55;216;44
55;217;44
55;218;44
55;219;44
55;220;44
55;221;44
55;222;44
55;223;44
55;224;44
55;225;44
55;226;44
55;227;44
55;228;44
55;229;44
55;230;44
55;231;44
55;232;44
55;233;44
55;234;44
55;235;44
55;236;44
55;237;44
55;238;11
55;239;11
55;240;11
55;241;11
55;242;11
55;243;11
55;244;11
55;245;11
55;246;11
55;247;11
55;248;11
55;249;11
55;250;11
55;251;11
55;252;11
55;253;11
55;254;11
55;255;11
55;256;11
55;257;11
55;258;11
55;259;11
55;260;11
55;261;31
55;262;31
55;263;31
55;264;31
55;265;31
55;266;31
55;267;31
55;268;31
55;269;31
55;270;31
55;271;31
55;272;31
55;273;31
55;274;31
55;275;31
55;276;31
55;277;31
55;278;31
55;279;31
55;280;31
55;281;31
55;282;31
55;283;48
55;284;48
55;285;48
55;286;48
55;287;48
55;288;48
55;289;48
55;290;48
55;291;48
55;292;48
55;293;48
55;294;48
55;295;48
55;296;48
55;297;48
55;298;48
55;299;48
55;300;48
55;301;48
55;302;48
55;303;48
55;304;48
55;305;48
55;306;48
55;307;48
55;308;48
55;309;48
55;310;48
55;311;48
55;312;48
55;313;48
55;314;48
55;315;48
55;316;48
55;317;48
55;318;48
55;319;48
55;320;48
55;321;48
55;322;48
55;323;44
55;324;44
55;325;44
55;326;44
55;327;44
55;328;44
55;329;44
55;330;44
55;331;44
55;332;44
55;333;44
55;334;44
55;335;44
55;336;44
55;337;44
55;338;44
55;339;44
55;340;44
55;341;44
55;342;44
55;343;44
55;344;44
55;345;44
55;346;44
55;347;44
55;348;44
55;349;44
55;350;24
55;351;24
55;352;24
55;353;24
55;354;24
55;355;24
55;356;24
55;357;24
55;358;24
55;359;24
55;360;41
55;361;41
55;362;41
55;363;41
55;364;41
55;365;41
55;366;41
55;367;41
55;368;41
55;369;41
55;370;41
55;371;41
55;372;41
55;373;41
55;374;41
55;375;41
55;376;41
55;377;41
55;378;41
55;379;41
55;380;41
55;381;41
55;382;41
55;383;41
55;384;41
55;385;41
55;386;41
55;387;41
55;388;41
55;389;41
55;390;41
55;391;41
55;392;41
55;393;41
55;394;41
55;395;41
55;396;41
55;397;41
55;398;41
55;399;41
55;400;41
55;401;41
55;402;41
55;403;41
55;404;41
55;405;41
55;406;41
55;407;41
55;408;41
55;409;41
55;410;41
55;411;41
55;412;41
55;413;41
55;414;17
55;415;17
55;416;17
55;417;17
55;418;17
55;419;17
55;420;17
55;421;17
55;422;17
55;423;17
55;424;17
55;425;17
55;426;17
55;427;17
55;428;17
55;429;17
55;430;9
55;431;9
55;432;9
55;433;9
55;434;9
55;435;9
55;436;9
55;437;9
55;438;9
55;439;9
55;440;9
55;441;9
55;442;9
55;443;9
55;444;9
55;445;9
55;446;9
55;447;9
55;448;9
55;449;9
55;450;9
55;451;2
55;452;2
55;453;2
55;454;2
55;455;2
55;456;2
55;457;2
55;458;2
55;459;2
55;460;2
55;461;2
55;462;2
55;463;2
55;464;2
55;465;2
55;466;2
55;467;2
55;468;2
55;469;2
55;470;2
55;471;2
55;472;23
55;473;23
55;474;23
55;475;23
55;476;23
55;477;23
55;478;23
55;479;23
55;480;23
55;481;23
55;482;23
55;483;23
55;484;23
55;485;23
55;486;23
55;487;23
55;488;23
55;489;23
55;490;23
55;491;23
55;492;23
55;493;23
55;494;23
55;495;23
55;496;23
55;497;27
55;498;27
55;499;27
56;0;30
56;1;30
56;2;30
56;3;30
56;4;30
56;5;30
56;6;30
56;7;30
56;8;30
56;9;30
56;10;30
56;11;30
56;12;30
56;13;30
56;14;30
56;15;30
56;16;30
56;17;28
56;18;28
56;19;28
56;20;28
56;21;28
56;22;28
56;23;28
56;24;28
56;25;28
56;26;28
56;27;28
56;28;28
56;29;28
56;30;28
56;31;28
56;32;28
56;33;28
56;34;28
56;35;28
56;36;28
56;37;28
56;38;28
56;39;28
56;40;28
56;41;28
56;42;3
56;43;3
56;44;3
56;45;3
56;46;3
56;47;3
56;48;3
56;49;3
56;50;3
56;51;3
56;52;3
56;53;3
56;54;3
56;55;3
56;56;3
56;57;3
56;58;3
56;59;3
56;60;3
56;61;3
56;62;3
56;63;3
56;64;3
56;65;3
56;66;3
56;67;3
56;68;3
56;69;3
56;70;3
56;71;3
56;72;3
56;73;13
56;74;13
56;75;13
56;76;13
56;77;13
56;78;13
56;79;13
56;80;13
56;81;13
56;82;13
56;83;13
56;84;13
56;85;13
56;86;13
56;87;13
56;88;13
56;89;13
56;90;13
56;91;13
56;92;13
56;93;13
56;94;13
56;95;13
56;96;13
56;97;13
56;98;4
56;99;4
56;100;4
56;101;4
56;102;4
56;103;4
56;104;4
56;105;4
56;106;4
56;107;4
56;108;4
56;109;4
56;110;4
56;111;4
56;112;4
56;113;4
56;114;4
56;115;4
56;116;4
56;117;4
56;118;4
56;119;4
56;120;4
56;121;4
56;122;4
56;123;4
56;124;4
56;125;4
56;126;4
56;127;4
56;128;4
56;129;4
56;130;4
56;131;4
56;132;4
56;133;51
56;134;51
56;135;51
56;136;51
56;137;51
56;138;51
56;139;51
56;140;51
56;141;51
56;142;51
56;143;51
56;144;51
56;145;51
56;146;51
56;147;51
56;148;51
56;149;51
56;150;51
56;151;51
56;152;51
56;153;51
56;154;51
56;155;51
56;156;51
56;157;51
56;158;51
56;159;51
56;160;51
56;161;51
56;162;51
56;163;51
56;164;51
56;165;51
56;166;51
56;167;51
56;168;51
56;169;15
56;170;15
56;171;15
56;172;15
56;173;15
56;174;15
56;175;15
56;176;15
56;177;15
56;178;15
56;179;15
56;180;15
56;181;15
56;182;15
56;183;15
56;184;15
56;185;15
56;186;15
56;187;15
56;188;15
56;189;15
56;190;15
56;191;15
56;192;15
56;193;15
56;194;15
56;195;15
56;196;15
56;197;15
56;198;15
56;199;15
56;200;15
56;201;15
56;202;15
56;203;15
56;204;15
56;205;15
56;206;44
56;207;44
56;208;44
56;209;44
56;210;44
56;211;44
56;212;44
56;213;44
56;214;44
56;215;44
56;216;44
56;217;44
56;218;44
56;219;44
56;220;44
56;221;44
56;222;44
56;223;44
56;224;44
56;225;44
56;226;44
56;227;44
56;228;44
56;229;44
56;230;44
56;231;44
56;232;44
56;233;44
56;234;44
56;235;44
56;236;44
56;237;44
56;238;44
56;239;11
56;240;11
56;241;11
56;242;11
56;243;11
56;244;11
56;245;11
56;246;11
56;247;11
56;248;11
56;249;11
56;250;11
56;251;11
56;252;11
56;253;11
56;254;11
56;255;11
56;256;11
56;257;11
56;258;11
56;259;11
56;260;11
56;261;31
56;262;31
56;263;31
56;264;31
56;265;31
56;266;31
56;267;31
56;268;31
56;269;31
56;270;31
56;271;31
56;272;31
56;273;31
56;274;31
56;275;31
56;276;31
56;277;31
56;278;31
56;279;31
56;280;31
56;281;31
56;282;31
56;283;48
56;284;48
56;285;48
56;286;48
56;287;48
56;288;48
56;289;48
56;290;48
56;291;48
56;292;48
56;293;48
56;294;48
56;295;48
56;296;48
56;297;48
56;298;48
56;299;48
56;300;48
56;301;48
56;302;48
56;303;48
56;304;48
56;305;48
56;306;48
56;307;48
56;308;48
56;309;48
56;310;48
56;311;13
56;312;13
56;313;13
56;314;13
56;315;13
56;316;13
56;317;13
56;318;13
56;319;13
56;320;13
56;321;13
56;322;44
56;323;44
56;324;44
56;325;44
56;326;44
56;327;44
56;328;44
56;329;44
56;330;44
56;331;44
56;332;44
56;333;44
56;334;44
56;335;44
56;336;44
56;337;44
56;338;44
56;339;44
56;340;44
56;341;44
56;342;44
56;343;44
56;344;44
56;345;44
56;346;44
56;347;44
56;348;44
56;349;44
56;350;44
56;351;44
56;352;24
56;353;24
56;354;24
56;355;24
56;356;24
56;357;24
56;358;24
56;359;24
56;360;41
56;361;41
56;362;41
56;363;41
56;364;41
56;365;41
56;366;41
56;367;41
56;368;41
56;369;41
56;370;41
56;371;41
56;372;41
56;373;41
56;374;41
56;375;41
56;376;41
56;377;41
56;378;41
56;379;41
56;380;41
56;381;41
56;382;41
56;383;41
56;384;41
56;385;41
56;386;41
56;387;41
56;388;41
56;389;41
56;390;41
56;391;41
56;392;41
56;393;41
56;394;41
56;395;41
56;396;41
56;397;41
56;398;41
56;399;41
56;400;41
56;401;41
56;402;41
56;403;41
56;404;41
56;405;41
56;406;41
56;407;41
56;408;41
56;409;41
56;410;41
56;411;41
56;412;41
56;413;41
56;414;41
56;415;41
56;416;41
56;417;41
56;418;41
56;419;41
56;420;41
56;421;41
56;422;41
56;423;41
56;424;41
56;425;41
56;426;41
56;427;41
56;428;17
56;429;9
56;430;9
56;431;9
56;432;9
56;433;9
56;434;9
56;435;9
56;436;9
56;437;9
56;438;9
56;439;9
56;440;9
56;441;9
56;442;9
56;443;9
56;444;9
56;445;9
56;446;9
56;447;9
56;448;9
56;449;9
56;450;9
56;451;9
56;452;2
56;453;2
56;454;2
56;455;2
56;456;2
56;457;2
56;458;2
56;459;2
56;460;2
56;461;2
56;462;2
56;463;2
56;464;2
56;465;2
56;466;2
56;467;2
56;468;2
56;469;2
56;470;2
56;471;2
56;472;23
56;473;23
56;474;23
56;475;23
56;476;23
56;477;23
56;478;23
56;479;23
56;480;23
56;481;23
56;482;23
56;483;23
56;484;23
56;485;23
56;486;23
56;487;23
56;488;23
56;489;23
56;490;23
56;491;23
56;492;23
56;493;23
56;494;23
56;495;23
56;496;23
56;497;23
56;498;23
56;499;27
57;0;30
57;1;30
57;2;30
57;3;30
57;4;30
57;5;30
57;6;30
57;7;30
57;8;30
57;9;30
57;10;30
57;11;30
57;12;30
57;13;30
57;14;30
57;15;30
57;16;30
57;17;28
57;18;28
57;19;28
57;20;28
57;21;28
57;22;28
57;23;28
57;24;28
57;25;28
57;26;28
57;27;28
57;28;28
57;29;28
57;30;28
57;31;28
57;32;28
57;33;28
57;34;28
57;35;28
57;36;28
57;37;28
57;38;28
57;39;28
57;40;28
57;41;28
57;42;28
57;43;3
57;44;3
57;45;3
57;46;3
57;47;3
57;48;3
57;49;3
57;50;3
57;51;3
57;52;3
57;53;3
57;54;3
57;55;3
57;56;3
57;57;3
57;58;3
57;59;3
57;60;3
57;61;3
57;62;3
57;63;3
57;64;3
57;65;3
57;66;3
57;67;3
57;68;3
57;69;3
57;70;3
57;71;3
57;72;3
57;73;13
57;74;13
57;75;13
57;76;13
57;77;13
57;78;13
57;79;13
57;80;13
57;81;13
57;82;13
57;83;13
57;84;13
57;85;13
57;86;13
57;87;13
57;88;13
57;89;13
57;90;13
57;91;13
57;92;13
57;93;13
57;94;13
57;95;13
57;96;13
57;97;13
57;98;13
57;99;4
57;100;4
57;101;4
57;102;4
57;103;4
57;104;4
57;105;4
57;106;4
57;107;4
57;108;4
57;109;4
57;110;4
57;111;4
57;112;4
57;113;4
57;114;4
57;115;4
57;116;4
57;117;4
57;118;4
57;119;4
57;120;4
57;121;4
57;122;4
57;123;4
57;124;4
57;125;4
57;126;4
57;127;4
57;128;4
57;129;4
57;130;4
57;131;4
57;132;4
57;133;4
57;134;51
57;135;51
57;136;51
57;137;51
57;138;51
57;139;51
57;140;51
57;141;51
57;142;51
57;143;51
57;144;51
57;145;51
57;146;51
57;147;51
57;148;51
57;149;51
57;150;51
57;151;51
57;152;51
57;153;51
57;154;51
57;155;51
57;156;51
57;157;51
57;158;51
57;159;51
57;160;51
57;161;51
57;162;51
57;163;51
57;164;51
57;165;51
57;166;51
57;167;51
57;168;51
57;169;51
57;170;15
57;171;15
57;172;15
57;173;15
57;174;15
57;175;15
57;176;15
57;177;15
57;178;15
57;179;15
57;180;15
57;181;15
57;182;15
57;183;15
57;184;15
57;185;15
57;186;15
57;187;15
57;188;15
57;189;15
57;190;15
57;191;15
57;192;15
57;193;15
57;194;15
57;195;15
57;196;15
57;197;15
57;198;15
57;199;15
57;200;15
57;201;15
57;202;15
57;203;15
57;204;15
57;205;15
57;206;15
57;207;44
57;208;44
57;209;44
57;210;44
57;211;44
57;212;44
57;213;44
57;214;44
57;215;44
57;216;44
57;217;44
57;218;44
57;219;44
57;220;44
57;221;44
57;222;44
57;223;44
57;224;44
57;225;44
57;226;44
57;227;44
57;228;44
57;229;44
57;230;44
57;231;44
57;232;44
57;233;44
57;234;44
57;235;44
57;236;44
57;237;44
57;238;44
57;239;11
57;240;11
57;241;11
57;242;11
57;243;11
57;244;11
57;245;11
57;246;11
57;247;11
57;248;11
57;249;11
57;250;11
57;251;11
57;252;11
57;253;11
57;254;11
57;255;11
57;256;11
57;257;11
57;258;11
57;259;11
57;260;11
57;261;11
57;262;31
57;263;31
57;264;31
57;265;31
57;266;31
57;267;31
57;268;31
57;269;31
57;270;31
57;271;31
57;272;31
57;273;31
57;274;31
57;275;31
57;276;31
57;277;31
57;278;31
57;279;31
57;280;31
57;281;31
57;282;31
57;283;31
57;284;48
57;285;48
57;286;48
57;287;48
57;288;48
57;289;48
57;290;48
57;291;48
57;292;48
57;293;48
57;294;48
57;295;48
57;296;48
57;297;48
57;298;48
57;299;48
57;300;48
57;301;48
57;302;48
57;303;48
57;304;48
57;305;48
57;306;48
57;307;48
57;308;48
57;309;48
57;310;13
57;311;13
57;312;13
57;313;13
57;314;13
57;315;13
57;316;13
57;317;13
57;318;13
57;319;13
57;320;13
57;321;13
57;322;44
57;323;44
57;324;44
57;325;44
57;326;44
57;327;44
57;328;44
57;329;44
57;330;44
57;331;44
57;332;44
57;333;44
57;334;44
57;335;44
57;336;44
57;337;44
57;338;44
57;339;44
57;340;44
57;341;44
57;342;44
57;343;44
57;344;44
57;345;44
57;346;44
57;347;44
57;348;44
57;349;44
57;350;44
57;351;44
57;352;44
57;353;44
57;354;24
57;355;24
57;356;24
57;357;24
57;358;24
57;359;24
57;360;41
57;361;41
57;362;41
57;363;41
57;364;41
57;365;41
57;366;41
57;367;41
57;368;41
57;369;41
57;370;41
57;371;41
57;372;41
57;373;41
57;374;41
57;375;41
57;376;41
57;377;41
57;378;41
57;379;41
57;380;41
57;381;41
57;382;41
57;383;41
57;384;41
57;385;41
57;386;41
57;387;41
57;388;41
57;389;41
57;390;41
57;391;41
57;392;41
57;393;41
57;394;41
57;395;41
57;396;41
57;397;41
57;398;41
57;399;41
57;400;41
57;401;41
57;402;41
57;403;41
57;404;41
57;405;41
57;406;41
57;407;41
57;408;41
57;409;41
57;410;41
57;411;41
57;412;41
57;413;41
57;414;41
57;415;41
57;416;41
57;417;41
57;418;41
57;419;41
57;420;41
57;421;41
57;422;41
57;423;41
57;424;41
57;425;41
57;426;41
57;427;41
57;428;41
57;429;9
57;430;9
57;431;9
57;432;9
57;433;9
57;434;9
57;435;9
57;436;9
57;437;9
57;438;9
57;439;9
57;440;9
57;441;9
57;442;9
57;443;9
57;444;9
57;445;9
57;446;9
57;447;9
57;448;9
57;449;9
57;450;9
57;451;9
57;452;2
57;453;2
57;454;2
57;455;2
57;456;2
57;457;2
57;458;2
57;459;2
57;460;2
57;461;2
57;462;2
57;463;2
57;464;2
57;465;2
57;466;2
57;467;2
57;468;2
57;469;2
57;470;2
57;471;2
57;472;23
57;473;23
57;474;23
57;475;23
57;476;23
57;477;23
57;478;23
57;479;23
57;480;23
57;481;23
57;482;23
57;483;23
57;484;23
57;485;23
57;486;23
57;487;23
57;488;23
57;489;23
57;490;23
57;491;23
57;492;23
57;493;23
57;494;23
57;495;23
57;496;23
57;497;23
57;498;23
57;499;23
58;0;30
58;1;30
58;2;30
58;3;30
58;4;30
58;5;30
58;6;30
58;7;30
58;8;30
58;9;30
58;10;30
58;11;30
58;12;30
58;13;30
58;14;30
58;15;30
58;16;30
58;17;30
58;18;28
58;19;28
58;20;28
58;21;28
58;22;28
58;23;28
58;24;28
58;25;28
58;26;28
58;27;28
58;28;28
58;29;28
58;30;28
58;31;28
58;32;28
58;33;28
58;34;28
58;35;28
58;36;28
58;37;28
58;38;28
58;39;28
58;40;28
58;41;28
58;42;28
58;43;28
58;44;3
58;45;3
58;46;3
58;47;3
58;48;3
58;49;3
58;50;3
58;51;3
58;52;3
58;53;3
58;54;3
58;55;3
58;56;3
58;57;3
58;58;3
58;59;3
58;60;3
58;61;3
58;62;3
58;63;3
58;64;3
58;65;3
58;66;3
58;67;3
58;68;3
58;69;3
58;70;3
58;71;3
58;72;3
58;73;13
58;74;13
58;75;13
58;76;13
58;77;13
58;78;13
58;79;13
58;80;13
58;81;13
58;82;13
58;83;13
58;84;13
58;85;13
58;86;13
58;87;13
58;88;13
58;89;13
58;90;13
58;91;13
58;92;13
58;93;13
58;94;13
58;95;13
58;96;13
58;97;13
58;98;13
58;99;13
58;100;4
58;101;4
58;102;4
58;103;4
58;104;4
58;105;4
58;106;4
58;107;4
58;108;4
58;109;4
58;110;4
58;111;4
58;112;4
58;113;4
58;114;4
58;115;4
58;116;4
58;117;4
58;118;4
58;119;4
58;120;4
58;121;4
58;122;4
58;123;4
58;124;4
58;125;4
58;126;4
58;127;4
58;128;4
58;129;4
58;130;4
58;131;4
58;132;4
58;133;4
58;134;51
58;135;51
58;136;51
58;137;51
58;138;51
58;139;51
58;140;51
58;141;51
58;142;51
58;143;51
58;144;51
58;145;51
58;146;51
58;147;51
58;148;51
58;149;51
58;150;51
58;151;51
58;152;51
58;153;51
58;154;51
58;155;51
58;156;51
58;157;51
58;158;51
58;159;51
58;160;51
58;161;51
58;162;51
58;163;51
58;164;51
58;165;51
58;166;51
58;167;51
58;168;51
58;169;51
58;170;15
58;171;15
58;172;15
58;173;15
58;174;15
58;175;15
58;176;15
58;177;15
58;178;15
58;179;15
58;180;15
58;181;15
58;182;15
58;183;15
58;184;15
58;185;15
58;186;15
58;187;15
58;188;15
58;189;15
58;190;15
58;191;15
58;192;15
58;193;15
58;194;15
58;195;15
58;196;15
58;197;15
58;198;15
58;199;15
58;200;15
58;201;15
58;202;15
58;203;15
58;204;15
58;205;15
58;206;15
58;207;15
58;208;44
58;209;44
58;210;44
58;211;44
58;212;44
58;213;44
58;214;44
58;215;44
58;216;44
58;217;44
58;218;44
58;219;44
58;220;44
58;221;44
58;222;44
58;223;44
58;224;44
58;225;44
58;226;44
58;227;44
58;228;44
58;229;44
58;230;44
58;231;44
58;232;44
58;233;44
58;234;44
58;235;44
58;236;44
58;237;44
58;238;44
58;239;44
58;240;11
58;241;11
58;242;11
58;243;11
58;244;11
58;245;11
58;246;11
58;247;11
58;248;11
58;249;11
58;250;11
58;251;11
58;252;11
58;253;11
58;254;11
58;255;11
58;256;11
58;257;11
58;258;11
58;259;11
58;260;11
58;261;11
58;262;31
58;263;31
58;264;31
58;265;31
58;266;31
58;267;31
58;268;31
58;269;31
58;270;31
58;271;31
58;272;31
58;273;31
58;274;31
58;275;31
58;276;31
58;277;31
58;278;31
58;279;31
58;280;31
58;281;31
58;282;31
58;283;31
58;284;48
58;285;48
58;286;48
58;287;48
58;288;48
58;289;48
58;290;48
58;291;48
58;292;48
58;293;48
58;294;48
58;295;48
58;296;48
58;297;48
58;298;48
58;299;48
58;300;48
58;301;48
58;302;48
58;303;48
58;304;48
58;305;48
58;306;48
58;307;48
58;308;48
58;309;13
58;310;13
58;311;13
58;312;13
58;313;13
58;314;13
58;315;13
58;316;13
58;317;13
58;318;13
58;319;13
58;320;13
58;321;13
58;322;44
58;323;44
58;324;44
58;325;44
58;326;44
58;327;44
58;328;44
58;329;44
58;330;44
58;331;44
58;332;44
58;333;44
58;334;44
58;335;44
58;336;44
58;337;44
58;338;44
58;339;44
58;340;44
58;341;44
58;342;44
58;343;44
58;344;44
58;345;44
58;346;44
58;347;44
58;348;44
58;349;44
58;350;44
58;351;44
58;352;44
58;353;44
58;354;44
58;355;44
58;356;24
58;357;24
58;358;24
58;359;24
58;360;41
58;361;41
58;362;41
58;363;41
58;364;41
58;365;41
58;366;41
58;367;41
58;368;41
58;369;41
58;370;41
58;371;41
58;372;41
58;373;41
58;374;41
58;375;41
58;376;41
58;377;41
58;378;41
58;379;41
58;380;41
58;381;41
58;382;41
58;383;41
58;384;41
58;385;41
58;386;41
58;387;41
58;388;41
58;389;41
58;390;41
58;391;41
58;392;41
58;393;41
58;394;41
58;395;41
58;396;41
58;397;41
58;398;41
58;399;41
58;400;41
58;401;41
58;402;41
58;403;41
58;404;41
58;405;41
58;406;41
58;407;41
58;408;41
58;409;41
58;410;41
58;411;41
58;412;41
58;413;41
58;414;41
58;415;41
58;416;41
58;417;41
58;418;41
58;419;41
58;420;41
58;421;41
58;422;41
58;423;41
58;424;41
58;425;41
58;426;41
58;427;41
58;428;41
58;429;9
58;430;9
58;431;9
58;432;9
58;433;9
58;434;9
58;435;9
58;436;9
58;437;9
58;438;9
58;439;9
58;440;9
58;441;9
58;442;9
58;443;9
58;444;9
58;445;9
58;446;9
58;447;9
58;448;9
58;449;9
58;450;9
58;451;9
58;452;9
58;453;2
58;454;2
58;455;2
58;456;2
58;457;2
58;458;2
58;459;2
58;460;2
58;461;2
58;462;2
58;463;2
58;464;2
58;465;2
58;466;2
58;467;2
58;468;2
58;469;2
58;470;2
58;471;2
58;472;23
58;473;23
58;474;23
58;475;23
58;476;23
58;477;23
58;478;23
58;479;23
58;480;23
58;481;23
58;482;23
58;483;23
58;484;23
58;485;23
58;486;23
58;487;23
58;488;23
58;489;23
58;490;23
58;491;23
58;492;23
58;493;23
58;494;23
58;495;23
58;496;23
58;497;23
58;498;23
58;499;23
59;0;30
59;1;30
59;2;30
59;3;30
59;4;30
59;5;30
59;6;30
59;7;30
59;8;30
59;9;30
59;10;30
59;11;30
59;12;30
59;13;30
59;14;30
59;15;30
59;16;30
59;17;30
59;18;28
59;19;28
59;20;28
59;21;28
59;22;28
59;23;28
59;24;28
59;25;28
59;26;28
59;27;28
59;28;28
59;29;28
59;30;28
59;31;28
59;32;28
59;33;28
59;34;28
59;35;28
59;36;28
59;37;28
59;38;28
59;39;28
59;40;28
59;41;28
59;42;28
59;43;28
59;44;28
59;45;3
59;46;3
59;47;3
59;48;3
59;49;3
59;50;3
59;51;3
59;52;3
59;53;3
59;54;3
59;55;3
59;56;3
59;57;3
59;58;3
59;59;3
59;60;3
59;61;3
59;62;3
59;63;3
59;64;3
59;65;3
59;66;3
59;67;3
59;68;3
59;69;3
59;70;3
59;71;3
59;72;3
59;73;13
59;74;13
59;75;13
59;76;13
59;77;13
59;78;13
59;79;13
59;80;13
59;81;13
59;82;13
59;83;13
59;84;13
59;85;13
59;86;13
59;87;13
59;88;13
59;89;13
59;90;13
59;91;13
59;92;13
59;93;13
59;94;13
59;95;13
59;96;13
59;97;13
59;98;13
59;99;13
59;100;13
59;101;4
59;102;4
59;103;4
59;104;4
59;105;4
59;106;4
59;107;4
59;108;4
59;109;4
59;110;4
59;111;4
59;112;4
59;113;4
59;114;4
59;115;4
59;116;4
59;117;4
59;118;4
59;119;4
59;120;4
59;121;4
59;122;4
59;123;4
59;124;4
59;125;4
59;126;4
59;127;4
59;128;4
59;129;4
59;130;4
59;131;4
59;132;4
59;133;4
59;134;4
59;135;51
59;136;51
59;137;51
59;138;51
59;139;51
59;140;51
59;141;51
59;142;51
59;143;51
59;144;51
59;145;51
59;146;51
59;147;51
59;148;51
59;149;51
59;150;51
59;151;51
59;152;51
59;153;51
59;154;51
59;155;51
59;156;51
59;157;51
59;158;51
59;159;51
59;160;51
59;161;51
59;162;51
59;163;51
59;164;51
59;165;51
59;166;51
59;167;51
59;168;51
59;169;51
59;170;51
59;171;15
59;172;15
59;173;15
59;174;15
59;175;15
59;176;15
59;177;15
59;178;15
59;179;15
59;180;15
59;181;15
59;182;15
59;183;15
59;184;15
59;185;15
59;186;15
59;187;15
59;188;15
59;189;15
59;190;15
59;191;15
59;192;15
59;193;15
59;194;15
59;195;15
59;196;15
59;197;15
59;198;15
59;199;15
59;200;15
59;201;15
59;202;15
59;203;15
59;204;15
59;205;15
59;206;15
59;207;15
59;208;15
59;209;44
59;210;44
59;211;44
59;212;44
59;213;44
59;214;44
59;215;44
59;216;44
59;217;44
59;218;44
59;219;44
59;220;44
59;221;44
59;222;44
59;223;44
59;224;44
59;225;44
59;226;44
59;227;44
59;228;44
59;229;44
59;230;44
59;231;44
59;232;44
59;233;44
59;234;44
59;235;44
59;236;44
59;237;44
59;238;44
59;239;44
59;240;11
59;241;11
59;242;11
59;243;11
59;244;11
59;245;11
59;246;11
59;247;11
59;248;11
59;249;11
59;250;11
59;251;11
59;252;11
59;253;11
59;254;11
59;255;11
59;256;11
59;257;11
59;258;11
59;259;11
59;260;11
59;261;11
59;262;11
59;263;31
59;264;31
59;265;31
59;266;31
59;267;31
59;268;31
59;269;31
59;270;31
59;271;31
59;272;31
59;273;31
59;274;31
59;275;31
59;276;31
59;277;31
59;278;31
59;279;31
59;280;31
59;281;31
59;282;31
59;283;31
59;284;31
59;285;48
59;286;48
59;287;48
59;288;48
59;289;48
59;290;48
59;291;48
59;292;48
59;293;48
59;294;48
59;295;48
59;296;48
59;297;48
59;298;48
59;299;48
59;300;48
59;301;48
59;302;48
59;303;48
59;304;48
59;305;48
59;306;48
59;307;48
59;308;13
59;309;13
59;310;13
59;311;13
59;312;13
59;313;13
59;314;13
59;315;13
59;316;13
59;317;13
59;318;13
59;319;13
59;320;13
59;321;13
59;322;44
59;323;44
59;324;44
59;325;44
59;326;44
59;327;44
59;328;44
59;329;44
59;330;44
59;331;44
59;332;44
59;333;44
59;334;44
59;335;44
59;336;44
59;337;44
59;338;44
59;339;44
59;340;44
59;341;44
59;342;44
59;343;44
59;344;44
59;345;44
59;346;44
59;347;44
59;348;44
59;349;44
59;350;44
59;351;44
59;352;44
59;353;44
59;354;44
59;355;44
59;356;44
59;357;44
59;358;24
59;359;24
59;360;41
59;361;41
59;362;41
59;363;41
59;364;41
59;365;41
59;366;41
59;367;41
59;368;41
59;369;41
59;370;41
59;371;41
59;372;41
59;373;41
59;374;41
59;375;41
59;376;41
59;377;41
59;378;41
59;379;41
59;380;41
59;381;41
59;382;41
59;383;41
59;384;41
59;385;41
59;386;41
59;387;41
59;388;41
59;389;41
59;390;41
59;391;41
59;392;41
59;393;41
59;394;41
59;395;41
59;396;41
59;397;41
59;398;41
59;399;41
59;400;41
59;401;41
59;402;41
59;403;41
59;404;41
59;405;41
59;406;41
59;407;41
59;408;41
59;409;41
59;410;41
59;411;41
59;412;41
59;413;41
59;414;41
59;415;41
59;416;41
59;417;41
59;418;41
59;419;41
59;420;41
59;421;41
59;422;41
59;423;41
59;424;41
59;425;41
59;426;41
59;427;41
59;428;41
59;429;41
59;430;9
59;431;9
59;432;9
59;433;9
59;434;9
59;435;9
59;436;9
59;437;9
59;438;9
59;439;9
59;440;9
59;441;9
59;442;9
59;443;9
59;444;9
59;445;9
59;446;9
59;447;9
59;448;9
59;449;9
59;450;9
59;451;9
59;452;9
59;453;2
59;454;2
59;455;2
59;456;2
59;457;2
59;458;2
59;459;2
59;460;2
59;461;2
59;462;2
59;463;2
59;464;2
59;465;2
59;466;2
59;467;2
59;468;2
59;469;2
59;470;2
59;471;2
59;472;23
59;473;23
59;474;23
59;475;23
59;476;23
59;477;23
59;478;23
59;479;23
59;480;23
59;481;23
59;482;23
59;483;23
59;484;23
59;485;23
59;486;23
59;487;23
59;488;23
59;489;23
59;490;23
59;491;23
59;492;23
59;493;23
59;494;23
59;495;23
59;496;23
59;497;23
59;498;23
59;499;23
60;0;30
60;1;30
60;2;30
60;3;30
60;4;30
60;5;30
60;6;30
60;7;30
60;8;30
60;9;30
60;10;30
60;11;30
60;12;30
60;13;30
60;14;30
60;15;30
60;16;30
60;17;30
60;18;30
60;19;28
60;20;28
60;21;28
60;22;28
60;23;28
60;24;28
60;25;28
60;26;28
60;27;28
60;28;28
60;29;28
60;30;28
60;31;28
60;32;28
60;33;28
60;34;28
60;35;28
60;36;28
60;37;28
60;38;28
60;39;28
60;40;28
60;41;28
60;42;28
60;43;28
60;44;28
60;45;28
60;46;3
60;47;3
60;48;3
60;49;3
60;50;3
60;51;3
60;52;3
60;53;3
60;54;3
60;55;3
60;56;3
60;57;3
60;58;3
60;59;3
60;60;3
60;61;3
60;62;3
60;63;3
60;64;3
60;65;3
60;66;3
60;67;3
60;68;3
60;69;3
60;70;3
60;71;3
60;72;3
60;73;13
60;74;13
60;75;13
60;76;13
60;77;13
60;78;13
60;79;13
60;80;13
60;81;13
60;82;13
60;83;13
60;84;13
60;85;13
60;86;13
60;87;13
60;88;13
60;89;13
60;90;13
60;91;13
60;92;13
60;93;13
60;94;13
60;95;13
60;96;13
60;97;13
60;98;13
60;99;13
60;100;13
60;101;13
60;102;4
60;103;4
60;104;4
60;105;4
60;106;4
60;107;4
60;108;4
60;109;4
60;110;4
60;111;4
60;112;4
60;113;4
60;114;4
60;115;4
60;116;4
60;117;4
60;118;4
60;119;4
60;120;4
60;121;4
60;122;4
60;123;4
60;124;4
60;125;4
60;126;4
60;127;4
60;128;4
60;129;4
60;130;4
60;131;4
60;132;4
60;133;4
60;134;4
60;135;51
60;136;51
60;137;51
60;138;51
60;139;51
60;140;51
60;141;51
60;142;51
60;143;51
60;144;51
60;145;51
60;146;51
60;147;51
60;148;51
60;149;51
60;150;51
60;151;51
60;152;51
60;153;51
60;154;51
60;155;51
60;156;51
60;157;51
60;158;51
60;159;51
60;160;51
60;161;51
60;162;51
60;163;51
60;164;51
60;165;51
60;166;51
60;167;51
60;168;51
60;169;51
60;170;51
60;171;15
60;172;15
60;173;15
60;174;15
60;175;15
60;176;15
60;177;15
60;178;15
60;179;15
60;180;15
60;181;15
60;182;15
60;183;15
60;184;15
60;185;15
60;186;15
60;187;15
60;188;15
60;189;15
60;190;15
60;191;15
60;192;15
60;193;15
60;194;15
60;195;15
60;196;15
60;197;15
60;198;15
60;199;15
60;200;15
60;201;15
60;202;15
60;203;15
60;204;15
60;205;15
60;206;15
60;207;15
60;208;15
60;209;15
60;210;44
60;211;44
60;212;44
60;213;44
60;214;44
60;215;44
60;216;44
60;217;44
60;218;44
60;219;44
60;220;44
60;221;44
60;222;44
60;223;44
60;224;44
60;225;44
60;226;44
60;227;44
60;228;44
60;229;44
60;230;44
60;231;44
60;232;44
60;233;44
60;234;44
60;235;44
60;236;44
60;237;44
60;238;44
60;239;44
60;240;44
60;241;11
60;242;11
60;243;11
60;244;11
60;245;11
60;246;11
60;247;11
60;248;11
60;249;11
60;250;11
60;251;11
60;252;11
60;253;11
60;254;11
60;255;11
60;256;11
60;257;11
60;258;11
60;259;11
60;260;11
60;261;11
60;262;11
60;263;31
60;264;31
60;265;31
60;266;31
60;267;31
60;268;31
60;269;31
60;270;31
60;271;31
60;272;31
60;273;31
60;274;31
60;275;31
60;276;31
60;277;31
60;278;31
60;279;31
60;280;31
60;281;31
60;282;31
60;283;31
60;284;31
60;285;48
60;286;48
60;287;48
60;288;48
60;289;48
60;290;48
60;291;48
60;292;48
60;293;48
60;294;48
60;295;48
60;296;48
60;297;48
60;298;48
60;299;48
60;300;48
60;301;48
60;302;48
60;303;48
60;304;48
60;305;48
60;306;48
60;307;13
60;308;13
60;309;13
60;310;13
60;311;13
60;312;13
60;313;13
60;314;13
60;315;13
60;316;13
60;317;13
60;318;13
60;319;13
60;320;13
60;321;13
60;322;44
60;323;44
60;324;44
60;325;44
60;326;44
60;327;44
60;328;44
60;329;44
60;330;44
60;331;44
60;332;44
60;333;44
60;334;44
60;335;44
60;336;44
60;337;44
60;338;44
60;339;44
60;340;44
60;341;44
60;342;44
60;343;44
60;344;44
60;345;44
60;346;44
60;347;44
60;348;44
60;349;44
60;350;44
60;351;44
60;352;44
60;353;44
60;354;44
60;355;44
60;356;44
60;357;44
60;358;44
60;359;44
60;360;41
60;361;41
60;362;41
60;363;41
60;364;41
60;365;41
60;366;41
60;367;41
60;368;41
60;369;41
60;370;41
60;371;41
60;372;41
60;373;41
60;374;41
60;375;41
60;376;41
60;377;41
60;378;41
60;379;41
60;380;41
60;381;41
60;382;41
60;383;41
60;384;41
60;385;41
60;386;41
60;387;41
60;388;41
60;389;41
60;390;41
60;391;41
60;392;41
60;393;41
60;394;41
60;395;41
60;396;41
60;397;41
60;398;41
60;399;41
60;400;41
60;401;41
60;402;41
60;403;41
60;404;41
60;405;41
60;406;41
60;407;41
60;408;41
60;409;41
60;410;41
60;411;41
60;412;41
60;413;41
60;414;41
60;415;41
60;416;41
60;417;41
60;418;41
60;419;41
60;420;41
60;421;41
60;422;41
60;423;41
60;424;41
60;425;41
60;426;41
60;427;41
60;428;41
60;429;41
60;430;9
60;431;9
60;432;9
60;433;9
60;434;9
60;435;9
60;436;9
60;437;9
60;438;9
60;439;9
60;440;9
60;441;9
60;442;9
60;443;9
60;444;9
60;445;9
60;446;9
60;447;9
60;448;9
60;449;9
60;450;9
60;451;9
60;452;9
60;453;9
60;454;2
60;455;2
60;456;2
60;457;2
60;458;2
60;459;2
60;460;2
60;461;2
60;462;2
60;463;2
60;464;2
60;465;2
60;466;2
60;467;2
60;468;2
60;469;2
60;470;2
60;471;2
60;472;2
60;473;23
60;474;23
60;475;23
60;476;23
60;477;23
60;478;23
60;479;23
60;480;23
60;481;23
60;482;23
60;483;23
60;484;23
60;485;23
60;486;23
60;487;23
60;488;23
60;489;23
60;490;23
60;491;23
60;492;23
60;493;23
60;494;23
60;495;23
60;496;23
60;497;23
60;498;23
60;499;23
61;0;30
61;1;30
61;2;30
61;3;30
61;4;30
61;5;30
61;6;30
61;7;30
61;8;30
61;9;30
61;10;30
61;11;30
61;12;30
61;13;30
61;14;30
61;15;30
61;16;30
61;17;30
61;18;30
61;19;28
61;20;28
61;21;28
61;22;28
61;23;28
61;24;28
61;25;28
61;26;28
61;27;28
61;28;28
61;29;28
61;30;28
61;31;28
61;32;28
61;33;28
61;34;28
61;35;28
61;36;28
61;37;28
61;38;28
61;39;28
61;40;28
61;41;28
61;42;28
61;43;28
61;44;28
61;45;28
61;46;28
61;47;28
61;48;3
61;49;3
61;50;3
61;51;3
61;52;3
61;53;3
61;54;3
61;55;3
61;56;3
61;57;3
61;58;3
61;59;3
61;60;3
61;61;3
61;62;3
61;63;3
61;64;3
61;65;3
61;66;3
61;67;3
61;68;3
61;69;3
61;70;3
61;71;3
61;72;35
61;73;35
61;74;13
61;75;13
61;76;13
61;77;13
61;78;13
61;79;13
61;80;13
61;81;13
61;82;13
61;83;13
61;84;13
61;85;13
61;86;13
61;87;13
61;88;13
61;89;13
61;90;13
61;91;13
61;92;13
61;93;13
61;94;13
61;95;13
61;96;13
61;97;13
61;98;13
61;99;13
61;100;13
61;101;13
61;102;13
61;103;4
61;104;4
61;105;4
61;106;4
61;107;4
61;108;4
61;109;4
61;110;4
61;111;4
61;112;4
61;113;4
61;114;4
61;115;4
61;116;4
61;117;4
61;118;4
61;119;4
61;120;4
61;121;4
61;122;4
61;123;4
61;124;4
61;125;4
61;126;4
61;127;4
61;128;4
61;129;4
61;130;4
61;131;4
61;132;4
61;133;4
61;134;4
61;135;51
61;136;51
61;137;51
61;138;51
61;139;51
61;140;51
61;141;51
61;142;51
61;143;51
61;144;51
61;145;51
61;146;51
61;147;51
61;148;51
61;149;51
61;150;51
61;151;51
61;152;51
61;153;51
61;154;51
61;155;51
61;156;51
61;157;51
61;158;51
61;159;51
61;160;51
61;161;51
61;162;51
61;163;51
61;164;51
61;165;51
61;166;51
61;167;51
61;168;51
61;169;51
61;170;51
61;171;51
61;172;15
61;173;15
61;174;15
61;175;15
61;176;15
61;177;15
61;178;15
61;179;15
61;180;15
61;181;15
61;182;15
61;183;15
61;184;15
61;185;15
61;186;15
61;187;15
61;188;15
61;189;15
61;190;15
61;191;15
61;192;15
61;193;15
61;194;15
61;195;15
61;196;15
61;197;15
61;198;15
61;199;15
61;200;15
61;201;15
61;202;15
61;203;15
61;204;15
61;205;15
61;206;15
61;207;15
61;208;15
61;209;15
61;210;15
61;211;44
61;212;44
61;213;44
61;214;44
61;215;44
61;216;44
61;217;44
61;218;44
61;219;44
61;220;44
61;221;44
61;222;44
61;223;44
61;224;44
61;225;44
61;226;44
61;227;44
61;228;44
61;229;44
61;230;44
61;231;44
61;232;44
61;233;44
61;234;44
61;235;44
61;236;44
61;237;44
61;238;44
61;239;44
61;240;44
61;241;11
61;242;11
61;243;11
61;244;11
61;245;11
61;246;11
61;247;11
61;248;11
61;249;11
61;250;11
61;251;11
61;252;11
61;253;11
61;254;11
61;255;11
61;256;11
61;257;11
61;258;11
61;259;11
61;260;11
61;261;11
61;262;11
61;263;11
61;264;32
61;265;32
61;266;32
61;267;32
61;268;32
61;269;32
61;270;32
61;271;31
61;272;31
61;273;31
61;274;31
61;275;31
61;276;31
61;277;31
61;278;31
61;279;31
61;280;31
61;281;31
61;282;31
61;283;31
61;284;31
61;285;31
61;286;48
61;287;48
61;288;48
61;289;48
61;290;48
61;291;48
61;292;48
61;293;48
61;294;48
61;295;48
61;296;48
61;297;48
61;298;48
61;299;48
61;300;48
61;301;48
61;302;48
61;303;48
61;304;48
61;305;48
61;306;13
61;307;13
61;308;13
61;309;13
61;310;13
61;311;13
61;312;13
61;313;13
61;314;13
61;315;13
61;316;13
61;317;13
61;318;13
61;319;13
61;320;13
61;321;13
61;322;44
61;323;44
61;324;44
61;325;44
61;326;44
61;327;44
61;328;44
61;329;44
61;330;44
61;331;44
61;332;44
61;333;44
61;334;44
61;335;44
61;336;44
61;337;44
61;338;44
61;339;44
61;340;44
61;341;44
61;342;44
61;343;44
61;344;44
61;345;44
61;346;44
61;347;44
61;348;44
61;349;44
61;350;44
61;351;44
61;352;44
61;353;44
61;354;44
61;355;44
61;356;44
61;357;44
61;358;44
61;359;44
61;360;44
61;361;41
61;362;41
61;363;41
61;364;41
61;365;41
61;366;41
61;367;41
61;368;41
61;369;41
61;370;41
61;371;41
61;372;41
61;373;41
61;374;41
61;375;41
61;376;41
61;377;41
61;378;41
61;379;41
61;380;41
61;381;41
61;382;41
61;383;41
61;384;41
61;385;41
61;386;41
61;387;41
61;388;41
61;389;41
61;390;41
61;391;41
61;392;41
61;393;41
61;394;41
61;395;41
61;396;41
61;397;41
61;398;41
61;399;41
61;400;41
61;401;41
61;402;41
61;403;41
61;404;41
61;405;41
61;406;41
61;407;41
61;408;41
61;409;41
61;410;41
61;411;41
61;412;41
61;413;41
61;414;41
61;415;41
61;416;41
61;417;41
61;418;41
61;419;41
61;420;41
61;421;41
61;422;41
61;423;41
61;424;41
61;425;41
61;426;41
61;427;41
61;428;41
61;429;41
61;430;41
61;431;9
61;432;9
61;433;9
61;434;9
61;435;9
61;436;9
61;437;9
61;438;9
61;439;9
61;440;9
61;441;9
61;442;9
61;443;9
61;444;9
61;445;9
61;446;9
61;447;9
61;448;9
61;449;9
61;450;9
61;451;9
61;452;9
61;453;9
61;454;2
61;455;2
61;456;2
61;457;2
61;458;2
61;459;2
61;460;2
61;461;2
61;462;2
61;463;2
61;464;2
61;465;2
61;466;2
61;467;2
61;468;2
61;469;2
61;470;2
61;471;2
61;472;2
61;473;23
61;474;23
61;475;23
61;476;23
61;477;23
61;478;23
61;479;23
61;480;23
61;481;23
61;482;23
61;483;23
61;484;23
61;485;23
61;486;23
61;487;23
61;488;23
61;489;23
61;490;23
61;491;23
61;492;23
61;493;23
61;494;23
61;495;23
61;496;23
61;497;23
61;498;23
61;499;23
62;0;30
62;1;30
62;2;30
62;3;30
62;4;30
62;5;30
62;6;30
62;7;30
62;8;30
62;9;30
62;10;30
62;11;30
62;12;30
62;13;30
62;14;30
62;15;30
62;16;30
62;17;30
62;18;30
62;19;30
62;20;28
62;21;28
62;22;28
62;23;28
62;24;28
62;25;28
62;26;28
62;27;28
62;28;28
62;29;28
62;30;28
62;31;28
62;32;28
62;33;28
62;34;28
62;35;28
62;36;28
62;37;28
62;38;28
62;39;28
62;40;28
62;41;28
62;42;28
62;43;28
62;44;28
62;45;28
62;46;28
62;47;28
62;48;28
62;49;28
62;50;3
62;51;3
62;52;3
62;53;3
62;54;3
62;55;3
62;56;3
62;57;3
62;58;3
62;59;3
62;60;3
62;61;3
62;62;3
62;63;3
62;64;3
62;65;3
62;66;3
62;67;3
62;68;3
62;69;3
62;70;3
62;71;35
62;72;35
62;73;35
62;74;35
62;75;13
62;76;13
62;77;13
62;78;13
62;79;13
62;80;13
62;81;13
62;82;13
62;83;13
62;84;13
62;85;13
62;86;13
62;87;13
62;88;13
62;89;13
62;90;13
62;91;13
62;92;13
62;93;13
62;94;13
62;95;13
62;96;13
62;97;13
62;98;13
62;99;13
62;100;13
62;101;13
62;102;13
62;103;13
62;104;4
62;105;4
62;106;4
62;107;4
62;108;4
62;109;4
62;110;4
62;111;4
62;112;4
62;113;4
62;114;4
62;115;4
62;116;4
62;117;4
62;118;4
62;119;4
62;120;4
62;121;4
62;122;4
62;123;4
62;124;4
62;125;4
62;126;4
62;127;4
62;128;4
62;129;4
62;130;4
62;131;4
62;132;4
62;133;4
62;134;4
62;135;51
62;136;51
62;137;51
62;138;51
62;139;51
62;140;51
62;141;51
62;142;51
62;143;51
62;144;51
62;145;51
62;146;51
62;147;51
62;148;51
62;149;51
62;150;51
62;151;51
62;152;51
62;153;51
62;154;51
62;155;51
62;156;51
62;157;51
62;158;51
62;159;51
62;160;51
62;161;51
62;162;51
62;163;51
62;164;51
62;165;51
62;166;51
62;167;51
62;168;51
62;169;51
62;170;51
62;171;51
62;172;51
62;173;15
62;174;15
62;175;15
62;176;15
62;177;15
62;178;15
62;179;15
62;180;15
62;181;15
62;182;15
62;183;15
62;184;15
62;185;15
62;186;15
62;187;15
62;188;15
62;189;15
62;190;15
62;191;15
62;192;15
62;193;15
62;194;15
62;195;15
62;196;15
62;197;15
62;198;15
62;199;15
62;200;15
62;201;15
62;202;15
62;203;15
62;204;15
62;205;15
62;206;15
62;207;15
62;208;15
62;209;15
62;210;15
62;211;15
62;212;44
62;213;44
62;214;44
62;215;44
62;216;44
62;217;44
62;218;44
62;219;44
62;220;44
62;221;44
62;222;44
62;223;44
62;224;44
62;225;44
62;226;44
62;227;44
62;228;44
62;229;44
62;230;44
62;231;44
62;232;44
62;233;44
62;234;44
62;235;44
62;236;44
62;237;44
62;238;44
62;239;44
62;240;44
62;241;44
62;242;11
62;243;11
62;244;11
62;245;11
62;246;11
62;247;11
62;248;11
62;249;11
62;250;11
62;251;11
62;252;11
62;253;11
62;254;11
62;255;11
62;256;11
62;257;11
62;258;11
62;259;11
62;260;11
62;261;11
62;262;11
62;263;11
62;264;32
62;265;32
62;266;32
62;267;32
62;268;32
62;269;32
62;270;32
62;271;32
62;272;32
62;273;31
62;274;31
62;275;31
62;276;31
62;277;31
62;278;31
62;279;31
62;280;31
62;281;31
62;282;31
62;283;31
62;284;31
62;285;31
62;286;48
62;287;48
62;288;48
62;289;48
62;290;48
62;291;48
62;292;48
62;293;48
62;294;48
62;295;48
62;296;48
62;297;48
62;298;48
62;299;48
62;300;48
62;301;48
62;302;48
62;303;48
62;304;48
62;305;13
62;306;13
62;307;13
62;308;13
62;309;13
62;310;13
62;311;13
62;312;13
62;313;13
62;314;13
62;315;13
62;316;13
62;317;13
62;318;13
62;319;13
62;320;13
62;321;13
62;322;44
62;323;44
62;324;44
62;325;44
62;326;44
62;327;44
62;328;44
62;329;44
62;330;44
62;331;44
62;332;44
62;333;44
62;334;44
62;335;44
62;336;44
62;337;44
62;338;44
62;339;44
62;340;44
62;341;44
62;342;44
62;343;44
62;344;44
62;345;44
62;346;44
62;347;44
62;348;44
62;349;44
62;350;44
62;351;44
62;352;44
62;353;44
62;354;44
62;355;44
62;356;44
62;357;44
62;358;44
62;359;44
62;360;44
62;361;44
62;362;41
62;363;41
62;364;41
62;365;41
62;366;41
62;367;41
62;368;41
62;369;41
62;370;41
62;371;41
62;372;41
62;373;41
62;374;41
62;375;41
62;376;41
62;377;41
62;378;41
62;379;41
62;380;41
62;381;41
62;382;41
62;383;41
62;384;41
62;385;41
62;386;41
62;387;41
62;388;41
62;389;41
62;390;41
62;391;41
62;392;41
62;393;41
62;394;41
62;395;41
62;396;41
62;397;41
62;398;41
62;399;41
62;400;41
62;401;41
62;402;41
62;403;41
62;404;41
62;405;41
62;406;41
62;407;41
62;408;41
62;409;41
62;410;41
62;411;41
62;412;41
62;413;41
62;414;41
62;415;41
62;416;41
62;417;41
62;418;41
62;419;41
62;420;41
62;421;41
62;422;41
62;423;41
62;424;41
62;425;41
62;426;41
62;427;41
62;428;41
62;429;41
62;430;41
62;431;41
62;432;9
62;433;9
62;434;9
62;435;9
62;436;9
62;437;9
62;438;9
62;439;9
62;440;9
62;441;9
62;442;9
62;443;9
62;444;9
62;445;9
62;446;9
62;447;9
62;448;9
62;449;9
62;450;9
62;451;9
62;452;9
62;453;9
62;454;9
62;455;2
62;456;2
62;457;2
62;458;2
62;459;2
62;460;2
62;461;2
62;462;2
62;463;2
62;464;2
62;465;2
62;466;2
62;467;2
62;468;2
62;469;2
62;470;2
62;471;2
62;472;2
62;473;23
62;474;23
62;475;23
62;476;23
62;477;23
62;478;23
62;479;23
62;480;23
62;481;23
62;482;23
62;483;23
62;484;23
62;485;23
62;486;23
62;487;23
62;488;23
62;489;23
62;490;23
62;491;23
62;492;23
62;493;23
62;494;23
62;495;23
62;496;23
62;497;23
62;498;23
62;499;23
63;0;30
63;1;30
63;2;30
63;3;30
63;4;30
63;5;30
63;6;30
63;7;30
63;8;30
63;9;30
63;10;30
63;11;30
63;12;30
63;13;30
63;14;30
63;15;30
63;16;30
63;17;30
63;18;30
63;19;30
63;20;28
63;21;28
63;22;28
63;23;28
63;24;28
63;25;28
63;26;28
63;27;28
63;28;28
63;29;28
63;30;28
63;31;28
63;32;28
63;33;28
63;34;28
63;35;28
63;36;28
63;37;28
63;38;28
63;39;28
63;40;28
63;41;28
63;42;28
63;43;28
63;44;28
63;45;28
63;46;28
63;47;28
63;48;28
63;49;28
63;50;28
63;51;28
63;52;3
63;53;3
63;54;3
63;55;3
63;56;3
63;57;3
63;58;3
63;59;3
63;60;3
63;61;3
63;62;3
63;63;3
63;64;3
63;65;3
63;66;3
63;67;3
63;68;3
63;69;3
63;70;35
63;71;35
63;72;35
63;73;35
63;74;35
63;75;35
63;76;13
63;77;13
63;78;13
63;79;13
63;80;13
63;81;13
63;82;13
63;83;13
63;84;13
63;85;13
63;86;13
63;87;13
63;88;13
63;89;13
63;90;13
63;91;13
63;92;13
63;93;13
63;94;13
63;95;13
63;96;13
63;97;13
63;98;13
63;99;13
63;100;13
63;101;13
63;102;13
63;103;13
63;104;13
63;105;4
63;106;4
63;107;4
63;108;4
63;109;4
63;110;4
63;111;4
63;112;4
63;113;4
63;114;4
63;115;4
63;116;4
63;117;4
63;118;4
63;119;4
63;120;4
63;121;4
63;122;4
63;123;4
63;124;4
63;125;4
63;126;4
63;127;4
63;128;4
63;129;4
63;130;4
63;131;4
63;132;4
63;133;4
63;134;4
63;135;51
63;136;51
63;137;51
63;138;51
63;139;51
63;140;51
63;141;51
63;142;51
63;143;51
63;144;51
63;145;51
63;146;51
63;147;51
63;148;51
63;149;51
63;150;51
63;151;51
63;152;51
63;153;51
63;154;51
63;155;51
63;156;51
63;157;51
63;158;51
63;159;51
63;160;51
63;161;51
63;162;51
63;163;51
63;164;51
63;165;51
63;166;51
63;167;51
63;168;51
63;169;51
63;170;51
63;171;51
63;172;51
63;173;51
63;174;15
63;175;15
63;176;15
63;177;15
63;178;15
63;179;15
63;180;15
63;181;15
63;182;15
63;183;15
63;184;15
63;185;15
63;186;15
63;187;15
63;188;15
63;189;15
63;190;15
63;191;15
63;192;15
63;193;15
63;194;15
63;195;15
63;196;15
63;197;15
63;198;15
63;199;15
63;200;15
63;201;15
63;202;15
63;203;15
63;204;15
63;205;15
63;206;15
63;207;15
63;208;15
63;209;15
63;210;15
63;211;15
63;212;44
63;213;44
63;214;44
63;215;44
63;216;44
63;217;44
63;218;44
63;219;44
63;220;44
63;221;44
63;222;44
63;223;44
63;224;44
63;225;44
63;226;44
63;227;44
63;228;44
63;229;44
63;230;44
63;231;44
63;232;44
63;233;44
63;234;44
63;235;44
63;236;44
63;237;44
63;238;44
63;239;44
63;240;44
63;241;44
63;242;11
63;243;11
63;244;11
63;245;11
63;246;11
63;247;11
63;248;11
63;249;11
63;250;11
63;251;11
63;252;11
63;253;11
63;254;11
63;255;11
63;256;11
63;257;11
63;258;11
63;259;11
63;260;11
63;261;11
63;262;11
63;263;11
63;264;32
63;265;32
63;266;32
63;267;32
63;268;32
63;269;32
63;270;32
63;271;32
63;272;32
63;273;32
63;274;32
63;275;32
63;276;32
63;277;32
63;278;32
63;279;32
63;280;32
63;281;32
63;282;31
63;283;31
63;284;31
63;285;31
63;286;31
63;287;48
63;288;48
63;289;48
63;290;48
63;291;48
63;292;48
63;293;48
63;294;48
63;295;48
63;296;48
63;297;48
63;298;48
63;299;48
63;300;48
63;301;48
63;302;48
63;303;48
63;304;13
63;305;13
63;306;13
63;307;13
63;308;13
63;309;13
63;310;13
63;311;13
63;312;13
63;313;13
63;314;13
63;315;13
63;316;13
63;317;13
63;318;13
63;319;13
63;320;13
63;321;13
63;322;44
63;323;44
63;324;44
63;325;44
63;326;44
63;327;44
63;328;44
63;329;44
63;330;44
63;331;44
63;332;44
63;333;44
63;334;44
63;335;44
63;336;44
63;337;44
63;338;44
63;339;44
63;340;44
63;341;44
63;342;44
63;343;44
63;344;44
63;345;44
63;346;44
63;347;44
63;348;44
63;349;44
63;350;44
63;351;44
63;352;44
63;353;44
63;354;44
63;355;44
63;356;44
63;357;44
63;358;44
63;359;44
63;360;44
63;361;44
63;362;44
63;363;41
63;364;41
63;365;41
63;366;41
63;367;41
63;368;41
63;369;41
63;370;41
63;371;41
63;372;41
63;373;41
63;374;41
63;375;41
63;376;41
63;377;41
63;378;41
63;379;41
63;380;41
63;381;41
63;382;41
63;383;41
63;384;41
63;385;41
63;386;41
63;387;41
63;388;41
63;389;41
63;390;41
63;391;41
63;392;41
63;393;41
63;394;41
63;395;41
63;396;41
63;397;41
63;398;41
63;399;41
63;400;41
63;401;41
63;402;41
63;403;41
63;404;41
63;405;41
63;406;41
63;407;41
63;408;41
63;409;41
63;410;41
63;411;41
63;412;41
63;413;41
63;414;41
63;415;41
63;416;41
63;417;41
63;418;41
63;419;41
63;420;41
63;421;41
63;422;41
63;423;41
63;424;41
63;425;41
63;426;41
63;427;41
63;428;41
63;429;41
63;430;41
63;431;41
63;432;41
63;433;9
63;434;9
63;435;9
63;436;9
63;437;9
63;438;9
63;439;9
63;440;9
63;441;9
63;442;9
63;443;9
63;444;9
63;445;9
63;446;9
63;447;9
63;448;9
63;449;9
63;450;9
63;451;9
63;452;9
63;453;9
63;454;9
63;455;2
63;456;2
63;457;2
63;458;2
63;459;2
63;460;2
63;461;2
63;462;2
63;463;2
63;464;2
63;465;2
63;466;2
63;467;2
63;468;2
63;469;2
63;470;2
63;471;2
63;472;2
63;473;23
63;474;23
63;475;23
63;476;23
63;477;23
63;478;23
63;479;23
63;480;23
63;481;23
63;482;23
63;483;23
63;484;23
63;485;23
63;486;23
63;487;23
63;488;23
63;489;23
63;490;23
63;491;23
63;492;23
63;493;23
63;494;23
63;495;23
63;496;23
63;497;23
63;498;23
63;499;23
64;0;30
64;1;30
64;2;30
64;3;30
64;4;30
64;5;30
64;6;30
64;7;30
64;8;30
64;9;30
64;10;30
64;11;30
64;12;30
64;13;30
64;14;30
64;15;30
64;16;30
64;17;30
64;18;30
64;19;30
64;20;30
64;21;28
64;22;28
64;23;28
64;24;28
64;25;28
64;26;28
64;27;28
64;28;28
64;29;28
64;30;28
64;31;28
64;32;28
64;33;28
64;34;28
64;35;28
64;36;28
64;37;28
64;38;28
64;39;28
64;40;28
64;41;28
64;42;28
64;43;28
64;44;28
64;45;28
64;46;28
64;47;28
64;48;28
64;49;28
64;50;28
64;51;28
64;52;28
64;53;28
64;54;3
64;55;3
64;56;3
64;57;3
64;58;3
64;59;3
64;60;3
64;61;3
64;62;3
64;63;3
64;64;3
64;65;3
64;66;3
64;67;3
64;68;3
64;69;35
64;70;35
64;71;35
64;72;35
64;73;35
64;74;35
64;75;35
64;76;35
64;77;13
64;78;13
64;79;13
64;80;13
64;81;13
64;82;13
64;83;13
64;84;13
64;85;13
64;86;13
64;87;13
64;88;13
64;89;13
64;90;13
64;91;13
64;92;13
64;93;13
64;94;13
64;95;13
64;96;13
64;97;13
64;98;13
64;99;13
64;100;13
64;101;13
64;102;13
64;103;13
64;104;13
64;105;13
64;106;4
64;107;4
64;108;4
64;109;4
64;110;4
64;111;4
64;112;4
64;113;4
64;114;4
64;115;4
64;116;20
64;117;20
64;118;20
64;119;20
64;120;20
64;121;20
64;122;20
64;123;20
64;124;20
64;125;20
64;126;20
64;127;20
64;128;20
64;129;20
64;130;20
64;131;20
64;132;20
64;133;20
64;134;20
64;135;51
64;136;51
64;137;51
64;138;51
64;139;51
64;140;51
64;141;51
64;142;51
64;143;51
64;144;51
64;145;51
64;146;51
64;147;51
64;148;51
64;149;51
64;150;51
64;151;51
64;152;51
64;153;51
64;154;51
64;155;51
64;156;51
64;157;51
64;158;51
64;159;51
64;160;51
64;161;51
64;162;51
64;163;51
64;164;51
64;165;51
64;166;51
64;167;51
64;168;51
64;169;51
64;170;51
64;171;51
64;172;51
64;173;51
64;174;51
64;175;15
64;176;15
64;177;15
64;178;15
64;179;15
64;180;15
64;181;15
64;182;15
64;183;15
64;184;15
64;185;15
64;186;15
64;187;15
64;188;15
64;189;15
64;190;15
64;191;15
64;192;15
64;193;15
64;194;15
64;195;15
64;196;15
64;197;15
64;198;15
64;199;15
64;200;15
64;201;15
64;202;15
64;203;15
64;204;15
64;205;15
64;206;15
64;207;15
64;208;15
64;209;15
64;210;15
64;211;15
64;212;15
64;213;44
64;214;44
64;215;44
64;216;44
64;217;44
64;218;44
64;219;44
64;220;44
64;221;44
64;222;44
64;223;44
64;224;44
64;225;44
64;226;44
64;227;44
64;228;44
64;229;44
64;230;44
64;231;44
64;232;44
64;233;44
64;234;44
64;235;44
64;236;44
64;237;44
64;238;44
64;239;44
64;240;44
64;241;44
64;242;11
64;243;11
64;244;11
64;245;11
64;246;11
64;247;11
64;248;11
64;249;11
64;250;11
64;251;11
64;252;11
64;253;11
64;254;11
64;255;11
64;256;11
64;257;11
64;258;11
64;259;11
64;260;11
64;261;11
64;262;11
64;263;11
64;264;32
64;265;32
64;266;32
64;267;32
64;268;32
64;269;32
64;270;32
64;271;32
64;272;32
64;273;32
64;274;32
64;275;32
64;276;32
64;277;32
64;278;32
64;279;32
64;280;32
64;281;32
64;282;32
64;283;32
64;284;31
64;285;31
64;286;31
64;287;48
64;288;48
64;289;48
64;290;48
64;291;48
64;292;48
64;293;48
64;294;48
64;295;48
64;296;48
64;297;48
64;298;48
64;299;48
64;300;48
64;301;48
64;302;48
64;303;13
64;304;13
64;305;13
64;306;13
64;307;13
64;308;13
64;309;13
64;310;13
64;311;13
64;312;13
64;313;13
64;314;13
64;315;13
64;316;13
64;317;13
64;318;13
64;319;13
64;320;13
64;321;13
64;322;44
64;323;44
64;324;44
64;325;44
64;326;44
64;327;44
64;328;44
64;329;44
64;330;44
64;331;44
64;332;44
64;333;44
64;334;44
64;335;44
64;336;44
64;337;44
64;338;44
64;339;44
64;340;44
64;341;44
64;342;44
64;343;44
64;344;44
64;345;44
64;346;44
64;347;44
64;348;44
64;349;44
64;350;44
64;351;44
64;352;44
64;353;44
64;354;44
64;355;44
64;356;44
64;357;44
64;358;44
64;359;44
64;360;44
64;361;44
64;362;44
64;363;44
64;364;41
64;365;41
64;366;41
64;367;41
64;368;41
64;369;41
64;370;41
64;371;41
64;372;41
64;373;41
64;374;41
64;375;41
64;376;41
64;377;41
64;378;41
64;379;41
64;380;41
64;381;41
64;382;41
64;383;41
64;384;41
64;385;41
64;386;41
64;387;41
64;388;41
64;389;41
64;390;41
64;391;41
64;392;41
64;393;41
64;394;41
64;395;41
64;396;41
64;397;41
64;398;41
64;399;41
64;400;41
64;401;41
64;402;41
64;403;41
64;404;41
64;405;41
64;406;41
64;407;41
64;408;41
64;409;41
64;410;41
64;411;41
64;412;41
64;413;41
64;414;41
64;415;41
64;416;41
64;417;41
64;418;41
64;419;41
64;420;41
64;421;41
64;422;41
64;423;41
64;424;41
64;425;41
64;426;41
64;427;41
64;428;41
64;429;41
64;430;41
64;431;41
64;432;41
64;433;41
64;434;9
64;435;9
64;436;9
64;437;9
64;438;9
64;439;9
64;440;9
64;441;9
64;442;9
64;443;9
64;444;9
64;445;9
64;446;9
64;447;9
64;448;9
64;449;9
64;450;9
64;451;9
64;452;9
64;453;9
64;454;9
64;455;9
64;456;2
64;457;2
64;458;2
64;459;2
64;460;2
64;461;2
64;462;2
64;463;2
64;464;2
64;465;2
64;466;2
64;467;2
64;468;2
64;469;2
64;470;2
64;471;2
64;472;2
64;473;23
64;474;23
64;475;23
64;476;23
64;477;23
64;478;23
64;479;23
64;480;23
64;481;23
64;482;23
64;483;23
64;484;23
64;485;23
64;486;23
64;487;23
64;488;23
64;489;23
64;490;23
64;491;23
64;492;23
64;493;23
64;494;23
64;495;23
64;496;23
64;497;23
64;498;23
64;499;23
65;0;30
65;1;30
65;2;30
65;3;30
65;4;30
65;5;30
65;6;30
65;7;30
65;8;30
65;9;30
65;10;30
65;11;30
65;12;30
65;13;30
65;14;30
65;15;30
65;16;30
65;17;30
65;18;30
65;19;30
65;20;30
65;21;51
65;22;28
65;23;28
65;24;28
65;25;28
65;26;28
65;27;28
65;28;28
65;29;28
65;30;28
65;31;28
65;32;28
65;33;28
65;34;28
65;35;28
65;36;28
65;37;28
65;38;28
65;39;28
65;40;28
65;41;28
65;42;28
65;43;28
65;44;28
65;45;28
65;46;28
65;47;28
65;48;28
65;49;28
65;50;28
65;51;28
65;52;28
65;53;28
65;54;28
65;55;3
65;56;3
65;57;3
65;58;3
65;59;3
65;60;3
65;61;3
65;62;3
65;63;3
65;64;3
65;65;3
65;66;3
65;67;3
65;68;3
65;69;35
65;70;35
65;71;35
65;72;35
65;73;35
65;74;35
65;75;35
65;76;35
65;77;35
65;78;13
65;79;13
65;80;13
65;81;13
65;82;13
65;83;13
65;84;13
65;85;13
65;86;13
65;87;13
65;88;13
65;89;13
65;90;13
65;91;13
65;92;13
65;93;13
65;94;13
65;95;13
65;96;13
65;97;13
65;98;13
65;99;13
65;100;13
65;101;13
65;102;13
65;103;13
65;104;13
65;105;13
65;106;13
65;107;4
65;108;4
65;109;4
65;110;4
65;111;4
65;112;4
65;113;4
65;114;4
65;115;20
65;116;20
65;117;20
65;118;20
65;119;20
65;120;20
65;121;20
65;122;20
65;123;20
65;124;20
65;125;20
65;126;20
65;127;20
65;128;20
65;129;20
65;130;20
65;131;20
65;132;20
65;133;20
65;134;20
65;135;20
65;136;51
65;137;51
65;138;51
65;139;51
65;140;51
65;141;51
65;142;51
65;143;51
65;144;51
65;145;51
65;146;51
65;147;51
65;148;51
65;149;51
65;150;51
65;151;51
65;152;51
65;153;51
65;154;51
65;155;51
65;156;51
65;157;51
65;158;51
65;159;51
65;160;51
65;161;51
65;162;51
65;163;51
65;164;51
65;165;51
65;166;51
65;167;51
65;168;51
65;169;51
65;170;51
65;171;51
65;172;51
65;173;51
65;174;51
65;175;15
65;176;15
65;177;15
65;178;15
65;179;15
65;180;15
65;181;15
65;182;15
65;183;15
65;184;15
65;185;15
65;186;15
65;187;15
65;188;15
65;189;15
65;190;15
65;191;15
65;192;15
65;193;15
65;194;15
65;195;15
65;196;15
65;197;15
65;198;15
65;199;15
65;200;15
65;201;15
65;202;15
65;203;15
65;204;15
65;205;15
65;206;15
65;207;15
65;208;15
65;209;15
65;210;15
65;211;15
65;212;15
65;213;44
65;214;44
65;215;44
65;216;44
65;217;44
65;218;44
65;219;44
65;220;44
65;221;44
65;222;44
65;223;44
65;224;44
65;225;44
65;226;44
65;227;44
65;228;44
65;229;44
65;230;44
65;231;44
65;232;44
65;233;44
65;234;44
65;235;44
65;236;44
65;237;44
65;238;44
65;239;44
65;240;44
65;241;44
65;242;11
65;243;11
65;244;11
65;245;11
65;246;11
65;247;11
65;248;11
65;249;11
65;250;11
65;251;11
65;252;11
65;253;11
65;254;11
65;255;11
65;256;11
65;257;11
65;258;11
65;259;11
65;260;11
65;261;11
65;262;11
65;263;11
65;264;32
65;265;32
65;266;32
65;267;32
65;268;32
65;269;32
65;270;32
65;271;32
65;272;32
65;273;32
65;274;32
65;275;32
65;276;32
65;277;32
65;278;32
65;279;32
65;280;32
65;281;32
65;282;32
65;283;32
65;284;32
65;285;32
65;286;32
65;287;32
65;288;48
65;289;48
65;290;48
65;291;48
65;292;48
65;293;48
65;294;48
65;295;48
65;296;48
65;297;48
65;298;48
65;299;48
65;300;48
65;301;48
65;302;13
65;303;13
65;304;13
65;305;13
65;306;13
65;307;13
65;308;13
65;309;13
65;310;13
65;311;13
65;312;13
65;313;13
65;314;13
65;315;13
65;316;13
65;317;13
65;318;13
65;319;13
65;320;13
65;321;13
65;322;44
65;323;44
65;324;44
65;325;44
65;326;44
65;327;44
65;328;44
65;329;44
65;330;44
65;331;44
65;332;44
65;333;44
65;334;44
65;335;44
65;336;44
65;337;44
65;338;44
65;339;44
65;340;44
65;341;44
65;342;44
65;343;44
65;344;44
65;345;44
65;346;44
65;347;44
65;348;44
65;349;44
65;350;44
65;351;44
65;352;44
65;353;44
65;354;44
65;355;44
65;356;44
65;357;44
65;358;44
65;359;44
65;360;44
65;361;44
65;362;44
65;363;44
65;364;44
65;365;41
65;366;41
65;367;41
65;368;41
65;369;41
65;370;41
65;371;41
65;372;41
65;373;41
65;374;41
65;375;41
65;376;41
65;377;41
65;378;41
65;379;41
65;380;41
65;381;41
65;382;41
65;383;41
65;384;41
65;385;41
65;386;41
65;387;41
65;388;41
65;389;41
65;390;41
65;391;41
65;392;41
65;393;41
65;394;41
65;395;41
65;396;41
65;397;41
65;398;41
65;399;41
65;400;41
65;401;41
65;402;41
65;403;41
65;404;41
65;405;41
65;406;41
65;407;41
65;408;41
65;409;41
65;410;41
65;411;41
65;412;41
65;413;41
65;414;41
65;415;41
65;416;41
65;417;41
65;418;41
65;419;41
65;420;41
65;421;41
65;422;41
65;423;41
65;424;41
65;425;41
65;426;41
65;427;41
65;428;41
65;429;41
65;430;41
65;431;41
65;432;41
65;433;41
65;434;41
65;435;9
65;436;9
65;437;9
65;438;9
65;439;9
65;440;9
65;441;9
65;442;9
65;443;9
65;444;9
65;445;9
65;446;9
65;447;9
65;448;9
65;449;9
65;450;9
65;451;9
65;452;9
65;453;9
65;454;9
65;455;9
65;456;2
65;457;2
65;458;2
65;459;2
65;460;2
65;461;2
65;462;2
65;463;2
65;464;2
65;465;2
65;466;2
65;467;2
65;468;2
65;469;2
65;470;2
65;471;2
65;472;2
65;473;23
65;474;23
65;475;23
65;476;23
65;477;23
65;478;23
65;479;23
65;480;23
65;481;23
65;482;23
65;483;23
65;484;23
65;485;23
65;486;23
65;487;23
65;488;23
65;489;23
65;490;23
65;491;23
65;492;23
65;493;23
65;494;23
65;495;23
65;496;23
65;497;23
65;498;23
65;499;23
66;0;30
66;1;30
66;2;30
66;3;30
66;4;30
66;5;30
66;6;30
66;7;30
66;8;30
66;9;30
66;10;30
66;11;30
66;12;30
66;13;30
66;14;30
66;15;30
66;16;30
66;17;30
66;18;30
66;19;30
66;20;30
66;21;51
66;22;51
66;23;51
66;24;28
66;25;28
66;26;28
66;27;28
66;28;28
66;29;28
66;30;28
66;31;28
66;32;28
66;33;28
66;34;28
66;35;28
66;36;28
66;37;28
66;38;28
66;39;28
66;40;28
66;41;28
66;42;28
66;43;28
66;44;28
66;45;28
66;46;28
66;47;28
66;48;28
66;49;28
66;50;28
66;51;28
66;52;28
66;53;28
66;54;28
66;55;28
66;56;3
66;57;3
66;58;3
66;59;3
66;60;3
66;61;3
66;62;3
66;63;3
66;64;3
66;65;3
66;66;3
66;67;3
66;68;3
66;69;35
66;70;35
66;71;35
66;72;35
66;73;35
66;74;35
66;75;35
66;76;35
66;77;35
66;78;35
66;79;35
66;80;13
66;81;13
66;82;13
66;83;13
66;84;13
66;85;13
66;86;13
66;87;13
66;88;13
66;89;13
66;90;13
66;91;13
66;92;13
66;93;13
66;94;13
66;95;13
66;96;13
66;97;13
66;98;13
66;99;13
66;100;13
66;101;13
66;102;13
66;103;13
66;104;13
66;105;13
66;106;13
66;107;13
66;108;4
66;109;4
66;110;4
66;111;4
66;112;4
66;113;4
66;114;20
66;115;20
66;116;20
66;117;20
66;118;20
66;119;20
66;120;20
66;121;20
66;122;20
66;123;20
66;124;20
66;125;20
66;126;20
66;127;20
66;128;20
66;129;20
66;130;20
66;131;20
66;132;20
66;133;20
66;134;20
66;135;20
66;136;20
66;137;51
66;138;51
66;139;51
66;140;51
66;141;51
66;142;51
66;143;51
66;144;51
66;145;51
66;146;51
66;147;51
66;148;51
66;149;51
66;150;51
66;151;51
66;152;51
66;153;51
66;154;51
66;155;51
66;156;51
66;157;51
66;158;51
66;159;51
66;160;51
66;161;51
66;162;51
66;163;51
66;164;51
66;165;51
66;166;51
66;167;51
66;168;51
66;169;51
66;170;51
66;171;51
66;172;51
66;173;51
66;174;51
66;175;51
66;176;15
66;177;15
66;178;15
66;179;15
66;180;15
66;181;15
66;182;15
66;183;15
66;184;15
66;185;15
66;186;15
66;187;15
66;188;15
66;189;15
66;190;15
66;191;15
66;192;15
66;193;15
66;194;15
66;195;15
66;196;15
66;197;15
66;198;15
66;199;15
66;200;15
66;201;15
66;202;15
66;203;15
66;204;15
66;205;15
66;206;15
66;207;15
66;208;15
66;209;15
66;210;15
66;211;15
66;212;15
66;213;47
66;214;47
66;215;44
66;216;44
66;217;44
66;218;44
66;219;44
66;220;44
66;221;44
66;222;44
66;223;44
66;224;44
66;225;44
66;226;44
66;227;44
66;228;44
66;229;44
66;230;44
66;231;44
66;232;44
66;233;44
66;234;44
66;235;44
66;236;44
66;237;44
66;238;44
66;239;44
66;240;44
66;241;44
66;242;11
66;243;11
66;244;11
66;245;11
66;246;11
66;247;11
66;248;11
66;249;11
66;250;11
66;251;11
66;252;11
66;253;11
66;254;11
66;255;11
66;256;11
66;257;11
66;258;11
66;259;11
66;260;11
66;261;11
66;262;11
66;263;11
66;264;32
66;265;32
66;266;32
66;267;32
66;268;32
66;269;32
66;270;32
66;271;32
66;272;32
66;273;32
66;274;32
66;275;32
66;276;32
66;277;32
66;278;32
66;279;32
66;280;32
66;281;32
66;282;32
66;283;32
66;284;32
66;285;32
66;286;32
66;287;32
66;288;32
66;289;48
66;290;48
66;291;48
66;292;48
66;293;48
66;294;48
66;295;48
66;296;48
66;297;48
66;298;48
66;299;48
66;300;48
66;301;13
66;302;13
66;303;13
66;304;13
66;305;13
66;306;13
66;307;13
66;308;13
66;309;13
66;310;13
66;311;13
66;312;13
66;313;13
66;314;13
66;315;13
66;316;13
66;317;13
66;318;13
66;319;13
66;320;13
66;321;13
66;322;44
66;323;44
66;324;44
66;325;44
66;326;44
66;327;44
66;328;44
66;329;44
66;330;44
66;331;44
66;332;44
66;333;44
66;334;44
66;335;44
66;336;44
66;337;44
66;338;44
66;339;44
66;340;44
66;341;44
66;342;44
66;343;44
66;344;44
66;345;44
66;346;44
66;347;44
66;348;44
66;349;44
66;350;44
66;351;44
66;352;44
66;353;44
66;354;44
66;355;44
66;356;44
66;357;44
66;358;44
66;359;44
66;360;44
66;361;44
66;362;44
66;363;44
66;364;44
66;365;44
66;366;41
66;367;41
66;368;41
66;369;41
66;370;41
66;371;41
66;372;41
66;373;41
66;374;41
66;375;41
66;376;41
66;377;41
66;378;41
66;379;41
66;380;41
66;381;41
66;382;41
66;383;41
66;384;41
66;385;41
66;386;41
66;387;41
66;388;41
66;389;41
66;390;41
66;391;41
66;392;41
66;393;41
66;394;41
66;395;41
66;396;41
66;397;41
66;398;41
66;399;41
66;400;41
66;401;41
66;402;41
66;403;41
66;404;41
66;405;41
66;406;41
66;407;41
66;408;41
66;409;41
66;410;41
66;411;41
66;412;41
66;413;41
66;414;41
66;415;41
66;416;41
66;417;41
66;418;41
66;419;41
66;420;41
66;421;41
66;422;41
66;423;41
66;424;41
66;425;41
66;426;41
66;427;41
66;428;41
66;429;41
66;430;41
66;431;41
66;432;41
66;433;41
66;434;41
66;435;41
66;436;9
66;437;9
66;438;9
66;439;9
66;440;9
66;441;9
66;442;9
66;443;9
66;444;9
66;445;9
66;446;9
66;447;9
66;448;9
66;449;9
66;450;9
66;451;9
66;452;9
66;453;9
66;454;9
66;455;9
66;456;9
66;457;2
66;458;2
66;459;2
66;460;2
66;461;2
66;462;2
66;463;2
66;464;2
66;465;2
66;466;2
66;467;2
66;468;2
66;469;2
66;470;2
66;471;2
66;472;2
66;473;23
66;474;23
66;475;23
66;476;23
66;477;23
66;478;23
66;479;23
66;480;23
66;481;23
66;482;23
66;483;23
66;484;23
66;485;23
66;486;23
66;487;23
66;488;23
66;489;23
66;490;23
66;491;23
66;492;23
66;493;23
66;494;23
66;495;23
66;496;23
66;497;23
66;498;23
66;499;23
67;0;30
67;1;30
67;2;30
67;3;30
67;4;30
67;5;30
67;6;30
67;7;30
67;8;30
67;9;30
67;10;30
67;11;30
67;12;30
67;13;30
67;14;30
67;15;30
67;16;30
67;17;30
67;18;30
67;19;30
67;20;30
67;21;51
67;22;51
67;23;51
67;24;51
67;25;51
67;26;28
67;27;28
67;28;28
67;29;28
67;30;28
67;31;28
67;32;28
67;33;28
67;34;28
67;35;28
67;36;28
67;37;28
67;38;28
67;39;28
67;40;28
67;41;28
67;42;28
67;43;28
67;44;28
67;45;28
67;46;28
67;47;28
67;48;28
67;49;28
67;50;28
67;51;28
67;52;28
67;53;28
67;54;28
67;55;28
67;56;28
67;57;3
67;58;3
67;59;3
67;60;3
67;61;3
67;62;3
67;63;3
67;64;3
67;65;3
67;66;3
67;67;3
67;68;3
67;69;35
67;70;35
67;71;35
67;72;35
67;73;35
67;74;35
67;75;35
67;76;35
67;77;35
67;78;35
67;79;35
67;80;35
67;81;35
67;82;13
67;83;13
67;84;13
67;85;13
67;86;13
67;87;13
67;88;13
67;89;13
67;90;13
67;91;13
67;92;13
67;93;13
67;94;13
67;95;13
67;96;13
67;97;13
67;98;13
67;99;13
67;100;13
67;101;13
67;102;13
67;103;13
67;104;13
67;105;13
67;106;13
67;107;13
67;108;20
67;109;20
67;110;20
67;111;20
67;112;20
67;113;20
67;114;20
67;115;20
67;116;20
67;117;20
67;118;20
67;119;20
67;120;20
67;121;20
67;122;20
67;123;20
67;124;20
67;125;20
67;126;20
67;127;20
67;128;20
67;129;20
67;130;20
67;131;20
67;132;20
67;133;20
67;134;20
67;135;20
67;136;20
67;137;20
67;138;51
67;139;51
67;140;51
67;141;51
67;142;51
67;143;51
67;144;51
67;145;51
67;146;51
67;147;51
67;148;51
67;149;51
67;150;51
67;151;51
67;152;51
67;153;51
67;154;51
67;155;51
67;156;51
67;157;51
67;158;51
67;159;51
67;160;51
67;161;51
67;162;51
67;163;51
67;164;51
67;165;51
67;166;51
67;167;51
67;168;51
67;169;51
67;170;51
67;171;51
67;172;51
67;173;51
67;174;51
67;175;51
67;176;15
67;177;15
67;178;15
67;179;15
67;180;15
67;181;15
67;182;15
67;183;15
67;184;15
67;185;15
67;186;15
67;187;15
67;188;15
67;189;15
67;190;15
67;191;15
67;192;15
67;193;15
67;194;15
67;195;15
67;196;15
67;197;15
67;198;15
67;199;15
67;200;15
67;201;15
67;202;15
67;203;15
67;204;15
67;205;15
67;206;15
67;207;15
67;208;15
67;209;15
67;210;15
67;211;15
67;212;47
67;213;47
67;214;47
67;215;47
67;216;47
67;217;44
67;218;44
67;219;44
67;220;44
67;221;44
67;222;44
67;223;44
67;224;44
67;225;44
67;226;44
67;227;44
67;228;44
67;229;44
67;230;44
67;231;44
67;232;44
67;233;44
67;234;44
67;235;44
67;236;44
67;237;44
67;238;44
67;239;44
67;240;44
67;241;44
67;242;11
67;243;11
67;244;11
67;245;11
67;246;11
67;247;11
67;248;11
67;249;11
67;250;11
67;251;11
67;252;11
67;253;11
67;254;11
67;255;11
67;256;11
67;257;11
67;258;11
67;259;11
67;260;11
67;261;11
67;262;11
67;263;11
67;264;32
67;265;32
67;266;32
67;267;32
67;268;32
67;269;32
67;270;32
67;271;32
67;272;32
67;273;32
67;274;32
67;275;32
67;276;32
67;277;32
67;278;32
67;279;32
67;280;32
67;281;32
67;282;32
67;283;32
67;284;32
67;285;32
67;286;32
67;287;32
67;288;32
67;289;32
67;290;48
67;291;48
67;292;48
67;293;48
67;294;48
67;295;48
67;296;48
67;297;48
67;298;48
67;299;48
67;300;13
67;301;13
67;302;13
67;303;13
67;304;13
67;305;13
67;306;13
67;307;13
67;308;13
67;309;13
67;310;13
67;311;13
67;312;13
67;313;13
67;314;13
67;315;13
67;316;13
67;317;13
67;318;13
67;319;13
67;320;13
67;321;13
67;322;44
67;323;44
67;324;44
67;325;44
67;326;44
67;327;44
67;328;44
67;329;44
67;330;44
67;331;44
67;332;44
67;333;44
67;334;44
67;335;44
67;336;44
67;337;44
67;338;44
67;339;44
67;340;44
67;341;44
67;342;44
67;343;44
67;344;44
67;345;44
67;346;44
67;347;44
67;348;44
67;349;44
67;350;44
67;351;44
67;352;44
67;353;44
67;354;44
67;355;44
67;356;44
67;357;44
67;358;44
67;359;44
67;360;44
67;361;44
67;362;44
67;363;44
67;364;44
67;365;44
67;366;44
67;367;41
67;368;41
67;369;41
67;370;41
67;371;41
67;372;41
67;373;41
67;374;41
67;375;41
67;376;41
67;377;41
67;378;41
67;379;41
67;380;41
67;381;41
67;382;41
67;383;41
67;384;41
67;385;41
67;386;41
67;387;41
67;388;41
67;389;41
67;390;41
67;391;41
67;392;41
67;393;41
67;394;41
67;395;41
67;396;41
67;397;41
67;398;41
67;399;41
67;400;41
67;401;41
67;402;41
67;403;41
67;404;41
67;405;41
67;406;41
67;407;41
67;408;41
67;409;41
67;410;41
67;411;41
67;412;41
67;413;41
67;414;41
67;415;41
67;416;41
67;417;41
67;418;41
67;419;41
67;420;41
67;421;41
67;422;41
67;423;41
67;424;41
67;425;41
67;426;41
67;427;41
67;428;41
67;429;41
67;430;41
67;431;41
67;432;41
67;433;41
67;434;41
67;435;41
67;436;41
67;437;9
67;438;9
67;439;9
67;440;9
67;441;9
67;442;9
67;443;9
67;444;9
67;445;9
67;446;9
67;447;9
67;448;9
67;449;9
67;450;9
67;451;9
67;452;9
67;453;9
67;454;9
67;455;9
67;456;9
67;457;2
67;458;2
67;459;2
67;460;2
67;461;2
67;462;2
67;463;2
67;464;2
67;465;2
67;466;2
67;467;2
67;468;2
67;469;2
67;470;2
67;471;2
67;472;2
67;473;23
67;474;23
67;475;23
67;476;23
67;477;23
67;478;23
67;479;23
67;480;23
67;481;23
67;482;23
67;483;23
67;484;23
67;485;23
67;486;23
67;487;23
67;488;23
67;489;23
67;490;23
67;491;23
67;492;23
67;493;23
67;494;23
67;495;23
67;496;23
67;497;23
67;498;23
67;499;23
68;0;30
68;1;30
68;2;30
68;3;30
68;4;30
68;5;30
68;6;30
68;7;30
68;8;30
68;9;30
68;10;30
68;11;30
68;12;30
68;13;30
68;14;30
68;15;30
68;16;30
68;17;30
68;18;30
68;19;30
68;20;30
68;21;51
68;22;51
68;23;51
68;24;51
68;25;51
68;26;51
68;27;51
68;28;28
68;29;28
68;30;28
68;31;28
68;32;28
68;33;28
68;34;28
68;35;28
68;36;28
68;37;28
68;38;28
68;39;28
68;40;28
68;41;28
68;42;28
68;43;28
68;44;28
68;45;28
68;46;28
68;47;28
68;48;28
68;49;28
68;50;28
68;51;28
68;52;28
68;53;28
68;54;28
68;55;28
68;56;28
68;57;3
68;58;3
68;59;3
68;60;3
68;61;3
68;62;3
68;63;3
68;64;3
68;65;3
68;66;3
68;67;3
68;68;3
68;69;35
68;70;35
68;71;35
68;72;35
68;73;35
68;74;35
68;75;35
68;76;35
68;77;35
68;78;35
68;79;35
68;80;35
68;81;35
68;82;35
68;83;35
68;84;13
68;85;13
68;86;13
68;87;13
68;88;13
68;89;13
68;90;13
68;91;13
68;92;13
68;93;13
68;94;13
68;95;13
68;96;13
68;97;13
68;98;13
68;99;13
68;100;13
68;101;13
68;102;13
68;103;13
68;104;13
68;105;13
68;106;13
68;107;13
68;108;20
68;109;20
68;110;20
68;111;20
68;112;20
68;113;20
68;114;20
68;115;20
68;116;20
68;117;20
68;118;20
68;119;20
68;120;20
68;121;20
68;122;20
68;123;20
68;124;20
68;125;20
68;126;20
68;127;20
68;128;20
68;129;20
68;130;20
68;131;20
68;132;20
68;133;20
68;134;20
68;135;20
68;136;20
68;137;20
68;138;20
68;139;51
68;140;51
68;141;51
68;142;51
68;143;51
68;144;51
68;145;51
68;146;51
68;147;51
68;148;51
68;149;51
68;150;51
68;151;51
68;152;51
68;153;51
68;154;51
68;155;51
68;156;51
68;157;51
68;158;51
68;159;51
68;160;51
68;161;51
68;162;51
68;163;51
68;164;51
68;165;51
68;166;51
68;167;51
68;168;51
68;169;51
68;170;51
68;171;51
68;172;51
68;173;51
68;174;51
68;175;51
68;176;51
68;177;15
68;178;15
68;179;15
68;180;15
68;181;15
68;182;15
68;183;15
68;184;15
68;185;15
68;186;15
68;187;15
68;188;15
68;189;15
68;190;15
68;191;15
68;192;15
68;193;15
68;194;15
68;195;15
68;196;15
68;197;15
68;198;15
68;199;15
68;200;15
68;201;15
68;202;15
68;203;15
68;204;15
68;205;15
68;206;15
68;207;15
68;208;15
68;209;15
68;210;15
68;211;47
68;212;47
68;213;47
68;214;47
68;215;47
68;216;47
68;217;47
68;218;47
68;219;44
68;220;44
68;221;44
68;222;44
68;223;44
68;224;44
68;225;44
68;226;44
68;227;44
68;228;44
68;229;44
68;230;44
68;231;44
68;232;44
68;233;44
68;234;44
68;235;44
68;236;44
68;237;44
68;238;44
68;239;44
68;240;44
68;241;44
68;242;11
68;243;11
68;244;11
68;245;11
68;246;11
68;247;11
68;248;11
68;249;11
68;250;11
68;251;11
68;252;11
68;253;11
68;254;11
68;255;11
68;256;11
68;257;11
68;258;11
68;259;11
68;260;11
68;261;11
68;262;11
68;263;32
68;264;32
68;265;32
68;266;32
68;267;32
68;268;32
68;269;32
68;270;32
68;271;32
68;272;32
68;273;32
68;274;32
68;275;32
68;276;32
68;277;32
68;278;32
68;279;32
68;280;32
68;281;32
68;282;32
68;283;32
68;284;32
68;285;32
68;286;32
68;287;32
68;288;32
68;289;32
68;290;32
68;291;48
68;292;48
68;293;48
68;294;48
68;295;48
68;296;48
68;297;48
68;298;48
68;299;13
68;300;13
68;301;13
68;302;13
68;303;13
68;304;13
68;305;13
68;306;13
68;307;13
68;308;13
68;309;13
68;310;13
68;311;13
68;312;13
68;313;13
68;314;13
68;315;13
68;316;13
68;317;13
68;318;13
68;319;13
68;320;13
68;321;13
68;322;44
68;323;44
68;324;44
68;325;44
68;326;44
68;327;44
68;328;44
68;329;44
68;330;44
68;331;44
68;332;44
68;333;44
68;334;44
68;335;44
68;336;44
68;337;44
68;338;44
68;339;44
68;340;44
68;341;44
68;342;44
68;343;44
68;344;44
68;345;44
68;346;44
68;347;44
68;348;44
68;349;44
68;350;44
68;351;44
68;352;44
68;353;44
68;354;44
68;355;44
68;356;44
68;357;44
68;358;44
68;359;44
68;360;44
68;361;44
68;362;44
68;363;44
68;364;44
68;365;44
68;366;44
68;367;44
68;368;41
68;369;41
68;370;41
68;371;41
68;372;41
68;373;41
68;374;41
68;375;41
68;376;41
68;377;41
68;378;41
68;379;41
68;380;41
68;381;41
68;382;41
68;383;41
68;384;41
68;385;41
68;386;41
68;387;41
68;388;41
68;389;41
68;390;41
68;391;41
68;392;41
68;393;41
68;394;41
68;395;41
68;396;41
68;397;41
68;398;41
68;399;41
68;400;41
68;401;41
68;402;41
68;403;41
68;404;41
68;405;41
68;406;41
68;407;41
68;408;41
68;409;41
68;410;41
68;411;41
68;412;41
68;413;41
68;414;41
68;415;41
68;416;41
68;417;41
68;418;41
68;419;41
68;420;41
68;421;41
68;422;41
68;423;41
68;424;41
68;425;41
68;426;41
68;427;41
68;428;41
68;429;41
68;430;41
68;431;41
68;432;41
68;433;41
68;434;41
68;435;41
68;436;41
68;437;41
68;438;9
68;439;9
68;440;9
68;441;9
68;442;9
68;443;9
68;444;9
68;445;9
68;446;9
68;447;9
68;448;9
68;449;9
68;450;9
68;451;9
68;452;9
68;453;9
68;454;9
68;455;9
68;456;9
68;457;9
68;458;2
68;459;2
68;460;2
68;461;2
68;462;2
68;463;2
68;464;2
68;465;2
68;466;2
68;467;2
68;468;2
68;469;2
68;470;2
68;471;2
68;472;2
68;473;23
68;474;23
68;475;23
68;476;23
68;477;23
68;478;23
68;479;23
68;480;23
68;481;23
68;482;23
68;483;23
68;484;23
68;485;23
68;486;23
68;487;23
68;488;23
68;489;23
68;490;23
68;491;23
68;492;23
68;493;23
68;494;23
68;495;23
68;496;23
68;497;23
68;498;23
68;499;23
69;0;30
69;1;30
69;2;30
69;3;30
69;4;30
69;5;30
69;6;30
69;7;30
69;8;30
69;9;30
69;10;30
69;11;30
69;12;30
69;13;30
69;14;30
69;15;30
69;16;30
69;17;30
69;18;30
69;19;30
69;20;51
69;21;51
69;22;51
69;23;51
69;24;51
69;25;51
69;26;51
69;27;51
69;28;51
69;29;51
69;30;28
69;31;28
69;32;28
69;33;28
69;34;28
69;35;28
69;36;28
69;37;28
69;38;28
69;39;28
69;40;28
69;41;28
69;42;28
69;43;28
69;44;28
69;45;28
69;46;28
69;47;28
69;48;28
69;49;28
69;50;28
69;51;28
69;52;28
69;53;28
69;54;28
69;55;28
69;56;3
69;57;3
69;58;3
69;59;3
69;60;3
69;61;3
69;62;3
69;63;3
69;64;3
69;65;3
69;66;3
69;67;3
69;68;3
69;69;3
69;70;35
69;71;35
69;72;35
69;73;35
69;74;35
69;75;35
69;76;35
69;77;35
69;78;35
69;79;35
69;80;35
69;81;35
69;82;35
69;83;35
69;84;35
69;85;35
69;86;13
69;87;13
69;88;13
69;89;13
69;90;13
69;91;13
69;92;13
69;93;13
69;94;13
69;95;13
69;96;13
69;97;13
69;98;13
69;99;13
69;100;13
69;101;13
69;102;13
69;103;13
69;104;13
69;105;13
69;106;13
69;107;13
69;108;20
69;109;20
69;110;20
69;111;20
69;112;20
69;113;20
69;114;20
69;115;20
69;116;20
69;117;20
69;118;20
69;119;20
69;120;20
69;121;20
69;122;20
69;123;20
69;124;20
69;125;20
69;126;20
69;127;20
69;128;20
69;129;20
69;130;20
69;131;20
69;132;20
69;133;20
69;134;20
69;135;20
69;136;20
69;137;20
69;138;20
69;139;23
69;140;23
69;141;23
69;142;23
69;143;23
69;144;23
69;145;23
69;146;23
69;147;23
69;148;23
69;149;23
69;150;23
69;151;23
69;152;23
69;153;23
69;154;23
69;155;23
69;156;23
69;157;23
69;158;23
69;159;23
69;160;23
69;161;23
69;162;23
69;163;23
69;164;23
69;165;23
69;166;23
69;167;23
69;168;23
69;169;23
69;170;23
69;171;23
69;172;23
69;173;23
69;174;23
69;175;23
69;176;23
69;177;23
69;178;15
69;179;15
69;180;15
69;181;15
69;182;15
69;183;15
69;184;15
69;185;15
69;186;15
69;187;15
69;188;15
69;189;15
69;190;15
69;191;15
69;192;15
69;193;15
69;194;15
69;195;15
69;196;15
69;197;15
69;198;15
69;199;15
69;200;15
69;201;15
69;202;15
69;203;15
69;204;15
69;205;15
69;206;15
69;207;15
69;208;15
69;209;15
69;210;47
69;211;47
69;212;47
69;213;47
69;214;47
69;215;47
69;216;47
69;217;47
69;218;47
69;219;47
69;220;47
69;221;44
69;222;44
69;223;44
69;224;44
69;225;44
69;226;44
69;227;44
69;228;44
69;229;44
69;230;44
69;231;44
69;232;44
69;233;44
69;234;44
69;235;44
69;236;44
69;237;44
69;238;44
69;239;44
69;240;44
69;241;44
69;242;11
69;243;11
69;244;11
69;245;11
69;246;11
69;247;11
69;248;11
69;249;11
69;250;11
69;251;11
69;252;11
69;253;11
69;254;11
69;255;11
69;256;11
69;257;11
69;258;11
69;259;11
69;260;11
69;261;11
69;262;32
69;263;32
69;264;32
69;265;32
69;266;32
69;267;32
69;268;32
69;269;32
69;270;32
69;271;32
69;272;32
69;273;32
69;274;32
69;275;32
69;276;32
69;277;32
69;278;32
69;279;32
69;280;32
69;281;32
69;282;32
69;283;32
69;284;32
69;285;32
69;286;32
69;287;32
69;288;32
69;289;32
69;290;32
69;291;32
69;292;48
69;293;48
69;294;48
69;295;48
69;296;48
69;297;48
69;298;13
69;299;13
69;300;13
69;301;13
69;302;13
69;303;13
69;304;13
69;305;13
69;306;13
69;307;13
69;308;13
69;309;13
69;310;13
69;311;13
69;312;13
69;313;13
69;314;13
69;315;13
69;316;13
69;317;13
69;318;13
69;319;13
69;320;13
69;321;13
69;322;44
69;323;44
69;324;44
69;325;44
69;326;44
69;327;44
69;328;44
69;329;44
69;330;44
69;331;44
69;332;44
69;333;44
69;334;44
69;335;44
69;336;44
69;337;44
69;338;44
69;339;44
69;340;44
69;341;44
69;342;44
69;343;44
69;344;44
69;345;44
69;346;44
69;347;44
69;348;44
69;349;44
69;350;44
69;351;44
69;352;44
69;353;44
69;354;44
69;355;44
69;356;44
69;357;44
69;358;44
69;359;44
69;360;44
69;361;44
69;362;44
69;363;44
69;364;44
69;365;44
69;366;44
69;367;44
69;368;44
69;369;41
69;370;41
69;371;41
69;372;41
69;373;41
69;374;41
69;375;41
69;376;41
69;377;41
69;378;41
69;379;41
69;380;41
69;381;41
69;382;41
69;383;41
69;384;41
69;385;41
69;386;41
69;387;41
69;388;41
69;389;41
69;390;41
69;391;41
69;392;41
69;393;41
69;394;41
69;395;41
69;396;41
69;397;41
69;398;41
69;399;41
69;400;41
69;401;41
69;402;41
69;403;41
69;404;41
69;405;41
69;406;41
69;407;41
69;408;41
69;409;41
69;410;41
69;411;41
69;412;41
69;413;41
69;414;41
69;415;41
69;416;41
69;417;41
69;418;41
69;419;41
69;420;41
69;421;41
69;422;41
69;423;41
69;424;41
69;425;41
69;426;41
69;427;41
69;428;41
69;429;41
69;430;41
69;431;41
69;432;41
69;433;41
69;434;41
69;435;41
69;436;41
69;437;41
69;438;41
69;439;9
69;440;9
69;441;9
69;442;9
69;443;9
69;444;9
69;445;9
69;446;9
69;447;9
69;448;9
69;449;9
69;450;9
69;451;9
69;452;9
69;453;9
69;454;9
69;455;9
69;456;9
69;457;9
69;458;2
69;459;2
69;460;2
69;461;2
69;462;2
69;463;2
69;464;2
69;465;2
69;466;2
69;467;2
69;468;2
69;469;2
69;470;2
69;471;2
69;472;2
69;473;23
69;474;23
69;475;23
69;476;23
69;477;23
69;478;23
69;479;23
69;480;23
69;481;23
69;482;23
69;483;23
69;484;23
69;485;23
69;486;23
69;487;23
69;488;23
69;489;23
69;490;23
69;491;23
69;492;23
69;493;23
69;494;23
69;495;23
69;496;23
69;497;23
69;498;23
69;499;23
70;0;30
70;1;30
70;2;30
70;3;30
70;4;30
70;5;30
70;6;30
70;7;30
70;8;30
70;9;30
70;10;30
70;11;30
70;12;30
70;13;30
70;14;30
70;15;30
70;16;30
70;17;30
70;18;30
70;19;51
70;20;51
70;21;51
70;22;51
70;23;51
70;24;51
70;25;51
70;26;51
70;27;51
70;28;51
70;29;51
70;30;51
70;31;28
70;32;28
70;33;28
70;34;28
70;35;28
70;36;28
70;37;28
70;38;28
70;39;28
70;40;28
70;41;28
70;42;28
70;43;28
70;44;28
70;45;28
70;46;28
70;47;28
70;48;28
70;49;28
70;50;28
70;51;28
70;52;28
70;53;28
70;54;28
70;55;3
70;56;3
70;57;3
70;58;3
70;59;3
70;60;3
70;61;3
70;62;3
70;63;3
70;64;3
70;65;3
70;66;3
70;67;3
70;68;3
70;69;3
70;70;35
70;71;35
70;72;35
70;73;35
70;74;35
70;75;35
70;76;35
70;77;35
70;78;35
70;79;35
70;80;35
70;81;35
70;82;35
70;83;35
70;84;35
70;85;35
70;86;35
70;87;35
70;88;13
70;89;13
70;90;13
70;91;13
70;92;13
70;93;13
70;94;13
70;95;13
70;96;13
70;97;13
70;98;13
70;99;13
70;100;13
70;101;13
70;102;13
70;103;13
70;104;13
70;105;13
70;106;13
70;107;13
70;108;20
70;109;20
70;110;20
70;111;20
70;112;20
70;113;20
70;114;20
70;115;20
70;116;20
70;117;20
70;118;20
70;119;20
70;120;20
70;121;20
70;122;20
70;123;20
70;124;20
70;125;20
70;126;20
70;127;20
70;128;20
70;129;20
70;130;20
70;131;20
70;132;20
70;133;20
70;134;20
70;135;20
70;136;20
70;137;20
70;138;20
70;139;20
70;140;23
70;141;23
70;142;23
70;143;23
70;144;23
70;145;23
70;146;23
70;147;23
70;148;23
70;149;23
70;150;23
70;151;23
70;152;23
70;153;23
70;154;23
70;155;23
70;156;23
70;157;23
70;158;23
70;159;23
70;160;23
70;161;23
70;162;23
70;163;23
70;164;23
70;165;23
70;166;23
70;167;23
70;168;23
70;169;23
70;170;23
70;171;23
70;172;23
70;173;23
70;174;23
70;175;23
70;176;23
70;177;23
70;178;23
70;179;15
70;180;15
70;181;15
70;182;15
70;183;15
70;184;15
70;185;15
70;186;15
70;187;15
70;188;15
70;189;15
70;190;15
70;191;15
70;192;15
70;193;15
70;194;15
70;195;15
70;196;15
70;197;15
70;198;15
70;199;15
70;200;15
70;201;15
70;202;15
70;203;15
70;204;15
70;205;15
70;206;15
70;207;15
70;208;15
70;209;47
70;210;47
70;211;47
70;212;47
70;213;47
70;214;47
70;215;47
70;216;47
70;217;47
70;218;47
70;219;47
70;220;47
70;221;47
70;222;47
70;223;44
70;224;44
70;225;44
70;226;44
70;227;44
70;228;44
70;229;44
70;230;44
70;231;44
70;232;44
70;233;44
70;234;44
70;235;44
70;236;44
70;237;44
70;238;44
70;239;44
70;240;44
70;241;44
70;242;11
70;243;11
70;244;11
70;245;11
70;246;11
70;247;11
70;248;11
70;249;11
70;250;11
70;251;11
70;252;11
70;253;11
70;254;11
70;255;11
70;256;11
70;257;11
70;258;11
70;259;11
70;260;11
70;261;32
70;262;32
70;263;32
70;264;32
70;265;32
70;266;32
70;267;32
70;268;32
70;269;32
70;270;32
70;271;32
70;272;32
70;273;32
70;274;32
70;275;32
70;276;32
70;277;32
70;278;32
70;279;32
70;280;32
70;281;32
70;282;32
70;283;32
70;284;32
70;285;32
70;286;32
70;287;32
70;288;32
70;289;32
70;290;32
70;291;32
70;292;32
70;293;32
70;294;48
70;295;48
70;296;48
70;297;13
70;298;13
70;299;13
70;300;13
70;301;13
70;302;13
70;303;13
70;304;13
70;305;13
70;306;13
70;307;13
70;308;13
70;309;13
70;310;13
70;311;13
70;312;13
70;313;13
70;314;13
70;315;13
70;316;13
70;317;13
70;318;13
70;319;13
70;320;13
70;321;13
70;322;44
70;323;44
70;324;44
70;325;44
70;326;44
70;327;44
70;328;44
70;329;44
70;330;44
70;331;44
70;332;44
70;333;44
70;334;44
70;335;44
70;336;44
70;337;44
70;338;44
70;339;44
70;340;44
70;341;44
70;342;44
70;343;44
70;344;44
70;345;44
70;346;44
70;347;44
70;348;44
70;349;44
70;350;44
70;351;44
70;352;44
70;353;44
70;354;44
70;355;44
70;356;44
70;357;44
70;358;44
70;359;44
70;360;44
70;361;44
70;362;44
70;363;44
70;364;44
70;365;44
70;366;44
70;367;44
70;368;44
70;369;44
70;370;41
70;371;41
70;372;41
70;373;41
70;374;41
70;375;41
70;376;41
70;377;41
70;378;41
70;379;41
70;380;41
70;381;41
70;382;41
70;383;41
70;384;41
70;385;41
70;386;41
70;387;41
70;388;41
70;389;41
70;390;41
70;391;41
70;392;41
70;393;41
70;394;41
70;395;41
70;396;41
70;397;41
70;398;41
70;399;41
70;400;41
70;401;41
70;402;41
70;403;41
70;404;41
70;405;41
70;406;41
70;407;41
70;408;41
70;409;41
70;410;41
70;411;41
70;412;41
70;413;41
70;414;41
70;415;41
70;416;41
70;417;41
70;418;41
70;419;41
70;420;41
70;421;41
70;422;41
70;423;41
70;424;41
70;425;41
70;426;41
70;427;41
70;428;41
70;429;41
70;430;41
70;431;41
70;432;41
70;433;41
70;434;41
70;435;41
70;436;41
70;437;41
70;438;41
70;439;41
70;440;9
70;441;9
70;442;9
70;443;9
70;444;9
70;445;9
70;446;9
70;447;9
70;448;9
70;449;9
70;450;9
70;451;9
70;452;9
70;453;9
70;454;9
70;455;9
70;456;9
70;457;9
70;458;9
70;459;2
70;460;2
70;461;2
70;462;2
70;463;2
70;464;2
70;465;2
70;466;2
70;467;2
70;468;2
70;469;2
70;470;2
70;471;2
70;472;2
70;473;23
70;474;23
70;475;23
70;476;23
70;477;23
70;478;23
70;479;23
70;480;23
70;481;23
70;482;23
70;483;23
70;484;23
70;485;23
70;486;23
70;487;23
70;488;23
70;489;23
70;490;23
70;491;23
70;492;23
70;493;23
70;494;23
70;495;23
70;496;23
70;497;23
70;498;23
70;499;23
71;0;30
71;1;30
71;2;30
71;3;30
71;4;30
71;5;30
71;6;30
71;7;30
71;8;30
71;9;30
71;10;30
71;11;30
71;12;30
71;13;30
71;14;30
71;15;30
71;16;30
71;17;30
71;18;30
71;19;51
71;20;51
71;21;51
71;22;51
71;23;51
71;24;51
71;25;51
71;26;51
71;27;51
71;28;51
71;29;51
71;30;51
71;31;51
71;32;28
71;33;28
71;34;28
71;35;28
71;36;28
71;37;28
71;38;28
71;39;28
71;40;28
71;41;28
71;42;28
71;43;28
71;44;28
71;45;28
71;46;28
71;47;28
71;48;28
71;49;28
71;50;28
71;51;28
71;52;28
71;53;28
71;54;3
71;55;3
71;56;3
71;57;3
71;58;3
71;59;3
71;60;3
71;61;3
71;62;3
71;63;3
71;64;3
71;65;3
71;66;3
71;67;3
71;68;3
71;69;3
71;70;3
71;71;35
71;72;35
71;73;35
71;74;35
71;75;35
71;76;35
71;77;35
71;78;35
71;79;35
71;80;35
71;81;35
71;82;35
71;83;35
71;84;35
71;85;35
71;86;35
71;87;35
71;88;35
71;89;35
71;90;13
71;91;13
71;92;13
71;93;13
71;94;13
71;95;13
71;96;13
71;97;13
71;98;13
71;99;13
71;100;13
71;101;13
71;102;13
71;103;13
71;104;13
71;105;13
71;106;13
71;107;13
71;108;20
71;109;20
71;110;20
71;111;20
71;112;20
71;113;20
71;114;20
71;115;20
71;116;20
71;117;20
71;118;20
71;119;20
71;120;20
71;121;20
71;122;20
71;123;20
71;124;20
71;125;20
71;126;20
71;127;20
71;128;20
71;129;20
71;130;20
71;131;20
71;132;20
71;133;20
71;134;20
71;135;20
71;136;20
71;137;20
71;138;20
71;139;20
71;140;23
71;141;23
71;142;23
71;143;23
71;144;23
71;145;23
71;146;23
71;147;23
71;148;23
71;149;23
71;150;23
71;151;23
71;152;23
71;153;23
71;154;23
71;155;23
71;156;23
71;157;23
71;158;23
71;159;23
71;160;23
71;161;23
71;162;23
71;163;23
71;164;23
71;165;23
71;166;23
71;167;23
71;168;23
71;169;23
71;170;23
71;171;23
71;172;23
71;173;23
71;174;23
71;175;23
71;176;23
71;177;23
71;178;23
71;179;23
71;180;15
71;181;15
71;182;15
71;183;15
71;184;15
71;185;15
71;186;15
71;187;15
71;188;15
71;189;15
71;190;15
71;191;15
71;192;15
71;193;15
71;194;15
71;195;15
71;196;15
71;197;15
71;198;15
71;199;15
71;200;15
71;201;15
71;202;15
71;203;15
71;204;15
71;205;15
71;206;15
71;207;15
71;208;47
71;209;47
71;210;47
71;211;47
71;212;47
71;213;47
71;214;47
71;215;47
71;216;47
71;217;47
71;218;47
71;219;47
71;220;47
71;221;47
71;222;47
71;223;47
71;224;47
71;225;47
71;226;47
71;227;44
71;228;44
71;229;44
71;230;44
71;231;44
71;232;44
71;233;44
71;234;44
71;235;44
71;236;44
71;237;44
71;238;44
71;239;44
71;240;44
71;241;44
71;242;11
71;243;11
71;244;11
71;245;11
71;246;11
71;247;11
71;248;11
71;249;11
71;250;11
71;251;11
71;252;11
71;253;11
71;254;11
71;255;11
71;256;11
71;257;11
71;258;11
71;259;11
71;260;32
71;261;32
71;262;32
71;263;32
71;264;32
71;265;32
71;266;32
71;267;32
71;268;32
71;269;32
71;270;32
71;271;32
71;272;32
71;273;32
71;274;32
71;275;32
71;276;32
71;277;32
71;278;32
71;279;32
71;280;32
71;281;32
71;282;32
71;283;32
71;284;32
71;285;32
71;286;32
71;287;32
71;288;32
71;289;32
71;290;32
71;291;32
71;292;32
71;293;32
71;294;32
71;295;32
71;296;13
71;297;13
71;298;13
71;299;13
71;300;13
71;301;13
71;302;13
71;303;13
71;304;13
71;305;13
71;306;13
71;307;13
71;308;13
71;309;13
71;310;13
71;311;13
71;312;13
71;313;13
71;314;13
71;315;13
71;316;13
71;317;13
71;318;13
71;319;13
71;320;13
71;321;13
71;322;44
71;323;44
71;324;44
71;325;44
71;326;44
71;327;44
71;328;44
71;329;44
71;330;44
71;331;44
71;332;44
71;333;44
71;334;44
71;335;44
71;336;44
71;337;44
71;338;44
71;339;44
71;340;44
71;341;44
71;342;44
71;343;44
71;344;44
71;345;44
71;346;44
71;347;44
71;348;44
71;349;44
71;350;44
71;351;44
71;352;44
71;353;44
71;354;44
71;355;44
71;356;44
71;357;44
71;358;44
71;359;44
71;360;44
71;361;44
71;362;44
71;363;44
71;364;44
71;365;44
71;366;44
71;367;44
71;368;44
71;369;44
71;370;44
71;371;41
71;372;41
71;373;41
71;374;41
71;375;41
71;376;41
71;377;41
71;378;41
71;379;41
71;380;41
71;381;41
71;382;41
71;383;41
71;384;41
71;385;41
71;386;41
71;387;41
71;388;41
71;389;41
71;390;41
71;391;41
71;392;41
71;393;41
71;394;41
71;395;41
71;396;41
71;397;41
71;398;41
71;399;41
71;400;41
71;401;41
71;402;41
71;403;41
71;404;41
71;405;41
71;406;41
71;407;41
71;408;41
71;409;41
71;410;41
71;411;41
71;412;41
71;413;41
71;414;41
71;415;41
71;416;41
71;417;41
71;418;41
71;419;41
71;420;41
71;421;41
71;422;41
71;423;41
71;424;41
71;425;41
71;426;41
71;427;41
71;428;41
71;429;41
71;430;41
71;431;41
71;432;41
71;433;41
71;434;41
71;435;41
71;436;41
71;437;41
71;438;41
71;439;41
71;440;41
71;441;9
71;442;9
71;443;9
71;444;9
71;445;9
71;446;9
71;447;9
71;448;9
71;449;9
71;450;9
71;451;9
71;452;9
71;453;9
71;454;9
71;455;9
71;456;9
71;457;9
71;458;9
71;459;2
71;460;2
71;461;2
71;462;2
71;463;2
71;464;2
71;465;2
71;466;2
71;467;2
71;468;2
71;469;2
71;470;2
71;471;2
71;472;2
71;473;23
71;474;23
71;475;23
71;476;23
71;477;23
71;478;23
71;479;23
71;480;23
71;481;23
71;482;23
71;483;23
71;484;23
71;485;23
71;486;23
71;487;23
71;488;23
71;489;23
71;490;23
71;491;23
71;492;23
71;493;23
71;494;23
71;495;23
71;496;23
71;497;23
71;498;23
71;499;23
72;0;30
72;1;30
72;2;30
72;3;30
72;4;30
72;5;30
72;6;30
72;7;30
72;8;30
72;9;30
72;10;30
72;11;30
72;12;30
72;13;30
72;14;30
72;15;30
72;16;30
72;17;30
72;18;30
72;19;51
72;20;51
72;21;51
72;22;51
72;23;51
72;24;51
72;25;51
72;26;51
72;27;51
72;28;51
72;29;51
72;30;51
72;31;51
72;32;51
72;33;28
72;34;28
72;35;28
72;36;28
72;37;28
72;38;28
72;39;28
72;40;28
72;41;28
72;42;28
72;43;28
72;44;28
72;45;28
72;46;28
72;47;28
72;48;28
72;49;28
72;50;28
72;51;28
72;52;28
72;53;3
72;54;3
72;55;3
72;56;3
72;57;3
72;58;3
72;59;3
72;60;3
72;61;3
72;62;3
72;63;3
72;64;3
72;65;3
72;66;3
72;67;3
72;68;3
72;69;3
72;70;3
72;71;35
72;72;35
72;73;35
72;74;35
72;75;35
72;76;35
72;77;35
72;78;35
72;79;35
72;80;35
72;81;35
72;82;35
72;83;35
72;84;35
72;85;35
72;86;35
72;87;35
72;88;35
72;89;35
72;90;35
72;91;35
72;92;13
72;93;13
72;94;13
72;95;13
72;96;13
72;97;13
72;98;13
72;99;13
72;100;13
72;101;13
72;102;13
72;103;13
72;104;13
72;105;13
72;106;13
72;107;13
72;108;20
72;109;20
72;110;20
72;111;20
72;112;20
72;113;20
72;114;20
72;115;20
72;116;20
72;117;20
72;118;20
72;119;20
72;120;20
72;121;20
72;122;20
72;123;20
72;124;20
72;125;20
72;126;20
72;127;20
72;128;20
72;129;20
72;130;20
72;131;20
72;132;20
72;133;20
72;134;20
72;135;20
72;136;20
72;137;20
72;138;20
72;139;20
72;140;20
72;141;23
72;142;23
72;143;23
72;144;23
72;145;23
72;146;23
72;147;23
72;148;23
72;149;23
72;150;23
72;151;23
72;152;23
72;153;23
72;154;23
72;155;23
72;156;23
72;157;23
72;158;23
72;159;23
72;160;23
72;161;23
72;162;23
72;163;23
72;164;23
72;165;23
72;166;23
72;167;23
72;168;23
72;169;23
72;170;23
72;171;23
72;172;23
72;173;23
72;174;23
72;175;23
72;176;23
72;177;23
72;178;23
72;179;23
72;180;23
72;181;15
72;182;15
72;183;15
72;184;15
72;185;15
72;186;15
72;187;15
72;188;15
72;189;15
72;190;15
72;191;15
72;192;15
72;193;15
72;194;15
72;195;15
72;196;15
72;197;15
72;198;15
72;199;15
72;200;15
72;201;15
72;202;15
72;203;15
72;204;15
72;205;15
72;206;15
72;207;47
72;208;47
72;209;47
72;210;47
72;211;47
72;212;47
72;213;47
72;214;47
72;215;47
72;216;47
72;217;47
72;218;47
72;219;47
72;220;47
72;221;47
72;222;47
72;223;47
72;224;47
72;225;47
72;226;47
72;227;47
72;228;47
72;229;44
72;230;44
72;231;44
72;232;44
72;233;44
72;234;44
72;235;44
72;236;44
72;237;44
72;238;44
72;239;44
72;240;44
72;241;44
72;242;11
72;243;11
72;244;11
72;245;11
72;246;11
72;247;11
72;248;11
72;249;11
72;250;11
72;251;11
72;252;11
72;253;11
72;254;11
72;255;11
72;256;11
72;257;11
72;258;11
72;259;32
72;260;32
72;261;32
72;262;32
72;263;32
72;264;32
72;265;32
72;266;32
72;267;32
72;268;32
72;269;32
72;270;32
72;271;32
72;272;32
72;273;32
72;274;32
72;275;32
72;276;32
72;277;32
72;278;32
72;279;32
72;280;32
72;281;32
72;282;32
72;283;32
72;284;32
72;285;32
72;286;32
72;287;32
72;288;32
72;289;32
72;290;32
72;291;32
72;292;32
72;293;32
72;294;32
72;295;32
72;296;32
72;297;13
72;298;13
72;299;13
72;300;13
72;301;13
72;302;13
72;303;13
72;304;13
72;305;13
72;306;13
72;307;13
72;308;13
72;309;13
72;310;13
72;311;13
72;312;13
72;313;13
72;314;13
72;315;13
72;316;13
72;317;13
72;318;13
72;319;13
72;320;13
72;321;13
72;322;44
72;323;44
72;324;44
72;325;44
72;326;44
72;327;44
72;328;44
72;329;44
72;330;44
72;331;44
72;332;44
72;333;44
72;334;44
72;335;44
72;336;44
72;337;44
72;338;44
72;339;44
72;340;44
72;341;44
72;342;44
72;343;44
72;344;44
72;345;44
72;346;44
72;347;44
72;348;44
72;349;44
72;350;44
72;351;44
72;352;44
72;353;44
72;354;44
72;355;44
72;356;44
72;357;44
72;358;44
72;359;44
72;360;44
72;361;44
72;362;44
72;363;44
72;364;44
72;365;44
72;366;44
72;367;44
72;368;44
72;369;44
72;370;44
72;371;44
72;372;41
72;373;41
72;374;41
72;375;41
72;376;41
72;377;41
72;378;41
72;379;41
72;380;41
72;381;41
72;382;41
72;383;41
72;384;41
72;385;41
72;386;41
72;387;41
72;388;41
72;389;41
72;390;41
72;391;41
72;392;41
72;393;41
72;394;41
72;395;41
72;396;41
72;397;41
72;398;41
72;399;41
72;400;41
72;401;41
72;402;41
72;403;41
72;404;41
72;405;41
72;406;41
72;407;41
72;408;41
72;409;41
72;410;41
72;411;41
72;412;41
72;413;41
72;414;41
72;415;41
72;416;41
72;417;41
72;418;41
72;419;41
72;420;41
72;421;41
72;422;41
72;423;41
72;424;41
72;425;41
72;426;41
72;427;41
72;428;41
72;429;41
72;430;41
72;431;41
72;432;41
72;433;41
72;434;41
72;435;41
72;436;41
72;437;41
72;438;41
72;439;41
72;440;41
72;441;41
72;442;9
72;443;9
72;444;9
72;445;9
72;446;9
72;447;9
72;448;9
72;449;9
72;450;9
72;451;9
72;452;9
72;453;9
72;454;9
72;455;9
72;456;9
72;457;9
72;458;9
72;459;9
72;460;2
72;461;2
72;462;2
72;463;2
72;464;2
72;465;2
72;466;2
72;467;2
72;468;2
72;469;2
72;470;2
72;471;2
72;472;2
72;473;23
72;474;23
72;475;23
72;476;23
72;477;23
72;478;23
72;479;23
72;480;23
72;481;23
72;482;23
72;483;23
72;484;23
72;485;23
72;486;23
72;487;23
72;488;23
72;489;23
72;490;23
72;491;23
72;492;23
72;493;23
72;494;23
72;495;23
72;496;23
72;497;23
72;498;23
72;499;23
73;0;30
73;1;30
73;2;30
73;3;30
73;4;30
73;5;30
73;6;30
73;7;30
73;8;30
73;9;30
73;10;30
73;11;30
73;12;30
73;13;30
73;14;30
73;15;30
73;16;30
73;17;30
73;18;30
73;19;51
73;20;51
73;21;51
73;22;51
73;23;51
73;24;51
73;25;51
73;26;51
73;27;51
73;28;51
73;29;51
73;30;51
73;31;51
73;32;51
73;33;51
73;34;28
73;35;28
73;36;28
73;37;28
73;38;28
73;39;28
73;40;28
73;41;28
73;42;28
73;43;28
73;44;28
73;45;28
73;46;28
73;47;28
73;48;28
73;49;28
73;50;28
73;51;28
73;52;3
73;53;3
73;54;3
73;55;3
73;56;3
73;57;3
73;58;3
73;59;3
73;60;3
73;61;3
73;62;3
73;63;3
73;64;3
73;65;3
73;66;3
73;67;3
73;68;3
73;69;3
73;70;3
73;71;3
73;72;35
73;73;35
73;74;35
73;75;35
73;76;35
73;77;35
73;78;35
73;79;35
73;80;35
73;81;35
73;82;35
73;83;35
73;84;35
73;85;35
73;86;35
73;87;35
73;88;35
73;89;35
73;90;35
73;91;35
73;92;35
73;93;35
73;94;13
73;95;13
73;96;13
73;97;13
73;98;13
73;99;13
73;100;13
73;101;13
73;102;13
73;103;13
73;104;13
73;105;13
73;106;13
73;107;13
73;108;20
73;109;20
73;110;20
73;111;20
73;112;20
73;113;20
73;114;20
73;115;20
73;116;20
73;117;20
73;118;20
73;119;20
73;120;20
73;121;20
73;122;20
73;123;20
73;124;20
73;125;20
73;126;20
73;127;20
73;128;20
73;129;20
73;130;20
73;131;20
73;132;20
73;133;20
73;134;20
73;135;20
73;136;20
73;137;20
73;138;20
73;139;20
73;140;20
73;141;20
73;142;23
73;143;23
73;144;23
73;145;23
73;146;23
73;147;23
73;148;23
73;149;23
73;150;23
73;151;23
73;152;23
73;153;23
73;154;23
73;155;23
73;156;23
73;157;23
73;158;23
73;159;23
73;160;23
73;161;23
73;162;23
73;163;23
73;164;23
73;165;23
73;166;23
73;167;23
73;168;23
73;169;23
73;170;23
73;171;23
73;172;23
73;173;23
73;174;23
73;175;23
73;176;23
73;177;23
73;178;23
73;179;23
73;180;23
73;181;15
73;182;15
73;183;15
73;184;15
73;185;15
73;186;15
73;187;15
73;188;15
73;189;15
73;190;15
73;191;15
73;192;15
73;193;15
73;194;15
73;195;15
73;196;15
73;197;15
73;198;15
73;199;15
73;200;15
73;201;15
73;202;15
73;203;15
73;204;15
73;205;15
73;206;47
73;207;47
73;208;47
73;209;47
73;210;47
73;211;47
73;212;47
73;213;47
73;214;47
73;215;47
73;216;47
73;217;47
73;218;47
73;219;47
73;220;47
73;221;47
73;222;47
73;223;47
73;224;47
73;225;47
73;226;47
73;227;47
73;228;47
73;229;47
73;230;47
73;231;44
73;232;44
73;233;44
73;234;44
73;235;44
73;236;44
73;237;44
73;238;44
73;239;44
73;240;44
73;241;44
73;242;11
73;243;11
73;244;11
73;245;11
73;246;11
73;247;11
73;248;11
73;249;11
73;250;11
73;251;11
73;252;11
73;253;11
73;254;11
73;255;11
73;256;11
73;257;11
73;258;11
73;259;32
73;260;32
73;261;32
73;262;32
73;263;32
73;264;32
73;265;32
73;266;32
73;267;32
73;268;32
73;269;32
73;270;32
73;271;32
73;272;32
73;273;32
73;274;32
73;275;32
73;276;32
73;277;32
73;278;32
73;279;32
73;280;32
73;281;32
73;282;32
73;283;32
73;284;32
73;285;32
73;286;32
73;287;32
73;288;32
73;289;32
73;290;32
73;291;32
73;292;32
73;293;32
73;294;32
73;295;32
73;296;32
73;297;13
73;298;13
73;299;13
73;300;13
73;301;13
73;302;13
73;303;13
73;304;13
73;305;13
73;306;13
73;307;13
73;308;13
73;309;13
73;310;13
73;311;13
73;312;13
73;313;13
73;314;13
73;315;13
73;316;13
73;317;13
73;318;13
73;319;13
73;320;13
73;321;13
73;322;44
73;323;44
73;324;44
73;325;44
73;326;44
73;327;44
73;328;44
73;329;44
73;330;44
73;331;44
73;332;44
73;333;44
73;334;44
73;335;44
73;336;44
73;337;44
73;338;44
73;339;44
73;340;44
73;341;44
73;342;44
73;343;44
73;344;44
73;345;44
73;346;44
73;347;44
73;348;44
73;349;44
73;350;44
73;351;44
73;352;44
73;353;44
73;354;44
73;355;44
73;356;44
73;357;44
73;358;44
73;359;44
73;360;44
73;361;44
73;362;44
73;363;44
73;364;44
73;365;44
73;366;44
73;367;44
73;368;44
73;369;44
73;370;44
73;371;44
73;372;44
73;373;41
73;374;41
73;375;41
73;376;41
73;377;41
73;378;41
73;379;41
73;380;41
73;381;41
73;382;41
73;383;41
73;384;41
73;385;41
73;386;41
73;387;41
73;388;41
73;389;41
73;390;41
73;391;41
73;392;41
73;393;41
73;394;41
73;395;41
73;396;41
73;397;41
73;398;41
73;399;41
73;400;41
73;401;41
73;402;41
73;403;41
73;404;41
73;405;41
73;406;41
73;407;41
73;408;41
73;409;41
73;410;41
73;411;41
73;412;41
73;413;41
73;414;41
73;415;41
73;416;41
73;417;41
73;418;41
73;419;41
73;420;41
73;421;41
73;422;41
73;423;41
73;424;41
73;425;41
73;426;41
73;427;41
73;428;41
73;429;41
73;430;41
73;431;41
73;432;41
73;433;41
73;434;41
73;435;41
73;436;48
73;437;48
73;438;48
73;439;48
73;440;48
73;441;48
73;442;48
73;443;9
73;444;9
73;445;9
73;446;9
73;447;9
73;448;9
73;449;9
73;450;9
73;451;9
73;452;9
73;453;9
73;454;9
73;455;9
73;456;9
73;457;9
73;458;9
73;459;9
73;460;2
73;461;2
73;462;2
73;463;2
73;464;2
73;465;2
73;466;2
73;467;2
73;468;2
73;469;2
73;470;2
73;471;2
73;472;2
73;473;23
73;474;23
73;475;23
73;476;23
73;477;23
73;478;23
73;479;23
73;480;23
73;481;23
73;482;23
73;483;23
73;484;23
73;485;23
73;486;23
73;487;23
73;488;23
73;489;23
73;490;23
73;491;23
73;492;23
73;493;23
73;494;23
73;495;23
73;496;23
73;497;23
73;498;23
73;499;23
74;0;40
74;1;40
74;2;30
74;3;30
74;4;30
74;5;30
74;6;30
74;7;30
74;8;30
74;9;30
74;10;30
74;11;30
74;12;30
74;13;30
74;14;30
74;15;30
74;16;30
74;17;30
74;18;30
74;19;51
74;20;51
74;21;51
74;22;51
74;23;51
74;24;51
74;25;51
74;26;51
74;27;51
74;28;51
74;29;51
74;30;51
74;31;51
74;32;51
74;33;51
74;34;51
74;35;28
74;36;28
74;37;28
74;38;28
74;39;28
74;40;28
74;41;28
74;42;28
74;43;28
74;44;28
74;45;28
74;46;28
74;47;28
74;48;28
74;49;28
74;50;28
74;51;3
74;52;3
74;53;3
74;54;3
74;55;3
74;56;3
74;57;3
74;58;3
74;59;3
74;60;3
74;61;3
74;62;3
74;63;3
74;64;3
74;65;3
74;66;3
74;67;3
74;68;3
74;69;3
74;70;3
74;71;3
74;72;35
74;73;35
74;74;35
74;75;35
74;76;35
74;77;35
74;78;35
74;79;35
74;80;35
74;81;35
74;82;35
74;83;35
74;84;35
74;85;35
74;86;35
74;87;35
74;88;35
74;89;35
74;90;35
74;91;35
74;92;35
74;93;35
74;94;35
74;95;13
74;96;13
74;97;13
74;98;13
74;99;13
74;100;13
74;101;13
74;102;13
74;103;13
74;104;13
74;105;13
74;106;13
74;107;20
74;108;20
74;109;20
74;110;20
74;111;20
74;112;20
74;113;20
74;114;20
74;115;20
74;116;20
74;117;20
74;118;20
74;119;20
74;120;20
74;121;20
74;122;20
74;123;20
74;124;20
74;125;20
74;126;20
74;127;20
74;128;20
74;129;20
74;130;20
74;131;20
74;132;20
74;133;20
74;134;20
74;135;20
74;136;20
74;137;20
74;138;20
74;139;20
74;140;20
74;141;20
74;142;20
74;143;23
74;144;23
74;145;23
74;146;23
74;147;23
74;148;23
74;149;23
74;150;23
74;151;23
74;152;23
74;153;23
74;154;23
74;155;23
74;156;23
74;157;23
74;158;23
74;159;23
74;160;23
74;161;23
74;162;23
74;163;23
74;164;23
74;165;23
74;166;23
74;167;23
74;168;23
74;169;23
74;170;23
74;171;23
74;172;23
74;173;23
74;174;23
74;175;23
74;176;23
74;177;23
74;178;23
74;179;23
74;180;23
74;181;20
74;182;20
74;183;20
74;184;15
74;185;15
74;186;15
74;187;15
74;188;15
74;189;15
74;190;15
74;191;15
74;192;15
74;193;15
74;194;15
74;195;15
74;196;15
74;197;15
74;198;15
74;199;15
74;200;15
74;201;15
74;202;15
74;203;15
74;204;15
74;205;47
74;206;47
74;207;47
74;208;47
74;209;47
74;210;47
74;211;47
74;212;47
74;213;47
74;214;47
74;215;47
74;216;47
74;217;47
74;218;47
74;219;47
74;220;47
74;221;47
74;222;47
74;223;47
74;224;47
74;225;47
74;226;47
74;227;47
74;228;47
74;229;47
74;230;47
74;231;47
74;232;47
74;233;44
74;234;44
74;235;44
74;236;44
74;237;44
74;238;44
74;239;44
74;240;44
74;241;44
74;242;11
74;243;11
74;244;11
74;245;11
74;246;11
74;247;11
74;248;11
74;249;11
74;250;11
74;251;11
74;252;11
74;253;11
74;254;11
74;255;11
74;256;11
74;257;11
74;258;11
74;259;32
74;260;32
74;261;32
74;262;32
74;263;32
74;264;32
74;265;32
74;266;32
74;267;32
74;268;32
74;269;32
74;270;32
74;271;32
74;272;32
74;273;32
74;274;32
74;275;32
74;276;32
74;277;32
74;278;32
74;279;32
74;280;32
74;281;32
74;282;32
74;283;32
74;284;32
74;285;32
74;286;32
74;287;32
74;288;32
74;289;32
74;290;32
74;291;32
74;292;32
74;293;32
74;294;32
74;295;32
74;296;32
74;297;13
74;298;13
74;299;13
74;300;13
74;301;13
74;302;13
74;303;13
74;304;13
74;305;13
74;306;13
74;307;13
74;308;13
74;309;13
74;310;13
74;311;13
74;312;13
74;313;13
74;314;13
74;315;13
74;316;13
74;317;13
74;318;13
74;319;13
74;320;13
74;321;13
74;322;13
74;323;44
74;324;44
74;325;44
74;326;44
74;327;44
74;328;44
74;329;44
74;330;44
74;331;44
74;332;44
74;333;44
74;334;44
74;335;44
74;336;44
74;337;44
74;338;44
74;339;44
74;340;44
74;341;44
74;342;44
74;343;44
74;344;44
74;345;44
74;346;44
74;347;44
74;348;44
74;349;44
74;350;44
74;351;44
74;352;44
74;353;44
74;354;44
74;355;44
74;356;44
74;357;44
74;358;44
74;359;44
74;360;44
74;361;44
74;362;44
74;363;44
74;364;44
74;365;44
74;366;44
74;367;44
74;368;44
74;369;44
74;370;44
74;371;44
74;372;44
74;373;44
74;374;41
74;375;41
74;376;41
74;377;41
74;378;41
74;379;41
74;380;41
74;381;41
74;382;41
74;383;41
74;384;41
74;385;41
74;386;41
74;387;41
74;388;41
74;389;41
74;390;41
74;391;41
74;392;41
74;393;41
74;394;41
74;395;41
74;396;41
74;397;41
74;398;41
74;399;41
74;400;41
74;401;41
74;402;41
74;403;41
74;404;41
74;405;41
74;406;41
74;407;41
74;408;41
74;409;41
74;410;41
74;411;41
74;412;41
74;413;41
74;414;41
74;415;41
74;416;41
74;417;41
74;418;41
74;419;41
74;420;41
74;421;41
74;422;41
74;423;41
74;424;41
74;425;41
74;426;41
74;427;41
74;428;41
74;429;41
74;430;41
74;431;41
74;432;41
74;433;41
74;434;41
74;435;48
74;436;48
74;437;48
74;438;48
74;439;48
74;440;48
74;441;48
74;442;48
74;443;48
74;444;9
74;445;9
74;446;9
74;447;9
74;448;9
74;449;9
74;450;9
74;451;9
74;452;9
74;453;9
74;454;9
74;455;9
74;456;9
74;457;9
74;458;9
74;459;9
74;460;9
74;461;2
74;462;2
74;463;2
74;464;2
74;465;2
74;466;2
74;467;2
74;468;2
74;469;2
74;470;2
74;471;2
74;472;2
74;473;23
74;474;23
74;475;23
74;476;23
74;477;23
74;478;23
74;479;23
74;480;23
74;481;23
74;482;23
74;483;23
74;484;23
74;485;23
74;486;23
74;487;23
74;488;23
74;489;23
74;490;23
74;491;23
74;492;23
74;493;23
74;494;23
74;495;23
74;496;23
74;497;23
74;498;23
74;499;23
75;0;40
75;1;40
75;2;40
75;3;40
75;4;30
75;5;30
75;6;30
75;7;30
75;8;30
75;9;30
75;10;30
75;11;30
75;12;30
75;13;30
75;14;30
75;15;30
75;16;30
75;17;30
75;18;30
75;19;51
75;20;51
75;21;51
75;22;51
75;23;51
75;24;51
75;25;51
75;26;51
75;27;51
75;28;51
75;29;51
75;30;51
75;31;51
75;32;51
75;33;51
75;34;51
75;35;51
75;36;28
75;37;28
75;38;28
75;39;28
75;40;28
75;41;28
75;42;28
75;43;28
75;44;28
75;45;28
75;46;28
75;47;28
75;48;28
75;49;28
75;50;28
75;51;3
75;52;3
75;53;3
75;54;3
75;55;3
75;56;3
75;57;3
75;58;3
75;59;3
75;60;3
75;61;3
75;62;3
75;63;3
75;64;3
75;65;3
75;66;3
75;67;3
75;68;3
75;69;3
75;70;3
75;71;3
75;72;3
75;73;35
75;74;35
75;75;35
75;76;35
75;77;35
75;78;35
75;79;35
75;80;35
75;81;35
75;82;35
75;83;35
75;84;35
75;85;35
75;86;35
75;87;35
75;88;35
75;89;35
75;90;35
75;91;35
75;92;35
75;93;35
75;94;35
75;95;35
75;96;13
75;97;13
75;98;13
75;99;13
75;100;13
75;101;13
75;102;13
75;103;13
75;104;13
75;105;13
75;106;13
75;107;20
75;108;20
75;109;20
75;110;20
75;111;20
75;112;20
75;113;20
75;114;20
75;115;20
75;116;20
75;117;20
75;118;20
75;119;20
75;120;20
75;121;20
75;122;20
75;123;20
75;124;20
75;125;20
75;126;20
75;127;20
75;128;20
75;129;20
75;130;20
75;131;20
75;132;20
75;133;20
75;134;20
75;135;20
75;136;20
75;137;20
75;138;20
75;139;20
75;140;20
75;141;20
75;142;20
75;143;23
75;144;23
75;145;23
75;146;23
75;147;23
75;148;23
75;149;23
75;150;23
75;151;23
75;152;23
75;153;23
75;154;23
75;155;23
75;156;23
75;157;23
75;158;23
75;159;23
75;160;23
75;161;23
75;162;23
75;163;23
75;164;23
75;165;23
75;166;23
75;167;23
75;168;23
75;169;23
75;170;23
75;171;23
75;172;23
75;173;23
75;174;23
75;175;23
75;176;23
75;177;23
75;178;23
75;179;23
75;180;20
75;181;20
75;182;20
75;183;20
75;184;20
75;185;20
75;186;15
75;187;15
75;188;15
75;189;15
75;190;15
75;191;15
75;192;15
75;193;15
75;194;15
75;195;15
75;196;15
75;197;15
75;198;15
75;199;15
75;200;15
75;201;15
75;202;15
75;203;15
75;204;47
75;205;47
75;206;47
75;207;47
75;208;47
75;209;47
75;210;47
75;211;47
75;212;47
75;213;47
75;214;47
75;215;47
75;216;47
75;217;47
75;218;47
75;219;47
75;220;47
75;221;47
75;222;47
75;223;47
75;224;47
75;225;47
75;226;47
75;227;47
75;228;47
75;229;47
75;230;47
75;231;47
75;232;47
75;233;47
75;234;47
75;235;44
75;236;44
75;237;44
75;238;44
75;239;44
75;240;44
75;241;44
75;242;11
75;243;11
75;244;11
75;245;11
75;246;11
75;247;11
75;248;11
75;249;11
75;250;11
75;251;11
75;252;11
75;253;11
75;254;11
75;255;11
75;256;11
75;257;11
75;258;11
75;259;32
75;260;32
75;261;32
75;262;32
75;263;32
75;264;32
75;265;32
75;266;32
75;267;32
75;268;32
75;269;32
75;270;32
75;271;32
75;272;32
75;273;32
75;274;32
75;275;32
75;276;32
75;277;32
75;278;32
75;279;32
75;280;32
75;281;32
75;282;32
75;283;32
75;284;32
75;285;32
75;286;32
75;287;32
75;288;32
75;289;32
75;290;32
75;291;32
75;292;32
75;293;32
75;294;32
75;295;32
75;296;32
75;297;13
75;298;13
75;299;13
75;300;13
75;301;13
75;302;13
75;303;13
75;304;13
75;305;13
75;306;13
75;307;13
75;308;13
75;309;13
75;310;13
75;311;13
75;312;13
75;313;13
75;314;13
75;315;13
75;316;13
75;317;13
75;318;13
75;319;13
75;320;13
75;321;13
75;322;13
75;323;44
75;324;44
75;325;44
75;326;44
75;327;44
75;328;44
75;329;44
75;330;44
75;331;44
75;332;44
75;333;44
75;334;44
75;335;44
75;336;44
75;337;44
75;338;44
75;339;44
75;340;44
75;341;44
75;342;44
75;343;44
75;344;44
75;345;44
75;346;44
75;347;44
75;348;44
75;349;44
75;350;44
75;351;44
75;352;44
75;353;44
75;354;44
75;355;44
75;356;44
75;357;44
75;358;44
75;359;44
75;360;44
75;361;44
75;362;44
75;363;44
75;364;44
75;365;44
75;366;44
75;367;44
75;368;44
75;369;44
75;370;44
75;371;44
75;372;44
75;373;44
75;374;44
75;375;1
75;376;41
75;377;41
75;378;41
75;379;41
75;380;41
75;381;41
75;382;41
75;383;41
75;384;41
75;385;41
75;386;41
75;387;41
75;388;41
75;389;41
75;390;41
75;391;41
75;392;41
75;393;41
75;394;41
75;395;41
75;396;41
75;397;41
75;398;41
75;399;41
75;400;41
75;401;41
75;402;41
75;403;41
75;404;41
75;405;41
75;406;41
75;407;41
75;408;41
75;409;41
75;410;41
75;411;41
75;412;41
75;413;41
75;414;41
75;415;41
75;416;41
75;417;41
75;418;41
75;419;41
75;420;41
75;421;41
75;422;41
75;423;41
75;424;41
75;425;41
75;426;41
75;427;41
75;428;41
75;429;41
75;430;41
75;431;41
75;432;41
75;433;41
75;434;48
75;435;48
75;436;48
75;437;48
75;438;48
75;439;48
75;440;48
75;441;48
75;442;48
75;443;48
75;444;48
75;445;9
75;446;9
75;447;9
75;448;9
75;449;9
75;450;9
75;451;9
75;452;9
75;453;9
75;454;9
75;455;9
75;456;9
75;457;9
75;458;9
75;459;9
75;460;9
75;461;2
75;462;2
75;463;2
75;464;2
75;465;2
75;466;2
75;467;2
75;468;2
75;469;2
75;470;2
75;471;2
75;472;2
75;473;23
75;474;23
75;475;23
75;476;23
75;477;23
75;478;23
75;479;23
75;480;23
75;481;23
75;482;23
75;483;23
75;484;23
75;485;23
75;486;23
75;487;23
75;488;23
75;489;23
75;490;23
75;491;23
75;492;23
75;493;23
75;494;23
75;495;23
75;496;23
75;497;23
75;498;23
75;499;23
76;0;40
76;1;40
76;2;40
76;3;40
76;4;40
76;5;40
76;6;30
76;7;30
76;8;30
76;9;30
76;10;30
76;11;30
76;12;30
76;13;30
76;14;30
76;15;30
76;16;30
76;17;30
76;18;30
76;19;51
76;20;51
76;21;51
76;22;51
76;23;51
76;24;51
76;25;51
76;26;51
76;27;51
76;28;51
76;29;51
76;30;51
76;31;51
76;32;51
76;33;51
76;34;51
76;35;51
76;36;51
76;37;28
76;38;28
76;39;28
76;40;28
76;41;28
76;42;28
76;43;28
76;44;28
76;45;28
76;46;28
76;47;28
76;48;28
76;49;28
76;50;28
76;51;3
76;52;3
76;53;3
76;54;3
76;55;3
76;56;3
76;57;3
76;58;3
76;59;3
76;60;3
76;61;3
76;62;3
76;63;3
76;64;3
76;65;3
76;66;3
76;67;3
76;68;3
76;69;3
76;70;3
76;71;3
76;72;3
76;73;35
76;74;35
76;75;35
76;76;35
76;77;35
76;78;35
76;79;35
76;80;35
76;81;35
76;82;35
76;83;35
76;84;35
76;85;35
76;86;35
76;87;35
76;88;35
76;89;35
76;90;35
76;91;35
76;92;35
76;93;35
76;94;35
76;95;35
76;96;35
76;97;13
76;98;13
76;99;13
76;100;13
76;101;13
76;102;13
76;103;13
76;104;13
76;105;13
76;106;13
76;107;20
76;108;20
76;109;20
76;110;20
76;111;20
76;112;20
76;113;20
76;114;20
76;115;20
76;116;20
76;117;20
76;118;20
76;119;20
76;120;20
76;121;20
76;122;20
76;123;20
76;124;20
76;125;20
76;126;20
76;127;20
76;128;20
76;129;20
76;130;20
76;131;20
76;132;20
76;133;20
76;134;20
76;135;20
76;136;20
76;137;20
76;138;20
76;139;20
76;140;20
76;141;20
76;142;20
76;143;20
76;144;23
76;145;23
76;146;23
76;147;23
76;148;23
76;149;23
76;150;23
76;151;23
76;152;23
76;153;23
76;154;23
76;155;23
76;156;23
76;157;23
76;158;23
76;159;23
76;160;23
76;161;23
76;162;23
76;163;23
76;164;23
76;165;23
76;166;23
76;167;23
76;168;23
76;169;23
76;170;23
76;171;23
76;172;23
76;173;23
76;174;23
76;175;23
76;176;23
76;177;23
76;178;23
76;179;20
76;180;20
76;181;20
76;182;20
76;183;20
76;184;20
76;185;20
76;186;20
76;187;20
76;188;15
76;189;15
76;190;15
76;191;15
76;192;15
76;193;15
76;194;15
76;195;15
76;196;15
76;197;15
76;198;15
76;199;15
76;200;15
76;201;15
76;202;15
76;203;15
76;204;47
76;205;47
76;206;47
76;207;47
76;208;47
76;209;47
76;210;47
76;211;47
76;212;47
76;213;47
76;214;47
76;215;47
76;216;47
76;217;47
76;218;47
76;219;47
76;220;47
76;221;47
76;222;47
76;223;47
76;224;47
76;225;47
76;226;47
76;227;47
76;228;47
76;229;47
76;230;47
76;231;47
76;232;47
76;233;47
76;234;47
76;235;47
76;236;47
76;237;44
76;238;44
76;239;44
76;240;44
76;241;44
76;242;11
76;243;11
76;244;11
76;245;11
76;246;11
76;247;11
76;248;11
76;249;11
76;250;11
76;251;11
76;252;11
76;253;11
76;254;11
76;255;11
76;256;11
76;257;11
76;258;11
76;259;32
76;260;32
76;261;32
76;262;32
76;263;32
76;264;32
76;265;32
76;266;32
76;267;32
76;268;32
76;269;32
76;270;32
76;271;32
76;272;32
76;273;32
76;274;32
76;275;32
76;276;32
76;277;32
76;278;32
76;279;32
76;280;32
76;281;32
76;282;32
76;283;32
76;284;32
76;285;32
76;286;32
76;287;32
76;288;32
76;289;32
76;290;32
76;291;32
76;292;32
76;293;32
76;294;32
76;295;32
76;296;32
76;297;13
76;298;13
76;299;13
76;300;13
76;301;13
76;302;13
76;303;13
76;304;13
76;305;13
76;306;13
76;307;13
76;308;13
76;309;13
76;310;13
76;311;13
76;312;13
76;313;13
76;314;13
76;315;13
76;316;13
76;317;13
76;318;13
76;319;13
76;320;13
76;321;13
76;322;13
76;323;44
76;324;44
76;325;44
76;326;44
76;327;44
76;328;44
76;329;44
76;330;44
76;331;44
76;332;44
76;333;44
76;334;44
76;335;44
76;336;44
76;337;44
76;338;44
76;339;44
76;340;44
76;341;44
76;342;44
76;343;44
76;344;44
76;345;44
76;346;44
76;347;44
76;348;44
76;349;44
76;350;44
76;351;44
76;352;44
76;353;44
76;354;44
76;355;44
76;356;44
76;357;44
76;358;44
76;359;44
76;360;44
76;361;44
76;362;44
76;363;44
76;364;44
76;365;44
76;366;44
76;367;44
76;368;44
76;369;44
76;370;44
76;371;44
76;372;44
76;373;44
76;374;44
76;375;1
76;376;1
76;377;1
76;378;41
76;379;41
76;380;41
76;381;41
76;382;41
76;383;41
76;384;41
76;385;41
76;386;41
76;387;41
76;388;41
76;389;41
76;390;41
76;391;41
76;392;41
76;393;41
76;394;41
76;395;41
76;396;41
76;397;41
76;398;41
76;399;41
76;400;41
76;401;41
76;402;41
76;403;41
76;404;41
76;405;41
76;406;41
76;407;41
76;408;41
76;409;41
76;410;41
76;411;41
76;412;41
76;413;41
76;414;41
76;415;41
76;416;41
76;417;41
76;418;41
76;419;41
76;420;41
76;421;41
76;422;41
76;423;41
76;424;41
76;425;41
76;426;41
76;427;41
76;428;41
76;429;41
76;430;41
76;431;41
76;432;41
76;433;48
76;434;48
76;435;48
76;436;48
76;437;48
76;438;48
76;439;48
76;440;48
76;441;48
76;442;48
76;443;48
76;444;48
76;445;48
76;446;9
76;447;9
76;448;9
76;449;9
76;450;9
76;451;9
76;452;9
76;453;9
76;454;9
76;455;9
76;456;9
76;457;9
76;458;9
76;459;9
76;460;9
76;461;9
76;462;2
76;463;2
76;464;2
76;465;2
76;466;2
76;467;2
76;468;2
76;469;2
76;470;2
76;471;2
76;472;2
76;473;23
76;474;23
76;475;23
76;476;23
76;477;23
76;478;23
76;479;23
76;480;23
76;481;23
76;482;23
76;483;23
76;484;23
76;485;23
76;486;23
76;487;23
76;488;23
76;489;23
76;490;23
76;491;23
76;492;23
76;493;23
76;494;23
76;495;23
76;496;23
76;497;23
76;498;23
76;499;23
77;0;40
77;1;40
77;2;40
77;3;40
77;4;40
77;5;40
77;6;40
77;7;40
77;8;30
77;9;30
77;10;30
77;11;30
77;12;30
77;13;30
77;14;30
77;15;30
77;16;30
77;17;30
77;18;30
77;19;51
77;20;51
77;21;51
77;22;51
77;23;51
77;24;51
77;25;51
77;26;51
77;27;51
77;28;51
77;29;51
77;30;51
77;31;51
77;32;51
77;33;51
77;34;51
77;35;51
77;36;51
77;37;51
77;38;51
77;39;28
77;40;28
77;41;28
77;42;28
77;43;28
77;44;28
77;45;28
77;46;28
77;47;28
77;48;28
77;49;28
77;50;28
77;51;3
77;52;3
77;53;3
77;54;3
77;55;3
77;56;3
77;57;3
77;58;3
77;59;3
77;60;3
77;61;3
77;62;3
77;63;3
77;64;3
77;65;3
77;66;3
77;67;3
77;68;3
77;69;3
77;70;3
77;71;3
77;72;3
77;73;3
77;74;35
77;75;35
77;76;35
77;77;35
77;78;35
77;79;35
77;80;35
77;81;35
77;82;35
77;83;35
77;84;35
77;85;35
77;86;35
77;87;35
77;88;35
77;89;35
77;90;35
77;91;35
77;92;35
77;93;35
77;94;35
77;95;35
77;96;35
77;97;35
77;98;13
77;99;13
77;100;13
77;101;13
77;102;13
77;103;13
77;104;13
77;105;13
77;106;13
77;107;20
77;108;20
77;109;20
77;110;20
77;111;20
77;112;20
77;113;20
77;114;20
77;115;20
77;116;20
77;117;20
77;118;20
77;119;20
77;120;20
77;121;20
77;122;20
77;123;20
77;124;20
77;125;20
77;126;20
77;127;20
77;128;20
77;129;20
77;130;20
77;131;20
77;132;20
77;133;20
77;134;20
77;135;20
77;136;20
77;137;20
77;138;20
77;139;20
77;140;20
77;141;20
77;142;20
77;143;20
77;144;23
77;145;23
77;146;23
77;147;23
77;148;23
77;149;23
77;150;23
77;151;23
77;152;23
77;153;23
77;154;23
77;155;23
77;156;23
77;157;23
77;158;23
77;159;23
77;160;23
77;161;23
77;162;23
77;163;23
77;164;23
77;165;23
77;166;23
77;167;23
77;168;23
77;169;23
77;170;23
77;171;23
77;172;23
77;173;23
77;174;23
77;175;23
77;176;23
77;177;23
77;178;20
77;179;20
77;180;20
77;181;20
77;182;20
77;183;20
77;184;20
77;185;20
77;186;20
77;187;20
77;188;20
77;189;20
77;190;15
77;191;15
77;192;15
77;193;15
77;194;15
77;195;15
77;196;15
77;197;15
77;198;15
77;199;15
77;200;15
77;201;15
77;202;15
77;203;15
77;204;47
77;205;47
77;206;47
77;207;47
77;208;47
77;209;47
77;210;47
77;211;47
77;212;47
77;213;47
77;214;47
77;215;47
77;216;47
77;217;47
77;218;47
77;219;47
77;220;47
77;221;47
77;222;47
77;223;47
77;224;47
77;225;47
77;226;47
77;227;47
77;228;47
77;229;47
77;230;47
77;231;47
77;232;47
77;233;47
77;234;47
77;235;47
77;236;47
77;237;47
77;238;47
77;239;44
77;240;44
77;241;44
77;242;11
77;243;11
77;244;11
77;245;11
77;246;11
77;247;11
77;248;11
77;249;11
77;250;11
77;251;11
77;252;11
77;253;11
77;254;11
77;255;11
77;256;11
77;257;11
77;258;11
77;259;32
77;260;32
77;261;32
77;262;32
77;263;32
77;264;32
77;265;32
77;266;32
77;267;32
77;268;32
77;269;32
77;270;32
77;271;32
77;272;32
77;273;32
77;274;32
77;275;32
77;276;32
77;277;32
77;278;32
77;279;32
77;280;32
77;281;32
77;282;32
77;283;32
77;284;32
77;285;32
77;286;32
77;287;32
77;288;32
77;289;32
77;290;32
77;291;32
77;292;32
77;293;32
77;294;32
77;295;32
77;296;32
77;297;32
77;298;13
77;299;13
77;300;13
77;301;13
77;302;13
77;303;13
77;304;13
77;305;13
77;306;13
77;307;13
77;308;13
77;309;13
77;310;13
77;311;13
77;312;13
77;313;13
77;314;13
77;315;13
77;316;13
77;317;13
77;318;13
77;319;13
77;320;13
77;321;13
77;322;13
77;323;44
77;324;44
77;325;44
77;326;44
77;327;44
77;328;44
77;329;44
77;330;44
77;331;44
77;332;44
77;333;44
77;334;44
77;335;44
77;336;44
77;337;44
77;338;44
77;339;44
77;340;44
77;341;44
77;342;44
77;343;44
77;344;44
77;345;44
77;346;44
77;347;44
77;348;44
77;349;44
77;350;44
77;351;44
77;352;44
77;353;44
77;354;44
77;355;44
77;356;44
77;357;44
77;358;44
77;359;44
77;360;44
77;361;44
77;362;44
77;363;44
77;364;44
77;365;44
77;366;44
77;367;44
77;368;44
77;369;44
77;370;44
77;371;44
77;372;44
77;373;44
77;374;44
77;375;44
77;376;1
77;377;1
77;378;1
77;379;1
77;380;41
77;381;41
77;382;41
77;383;41
77;384;41
77;385;41
77;386;41
77;387;41
77;388;41
77;389;41
77;390;41
77;391;41
77;392;41
77;393;41
77;394;41
77;395;41
77;396;41
77;397;41
77;398;41
77;399;41
77;400;41
77;401;41
77;402;41
77;403;41
77;404;41
77;405;41
77;406;41
77;407;41
77;408;41
77;409;41
77;410;41
77;411;41
77;412;41
77;413;41
77;414;41
77;415;41
77;416;41
77;417;41
77;418;41
77;419;41
77;420;41
77;421;41
77;422;41
77;423;41
77;424;41
77;425;41
77;426;41
77;427;41
77;428;41
77;429;41
77;430;41
77;431;41
77;432;48
77;433;48
77;434;48
77;435;48
77;436;48
77;437;48
77;438;48
77;439;48
77;440;48
77;441;48
77;442;48
77;443;48
77;444;48
77;445;48
77;446;48
77;447;48
77;448;9
77;449;9
77;450;9
77;451;9
77;452;9
77;453;9
77;454;9
77;455;9
77;456;9
77;457;9
77;458;9
77;459;9
77;460;9
77;461;9
77;462;9
77;463;2
77;464;2
77;465;2
77;466;2
77;467;2
77;468;2
77;469;2
77;470;2
77;471;2
77;472;2
77;473;23
77;474;23
77;475;23
77;476;23
77;477;23
77;478;23
77;479;23
77;480;23
77;481;23
77;482;23
77;483;23
77;484;23
77;485;23
77;486;23
77;487;23
77;488;23
77;489;23
77;490;23
77;491;23
77;492;23
77;493;23
77;494;23
77;495;23
77;496;23
77;497;23
77;498;23
77;499;23
78;0;40
78;1;40
78;2;40
78;3;40
78;4;40
78;5;40
78;6;40
78;7;40
78;8;40
78;9;30
78;10;30
78;11;30
78;12;30
78;13;30
78;14;30
78;15;30
78;16;30
78;17;30
78;18;30
78;19;51
78;20;51
78;21;51
78;22;51
78;23;51
78;24;51
78;25;51
78;26;51
78;27;51
78;28;51
78;29;51
78;30;51
78;31;51
78;32;51
78;33;51
78;34;51
78;35;51
78;36;51
78;37;51
78;38;51
78;39;51
78;40;51
78;41;28
78;42;28
78;43;28
78;44;28
78;45;28
78;46;28
78;47;28
78;48;28
78;49;28
78;50;28
78;51;3
78;52;3
78;53;3
78;54;3
78;55;3
78;56;3
78;57;3
78;58;3
78;59;3
78;60;3
78;61;3
78;62;3
78;63;3
78;64;3
78;65;3
78;66;3
78;67;3
78;68;3
78;69;3
78;70;3
78;71;3
78;72;3
78;73;3
78;74;35
78;75;35
78;76;35
78;77;35
78;78;35
78;79;35
78;80;35
78;81;35
78;82;35
78;83;35
78;84;35
78;85;35
78;86;35
78;87;35
78;88;35
78;89;35
78;90;35
78;91;35
78;92;35
78;93;35
78;94;35
78;95;35
78;96;35
78;97;35
78;98;35
78;99;13
78;100;13
78;101;13
78;102;13
78;103;13
78;104;13
78;105;13
78;106;13
78;107;20
78;108;20
78;109;20
78;110;20
78;111;20
78;112;20
78;113;20
78;114;20
78;115;20
78;116;20
78;117;20
78;118;20
78;119;20
78;120;20
78;121;20
78;122;20
78;123;20
78;124;20
78;125;20
78;126;20
78;127;20
78;128;20
78;129;20
78;130;20
78;131;20
78;132;20
78;133;20
78;134;20
78;135;20
78;136;20
78;137;20
78;138;20
78;139;20
78;140;20
78;141;20
78;142;20
78;143;20
78;144;20
78;145;23
78;146;23
78;147;23
78;148;23
78;149;23
78;150;23
78;151;23
78;152;23
78;153;23
78;154;23
78;155;23
78;156;23
78;157;23
78;158;23
78;159;23
78;160;23
78;161;23
78;162;23
78;163;23
78;164;23
78;165;23
78;166;23
78;167;23
78;168;23
78;169;23
78;170;23
78;171;23
78;172;23
78;173;23
78;174;23
78;175;23
78;176;23
78;177;20
78;178;20
78;179;20
78;180;20
78;181;20
78;182;20
78;183;20
78;184;20
78;185;20
78;186;20
78;187;20
78;188;20
78;189;20
78;190;20
78;191;20
78;192;15
78;193;15
78;194;15
78;195;15
78;196;15
78;197;15
78;198;15
78;199;15
78;200;15
78;201;15
78;202;15
78;203;15
78;204;47
78;205;47
78;206;47
78;207;47
78;208;47
78;209;47
78;210;47
78;211;47
78;212;47
78;213;47
78;214;47
78;215;47
78;216;47
78;217;47
78;218;47
78;219;47
78;220;47
78;221;47
78;222;47
78;223;47
78;224;47
78;225;47
78;226;47
78;227;47
78;228;47
78;229;47
78;230;47
78;231;47
78;232;47
78;233;47
78;234;47
78;235;47
78;236;47
78;237;47
78;238;47
78;239;47
78;240;47
78;241;44
78;242;11
78;243;11
78;244;11
78;245;11
78;246;11
78;247;11
78;248;11
78;249;11
78;250;11
78;251;11
78;252;11
78;253;11
78;254;11
78;255;11
78;256;11
78;257;11
78;258;11
78;259;32
78;260;32
78;261;32
78;262;32
78;263;32
78;264;32
78;265;32
78;266;32
78;267;32
78;268;32
78;269;32
78;270;32
78;271;32
78;272;32
78;273;32
78;274;32
78;275;32
78;276;32
78;277;32
78;278;32
78;279;32
78;280;32
78;281;32
78;282;32
78;283;32
78;284;32
78;285;32
78;286;32
78;287;32
78;288;32
78;289;32
78;290;32
78;291;32
78;292;32
78;293;32
78;294;32
78;295;32
78;296;32
78;297;32
78;298;13
78;299;13
78;300;13
78;301;13
78;302;13
78;303;13
78;304;13
78;305;13
78;306;13
78;307;13
78;308;13
78;309;13
78;310;13
78;311;13
78;312;13
78;313;13
78;314;13
78;315;13
78;316;13
78;317;13
78;318;13
78;319;13
78;320;13
78;321;13
78;322;13
78;323;44
78;324;44
78;325;44
78;326;44
78;327;44
78;328;44
78;329;44
78;330;44
78;331;44
78;332;44
78;333;44
78;334;44
78;335;44
78;336;44
78;337;44
78;338;44
78;339;44
78;340;44
78;341;44
78;342;44
78;343;44
78;344;44
78;345;44
78;346;44
78;347;44
78;348;44
78;349;44
78;350;44
78;351;44
78;352;44
78;353;44
78;354;44
78;355;44
78;356;44
78;357;44
78;358;44
78;359;44
78;360;44
78;361;44
78;362;44
78;363;44
78;364;44
78;365;44
78;366;44
78;367;44
78;368;44
78;369;44
78;370;44
78;371;44
78;372;44
78;373;44
78;374;44
78;375;44
78;376;1
78;377;1
78;378;1
78;379;1
78;380;1
78;381;1
78;382;1
78;383;1
78;384;1
78;385;1
78;386;41
78;387;41
78;388;41
78;389;41
78;390;41
78;391;41
78;392;41
78;393;41
78;394;41
78;395;41
78;396;41
78;397;41
78;398;41
78;399;41
78;400;41
78;401;41
78;402;41
78;403;41
78;404;41
78;405;41
78;406;41
78;407;41
78;408;41
78;409;41
78;410;41
78;411;41
78;412;41
78;413;41
78;414;41
78;415;41
78;416;41
78;417;41
78;418;41
78;419;41
78;420;41
78;421;41
78;422;41
78;423;41
78;424;41
78;425;41
78;426;41
78;427;41
78;428;41
78;429;41
78;430;48
78;431;48
78;432;48
78;433;48
78;434;48
78;435;48
78;436;48
78;437;48
78;438;48
78;439;48
78;440;48
78;441;48
78;442;48
78;443;48
78;444;48
78;445;48
78;446;48
78;447;48
78;448;48
78;449;48
78;450;9
78;451;9
78;452;9
78;453;9
78;454;9
78;455;9
78;456;9
78;457;9
78;458;9
78;459;9
78;460;9
78;461;9
78;462;9
78;463;9
78;464;2
78;465;2
78;466;2
78;467;2
78;468;2
78;469;2
78;470;2
78;471;2
78;472;2
78;473;23
78;474;23
78;475;23
78;476;23
78;477;23
78;478;23
78;479;23
78;480;23
78;481;23
78;482;23
78;483;23
78;484;23
78;485;23
78;486;23
78;487;23
78;488;23
78;489;23
78;490;23
78;491;23
78;492;23
78;493;23
78;494;23
78;495;23
78;496;23
78;497;23
78;498;23
78;499;23
79;0;40
79;1;40
79;2;40
79;3;40
79;4;40
79;5;40
79;6;40
79;7;40
79;8;40
79;9;40
79;10;40
79;11;30
79;12;30
79;13;30
79;14;30
79;15;30
79;16;30
79;17;30
79;18;51
79;19;51
79;20;51
79;21;51
79;22;51
79;23;51
79;24;51
79;25;51
79;26;51
79;27;51
79;28;51
79;29;51
79;30;51
79;31;51
79;32;51
79;33;51
79;34;51
79;35;51
79;36;51
79;37;51
79;38;51
79;39;51
79;40;51
79;41;51
79;42;51
79;43;28
79;44;28
79;45;28
79;46;28
79;47;28
79;48;28
79;49;28
79;50;28
79;51;3
79;52;3
79;53;3
79;54;3
79;55;3
79;56;3
79;57;3
79;58;3
79;59;3
79;60;3
79;61;3
79;62;3
79;63;3
79;64;3
79;65;3
79;66;3
79;67;3
79;68;3
79;69;3
79;70;3
79;71;3
79;72;3
79;73;3
79;74;3
79;75;35
79;76;35
79;77;35
79;78;35
79;79;35
79;80;35
79;81;35
79;82;35
79;83;35
79;84;35
79;85;35
79;86;35
79;87;35
79;88;35
79;89;35
79;90;35
79;91;35
79;92;35
79;93;35
79;94;35
79;95;35
79;96;35
79;97;35
79;98;35
79;99;35
79;100;13
79;101;13
79;102;13
79;103;13
79;104;13
79;105;13
79;106;13
79;107;20
79;108;20
79;109;20
79;110;20
79;111;20
79;112;20
79;113;20
79;114;20
79;115;20
79;116;20
79;117;20
79;118;20
79;119;20
79;120;20
79;121;20
79;122;20
79;123;20
79;124;20
79;125;20
79;126;20
79;127;20
79;128;20
79;129;20
79;130;20
79;131;20
79;132;20
79;133;20
79;134;20
79;135;20
79;136;20
79;137;20
79;138;20
79;139;20
79;140;20
79;141;20
79;142;20
79;143;20
79;144;20
79;145;23
79;146;23
79;147;23
79;148;23
79;149;23
79;150;23
79;151;23
79;152;23
79;153;23
79;154;23
79;155;23
79;156;23
79;157;23
79;158;23
79;159;23
79;160;23
79;161;23
79;162;23
79;163;23
79;164;23
79;165;23
79;166;23
79;167;23
79;168;23
79;169;23
79;170;23
79;171;23
79;172;23
79;173;23
79;174;23
79;175;23
79;176;20
79;177;20
79;178;20
79;179;20
79;180;20
79;181;20
79;182;20
79;183;20
79;184;20
79;185;20
79;186;20
79;187;20
79;188;20
79;189;20
79;190;20
79;191;20
79;192;20
79;193;20
79;194;15
79;195;15
79;196;15
79;197;15
79;198;15
79;199;15
79;200;15
79;201;15
79;202;15
79;203;15
79;204;47
79;205;47
79;206;47
79;207;47
79;208;47
79;209;47
79;210;47
79;211;47
79;212;47
79;213;47
79;214;47
79;215;47
79;216;47
79;217;47
79;218;47
79;219;47
79;220;47
79;221;47
79;222;47
79;223;47
79;224;47
79;225;47
79;226;47
79;227;47
79;228;47
79;229;47
79;230;47
79;231;47
79;232;47
79;233;47
79;234;47
79;235;47
79;236;47
79;237;47
79;238;47
79;239;47
79;240;47
79;241;47
79;242;11
79;243;11
79;244;11
79;245;11
79;246;11
79;247;11
79;248;11
79;249;11
79;250;11
79;251;11
79;252;11
79;253;11
79;254;11
79;255;11
79;256;11
79;257;11
79;258;11
79;259;32
79;260;32
79;261;32
79;262;32
79;263;32
79;264;32
79;265;32
79;266;32
79;267;32
79;268;32
79;269;32
79;270;32
79;271;32
79;272;32
79;273;32
79;274;32
79;275;32
79;276;32
79;277;32
79;278;32
79;279;32
79;280;32
79;281;32
79;282;32
79;283;32
79;284;32
79;285;32
79;286;32
79;287;32
79;288;32
79;289;32
79;290;32
79;291;32
79;292;32
79;293;32
79;294;32
79;295;32
79;296;32
79;297;32
79;298;32
79;299;13
79;300;13
79;301;13
79;302;13
79;303;13
79;304;13
79;305;13
79;306;13
79;307;13
79;308;13
79;309;13
79;310;13
79;311;13
79;312;13
79;313;13
79;314;13
79;315;13
79;316;13
79;317;13
79;318;13
79;319;13
79;320;13
79;321;13
79;322;13
79;323;44
79;324;44
79;325;44
79;326;44
79;327;44
79;328;44
79;329;44
79;330;44
79;331;44
79;332;44
79;333;44
79;334;44
79;335;44
79;336;44
79;337;44
79;338;44
79;339;44
79;340;44
79;341;44
79;342;44
79;343;44
79;344;44
79;345;44
79;346;44
79;347;44
79;348;44
79;349;44
79;350;44
79;351;44
79;352;44
79;353;44
79;354;44
79;355;44
79;356;44
79;357;44
79;358;44
79;359;44
79;360;44
79;361;44
79;362;44
79;363;44
79;364;44
79;365;44
79;366;44
79;367;44
79;368;44
79;369;44
79;370;44
79;371;44
79;372;44
79;373;44
79;374;44
79;375;44
79;376;44
79;377;1
79;378;1
79;379;1
79;380;1
79;381;1
79;382;1
79;383;1
79;384;1
79;385;1
79;386;1
79;387;1
79;388;41
79;389;41
79;390;41
79;391;41
79;392;41
79;393;41
79;394;41
79;395;41
79;396;41
79;397;41
79;398;41
79;399;41
79;400;41
79;401;41
79;402;41
79;403;41
79;404;41
79;405;41
79;406;41
79;407;41
79;408;41
79;409;41
79;410;41
79;411;41
79;412;41
79;413;41
79;414;41
79;415;41
79;416;41
79;417;41
79;418;41
79;419;41
79;420;41
79;421;41
79;422;41
79;423;41
79;424;41
79;425;41
79;426;41
79;427;41
79;428;41
79;429;48
79;430;48
79;431;48
79;432;48
79;433;48
79;434;48
79;435;48
79;436;48
79;437;48
79;438;48
79;439;48
79;440;48
79;441;48
79;442;48
79;443;48
79;444;48
79;445;48
79;446;48
79;447;48
79;448;48
79;449;48
79;450;48
79;451;48
79;452;9
79;453;9
79;454;9
79;455;9
79;456;9
79;457;9
79;458;9
79;459;9
79;460;9
79;461;9
79;462;9
79;463;9
79;464;9
79;465;2
79;466;2
79;467;2
79;468;2
79;469;2
79;470;2
79;471;2
79;472;2
79;473;23
79;474;23
79;475;23
79;476;23
79;477;23
79;478;23
79;479;23
79;480;23
79;481;23
79;482;23
79;483;23
79;484;23
79;485;23
79;486;23
79;487;23
79;488;23
79;489;23
79;490;23
79;491;23
79;492;23
79;493;23
79;494;23
79;495;23
79;496;23
79;497;23
79;498;23
79;499;23
80;0;40
80;1;40
80;2;40
80;3;40
80;4;40
80;5;40
80;6;40
80;7;40
80;8;40
80;9;40
80;10;40
80;11;40
80;12;40
80;13;30
80;14;30
80;15;30
80;16;30
80;17;51
80;18;51
80;19;51
80;20;51
80;21;51
80;22;51
80;23;51
80;24;51
80;25;51
80;26;51
80;27;51
80;28;51
80;29;51
80;30;51
80;31;51
80;32;51
80;33;51
80;34;51
80;35;51
80;36;51
80;37;51
80;38;51
80;39;51
80;40;51
80;41;51
80;42;51
80;43;51
80;44;51
80;45;28
80;46;28
80;47;28
80;48;28
80;49;28
80;50;3
80;51;3
80;52;3
80;53;3
80;54;3
80;55;3
80;56;3
80;57;3
80;58;3
80;59;3
80;60;3
80;61;3
80;62;3
80;63;3
80;64;3
80;65;3
80;66;3
80;67;3
80;68;3
80;69;3
80;70;3
80;71;3
80;72;3
80;73;3
80;74;3
80;75;35
80;76;35
80;77;35
80;78;35
80;79;35
80;80;35
80;81;35
80;82;35
80;83;35
80;84;35
80;85;35
80;86;35
80;87;35
80;88;35
80;89;35
80;90;35
80;91;35
80;92;35
80;93;35
80;94;35
80;95;35
80;96;35
80;97;35
80;98;35
80;99;35
80;100;35
80;101;13
80;102;13
80;103;13
80;104;13
80;105;13
80;106;13
80;107;20
80;108;20
80;109;20
80;110;20
80;111;20
80;112;20
80;113;20
80;114;20
80;115;20
80;116;20
80;117;20
80;118;20
80;119;20
80;120;20
80;121;20
80;122;20
80;123;20
80;124;20
80;125;20
80;126;20
80;127;20
80;128;20
80;129;20
80;130;20
80;131;20
80;132;20
80;133;20
80;134;20
80;135;20
80;136;20
80;137;20
80;138;20
80;139;20
80;140;20
80;141;20
80;142;20
80;143;20
80;144;20
80;145;20
80;146;23
80;147;23
80;148;23
80;149;23
80;150;23
80;151;23
80;152;23
80;153;23
80;154;23
80;155;23
80;156;23
80;157;23
80;158;23
80;159;23
80;160;23
80;161;23
80;162;23
80;163;23
80;164;23
80;165;23
80;166;23
80;167;23
80;168;23
80;169;23
80;170;23
80;171;23
80;172;23
80;173;23
80;174;23
80;175;23
80;176;20
80;177;20
80;178;20
80;179;20
80;180;20
80;181;20
80;182;20
80;183;20
80;184;20
80;185;20
80;186;20
80;187;20
80;188;20
80;189;20
80;190;20
80;191;20
80;192;20
80;193;20
80;194;20
80;195;20
80;196;15
80;197;15
80;198;15
80;199;15
80;200;15
80;201;15
80;202;15
80;203;15
80;204;47
80;205;47
80;206;47
80;207;47
80;208;47
80;209;47
80;210;47
80;211;47
80;212;47
80;213;47
80;214;47
80;215;47
80;216;47
80;217;47
80;218;47
80;219;47
80;220;47
80;221;47
80;222;47
80;223;47
80;224;47
80;225;47
80;226;47
80;227;47
80;228;47
80;229;47
80;230;47
80;231;47
80;232;47
80;233;47
80;234;47
80;235;47
80;236;47
80;237;47
80;238;47
80;239;47
80;240;47
80;241;47
80;242;47
80;243;11
80;244;11
80;245;11
80;246;11
80;247;11
80;248;11
80;249;11
80;250;11
80;251;11
80;252;11
80;253;11
80;254;11
80;255;11
80;256;11
80;257;11
80;258;11
80;259;32
80;260;32
80;261;32
80;262;32
80;263;32
80;264;32
80;265;32
80;266;32
80;267;32
80;268;32
80;269;32
80;270;32
80;271;32
80;272;32
80;273;32
80;274;32
80;275;32
80;276;32
80;277;32
80;278;32
80;279;32
80;280;32
80;281;32
80;282;32
80;283;32
80;284;32
80;285;32
80;286;32
80;287;32
80;288;32
80;289;32
80;290;32
80;291;32
80;292;32
80;293;32
80;294;32
80;295;32
80;296;32
80;297;32
80;298;32
80;299;13
80;300;13
80;301;13
80;302;13
80;303;13
80;304;13
80;305;13
80;306;13
80;307;13
80;308;13
80;309;13
80;310;13
80;311;13
80;312;13
80;313;13
80;314;13
80;315;13
80;316;13
80;317;13
80;318;13
80;319;13
80;320;13
80;321;13
80;322;13
80;323;44
80;324;44
80;325;44
80;326;44
80;327;44
80;328;44
80;329;44
80;330;44
80;331;44
80;332;44
80;333;44
80;334;44
80;335;44
80;336;44
80;337;44
80;338;44
80;339;44
80;340;44
80;341;44
80;342;44
80;343;44
80;344;44
80;345;44
80;346;44
80;347;44
80;348;44
80;349;44
80;350;44
80;351;44
80;352;44
80;353;44
80;354;44
80;355;44
80;356;44
80;357;44
80;358;44
80;359;44
80;360;44
80;361;44
80;362;44
80;363;44
80;364;44
80;365;44
80;366;44
80;367;44
80;368;44
80;369;44
80;370;44
80;371;44
80;372;44
80;373;44
80;374;44
80;375;44
80;376;44
80;377;1
80;378;1
80;379;1
80;380;1
80;381;1
80;382;1
80;383;1
80;384;1
80;385;1
80;386;1
80;387;1
80;388;1
80;389;1
80;390;41
80;391;41
80;392;41
80;393;41
80;394;41
80;395;41
80;396;41
80;397;41
80;398;41
80;399;41
80;400;41
80;401;41
80;402;41
80;403;41
80;404;41
80;405;41
80;406;41
80;407;41
80;408;41
80;409;41
80;410;41
80;411;41
80;412;41
80;413;41
80;414;41
80;415;41
80;416;41
80;417;41
80;418;41
80;419;41
80;420;41
80;421;41
80;422;41
80;423;41
80;424;41
80;425;41
80;426;41
80;427;41
80;428;48
80;429;48
80;430;48
80;431;48
80;432;48
80;433;48
80;434;48
80;435;48
80;436;48
80;437;48
80;438;48
80;439;48
80;440;48
80;441;48
80;442;48
80;443;48
80;444;48
80;445;48
80;446;48
80;447;48
80;448;48
80;449;48
80;450;48
80;451;48
80;452;48
80;453;48
80;454;9
80;455;9
80;456;9
80;457;9
80;458;9
80;459;9
80;460;9
80;461;9
80;462;9
80;463;9
80;464;9
80;465;9
80;466;29
80;467;29
80;468;29
80;469;29
80;470;29
80;471;29
80;472;29
80;473;29
80;474;29
80;475;23
80;476;23
80;477;23
80;478;23
80;479;23
80;480;23
80;481;23
80;482;23
80;483;23
80;484;23
80;485;23
80;486;23
80;487;23
80;488;23
80;489;23
80;490;23
80;491;23
80;492;23
80;493;23
80;494;23
80;495;23
80;496;23
80;497;23
80;498;23
80;499;23
81;0;40
81;1;40
81;2;40
81;3;40
81;4;40
81;5;40
81;6;40
81;7;40
81;8;40
81;9;40
81;10;40
81;11;40
81;12;40
81;13;40
81;14;45
81;15;45
81;16;51
81;17;51
81;18;51
81;19;51
81;20;51
81;21;51
81;22;51
81;23;51
81;24;51
81;25;51
81;26;51
81;27;51
81;28;51
81;29;51
81;30;51
81;31;51
81;32;51
81;33;51
81;34;51
81;35;51
81;36;51
81;37;51
81;38;51
81;39;51
81;40;51
81;41;51
81;42;51
81;43;51
81;44;51
81;45;51
81;46;51
81;47;28
81;48;28
81;49;3
81;50;3
81;51;3
81;52;3
81;53;3
81;54;3
81;55;3
81;56;3
81;57;3
81;58;3
81;59;3
81;60;3
81;61;3
81;62;3
81;63;3
81;64;3
81;65;3
81;66;3
81;67;3
81;68;3
81;69;3
81;70;3
81;71;3
81;72;3
81;73;3
81;74;3
81;75;3
81;76;35
81;77;35
81;78;35
81;79;35
81;80;35
81;81;35
81;82;35
81;83;35
81;84;35
81;85;35
81;86;35
81;87;35
81;88;35
81;89;35
81;90;35
81;91;35
81;92;35
81;93;35
81;94;35
81;95;35
81;96;35
81;97;35
81;98;35
81;99;35
81;100;35
81;101;35
81;102;35
81;103;13
81;104;13
81;105;13
81;106;13
81;107;20
81;108;20
81;109;20
81;110;20
81;111;20
81;112;20
81;113;20
81;114;20
81;115;20
81;116;20
81;117;20
81;118;20
81;119;20
81;120;20
81;121;20
81;122;20
81;123;20
81;124;20
81;125;20
81;126;20
81;127;20
81;128;20
81;129;20
81;130;20
81;131;20
81;132;20
81;133;20
81;134;20
81;135;20
81;136;20
81;137;20
81;138;20
81;139;20
81;140;20
81;141;20
81;142;20
81;143;20
81;144;20
81;145;20
81;146;23
81;147;23
81;148;23
81;149;23
81;150;23
81;151;23
81;152;23
81;153;23
81;154;23
81;155;23
81;156;23
81;157;23
81;158;23
81;159;23
81;160;23
81;161;23
81;162;23
81;163;23
81;164;23
81;165;23
81;166;23
81;167;23
81;168;23
81;169;23
81;170;23
81;171;23
81;172;23
81;173;23
81;174;23
81;175;20
81;176;20
81;177;20
81;178;20
81;179;20
81;180;20
81;181;20
81;182;20
81;183;20
81;184;20
81;185;20
81;186;20
81;187;20
81;188;20
81;189;20
81;190;20
81;191;20
81;192;20
81;193;20
81;194;20
81;195;20
81;196;20
81;197;20
81;198;15
81;199;15
81;200;15
81;201;15
81;202;15
81;203;15
81;204;47
81;205;47
81;206;47
81;207;47
81;208;47
81;209;47
81;210;47
81;211;47
81;212;47
81;213;47
81;214;47
81;215;47
81;216;47
81;217;47
81;218;47
81;219;47
81;220;47
81;221;47
81;222;47
81;223;47
81;224;47
81;225;47
81;226;47
81;227;47
81;228;47
81;229;47
81;230;47
81;231;47
81;232;47
81;233;47
81;234;47
81;235;47
81;236;47
81;237;47
81;238;47
81;239;47
81;240;47
81;241;47
81;242;47
81;243;47
81;244;11
81;245;11
81;246;11
81;247;11
81;248;11
81;249;11
81;250;11
81;251;11
81;252;11
81;253;11
81;254;11
81;255;11
81;256;11
81;257;11
81;258;11
81;259;32
81;260;32
81;261;32
81;262;32
81;263;32
81;264;32
81;265;32
81;266;32
81;267;32
81;268;32
81;269;32
81;270;32
81;271;32
81;272;32
81;273;32
81;274;32
81;275;32
81;276;32
81;277;32
81;278;32
81;279;32
81;280;32
81;281;32
81;282;32
81;283;32
81;284;32
81;285;32
81;286;32
81;287;32
81;288;32
81;289;32
81;290;32
81;291;32
81;292;32
81;293;32
81;294;32
81;295;32
81;296;32
81;297;32
81;298;32
81;299;32
81;300;13
81;301;13
81;302;13
81;303;13
81;304;13
81;305;13
81;306;13
81;307;13
81;308;13
81;309;13
81;310;13
81;311;13
81;312;13
81;313;13
81;314;13
81;315;13
81;316;13
81;317;13
81;318;13
81;319;13
81;320;13
81;321;13
81;322;13
81;323;44
81;324;44
81;325;44
81;326;44
81;327;44
81;328;44
81;329;44
81;330;44
81;331;44
81;332;44
81;333;44
81;334;44
81;335;44
81;336;44
81;337;44
81;338;44
81;339;44
81;340;44
81;341;44
81;342;44
81;343;44
81;344;44
81;345;44
81;346;44
81;347;44
81;348;44
81;349;44
81;350;44
81;351;44
81;352;44
81;353;44
81;354;44
81;355;44
81;356;44
81;357;44
81;358;44
81;359;44
81;360;44
81;361;44
81;362;44
81;363;44
81;364;44
81;365;44
81;366;44
81;367;44
81;368;44
81;369;44
81;370;44
81;371;44
81;372;44
81;373;44
81;374;44
81;375;44
81;376;44
81;377;44
81;378;1
81;379;1
81;380;1
81;381;1
81;382;1
81;383;1
81;384;1
81;385;1
81;386;1
81;387;1
81;388;1
81;389;1
81;390;1
81;391;1
81;392;41
81;393;41
81;394;41
81;395;41
81;396;41
81;397;41
81;398;41
81;399;41
81;400;41
81;401;41
81;402;41
81;403;41
81;404;41
81;405;41
81;406;41
81;407;41
81;408;41
81;409;41
81;410;41
81;411;41
81;412;41
81;413;41
81;414;41
81;415;41
81;416;41
81;417;41
81;418;41
81;419;41
81;420;41
81;421;41
81;422;41
81;423;41
81;424;41
81;425;41
81;426;41
81;427;48
81;428;48
81;429;48
81;430;48
81;431;48
81;432;48
81;433;48
81;434;48
81;435;48
81;436;48
81;437;48
81;438;48
81;439;48
81;440;48
81;441;48
81;442;48
81;443;48
81;444;48
81;445;48
81;446;48
81;447;48
81;448;48
81;449;48
81;450;48
81;451;48
81;452;48
81;453;48
81;454;48
81;455;48
81;456;9
81;457;9
81;458;9
81;459;9
81;460;9
81;461;9
81;462;9
81;463;9
81;464;9
81;465;29
81;466;29
81;467;29
81;468;29
81;469;29
81;470;29
81;471;29
81;472;29
81;473;29
81;474;29
81;475;29
81;476;29
81;477;23
81;478;23
81;479;23
81;480;23
81;481;23
81;482;23
81;483;23
81;484;23
81;485;23
81;486;23
81;487;23
81;488;23
81;489;23
81;490;23
81;491;23
81;492;23
81;493;23
81;494;23
81;495;23
81;496;23
81;497;23
81;498;23
81;499;23
82;0;40
82;1;40
82;2;40
82;3;40
82;4;40
82;5;40
82;6;40
82;7;40
82;8;40
82;9;40
82;10;40
82;11;40
82;12;40
82;13;40
82;14;45
82;15;45
82;16;45
82;17;45
82;18;51
82;19;51
82;20;51
82;21;51
82;22;51
82;23;51
82;24;51
82;25;51
82;26;51
82;27;51
82;28;51
82;29;51
82;30;51
82;31;51
82;32;51
82;33;51
82;34;51
82;35;51
82;36;51
82;37;51
82;38;51
82;39;51
82;40;51
82;41;51
82;42;51
82;43;51
82;44;51
82;45;51
82;46;51
82;47;51
82;48;3
82;49;3
82;50;3
82;51;3
82;52;3
82;53;3
82;54;3
82;55;3
82;56;3
82;57;3
82;58;3
82;59;3
82;60;3
82;61;3
82;62;3
82;63;3
82;64;3
82;65;3
82;66;3
82;67;3
82;68;3
82;69;3
82;70;3
82;71;3
82;72;3
82;73;3
82;74;3
82;75;3
82;76;35
82;77;35
82;78;35
82;79;35
82;80;35
82;81;35
82;82;35
82;83;35
82;84;35
82;85;35
82;86;35
82;87;35
82;88;35
82;89;35
82;90;35
82;91;35
82;92;35
82;93;35
82;94;35
82;95;35
82;96;35
82;97;35
82;98;35
82;99;35
82;100;35
82;101;35
82;102;35
82;103;35
82;104;35
82;105;13
82;106;13
82;107;20
82;108;20
82;109;20
82;110;20
82;111;20
82;112;20
82;113;20
82;114;20
82;115;20
82;116;20
82;117;20
82;118;20
82;119;20
82;120;20
82;121;20
82;122;20
82;123;20
82;124;20
82;125;20
82;126;20
82;127;20
82;128;20
82;129;20
82;130;20
82;131;20
82;132;20
82;133;20
82;134;20
82;135;20
82;136;20
82;137;20
82;138;20
82;139;20
82;140;20
82;141;20
82;142;20
82;143;20
82;144;20
82;145;20
82;146;20
82;147;7
82;148;7
82;149;7
82;150;7
82;151;7
82;152;7
82;153;7
82;154;7
82;155;7
82;156;7
82;157;7
82;158;7
82;159;7
82;160;7
82;161;7
82;162;7
82;163;7
82;164;7
82;165;23
82;166;23
82;167;23
82;168;23
82;169;23
82;170;23
82;171;23
82;172;23
82;173;23
82;174;20
82;175;20
82;176;20
82;177;20
82;178;20
82;179;20
82;180;20
82;181;20
82;182;20
82;183;20
82;184;20
82;185;20
82;186;20
82;187;20
82;188;20
82;189;20
82;190;20
82;191;20
82;192;20
82;193;20
82;194;20
82;195;20
82;196;20
82;197;20
82;198;20
82;199;20
82;200;15
82;201;15
82;202;15
82;203;15
82;204;47
82;205;47
82;206;47
82;207;47
82;208;47
82;209;47
82;210;47
82;211;47
82;212;47
82;213;47
82;214;47
82;215;47
82;216;47
82;217;47
82;218;47
82;219;47
82;220;47
82;221;47
82;222;47
82;223;47
82;224;47
82;225;47
82;226;47
82;227;47
82;228;47
82;229;47
82;230;47
82;231;47
82;232;47
82;233;47
82;234;47
82;235;47
82;236;47
82;237;47
82;238;47
82;239;47
82;240;47
82;241;47
82;242;47
82;243;47
82;244;47
82;245;11
82;246;11
82;247;11
82;248;11
82;249;11
82;250;11
82;251;11
82;252;11
82;253;11
82;254;11
82;255;11
82;256;11
82;257;11
82;258;11
82;259;32
82;260;32
82;261;32
82;262;32
82;263;32
82;264;32
82;265;32
82;266;32
82;267;32
82;268;32
82;269;32
82;270;32
82;271;32
82;272;32
82;273;32
82;274;32
82;275;32
82;276;32
82;277;32
82;278;32
82;279;32
82;280;32
82;281;32
82;282;32
82;283;32
82;284;32
82;285;32
82;286;32
82;287;32
82;288;32
82;289;32
82;290;32
82;291;32
82;292;32
82;293;32
82;294;32
82;295;32
82;296;32
82;297;32
82;298;32
82;299;32
82;300;13
82;301;13
82;302;13
82;303;13
82;304;13
82;305;13
82;306;13
82;307;13
82;308;13
82;309;13
82;310;13
82;311;13
82;312;13
82;313;13
82;314;13
82;315;13
82;316;13
82;317;13
82;318;13
82;319;13
82;320;13
82;321;13
82;322;13
82;323;44
82;324;44
82;325;44
82;326;44
82;327;44
82;328;44
82;329;44
82;330;44
82;331;44
82;332;44
82;333;44
82;334;44
82;335;44
82;336;44
82;337;44
82;338;44
82;339;44
82;340;44
82;341;44
82;342;44
82;343;44
82;344;44
82;345;44
82;346;44
82;347;44
82;348;44
82;349;44
82;350;44
82;351;44
82;352;44
82;353;44
82;354;44
82;355;44
82;356;44
82;357;44
82;358;44
82;359;44
82;360;44
82;361;44
82;362;44
82;363;44
82;364;44
82;365;44
82;366;44
82;367;44
82;368;44
82;369;44
82;370;44
82;371;44
82;372;44
82;373;44
82;374;44
82;375;44
82;376;44
82;377;44
82;378;41
82;379;1
82;380;1
82;381;1
82;382;1
82;383;1
82;384;1
82;385;1
82;386;1
82;387;1
82;388;1
82;389;1
82;390;1
82;391;1
82;392;1
82;393;1
82;394;48
82;395;48
82;396;48
82;397;48
82;398;48
82;399;48
82;400;48
82;401;48
82;402;48
82;403;48
82;404;48
82;405;48
82;406;48
82;407;48
82;408;48
82;409;48
82;410;48
82;411;48
82;412;48
82;413;48
82;414;48
82;415;48
82;416;48
82;417;48
82;418;48
82;419;48
82;420;48
82;421;48
82;422;48
82;423;48
82;424;48
82;425;48
82;426;48
82;427;48
82;428;48
82;429;48
82;430;48
82;431;48
82;432;48
82;433;48
82;434;48
82;435;48
82;436;48
82;437;48
82;438;48
82;439;48
82;440;48
82;441;48
82;442;48
82;443;48
82;444;48
82;445;48
82;446;48
82;447;48
82;448;48
82;449;48
82;450;48
82;451;48
82;452;48
82;453;48
82;454;48
82;455;48
82;456;48
82;457;48
82;458;9
82;459;9
82;460;9
82;461;9
82;462;9
82;463;9
82;464;29
82;465;29
82;466;29
82;467;29
82;468;29
82;469;29
82;470;29
82;471;29
82;472;29
82;473;29
82;474;29
82;475;29
82;476;29
82;477;29
82;478;29
82;479;23
82;480;23
82;481;23
82;482;23
82;483;23
82;484;23
82;485;23
82;486;23
82;487;23
82;488;23
82;489;23
82;490;23
82;491;23
82;492;23
82;493;23
82;494;23
82;495;23
82;496;23
82;497;23
82;498;23
82;499;23
83;0;40
83;1;40
83;2;40
83;3;40
83;4;40
83;5;40
83;6;40
83;7;40
83;8;40
83;9;40
83;10;40
83;11;40
83;12;40
83;13;40
83;14;45
83;15;45
83;16;45
83;17;45
83;18;45
83;19;45
83;20;51
83;21;51
83;22;51
83;23;51
83;24;51
83;25;51
83;26;51
83;27;51
83;28;51
83;29;51
83;30;51
83;31;51
83;32;51
83;33;51
83;34;51
83;35;51
83;36;51
83;37;51
83;38;51
83;39;51
83;40;51
83;41;51
83;42;51
83;43;51
83;44;51
83;45;51
83;46;51
83;47;51
83;48;3
83;49;3
83;50;3
83;51;3
83;52;3
83;53;3
83;54;3
83;55;3
83;56;3
83;57;3
83;58;3
83;59;3
83;60;3
83;61;3
83;62;3
83;63;3
83;64;3
83;65;3
83;66;3
83;67;3
83;68;3
83;69;3
83;70;3
83;71;3
83;72;3
83;73;3
83;74;3
83;75;3
83;76;3
83;77;35
83;78;35
83;79;35
83;80;35
83;81;35
83;82;35
83;83;35
83;84;35
83;85;35
83;86;35
83;87;35
83;88;35
83;89;35
83;90;35
83;91;35
83;92;35
83;93;35
83;94;35
83;95;35
83;96;35
83;97;35
83;98;35
83;99;35
83;100;35
83;101;35
83;102;35
83;103;35
83;104;35
83;105;35
83;106;35
83;107;20
83;108;20
83;109;20
83;110;20
83;111;20
83;112;20
83;113;20
83;114;20
83;115;20
83;116;20
83;117;20
83;118;20
83;119;20
83;120;20
83;121;20
83;122;20
83;123;20
83;124;20
83;125;20
83;126;20
83;127;20
83;128;20
83;129;20
83;130;20
83;131;20
83;132;20
83;133;20
83;134;20
83;135;20
83;136;20
83;137;20
83;138;20
83;139;20
83;140;20
83;141;20
83;142;20
83;143;20
83;144;20
83;145;20
83;146;20
83;147;7
83;148;7
83;149;7
83;150;7
83;151;7
83;152;7
83;153;7
83;154;7
83;155;7
83;156;7
83;157;7
83;158;7
83;159;7
83;160;7
83;161;7
83;162;7
83;163;7
83;164;7
83;165;7
83;166;7
83;167;23
83;168;23
83;169;23
83;170;23
83;171;23
83;172;23
83;173;20
83;174;20
83;175;20
83;176;20
83;177;20
83;178;20
83;179;20
83;180;20
83;181;20
83;182;20
83;183;20
83;184;20
83;185;20
83;186;20
83;187;20
83;188;20
83;189;20
83;190;20
83;191;20
83;192;20
83;193;20
83;194;20
83;195;20
83;196;20
83;197;20
83;198;20
83;199;20
83;200;20
83;201;20
83;202;15
83;203;15
83;204;47
83;205;47
83;206;47
83;207;47
83;208;47
83;209;47
83;210;47
83;211;47
83;212;47
83;213;47
83;214;47
83;215;47
83;216;47
83;217;47
83;218;47
83;219;47
83;220;47
83;221;47
83;222;47
83;223;47
83;224;47
83;225;47
83;226;47
83;227;47
83;228;47
83;229;47
83;230;47
83;231;47
83;232;47
83;233;47
83;234;47
83;235;47
83;236;47
83;237;47
83;238;47
83;239;47
83;240;47
83;241;47
83;242;47
83;243;47
83;244;47
83;245;47
83;246;11
83;247;11
83;248;11
83;249;11
83;250;11
83;251;11
83;252;11
83;253;11
83;254;11
83;255;11
83;256;11
83;257;11
83;258;11
83;259;32
83;260;32
83;261;32
83;262;32
83;263;32
83;264;32
83;265;32
83;266;32
83;267;32
83;268;32
83;269;32
83;270;32
83;271;32
83;272;32
83;273;32
83;274;32
83;275;32
83;276;32
83;277;32
83;278;32
83;279;32
83;280;32
83;281;32
83;282;32
83;283;32
83;284;32
83;285;32
83;286;32
83;287;32
83;288;32
83;289;32
83;290;32
83;291;32
83;292;32
83;293;32
83;294;32
83;295;32
83;296;32
83;297;32
83;298;32
83;299;32
83;300;32
83;301;13
83;302;13
83;303;13
83;304;13
83;305;13
83;306;13
83;307;13
83;308;13
83;309;13
83;310;13
83;311;13
83;312;13
83;313;13
83;314;13
83;315;13
83;316;13
83;317;13
83;318;13
83;319;13
83;320;13
83;321;13
83;322;13
83;323;44
83;324;44
83;325;44
83;326;44
83;327;44
83;328;44
83;329;44
83;330;44
83;331;44
83;332;44
83;333;44
83;334;44
83;335;44
83;336;44
83;337;44
83;338;44
83;339;44
83;340;44
83;341;44
83;342;44
83;343;44
83;344;44
83;345;44
83;346;44
83;347;44
83;348;44
83;349;44
83;350;44
83;351;44
83;352;44
83;353;44
83;354;44
83;355;44
83;356;44
83;357;44
83;358;44
83;359;44
83;360;44
83;361;44
83;362;44
83;363;44
83;364;44
83;365;44
83;366;44
83;367;44
83;368;44
83;369;44
83;370;44
83;371;44
83;372;44
83;373;44
83;374;44
83;375;44
83;376;44
83;377;44
83;378;41
83;379;41
83;380;1
83;381;1
83;382;1
83;383;1
83;384;1
83;385;1
83;386;1
83;387;1
83;388;1
83;389;1
83;390;1
83;391;1
83;392;1
83;393;1
83;394;1
83;395;48
83;396;48
83;397;48
83;398;48
83;399;48
83;400;48
83;401;48
83;402;48
83;403;48
83;404;48
83;405;48
83;406;48
83;407;48
83;408;48
83;409;48
83;410;48
83;411;48
83;412;48
83;413;48
83;414;48
83;415;48
83;416;48
83;417;48
83;418;48
83;419;48
83;420;48
83;421;48
83;422;48
83;423;48
83;424;48
83;425;48
83;426;48
83;427;48
83;428;48
83;429;48
83;430;48
83;431;48
83;432;48
83;433;48
83;434;48
83;435;48
83;436;48
83;437;48
83;438;48
83;439;48
83;440;48
83;441;48
83;442;48
83;443;48
83;444;48
83;445;48
83;446;48
83;447;48
83;448;48
83;449;48
83;450;48
83;451;48
83;452;48
83;453;48
83;454;48
83;455;48
83;456;48
83;457;48
83;458;48
83;459;48
83;460;9
83;461;9
83;462;9
83;463;29
83;464;29
83;465;29
83;466;29
83;467;29
83;468;29
83;469;29
83;470;29
83;471;29
83;472;29
83;473;29
83;474;29
83;475;29
83;476;29
83;477;29
83;478;29
83;479;29
83;480;29
83;481;23
83;482;23
83;483;23
83;484;23
83;485;23
83;486;23
83;487;23
83;488;23
83;489;23
83;490;23
83;491;23
83;492;23
83;493;23
83;494;23
83;495;23
83;496;23
83;497;23
83;498;23
83;499;23
84;0;40
84;1;40
84;2;40
84;3;40
84;4;40
84;5;40
84;6;40
84;7;40
84;8;40
84;9;40
84;10;40
84;11;40
84;12;40
84;13;40
84;14;45
84;15;45
84;16;45
84;17;45
84;18;45
84;19;45
84;20;45
84;21;51
84;22;51
84;23;51
84;24;51
84;25;51
84;26;51
84;27;51
84;28;51
84;29;51
84;30;51
84;31;51
84;32;51
84;33;51
84;34;51
84;35;51
84;36;51
84;37;51
84;38;51
84;39;51
84;40;51
84;41;51
84;42;51
84;43;51
84;44;51
84;45;51
84;46;51
84;47;51
84;48;3
84;49;3
84;50;3
84;51;3
84;52;3
84;53;3
84;54;3
84;55;3
84;56;3
84;57;3
84;58;3
84;59;3
84;60;3
84;61;3
84;62;3
84;63;3
84;64;3
84;65;3
84;66;3
84;67;3
84;68;3
84;69;3
84;70;3
84;71;3
84;72;3
84;73;3
84;74;3
84;75;3
84;76;3
84;77;35
84;78;35
84;79;35
84;80;35
84;81;35
84;82;35
84;83;35
84;84;35
84;85;35
84;86;35
84;87;35
84;88;35
84;89;35
84;90;35
84;91;35
84;92;35
84;93;35
84;94;35
84;95;35
84;96;35
84;97;35
84;98;35
84;99;35
84;100;35
84;101;35
84;102;35
84;103;35
84;104;35
84;105;35
84;106;35
84;107;35
84;108;20
84;109;20
84;110;20
84;111;20
84;112;20
84;113;20
84;114;20
84;115;20
84;116;20
84;117;20
84;118;20
84;119;20
84;120;20
84;121;20
84;122;20
84;123;20
84;124;20
84;125;20
84;126;20
84;127;20
84;128;20
84;129;20
84;130;20
84;131;20
84;132;20
84;133;20
84;134;20
84;135;20
84;136;20
84;137;20
84;138;20
84;139;20
84;140;20
84;141;20
84;142;20
84;143;20
84;144;20
84;145;20
84;146;20
84;147;7
84;148;7
84;149;7
84;150;7
84;151;7
84;152;7
84;153;7
84;154;7
84;155;7
84;156;7
84;157;7
84;158;7
84;159;7
84;160;7
84;161;7
84;162;7
84;163;7
84;164;7
84;165;7
84;166;7
84;167;7
84;168;7
84;169;7
84;170;7
84;171;7
84;172;7
84;173;20
84;174;20
84;175;20
84;176;20
84;177;20
84;178;20
84;179;20
84;180;20
84;181;20
84;182;20
84;183;20
84;184;20
84;185;20
84;186;20
84;187;20
84;188;20
84;189;20
84;190;20
84;191;20
84;192;20
84;193;20
84;194;20
84;195;20
84;196;20
84;197;20
84;198;20
84;199;20
84;200;20
84;201;20
84;202;20
84;203;47
84;204;47
84;205;47
84;206;47
84;207;47
84;208;47
84;209;47
84;210;47
84;211;47
84;212;47
84;213;47
84;214;47
84;215;47
84;216;47
84;217;47
84;218;47
84;219;47
84;220;47
84;221;47
84;222;47
84;223;47
84;224;47
84;225;47
84;226;47
84;227;47
84;228;47
84;229;47
84;230;47
84;231;47
84;232;47
84;233;47
84;234;47
84;235;47
84;236;47
84;237;47
84;238;47
84;239;47
84;240;47
84;241;47
84;242;47
84;243;47
84;244;47
84;245;47
84;246;47
84;247;47
84;248;11
84;249;11
84;250;11
84;251;11
84;252;11
84;253;11
84;254;11
84;255;11
84;256;11
84;257;11
84;258;11
84;259;32
84;260;32
84;261;32
84;262;32
84;263;32
84;264;32
84;265;32
84;266;32
84;267;32
84;268;32
84;269;32
84;270;32
84;271;32
84;272;32
84;273;32
84;274;32
84;275;32
84;276;32
84;277;32
84;278;32
84;279;32
84;280;32
84;281;32
84;282;32
84;283;32
84;284;32
84;285;32
84;286;32
84;287;32
84;288;32
84;289;32
84;290;32
84;291;32
84;292;32
84;293;32
84;294;32
84;295;32
84;296;32
84;297;32
84;298;32
84;299;32
84;300;32
84;301;13
84;302;13
84;303;13
84;304;13
84;305;13
84;306;13
84;307;13
84;308;13
84;309;13
84;310;13
84;311;13
84;312;13
84;313;13
84;314;13
84;315;13
84;316;13
84;317;13
84;318;13
84;319;13
84;320;13
84;321;13
84;322;13
84;323;44
84;324;44
84;325;44
84;326;44
84;327;44
84;328;44
84;329;44
84;330;44
84;331;44
84;332;44
84;333;44
84;334;44
84;335;44
84;336;44
84;337;44
84;338;44
84;339;44
84;340;44
84;341;44
84;342;44
84;343;44
84;344;44
84;345;44
84;346;44
84;347;44
84;348;44
84;349;44
84;350;44
84;351;44
84;352;44
84;353;44
84;354;44
84;355;44
84;356;44
84;357;44
84;358;44
84;359;44
84;360;44
84;361;44
84;362;44
84;363;44
84;364;44
84;365;44
84;366;44
84;367;44
84;368;44
84;369;44
84;370;44
84;371;44
84;372;44
84;373;44
84;374;44
84;375;44
84;376;44
84;377;44
84;378;41
84;379;41
84;380;41
84;381;1
84;382;1
84;383;1
84;384;1
84;385;1
84;386;1
84;387;1
84;388;1
84;389;1
84;390;1
84;391;1
84;392;1
84;393;1
84;394;1
84;395;1
84;396;1
84;397;48
84;398;48
84;399;48
84;400;48
84;401;48
84;402;48
84;403;48
84;404;48
84;405;48
84;406;48
84;407;48
84;408;48
84;409;48
84;410;48
84;411;48
84;412;48
84;413;48
84;414;48
84;415;48
84;416;48
84;417;48
84;418;48
84;419;48
84;420;48
84;421;48
84;422;48
84;423;48
84;424;48
84;425;48
84;426;48
84;427;48
84;428;48
84;429;48
84;430;48
84;431;48
84;432;48
84;433;48
84;434;48
84;435;48
84;436;48
84;437;48
84;438;48
84;439;48
84;440;48
84;441;48
84;442;48
84;443;48
84;444;48
84;445;48
84;446;48
84;447;48
84;448;48
84;449;48
84;450;48
84;451;48
84;452;48
84;453;48
84;454;48
84;455;48
84;456;48
84;457;48
84;458;48
84;459;48
84;460;48
84;461;9
84;462;29
84;463;29
84;464;29
84;465;29
84;466;29
84;467;29
84;468;29
84;469;29
84;470;29
84;471;29
84;472;29
84;473;29
84;474;29
84;475;29
84;476;29
84;477;29
84;478;29
84;479;29
84;480;29
84;481;29
84;482;29
84;483;23
84;484;23
84;485;23
84;486;23
84;487;23
84;488;23
84;489;23
84;490;23
84;491;23
84;492;23
84;493;23
84;494;23
84;495;23
84;496;23
84;497;23
84;498;23
84;499;23
85;0;40
85;1;40
85;2;40
85;3;40
85;4;40
85;5;40
85;6;40
85;7;40
85;8;40
85;9;40
85;10;40
85;11;40
85;12;40
85;13;40
85;14;45
85;15;45
85;16;45
85;17;45
85;18;45
85;19;45
85;20;45
85;21;45
85;22;45
85;23;51
85;24;51
85;25;51
85;26;51
85;27;51
85;28;51
85;29;51
85;30;51
85;31;51
85;32;51
85;33;51
85;34;51
85;35;51
85;36;51
85;37;51
85;38;51
85;39;51
85;40;51
85;41;51
85;42;51
85;43;51
85;44;51
85;45;51
85;46;51
85;47;51
85;48;3
85;49;3
85;50;3
85;51;3
85;52;3
85;53;3
85;54;3
85;55;3
85;56;3
85;57;3
85;58;3
85;59;3
85;60;3
85;61;3
85;62;3
85;63;3
85;64;3
85;65;3
85;66;3
85;67;3
85;68;3
85;69;3
85;70;3
85;71;3
85;72;3
85;73;3
85;74;3
85;75;3
85;76;3
85;77;3
85;78;35
85;79;35
85;80;35
85;81;35
85;82;35
85;83;35
85;84;35
85;85;35
85;86;35
85;87;35
85;88;35
85;89;35
85;90;35
85;91;35
85;92;35
85;93;35
85;94;35
85;95;35
85;96;35
85;97;35
85;98;35
85;99;35
85;100;35
85;101;35
85;102;35
85;103;35
85;104;35
85;105;35
85;106;35
85;107;35
85;108;35
85;109;20
85;110;20
85;111;20
85;112;20
85;113;20
85;114;20
85;115;20
85;116;20
85;117;20
85;118;20
85;119;20
85;120;20
85;121;20
85;122;20
85;123;20
85;124;20
85;125;20
85;126;20
85;127;20
85;128;20
85;129;20
85;130;20
85;131;20
85;132;20
85;133;20
85;134;20
85;135;20
85;136;20
85;137;20
85;138;20
85;139;20
85;140;20
85;141;20
85;142;20
85;143;20
85;144;20
85;145;20
85;146;20
85;147;7
85;148;7
85;149;7
85;150;7
85;151;7
85;152;7
85;153;7
85;154;7
85;155;7
85;156;7
85;157;7
85;158;7
85;159;7
85;160;7
85;161;7
85;162;7
85;163;7
85;164;7
85;165;7
85;166;7
85;167;7
85;168;7
85;169;7
85;170;7
85;171;7
85;172;7
85;173;7
85;174;20
85;175;20
85;176;20
85;177;20
85;178;20
85;179;20
85;180;20
85;181;20
85;182;20
85;183;20
85;184;20
85;185;20
85;186;20
85;187;20
85;188;20
85;189;20
85;190;20
85;191;20
85;192;20
85;193;20
85;194;20
85;195;20
85;196;20
85;197;20
85;198;20
85;199;20
85;200;20
85;201;20
85;202;20
85;203;22
85;204;47
85;205;47
85;206;47
85;207;47
85;208;47
85;209;47
85;210;47
85;211;47
85;212;47
85;213;47
85;214;47
85;215;47
85;216;47
85;217;47
85;218;47
85;219;47
85;220;47
85;221;47
85;222;47
85;223;47
85;224;47
85;225;47
85;226;47
85;227;47
85;228;47
85;229;47
85;230;47
85;231;47
85;232;47
85;233;47
85;234;47
85;235;47
85;236;47
85;237;47
85;238;47
85;239;47
85;240;47
85;241;47
85;242;47
85;243;47
85;244;47
85;245;47
85;246;47
85;247;47
85;248;47
85;249;47
85;250;11
85;251;11
85;252;11
85;253;11
85;254;11
85;255;11
85;256;11
85;257;11
85;258;11
85;259;33
85;260;33
85;261;33
85;262;33
85;263;33
85;264;33
85;265;33
85;266;33
85;267;33
85;268;32
85;269;32
85;270;32
85;271;32
85;272;32
85;273;32
85;274;32
85;275;32
85;276;32
85;277;32
85;278;32
85;279;32
85;280;32
85;281;32
85;282;32
85;283;32
85;284;32
85;285;32
85;286;32
85;287;32
85;288;32
85;289;32
85;290;32
85;291;32
85;292;32
85;293;32
85;294;32
85;295;32
85;296;32
85;297;32
85;298;32
85;299;32
85;300;32
85;301;32
85;302;13
85;303;13
85;304;13
85;305;13
85;306;13
85;307;13
85;308;13
85;309;13
85;310;13
85;311;13
85;312;13
85;313;13
85;314;13
85;315;13
85;316;13
85;317;13
85;318;13
85;319;13
85;320;13
85;321;13
85;322;13
85;323;44
85;324;44
85;325;44
85;326;44
85;327;44
85;328;44
85;329;44
85;330;44
85;331;44
85;332;44
85;333;44
85;334;44
85;335;44
85;336;44
85;337;44
85;338;44
85;339;44
85;340;44
85;341;44
85;342;44
85;343;44
85;344;44
85;345;44
85;346;44
85;347;44
85;348;44
85;349;44
85;350;44
85;351;44
85;352;44
85;353;44
85;354;44
85;355;44
85;356;44
85;357;44
85;358;44
85;359;44
85;360;44
85;361;44
85;362;44
85;363;44
85;364;44
85;365;44
85;366;44
85;367;44
85;368;44
85;369;44
85;370;44
85;371;44
85;372;44
85;373;44
85;374;44
85;375;44
85;376;44
85;377;44
85;378;41
85;379;41
85;380;41
85;381;41
85;382;1
85;383;1
85;384;1
85;385;1
85;386;1
85;387;1
85;388;1
85;389;1
85;390;1
85;391;1
85;392;1
85;393;1
85;394;1
85;395;1
85;396;1
85;397;1
85;398;22
85;399;22
85;400;22
85;401;22
85;402;22
85;403;22
85;404;22
85;405;22
85;406;22
85;407;48
85;408;48
85;409;48
85;410;48
85;411;48
85;412;48
85;413;48
85;414;48
85;415;48
85;416;48
85;417;48
85;418;48
85;419;48
85;420;48
85;421;48
85;422;48
85;423;48
85;424;48
85;425;48
85;426;48
85;427;48
85;428;48
85;429;48
85;430;48
85;431;48
85;432;48
85;433;48
85;434;48
85;435;48
85;436;48
85;437;48
85;438;48
85;439;48
85;440;48
85;441;48
85;442;48
85;443;48
85;444;48
85;445;48
85;446;48
85;447;48
85;448;48
85;449;48
85;450;48
85;451;48
85;452;48
85;453;48
85;454;48
85;455;48
85;456;48
85;457;48
85;458;48
85;459;48
85;460;48
85;461;48
85;462;29
85;463;29
85;464;29
85;465;29
85;466;29
85;467;29
85;468;29
85;469;29
85;470;29
85;471;29
85;472;29
85;473;29
85;474;29
85;475;29
85;476;29
85;477;29
85;478;29
85;479;29
85;480;29
85;481;29
85;482;29
85;483;29
85;484;29
85;485;29
85;486;29
85;487;23
85;488;23
85;489;23
85;490;23
85;491;23
85;492;23
85;493;23
85;494;23
85;495;23
85;496;23
85;497;23
85;498;23
85;499;23
86;0;40
86;1;40
86;2;40
86;3;40
86;4;40
86;5;40
86;6;40
86;7;40
86;8;40
86;9;40
86;10;40
86;11;40
86;12;40
86;13;40
86;14;45
86;15;45
86;16;45
86;17;45
86;18;45
86;19;45
86;20;45
86;21;45
86;22;45
86;23;45
86;24;51
86;25;51
86;26;51
86;27;51
86;28;51
86;29;51
86;30;51
86;31;51
86;32;51
86;33;51
86;34;51
86;35;51
86;36;51
86;37;51
86;38;51
86;39;51
86;40;51
86;41;51
86;42;51
86;43;51
86;44;51
86;45;51
86;46;51
86;47;51
86;48;3
86;49;3
86;50;3
86;51;3
86;52;3
86;53;3
86;54;3
86;55;3
86;56;3
86;57;3
86;58;3
86;59;3
86;60;3
86;61;3
86;62;3
86;63;3
86;64;3
86;65;3
86;66;3
86;67;3
86;68;3
86;69;3
86;70;3
86;71;3
86;72;3
86;73;3
86;74;3
86;75;3
86;76;3
86;77;3
86;78;35
86;79;35
86;80;35
86;81;35
86;82;35
86;83;35
86;84;35
86;85;35
86;86;35
86;87;35
86;88;35
86;89;35
86;90;35
86;91;35
86;92;35
86;93;35
86;94;35
86;95;35
86;96;35
86;97;35
86;98;35
86;99;35
86;100;35
86;101;35
86;102;35
86;103;35
86;104;35
86;105;35
86;106;35
86;107;35
86;108;35
86;109;35
86;110;20
86;111;20
86;112;20
86;113;20
86;114;20
86;115;20
86;116;20
86;117;20
86;118;20
86;119;20
86;120;20
86;121;20
86;122;20
86;123;20
86;124;20
86;125;20
86;126;20
86;127;20
86;128;20
86;129;20
86;130;20
86;131;20
86;132;20
86;133;20
86;134;20
86;135;20
86;136;20
86;137;20
86;138;20
86;139;20
86;140;20
86;141;20
86;142;20
86;143;20
86;144;20
86;145;20
86;146;20
86;147;7
86;148;7
86;149;7
86;150;7
86;151;7
86;152;7
86;153;7
86;154;7
86;155;7
86;156;7
86;157;7
86;158;7
86;159;7
86;160;7
86;161;7
86;162;7
86;163;7
86;164;7
86;165;7
86;166;7
86;167;7
86;168;7
86;169;7
86;170;7
86;171;7
86;172;7
86;173;7
86;174;7
86;175;20
86;176;20
86;177;20
86;178;20
86;179;20
86;180;20
86;181;20
86;182;20
86;183;20
86;184;20
86;185;20
86;186;20
86;187;20
86;188;20
86;189;20
86;190;20
86;191;20
86;192;20
86;193;20
86;194;20
86;195;20
86;196;20
86;197;20
86;198;20
86;199;20
86;200;20
86;201;20
86;202;20
86;203;22
86;204;22
86;205;47
86;206;47
86;207;47
86;208;47
86;209;47
86;210;47
86;211;47
86;212;47
86;213;47
86;214;47
86;215;47
86;216;47
86;217;47
86;218;47
86;219;47
86;220;47
86;221;47
86;222;47
86;223;47
86;224;47
86;225;47
86;226;47
86;227;47
86;228;47
86;229;47
86;230;47
86;231;47
86;232;47
86;233;47
86;234;47
86;235;47
86;236;47
86;237;47
86;238;47
86;239;47
86;240;47
86;241;47
86;242;47
86;243;47
86;244;47
86;245;47
86;246;47
86;247;47
86;248;47
86;249;47
86;250;47
86;251;47
86;252;11
86;253;11
86;254;11
86;255;11
86;256;11
86;257;11
86;258;33
86;259;33
86;260;33
86;261;33
86;262;33
86;263;33
86;264;33
86;265;33
86;266;33
86;267;33
86;268;33
86;269;33
86;270;32
86;271;32
86;272;32
86;273;32
86;274;32
86;275;32
86;276;32
86;277;32
86;278;32
86;279;32
86;280;32
86;281;32
86;282;32
86;283;32
86;284;32
86;285;32
86;286;32
86;287;32
86;288;32
86;289;32
86;290;32
86;291;32
86;292;32
86;293;32
86;294;32
86;295;32
86;296;32
86;297;32
86;298;32
86;299;32
86;300;32
86;301;32
86;302;13
86;303;13
86;304;13
86;305;13
86;306;13
86;307;13
86;308;13
86;309;13
86;310;13
86;311;13
86;312;13
86;313;13
86;314;13
86;315;13
86;316;13
86;317;13
86;318;13
86;319;13
86;320;13
86;321;13
86;322;13
86;323;44
86;324;44
86;325;44
86;326;44
86;327;44
86;328;44
86;329;44
86;330;44
86;331;44
86;332;44
86;333;44
86;334;44
86;335;44
86;336;44
86;337;44
86;338;44
86;339;44
86;340;44
86;341;44
86;342;44
86;343;44
86;344;44
86;345;44
86;346;44
86;347;44
86;348;44
86;349;44
86;350;44
86;351;44
86;352;44
86;353;44
86;354;44
86;355;44
86;356;44
86;357;44
86;358;44
86;359;44
86;360;44
86;361;44
86;362;44
86;363;44
86;364;44
86;365;44
86;366;44
86;367;44
86;368;44
86;369;44
86;370;44
86;371;44
86;372;44
86;373;44
86;374;44
86;375;44
86;376;44
86;377;44
86;378;41
86;379;41
86;380;41
86;381;41
86;382;41
86;383;1
86;384;1
86;385;1
86;386;1
86;387;1
86;388;1
86;389;1
86;390;1
86;391;1
86;392;1
86;393;1
86;394;1
86;395;1
86;396;1
86;397;1
86;398;1
86;399;22
86;400;22
86;401;22
86;402;22
86;403;22
86;404;22
86;405;22
86;406;22
86;407;22
86;408;22
86;409;48
86;410;48
86;411;48
86;412;48
86;413;48
86;414;48
86;415;48
86;416;48
86;417;48
86;418;48
86;419;48
86;420;48
86;421;48
86;422;48
86;423;48
86;424;48
86;425;48
86;426;48
86;427;48
86;428;48
86;429;48
86;430;48
86;431;48
86;432;48
86;433;48
86;434;48
86;435;48
86;436;48
86;437;48
86;438;48
86;439;48
86;440;48
86;441;48
86;442;48
86;443;48
86;444;48
86;445;48
86;446;48
86;447;48
86;448;48
86;449;48
86;450;48
86;451;48
86;452;48
86;453;48
86;454;48
86;455;48
86;456;48
86;457;48
86;458;48
86;459;48
86;460;48
86;461;48
86;462;29
86;463;29
86;464;29
86;465;29
86;466;29
86;467;29
86;468;29
86;469;29
86;470;29
86;471;29
86;472;29
86;473;29
86;474;29
86;475;29
86;476;29
86;477;29
86;478;29
86;479;29
86;480;29
86;481;29
86;482;29
86;483;29
86;484;29
86;485;29
86;486;29
86;487;29
86;488;29
86;489;23
86;490;23
86;491;23
86;492;23
86;493;23
86;494;23
86;495;23
86;496;23
86;497;23
86;498;23
86;499;23
87;0;40
87;1;40
87;2;40
87;3;40
87;4;40
87;5;40
87;6;40
87;7;40
87;8;40
87;9;40
87;10;40
87;11;40
87;12;40
87;13;40
87;14;45
87;15;45
87;16;45
87;17;45
87;18;45
87;19;45
87;20;45
87;21;45
87;22;45
87;23;45
87;24;45
87;25;51
87;26;51
87;27;51
87;28;51
87;29;51
87;30;51
87;31;51
87;32;51
87;33;51
87;34;51
87;35;51
87;36;51
87;37;51
87;38;51
87;39;51
87;40;51
87;41;51
87;42;51
87;43;51
87;44;51
87;45;51
87;46;51
87;47;51
87;48;3
87;49;3
87;50;3
87;51;3
87;52;3
87;53;3
87;54;3
87;55;3
87;56;3
87;57;3
87;58;3
87;59;3
87;60;3
87;61;3
87;62;3
87;63;3
87;64;3
87;65;3
87;66;3
87;67;3
87;68;3
87;69;3
87;70;3
87;71;3
87;72;3
87;73;3
87;74;3
87;75;3
87;76;3
87;77;3
87;78;3
87;79;35
87;80;35
87;81;35
87;82;35
87;83;35
87;84;35
87;85;35
87;86;35
87;87;35
87;88;35
87;89;35
87;90;35
87;91;35
87;92;35
87;93;35
87;94;35
87;95;35
87;96;35
87;97;35
87;98;35
87;99;35
87;100;35
87;101;35
87;102;35
87;103;35
87;104;35
87;105;35
87;106;35
87;107;35
87;108;35
87;109;35
87;110;35
87;111;20
87;112;20
87;113;20
87;114;20
87;115;20
87;116;20
87;117;20
87;118;20
87;119;20
87;120;20
87;121;20
87;122;20
87;123;20
87;124;20
87;125;20
87;126;20
87;127;20
87;128;20
87;129;20
87;130;20
87;131;20
87;132;20
87;133;20
87;134;20
87;135;20
87;136;20
87;137;20
87;138;20
87;139;20
87;140;20
87;141;20
87;142;20
87;143;20
87;144;20
87;145;20
87;146;20
87;147;7
87;148;7
87;149;7
87;150;7
87;151;7
87;152;7
87;153;7
87;154;7
87;155;7
87;156;7
87;157;7
87;158;7
87;159;7
87;160;7
87;161;7
87;162;7
87;163;7
87;164;7
87;165;7
87;166;7
87;167;7
87;168;7
87;169;7
87;170;7
87;171;7
87;172;7
87;173;7
87;174;7
87;175;7
87;176;20
87;177;20
87;178;20
87;179;20
87;180;20
87;181;20
87;182;20
87;183;20
87;184;20
87;185;20
87;186;20
87;187;20
87;188;20
87;189;20
87;190;20
87;191;20
87;192;20
87;193;20
87;194;20
87;195;20
87;196;20
87;197;20
87;198;20
87;199;20
87;200;20
87;201;20
87;202;20
87;203;22
87;204;22
87;205;22
87;206;47
87;207;47
87;208;47
87;209;47
87;210;47
87;211;47
87;212;47
87;213;47
87;214;47
87;215;47
87;216;47
87;217;47
87;218;47
87;219;47
87;220;47
87;221;47
87;222;47
87;223;47
87;224;47
87;225;47
87;226;47
87;227;47
87;228;47
87;229;47
87;230;47
87;231;47
87;232;47
87;233;47
87;234;47
87;235;47
87;236;47
87;237;47
87;238;47
87;239;47
87;240;47
87;241;47
87;242;47
87;243;47
87;244;47
87;245;47
87;246;47
87;247;47
87;248;47
87;249;47
87;250;47
87;251;47
87;252;47
87;253;47
87;254;11
87;255;11
87;256;11
87;257;33
87;258;33
87;259;33
87;260;33
87;261;33
87;262;33
87;263;33
87;264;33
87;265;33
87;266;33
87;267;33
87;268;33
87;269;33
87;270;33
87;271;33
87;272;32
87;273;32
87;274;32
87;275;32
87;276;32
87;277;32
87;278;32
87;279;32
87;280;32
87;281;32
87;282;32
87;283;32
87;284;32
87;285;32
87;286;32
87;287;32
87;288;32
87;289;32
87;290;32
87;291;32
87;292;32
87;293;32
87;294;32
87;295;32
87;296;32
87;297;32
87;298;32
87;299;32
87;300;32
87;301;32
87;302;32
87;303;13
87;304;13
87;305;13
87;306;13
87;307;13
87;308;13
87;309;13
87;310;13
87;311;13
87;312;13
87;313;13
87;314;13
87;315;13
87;316;13
87;317;13
87;318;13
87;319;13
87;320;13
87;321;13
87;322;13
87;323;13
87;324;44
87;325;44
87;326;44
87;327;44
87;328;44
87;329;44
87;330;44
87;331;44
87;332;44
87;333;44
87;334;44
87;335;44
87;336;44
87;337;44
87;338;44
87;339;13
87;340;13
87;341;13
87;342;13
87;343;13
87;344;13
87;345;13
87;346;13
87;347;13
87;348;13
87;349;13
87;350;13
87;351;13
87;352;13
87;353;13
87;354;13
87;355;13
87;356;13
87;357;13
87;358;13
87;359;13
87;360;13
87;361;13
87;362;13
87;363;13
87;364;13
87;365;13
87;366;13
87;367;13
87;368;13
87;369;13
87;370;13
87;371;13
87;372;13
87;373;13
87;374;13
87;375;13
87;376;13
87;377;41
87;378;41
87;379;41
87;380;41
87;381;41
87;382;41
87;383;41
87;384;1
87;385;1
87;386;1
87;387;1
87;388;1
87;389;1
87;390;1
87;391;1
87;392;1
87;393;1
87;394;1
87;395;1
87;396;1
87;397;1
87;398;1
87;399;1
87;400;22
87;401;22
87;402;22
87;403;22
87;404;22
87;405;22
87;406;22
87;407;22
87;408;22
87;409;22
87;410;22
87;411;48
87;412;48
87;413;48
87;414;48
87;415;48
87;416;48
87;417;48
87;418;48
87;419;48
87;420;48
87;421;48
87;422;48
87;423;48
87;424;48
87;425;48
87;426;48
87;427;48
87;428;48
87;429;48
87;430;48
87;431;48
87;432;48
87;433;48
87;434;48
87;435;48
87;436;48
87;437;48
87;438;48
87;439;48
87;440;48
87;441;48
87;442;48
87;443;48
87;444;48
87;445;48
87;446;48
87;447;48
87;448;48
87;449;48
87;450;48
87;451;48
87;452;48
87;453;48
87;454;48
87;455;48
87;456;48
87;457;48
87;458;48
87;459;48
87;460;48
87;461;48
87;462;29
87;463;29
87;464;29
87;465;29
87;466;29
87;467;29
87;468;29
87;469;29
87;470;29
87;471;29
87;472;29
87;473;29
87;474;29
87;475;29
87;476;29
87;477;29
87;478;29
87;479;29
87;480;29
87;481;29
87;482;29
87;483;29
87;484;29
87;485;29
87;486;29
87;487;29
87;488;29
87;489;29
87;490;29
87;491;23
87;492;23
87;493;23
87;494;23
87;495;23
87;496;23
87;497;23
87;498;23
87;499;23
88;0;40
88;1;40
88;2;40
88;3;40
88;4;40
88;5;40
88;6;40
88;7;40
88;8;40
88;9;40
88;10;40
88;11;40
88;12;40
88;13;45
88;14;45
88;15;45
88;16;45
88;17;45
88;18;45
88;19;45
88;20;45
88;21;45
88;22;45
88;23;45
88;24;45
88;25;45
88;26;51
88;27;51
88;28;51
88;29;51
88;30;51
88;31;51
88;32;51
88;33;51
88;34;51
88;35;51
88;36;51
88;37;51
88;38;51
88;39;51
88;40;51
88;41;51
88;42;51
88;43;51
88;44;51
88;45;51
88;46;51
88;47;51
88;48;3
88;49;3
88;50;3
88;51;3
88;52;3
88;53;3
88;54;3
88;55;3
88;56;3
88;57;3
88;58;3
88;59;3
88;60;3
88;61;3
88;62;3
88;63;3
88;64;3
88;65;3
88;66;3
88;67;3
88;68;3
88;69;3
88;70;3
88;71;3
88;72;3
88;73;3
88;74;3
88;75;3
88;76;3
88;77;3
88;78;3
88;79;35
88;80;35
88;81;35
88;82;35
88;83;35
88;84;35
88;85;35
88;86;35
88;87;35
88;88;35
88;89;35
88;90;35
88;91;35
88;92;35
88;93;35
88;94;35
88;95;35
88;96;35
88;97;35
88;98;35
88;99;35
88;100;35
88;101;35
88;102;35
88;103;35
88;104;35
88;105;35
88;106;35
88;107;35
88;108;35
88;109;35
88;110;35
88;111;35
88;112;20
88;113;20
88;114;20
88;115;20
88;116;20
88;117;20
88;118;20
88;119;20
88;120;20
88;121;20
88;122;20
88;123;20
88;124;20
88;125;20
88;126;20
88;127;20
88;128;20
88;129;20
88;130;20
88;131;20
88;132;20
88;133;20
88;134;20
88;135;20
88;136;20
88;137;20
88;138;20
88;139;20
88;140;20
88;141;20
88;142;20
88;143;20
88;144;20
88;145;20
88;146;20
88;147;7
88;148;7
88;149;7
88;150;7
88;151;7
88;152;7
88;153;7
88;154;7
88;155;7
88;156;7
88;157;7
88;158;7
88;159;7
88;160;7
88;161;7
88;162;7
88;163;7
88;164;7
88;165;7
88;166;7
88;167;7
88;168;7
88;169;7
88;170;7
88;171;7
88;172;7
88;173;7
88;174;7
88;175;7
88;176;7
88;177;20
88;178;20
88;179;20
88;180;20
88;181;20
88;182;20
88;183;20
88;184;20
88;185;20
88;186;20
88;187;20
88;188;20
88;189;20
88;190;20
88;191;20
88;192;20
88;193;20
88;194;20
88;195;20
88;196;20
88;197;20
88;198;20
88;199;20
88;200;20
88;201;20
88;202;20
88;203;22
88;204;22
88;205;22
88;206;22
88;207;47
88;208;47
88;209;47
88;210;47
88;211;47
88;212;47
88;213;47
88;214;47
88;215;47
88;216;47
88;217;47
88;218;47
88;219;47
88;220;47
88;221;47
88;222;47
88;223;47
88;224;47
88;225;47
88;226;47
88;227;47
88;228;47
88;229;47
88;230;47
88;231;47
88;232;47
88;233;47
88;234;47
88;235;47
88;236;47
88;237;47
88;238;47
88;239;47
88;240;47
88;241;47
88;242;47
88;243;47
88;244;47
88;245;47
88;246;47
88;247;47
88;248;47
88;249;47
88;250;47
88;251;47
88;252;47
88;253;47
88;254;47
88;255;47
88;256;33
88;257;33
88;258;33
88;259;33
88;260;33
88;261;33
88;262;33
88;263;33
88;264;33
88;265;33
88;266;33
88;267;33
88;268;33
88;269;33
88;270;33
88;271;33
88;272;33
88;273;33
88;274;32
88;275;32
88;276;32
88;277;32
88;278;32
88;279;32
88;280;32
88;281;32
88;282;32
88;283;32
88;284;32
88;285;32
88;286;32
88;287;32
88;288;32
88;289;32
88;290;32
88;291;32
88;292;32
88;293;32
88;294;32
88;295;32
88;296;32
88;297;32
88;298;32
88;299;32
88;300;32
88;301;32
88;302;32
88;303;13
88;304;13
88;305;13
88;306;13
88;307;13
88;308;13
88;309;13
88;310;13
88;311;13
88;312;13
88;313;13
88;314;13
88;315;13
88;316;13
88;317;13
88;318;13
88;319;13
88;320;13
88;321;13
88;322;13
88;323;13
88;324;44
88;325;44
88;326;44
88;327;44
88;328;44
88;329;44
88;330;44
88;331;44
88;332;44
88;333;44
88;334;44
88;335;44
88;336;44
88;337;44
88;338;13
88;339;13
88;340;13
88;341;13
88;342;13
88;343;13
88;344;13
88;345;13
88;346;13
88;347;13
88;348;13
88;349;13
88;350;13
88;351;13
88;352;13
88;353;13
88;354;13
88;355;13
88;356;13
88;357;13
88;358;13
88;359;13
88;360;13
88;361;13
88;362;13
88;363;13
88;364;13
88;365;13
88;366;13
88;367;13
88;368;13
88;369;13
88;370;13
88;371;13
88;372;13
88;373;13
88;374;13
88;375;13
88;376;13
88;377;41
88;378;41
88;379;41
88;380;41
88;381;41
88;382;41
88;383;41
88;384;41
88;385;1
88;386;1
88;387;1
88;388;1
88;389;1
88;390;1
88;391;1
88;392;1
88;393;1
88;394;1
88;395;1
88;396;1
88;397;1
88;398;1
88;399;1
88;400;1
88;401;22
88;402;22
88;403;22
88;404;22
88;405;22
88;406;22
88;407;22
88;408;22
88;409;22
88;410;22
88;411;22
88;412;22
88;413;48
88;414;48
88;415;48
88;416;48
88;417;48
88;418;48
88;419;48
88;420;48
88;421;48
88;422;48
88;423;48
88;424;48
88;425;48
88;426;48
88;427;48
88;428;48
88;429;48
88;430;48
88;431;48
88;432;48
88;433;48
88;434;48
88;435;48
88;436;48
88;437;48
88;438;48
88;439;48
88;440;48
88;441;48
88;442;48
88;443;48
88;444;48
88;445;48
88;446;48
88;447;48
88;448;48
88;449;48
88;450;48
88;451;48
88;452;48
88;453;48
88;454;48
88;455;48
88;456;48
88;457;48
88;458;48
88;459;48
88;460;48
88;461;48
88;462;29
88;463;29
88;464;29
88;465;29
88;466;29
88;467;29
88;468;29
88;469;29
88;470;29
88;471;29
88;472;29
88;473;29
88;474;29
88;475;29
88;476;29
88;477;29
88;478;29
88;479;29
88;480;29
88;481;29
88;482;29
88;483;29
88;484;29
88;485;29
88;486;29
88;487;29
88;488;29
88;489;29
88;490;29
88;491;29
88;492;29
88;493;23
88;494;23
88;495;23
88;496;23
88;497;23
88;498;23
88;499;23
89;0;40
89;1;40
89;2;40
89;3;40
89;4;40
89;5;40
89;6;40
89;7;40
89;8;40
89;9;40
89;10;40
89;11;40
89;12;40
89;13;45
89;14;45
89;15;45
89;16;45
89;17;45
89;18;45
89;19;45
89;20;45
89;21;45
89;22;45
89;23;45
89;24;45
89;25;45
89;26;45
89;27;51
89;28;51
89;29;51
89;30;51
89;31;51
89;32;51
89;33;51
89;34;51
89;35;51
89;36;51
89;37;51
89;38;51
89;39;51
89;40;51
89;41;51
89;42;51
89;43;51
89;44;51
89;45;51
89;46;51
89;47;51
89;48;3
89;49;3
89;50;3
89;51;3
89;52;3
89;53;3
89;54;3
89;55;3
89;56;3
89;57;3
89;58;3
89;59;3
89;60;3
89;61;3
89;62;3
89;63;3
89;64;3
89;65;3
89;66;3
89;67;3
89;68;3
89;69;3
89;70;3
89;71;3
89;72;3
89;73;3
89;74;3
89;75;3
89;76;3
89;77;3
89;78;3
89;79;3
89;80;35
89;81;35
89;82;35
89;83;35
89;84;35
89;85;35
89;86;35
89;87;35
89;88;35
89;89;35
89;90;35
89;91;35
89;92;35
89;93;35
89;94;35
89;95;35
89;96;35
89;97;35
89;98;35
89;99;35
89;100;35
89;101;35
89;102;35
89;103;35
89;104;35
89;105;35
89;106;35
89;107;35
89;108;35
89;109;35
89;110;35
89;111;35
89;112;35
89;113;20
89;114;20
89;115;20
89;116;20
89;117;20
89;118;20
89;119;20
89;120;20
89;121;20
89;122;20
89;123;20
89;124;20
89;125;20
89;126;20
89;127;20
89;128;20
89;129;20
89;130;20
89;131;20
89;132;20
89;133;20
89;134;20
89;135;20
89;136;20
89;137;20
89;138;20
89;139;20
89;140;20
89;141;20
89;142;20
89;143;20
89;144;20
89;145;20
89;146;20
89;147;7
89;148;7
89;149;7
89;150;7
89;151;7
89;152;7
89;153;7
89;154;7
89;155;7
89;156;7
89;157;7
89;158;7
89;159;7
89;160;7
89;161;7
89;162;7
89;163;7
89;164;7
89;165;7
89;166;7
89;167;7
89;168;7
89;169;7
89;170;7
89;171;7
89;172;7
89;173;7
89;174;7
89;175;7
89;176;7
89;177;7
89;178;20
89;179;20
89;180;20
89;181;20
89;182;20
89;183;20
89;184;20
89;185;20
89;186;20
89;187;20
89;188;20
89;189;20
89;190;20
89;191;20
89;192;20
89;193;20
89;194;20
89;195;20
89;196;20
89;197;20
89;198;20
89;199;20
89;200;20
89;201;20
89;202;20
89;203;22
89;204;22
89;205;22
89;206;22
89;207;22
89;208;47
89;209;47
89;210;47
89;211;47
89;212;47
89;213;47
89;214;47
89;215;47
89;216;47
89;217;47
89;218;47
89;219;47
89;220;47
89;221;47
89;222;47
89;223;47
89;224;47
89;225;47
89;226;47
89;227;47
89;228;47
89;229;47
89;230;47
89;231;47
89;232;47
89;233;47
89;234;47
89;235;47
89;236;47
89;237;47
89;238;47
89;239;47
89;240;47
89;241;47
89;242;47
89;243;47
89;244;47
89;245;47
89;246;47
89;247;47
89;248;47
89;249;47
89;250;47
89;251;47
89;252;47
89;253;47
89;254;47
89;255;47
89;256;47
89;257;33
89;258;33
89;259;33
89;260;33
89;261;33
89;262;33
89;263;33
89;264;33
89;265;33
89;266;33
89;267;33
89;268;33
89;269;33
89;270;33
89;271;33
89;272;33
89;273;33
89;274;33
89;275;33
89;276;32
89;277;32
89;278;32
89;279;32
89;280;32
89;281;32
89;282;32
89;283;32
89;284;32
89;285;32
89;286;32
89;287;32
89;288;32
89;289;32
89;290;32
89;291;32
89;292;32
89;293;32
89;294;32
89;295;32
89;296;32
89;297;32
89;298;32
89;299;32
89;300;32
89;301;32
89;302;32
89;303;32
89;304;13
89;305;13
89;306;13
89;307;13
89;308;13
89;309;13
89;310;13
89;311;13
89;312;13
89;313;13
89;314;13
89;315;13
89;316;13
89;317;13
89;318;13
89;319;13
89;320;13
89;321;13
89;322;13
89;323;13
89;324;44
89;325;44
89;326;44
89;327;44
89;328;44
89;329;44
89;330;44
89;331;44
89;332;44
89;333;44
89;334;44
89;335;44
89;336;44
89;337;13
89;338;13
89;339;13
89;340;13
89;341;13
89;342;13
89;343;13
89;344;13
89;345;13
89;346;13
89;347;13
89;348;13
89;349;13
89;350;13
89;351;13
89;352;13
89;353;13
89;354;13
89;355;13
89;356;13
89;357;13
89;358;13
89;359;13
89;360;13
89;361;13
89;362;13
89;363;13
89;364;13
89;365;13
89;366;13
89;367;13
89;368;13
89;369;13
89;370;13
89;371;13
89;372;13
89;373;13
89;374;13
89;375;13
89;376;13
89;377;41
89;378;41
89;379;41
89;380;41
89;381;41
89;382;41
89;383;41
89;384;41
89;385;41
89;386;1
89;387;1
89;388;1
89;389;1
89;390;1
89;391;1
89;392;1
89;393;1
89;394;1
89;395;1
89;396;1
89;397;1
89;398;1
89;399;1
89;400;1
89;401;1
89;402;22
89;403;22
89;404;22
89;405;22
89;406;22
89;407;22
89;408;22
89;409;22
89;410;22
89;411;22
89;412;22
89;413;22
89;414;22
89;415;48
89;416;48
89;417;48
89;418;48
89;419;48
89;420;48
89;421;48
89;422;48
89;423;48
89;424;48
89;425;48
89;426;48
89;427;48
89;428;48
89;429;48
89;430;48
89;431;48
89;432;48
89;433;48
89;434;48
89;435;48
89;436;48
89;437;48
89;438;48
89;439;48
89;440;48
89;441;48
89;442;48
89;443;48
89;444;48
89;445;48
89;446;48
89;447;48
89;448;48
89;449;48
89;450;48
89;451;48
89;452;48
89;453;48
89;454;48
89;455;48
89;456;48
89;457;48
89;458;48
89;459;48
89;460;48
89;461;48
89;462;29
89;463;29
89;464;29
89;465;29
89;466;29
89;467;29
89;468;29
89;469;29
89;470;29
89;471;29
89;472;29
89;473;29
89;474;29
89;475;29
89;476;29
89;477;29
89;478;29
89;479;29
89;480;29
89;481;29
89;482;29
89;483;29
89;484;29
89;485;29
89;486;29
89;487;29
89;488;29
89;489;29
89;490;29
89;491;29
89;492;29
89;493;29
89;494;29
89;495;23
89;496;23
89;497;23
89;498;23
89;499;23
90;0;40
90;1;40
90;2;40
90;3;40
90;4;40
90;5;40
90;6;40
90;7;40
90;8;40
90;9;40
90;10;40
90;11;40
90;12;40
90;13;45
90;14;45
90;15;45
90;16;45
90;17;45
90;18;45
90;19;45
90;20;45
90;21;45
90;22;45
90;23;45
90;24;45
90;25;45
90;26;45
90;27;45
90;28;51
90;29;51
90;30;51
90;31;51
90;32;51
90;33;51
90;34;51
90;35;51
90;36;51
90;37;51
90;38;51
90;39;51
90;40;51
90;41;51
90;42;51
90;43;51
90;44;51
90;45;51
90;46;51
90;47;51
90;48;51
90;49;3
90;50;3
90;51;3
90;52;3
90;53;3
90;54;3
90;55;3
90;56;3
90;57;3
90;58;3
90;59;3
90;60;3
90;61;3
90;62;3
90;63;3
90;64;3
90;65;3
90;66;3
90;67;3
90;68;3
90;69;3
90;70;3
90;71;3
90;72;3
90;73;3
90;74;3
90;75;3
90;76;3
90;77;3
90;78;3
90;79;3
90;80;35
90;81;35
90;82;35
90;83;35
90;84;35
90;85;35
90;86;35
90;87;35
90;88;35
90;89;35
90;90;35
90;91;35
90;92;35
90;93;35
90;94;35
90;95;35
90;96;35
90;97;35
90;98;35
90;99;35
90;100;35
90;101;35
90;102;35
90;103;35
90;104;35
90;105;35
90;106;35
90;107;35
90;108;35
90;109;35
90;110;35
90;111;35
90;112;35
90;113;20
90;114;20
90;115;20
90;116;20
90;117;20
90;118;20
90;119;20
90;120;20
90;121;20
90;122;20
90;123;20
90;124;20
90;125;20
90;126;20
90;127;20
90;128;20
90;129;20
90;130;20
90;131;20
90;132;20
90;133;20
90;134;20
90;135;20
90;136;20
90;137;20
90;138;20
90;139;20
90;140;20
90;141;20
90;142;20
90;143;20
90;144;20
90;145;20
90;146;20
90;147;7
90;148;7
90;149;7
90;150;7
90;151;7
90;152;7
90;153;7
90;154;7
90;155;7
90;156;7
90;157;7
90;158;7
90;159;7
90;160;7
90;161;7
90;162;7
90;163;7
90;164;7
90;165;7
90;166;7
90;167;7
90;168;7
90;169;7
90;170;7
90;171;7
90;172;7
90;173;7
90;174;7
90;175;7
90;176;7
90;177;7
90;178;7
90;179;20
90;180;20
90;181;20
90;182;20
90;183;20
90;184;20
90;185;20
90;186;20
90;187;20
90;188;20
90;189;20
90;190;20
90;191;20
90;192;20
90;193;20
90;194;20
90;195;20
90;196;20
90;197;20
90;198;20
90;199;20
90;200;20
90;201;20
90;202;20
90;203;22
90;204;22
90;205;22
90;206;22
90;207;22
90;208;22
90;209;47
90;210;47
90;211;47
90;212;47
90;213;47
90;214;47
90;215;47
90;216;47
90;217;47
90;218;47
90;219;47
90;220;47
90;221;47
90;222;47
90;223;47
90;224;47
90;225;47
90;226;47
90;227;47
90;228;47
90;229;47
90;230;47
90;231;47
90;232;47
90;233;47
90;234;47
90;235;47
90;236;47
90;237;47
90;238;47
90;239;47
90;240;47
90;241;47
90;242;47
90;243;47
90;244;47
90;245;47
90;246;47
90;247;47
90;248;47
90;249;47
90;250;47
90;251;47
90;252;47
90;253;47
90;254;47
90;255;47
90;256;47
90;257;33
90;258;33
90;259;33
90;260;33
90;261;33
90;262;33
90;263;33
90;264;33
90;265;33
90;266;33
90;267;33
90;268;33
90;269;33
90;270;33
90;271;33
90;272;33
90;273;33
90;274;33
90;275;33
90;276;33
90;277;33
90;278;32
90;279;32
90;280;32
90;281;32
90;282;32
90;283;32
90;284;32
90;285;32
90;286;32
90;287;32
90;288;32
90;289;32
90;290;32
90;291;32
90;292;32
90;293;32
90;294;32
90;295;32
90;296;32
90;297;32
90;298;32
90;299;32
90;300;32
90;301;32
90;302;32
90;303;32
90;304;13
90;305;13
90;306;13
90;307;13
90;308;13
90;309;13
90;310;13
90;311;13
90;312;13
90;313;13
90;314;13
90;315;13
90;316;13
90;317;13
90;318;13
90;319;13
90;320;13
90;321;13
90;322;13
90;323;13
90;324;44
90;325;44
90;326;44
90;327;44
90;328;44
90;329;44
90;330;44
90;331;44
90;332;44
90;333;44
90;334;44
90;335;44
90;336;13
90;337;13
90;338;13
90;339;13
90;340;13
90;341;13
90;342;13
90;343;13
90;344;13
90;345;13
90;346;13
90;347;13
90;348;13
90;349;13
90;350;13
90;351;13
90;352;13
90;353;13
90;354;13
90;355;13
90;356;13
90;357;13
90;358;13
90;359;13
90;360;13
90;361;13
90;362;13
90;363;13
90;364;13
90;365;13
90;366;13
90;367;13
90;368;13
90;369;13
90;370;13
90;371;13
90;372;13
90;373;13
90;374;13
90;375;13
90;376;13
90;377;41
90;378;41
90;379;41
90;380;41
90;381;41
90;382;41
90;383;41
90;384;41
90;385;41
90;386;41
90;387;1
90;388;1
90;389;1
90;390;1
90;391;1
90;392;1
90;393;1
90;394;1
90;395;1
90;396;1
90;397;1
90;398;1
90;399;1
90;400;1
90;401;1
90;402;1
90;403;22
90;404;22
90;405;22
90;406;22
90;407;22
90;408;22
90;409;22
90;410;22
90;411;22
90;412;22
90;413;22
90;414;22
90;415;22
90;416;22
90;417;48
90;418;48
90;419;48
90;420;48
90;421;48
90;422;48
90;423;48
90;424;48
90;425;48
90;426;48
90;427;48
90;428;48
90;429;48
90;430;48
90;431;48
90;432;48
90;433;48
90;434;48
90;435;48
90;436;48
90;437;48
90;438;48
90;439;48
90;440;48
90;441;48
90;442;48
90;443;48
90;444;48
90;445;48
90;446;48
90;447;48
90;448;48
90;449;48
90;450;48
90;451;48
90;452;48
90;453;48
90;454;48
90;455;48
90;456;48
90;457;48
90;458;48
90;459;48
90;460;48
90;461;48
90;462;29
90;463;29
90;464;29
90;465;29
90;466;29
90;467;29
90;468;29
90;469;29
90;470;29
90;471;29
90;472;29
90;473;29
90;474;29
90;475;29
90;476;29
90;477;29
90;478;29
90;479;29
90;480;29
90;481;29
90;482;29
90;483;29
90;484;29
90;485;29
90;486;29
90;487;29
90;488;29
90;489;29
90;490;29
90;491;29
90;492;29
90;493;29
90;494;29
90;495;29
90;496;29
90;497;23
90;498;23
90;499;23
91;0;40
91;1;40
91;2;40
91;3;40
91;4;40
91;5;40
91;6;40
91;7;40
91;8;40
91;9;40
91;10;40
91;11;40
91;12;40
91;13;45
91;14;45
91;15;45
91;16;45
91;17;45
91;18;45
91;19;45
91;20;45
91;21;45
91;22;45
91;23;45
91;24;45
91;25;45
91;26;45
91;27;45
91;28;45
91;29;51
91;30;51
91;31;51
91;32;51
91;33;51
91;34;51
91;35;51
91;36;51
91;37;51
91;38;51
91;39;51
91;40;51
91;41;51
91;42;51
91;43;51
91;44;51
91;45;51
91;46;51
91;47;51
91;48;51
91;49;3
91;50;3
91;51;3
91;52;3
91;53;3
91;54;3
91;55;3
91;56;3
91;57;3
91;58;3
91;59;3
91;60;3
91;61;3
91;62;3
91;63;3
91;64;3
91;65;3
91;66;3
91;67;3
91;68;3
91;69;3
91;70;3
91;71;3
91;72;3
91;73;3
91;74;3
91;75;3
91;76;3
91;77;3
91;78;3
91;79;3
91;80;3
91;81;35
91;82;35
91;83;35
91;84;35
91;85;35
91;86;35
91;87;35
91;88;35
91;89;35
91;90;35
91;91;35
91;92;35
91;93;35
91;94;35
91;95;35
91;96;35
91;97;35
91;98;35
91;99;35
91;100;35
91;101;35
91;102;35
91;103;35
91;104;35
91;105;35
91;106;35
91;107;35
91;108;35
91;109;35
91;110;35
91;111;35
91;112;35
91;113;35
91;114;20
91;115;20
91;116;20
91;117;20
91;118;20
91;119;20
91;120;20
91;121;20
91;122;20
91;123;20
91;124;20
91;125;20
91;126;20
91;127;20
91;128;20
91;129;20
91;130;20
91;131;20
91;132;20
91;133;20
91;134;20
91;135;20
91;136;20
91;137;20
91;138;20
91;139;20
91;140;20
91;141;20
91;142;20
91;143;20
91;144;20
91;145;20
91;146;20
91;147;7
91;148;7
91;149;7
91;150;7
91;151;7
91;152;7
91;153;7
91;154;7
91;155;7
91;156;7
91;157;7
91;158;7
91;159;7
91;160;7
91;161;7
91;162;7
91;163;7
91;164;7
91;165;7
91;166;7
91;167;7
91;168;7
91;169;7
91;170;7
91;171;7
91;172;7
91;173;7
91;174;7
91;175;7
91;176;7
91;177;7
91;178;7
91;179;7
91;180;20
91;181;20
91;182;20
91;183;20
91;184;20
91;185;20
91;186;20
91;187;20
91;188;20
91;189;20
91;190;20
91;191;20
91;192;20
91;193;20
91;194;20
91;195;20
91;196;20
91;197;20
91;198;20
91;199;20
91;200;20
91;201;20
91;202;20
91;203;22
91;204;22
91;205;22
91;206;22
91;207;22
91;208;22
91;209;22
91;210;47
91;211;47
91;212;47
91;213;47
91;214;47
91;215;47
91;216;47
91;217;47
91;218;47
91;219;47
91;220;47
91;221;47
91;222;47
91;223;47
91;224;47
91;225;47
91;226;47
91;227;47
91;228;47
91;229;47
91;230;47
91;231;47
91;232;47
91;233;47
91;234;47
91;235;47
91;236;47
91;237;47
91;238;47
91;239;47
91;240;47
91;241;47
91;242;47
91;243;47
91;244;47
91;245;47
91;246;47
91;247;47
91;248;47
91;249;47
91;250;47
91;251;47
91;252;47
91;253;47
91;254;47
91;255;47
91;256;47
91;257;47
91;258;33
91;259;33
91;260;33
91;261;33
91;262;33
91;263;33
91;264;33
91;265;33
91;266;33
91;267;33
91;268;33
91;269;33
91;270;33
91;271;33
91;272;33
91;273;33
91;274;33
91;275;33
91;276;33
91;277;33
91;278;33
91;279;33
91;280;32
91;281;32
91;282;32
91;283;32
91;284;32
91;285;32
91;286;32
91;287;32
91;288;32
91;289;32
91;290;32
91;291;32
91;292;32
91;293;32
91;294;32
91;295;32
91;296;32
91;297;32
91;298;32
91;299;32
91;300;32
91;301;32
91;302;32
91;303;32
91;304;32
91;305;13
91;306;13
91;307;13
91;308;13
91;309;13
91;310;13
91;311;13
91;312;13
91;313;13
91;314;13
91;315;13
91;316;13
91;317;13
91;318;13
91;319;13
91;320;13
91;321;13
91;322;13
91;323;13
91;324;44
91;325;44
91;326;44
91;327;44
91;328;44
91;329;44
91;330;44
91;331;44
91;332;44
91;333;44
91;334;44
91;335;44
91;336;13
91;337;13
91;338;13
91;339;13
91;340;13
91;341;13
91;342;13
91;343;13
91;344;13
91;345;13
91;346;13
91;347;13
91;348;13
91;349;13
91;350;13
91;351;13
91;352;13
91;353;13
91;354;13
91;355;13
91;356;13
91;357;13
91;358;13
91;359;13
91;360;13
91;361;13
91;362;13
91;363;13
91;364;13
91;365;13
91;366;13
91;367;13
91;368;13
91;369;13
91;370;13
91;371;13
91;372;13
91;373;13
91;374;13
91;375;13
91;376;41
91;377;41
91;378;41
91;379;41
91;380;41
91;381;41
91;382;41
91;383;41
91;384;41
91;385;41
91;386;41
91;387;41
91;388;1
91;389;1
91;390;1
91;391;1
91;392;1
91;393;1
91;394;1
91;395;1
91;396;1
91;397;1
91;398;1
91;399;1
91;400;1
91;401;1
91;402;1
91;403;1
91;404;22
91;405;22
91;406;22
91;407;22
91;408;22
91;409;22
91;410;22
91;411;22
91;412;22
91;413;22
91;414;22
91;415;22
91;416;22
91;417;22
91;418;22
91;419;48
91;420;48
91;421;48
91;422;48
91;423;48
91;424;48
91;425;48
91;426;48
91;427;48
91;428;48
91;429;48
91;430;48
91;431;48
91;432;48
91;433;48
91;434;48
91;435;48
91;436;48
91;437;48
91;438;48
91;439;48
91;440;48
91;441;48
91;442;48
91;443;48
91;444;48
91;445;48
91;446;48
91;447;48
91;448;48
91;449;48
91;450;48
91;451;48
91;452;48
91;453;48
91;454;48
91;455;48
91;456;48
91;457;48
91;458;48
91;459;48
91;460;48
91;461;48
91;462;29
91;463;29
91;464;29
91;465;29
91;466;29
91;467;29
91;468;29
91;469;29
91;470;29
91;471;29
91;472;29
91;473;29
91;474;29
91;475;29
91;476;29
91;477;29
91;478;29
91;479;29
91;480;29
91;481;29
91;482;29
91;483;29
91;484;29
91;485;29
91;486;29
91;487;29
91;488;29
91;489;29
91;490;29
91;491;29
91;492;29
91;493;29
91;494;29
91;495;29
91;496;29
91;497;29
91;498;29
91;499;23
92;0;40
92;1;40
92;2;40
92;3;40
92;4;40
92;5;40
92;6;40
92;7;40
92;8;40
92;9;40
92;10;40
92;11;40
92;12;40
92;13;45
92;14;45
92;15;45
92;16;45
92;17;45
92;18;45
92;19;45
92;20;45
92;21;45
92;22;45
92;23;45
92;24;45
92;25;45
92;26;45
92;27;45
92;28;45
92;29;45
92;30;45
92;31;51
92;32;51
92;33;51
92;34;51
92;35;51
92;36;51
92;37;51
92;38;51
92;39;51
92;40;51
92;41;51
92;42;51
92;43;51
92;44;51
92;45;51
92;46;51
92;47;51
92;48;51
92;49;51
92;50;3
92;51;3
92;52;3
92;53;3
92;54;3
92;55;3
92;56;3
92;57;3
92;58;3
92;59;3
92;60;3
92;61;3
92;62;3
92;63;3
92;64;3
92;65;3
92;66;3
92;67;3
92;68;3
92;69;3
92;70;3
92;71;3
92;72;3
92;73;3
92;74;3
92;75;3
92;76;3
92;77;3
92;78;3
92;79;3
92;80;3
92;81;35
92;82;35
92;83;35
92;84;35
92;85;35
92;86;35
92;87;35
92;88;35
92;89;35
92;90;35
92;91;35
92;92;35
92;93;35
92;94;35
92;95;35
92;96;35
92;97;35
92;98;35
92;99;35
92;100;35
92;101;35
92;102;35
92;103;35
92;104;35
92;105;35
92;106;35
92;107;35
92;108;35
92;109;35
92;110;35
92;111;35
92;112;35
92;113;35
92;114;20
92;115;20
92;116;20
92;117;20
92;118;20
92;119;20
92;120;20
92;121;20
92;122;20
92;123;20
92;124;20
92;125;20
92;126;20
92;127;20
92;128;20
92;129;20
92;130;20
92;131;20
92;132;20
92;133;20
92;134;20
92;135;20
92;136;20
92;137;20
92;138;20
92;139;20
92;140;20
92;141;20
92;142;20
92;143;20
92;144;20
92;145;20
92;146;20
92;147;7
92;148;7
92;149;7
92;150;7
92;151;7
92;152;7
92;153;7
92;154;7
92;155;7
92;156;7
92;157;7
92;158;7
92;159;7
92;160;7
92;161;7
92;162;7
92;163;7
92;164;7
92;165;7
92;166;7
92;167;7
92;168;7
92;169;7
92;170;7
92;171;7
92;172;7
92;173;7
92;174;7
92;175;7
92;176;7
92;177;7
92;178;7
92;179;7
92;180;7
92;181;20
92;182;20
92;183;20
92;184;20
92;185;20
92;186;20
92;187;20
92;188;20
92;189;20
92;190;20
92;191;20
92;192;20
92;193;20
92;194;20
92;195;20
92;196;20
92;197;20
92;198;20
92;199;20
92;200;20
92;201;20
92;202;20
92;203;22
92;204;22
92;205;22
92;206;22
92;207;22
92;208;22
92;209;22
92;210;22
92;211;47
92;212;47
92;213;47
92;214;47
92;215;47
92;216;47
92;217;47
92;218;47
92;219;47
92;220;47
92;221;47
92;222;47
92;223;47
92;224;47
92;225;47
92;226;47
92;227;47
92;228;47
92;229;47
92;230;47
92;231;47
92;232;47
92;233;47
92;234;47
92;235;47
92;236;47
92;237;47
92;238;47
92;239;47
92;240;47
92;241;47
92;242;47
92;243;47
92;244;47
92;245;47
92;246;47
92;247;47
92;248;47
92;249;47
92;250;47
92;251;47
92;252;47
92;253;47
92;254;47
92;255;47
92;256;47
92;257;47
92;258;33
92;259;33
92;260;33
92;261;33
92;262;33
92;263;33
92;264;33
92;265;33
92;266;33
92;267;33
92;268;33
92;269;33
92;270;33
92;271;33
92;272;33
92;273;33
92;274;33
92;275;33
92;276;33
92;277;33
92;278;33
92;279;33
92;280;33
92;281;33
92;282;33
92;283;33
92;284;33
92;285;33
92;286;33
92;287;33
92;288;33
92;289;33
92;290;33
92;291;33
92;292;33
92;293;33
92;294;33
92;295;32
92;296;32
92;297;32
92;298;32
92;299;32
92;300;32
92;301;32
92;302;32
92;303;32
92;304;32
92;305;13
92;306;13
92;307;13
92;308;13
92;309;13
92;310;13
92;311;13
92;312;13
92;313;13
92;314;13
92;315;13
92;316;13
92;317;13
92;318;13
92;319;13
92;320;13
92;321;13
92;322;13
92;323;13
92;324;44
92;325;44
92;326;44
92;327;44
92;328;44
92;329;44
92;330;44
92;331;44
92;332;44
92;333;44
92;334;44
92;335;44
92;336;13
92;337;13
92;338;13
92;339;13
92;340;13
92;341;13
92;342;13
92;343;13
92;344;13
92;345;13
92;346;13
92;347;13
92;348;13
92;349;13
92;350;13
92;351;13
92;352;13
92;353;13
92;354;13
92;355;13
92;356;13
92;357;13
92;358;13
92;359;13
92;360;13
92;361;13
92;362;13
92;363;13
92;364;13
92;365;13
92;366;13
92;367;13
92;368;13
92;369;13
92;370;13
92;371;13
92;372;13
92;373;13
92;374;13
92;375;41
92;376;41
92;377;41
92;378;41
92;379;41
92;380;41
92;381;41
92;382;41
92;383;41
92;384;41
92;385;41
92;386;41
92;387;41
92;388;41
92;389;1
92;390;1
92;391;1
92;392;1
92;393;1
92;394;1
92;395;1
92;396;1
92;397;1
92;398;1
92;399;1
92;400;1
92;401;1
92;402;1
92;403;1
92;404;1
92;405;22
92;406;22
92;407;22
92;408;22
92;409;22
92;410;22
92;411;22
92;412;22
92;413;22
92;414;22
92;415;22
92;416;22
92;417;22
92;418;22
92;419;22
92;420;22
92;421;48
92;422;48
92;423;48
92;424;48
92;425;48
92;426;48
92;427;48
92;428;48
92;429;48
92;430;48
92;431;48
92;432;48
92;433;48
92;434;48
92;435;48
92;436;48
92;437;48
92;438;48
92;439;48
92;440;48
92;441;48
92;442;48
92;443;48
92;444;48
92;445;48
92;446;48
92;447;48
92;448;48
92;449;48
92;450;48
92;451;48
92;452;48
92;453;48
92;454;48
92;455;48
92;456;48
92;457;48
92;458;48
92;459;48
92;460;48
92;461;48
92;462;29
92;463;29
92;464;29
92;465;29
92;466;29
92;467;29
92;468;29
92;469;29
92;470;29
92;471;29
92;472;29
92;473;29
92;474;29
92;475;29
92;476;29
92;477;29
92;478;29
92;479;29
92;480;29
92;481;29
92;482;29
92;483;29
92;484;29
92;485;29
92;486;29
92;487;29
92;488;29
92;489;29
92;490;29
92;491;29
92;492;29
92;493;29
92;494;29
92;495;29
92;496;29
92;497;29
92;498;29
92;499;29
93;0;40
93;1;40
93;2;40
93;3;40
93;4;40
93;5;40
93;6;40
93;7;40
93;8;40
93;9;40
93;10;40
93;11;40
93;12;40
93;13;45
93;14;45
93;15;45
93;16;45
93;17;45
93;18;45
93;19;45
93;20;45
93;21;45
93;22;45
93;23;45
93;24;45
93;25;45
93;26;45
93;27;45
93;28;45
93;29;45
93;30;45
93;31;45
93;32;45
93;33;51
93;34;51
93;35;51
93;36;51
93;37;51
93;38;51
93;39;51
93;40;51
93;41;51
93;42;51
93;43;51
93;44;51
93;45;51
93;46;51
93;47;51
93;48;51
93;49;51
93;50;3
93;51;3
93;52;3
93;53;3
93;54;3
93;55;3
93;56;3
93;57;3
93;58;3
93;59;3
93;60;3
93;61;3
93;62;3
93;63;3
93;64;3
93;65;3
93;66;3
93;67;3
93;68;3
93;69;3
93;70;3
93;71;3
93;72;3
93;73;3
93;74;3
93;75;3
93;76;3
93;77;3
93;78;3
93;79;3
93;80;3
93;81;3
93;82;35
93;83;35
93;84;35
93;85;35
93;86;35
93;87;35
93;88;35
93;89;35
93;90;35
93;91;35
93;92;35
93;93;35
93;94;35
93;95;35
93;96;35
93;97;35
93;98;35
93;99;35
93;100;35
93;101;35
93;102;35
93;103;35
93;104;35
93;105;35
93;106;35
93;107;35
93;108;35
93;109;35
93;110;35
93;111;1
93;112;1
93;113;1
93;114;1
93;115;20
93;116;20
93;117;20
93;118;20
93;119;20
93;120;20
93;121;20
93;122;20
93;123;20
93;124;20
93;125;20
93;126;20
93;127;20
93;128;20
93;129;20
93;130;20
93;131;20
93;132;20
93;133;20
93;134;20
93;135;20
93;136;20
93;137;20
93;138;20
93;139;20
93;140;20
93;141;20
93;142;20
93;143;20
93;144;20
93;145;20
93;146;20
93;147;7
93;148;7
93;149;7
93;150;7
93;151;7
93;152;7
93;153;7
93;154;7
93;155;7
93;156;7
93;157;7
93;158;7
93;159;7
93;160;7
93;161;7
93;162;7
93;163;7
93;164;7
93;165;7
93;166;7
93;167;7
93;168;7
93;169;7
93;170;7
93;171;7
93;172;7
93;173;7
93;174;7
93;175;7
93;176;7
93;177;7
93;178;7
93;179;7
93;180;7
93;181;7
93;182;20
93;183;20
93;184;20
93;185;20
93;186;20
93;187;20
93;188;20
93;189;20
93;190;20
93;191;20
93;192;20
93;193;20
93;194;20
93;195;20
93;196;20
93;197;20
93;198;20
93;199;20
93;200;20
93;201;20
93;202;20
93;203;22
93;204;22
93;205;22
93;206;22
93;207;22
93;208;22
93;209;22
93;210;22
93;211;22
93;212;47
93;213;47
93;214;47
93;215;47
93;216;47
93;217;47
93;218;47
93;219;47
93;220;47
93;221;47
93;222;47
93;223;47
93;224;47
93;225;47
93;226;47
93;227;47
93;228;47
93;229;47
93;230;47
93;231;47
93;232;47
93;233;47
93;234;47
93;235;47
93;236;47
93;237;47
93;238;47
93;239;47
93;240;47
93;241;47
93;242;47
93;243;47
93;244;47
93;245;47
93;246;47
93;247;47
93;248;47
93;249;47
93;250;47
93;251;47
93;252;47
93;253;47
93;254;47
93;255;47
93;256;47
93;257;47
93;258;47
93;259;33
93;260;33
93;261;33
93;262;33
93;263;33
93;264;33
93;265;33
93;266;33
93;267;33
93;268;33
93;269;33
93;270;33
93;271;33
93;272;33
93;273;33
93;274;33
93;275;33
93;276;33
93;277;33
93;278;33
93;279;33
93;280;33
93;281;33
93;282;33
93;283;33
93;284;33
93;285;33
93;286;33
93;287;33
93;288;33
93;289;33
93;290;33
93;291;33
93;292;33
93;293;33
93;294;33
93;295;33
93;296;33
93;297;32
93;298;32
93;299;32
93;300;32
93;301;32
93;302;32
93;303;32
93;304;32
93;305;32
93;306;13
93;307;13
93;308;13
93;309;13
93;310;13
93;311;13
93;312;13
93;313;13
93;314;13
93;315;13
93;316;13
93;317;13
93;318;13
93;319;13
93;320;13
93;321;13
93;322;13
93;323;13
93;324;44
93;325;44
93;326;44
93;327;44
93;328;44
93;329;44
93;330;44
93;331;44
93;332;44
93;333;44
93;334;44
93;335;44
93;336;13
93;337;13
93;338;13
93;339;13
93;340;13
93;341;13
93;342;13
93;343;13
93;344;13
93;345;13
93;346;13
93;347;13
93;348;13
93;349;13
93;350;13
93;351;13
93;352;13
93;353;13
93;354;13
93;355;13
93;356;13
93;357;13
93;358;13
93;359;13
93;360;13
93;361;13
93;362;13
93;363;13
93;364;13
93;365;13
93;366;13
93;367;13
93;368;13
93;369;13
93;370;13
93;371;13
93;372;13
93;373;13
93;374;41
93;375;41
93;376;41
93;377;41
93;378;41
93;379;41
93;380;41
93;381;41
93;382;41
93;383;41
93;384;41
93;385;41
93;386;41
93;387;41
93;388;41
93;389;41
93;390;1
93;391;1
93;392;1
93;393;1
93;394;1
93;395;1
93;396;1
93;397;1
93;398;1
93;399;1
93;400;1
93;401;1
93;402;1
93;403;1
93;404;1
93;405;1
93;406;22
93;407;22
93;408;22
93;409;22
93;410;22
93;411;22
93;412;22
93;413;22
93;414;22
93;415;22
93;416;22
93;417;22
93;418;22
93;419;22
93;420;22
93;421;22
93;422;22
93;423;48
93;424;48
93;425;48
93;426;48
93;427;48
93;428;48
93;429;48
93;430;48
93;431;48
93;432;48
93;433;48
93;434;48
93;435;48
93;436;48
93;437;48
93;438;48
93;439;48
93;440;48
93;441;48
93;442;48
93;443;48
93;444;48
93;445;48
93;446;48
93;447;48
93;448;48
93;449;48
93;450;48
93;451;48
93;452;48
93;453;48
93;454;48
93;455;48
93;456;48
93;457;48
93;458;48
93;459;48
93;460;48
93;461;48
93;462;29
93;463;29
93;464;29
93;465;29
93;466;29
93;467;29
93;468;29
93;469;29
93;470;29
93;471;29
93;472;29
93;473;29
93;474;29
93;475;29
93;476;29
93;477;29
93;478;29
93;479;29
93;480;29
93;481;29
93;482;29
93;483;29
93;484;29
93;485;29
93;486;29
93;487;29
93;488;29
93;489;29
93;490;29
93;491;29
93;492;29
93;493;29
93;494;29
93;495;29
93;496;29
93;497;29
93;498;29
93;499;29
94;0;40
94;1;40
94;2;40
94;3;40
94;4;40
94;5;40
94;6;40
94;7;40
94;8;40
94;9;40
94;10;40
94;11;40
94;12;45
94;13;45
94;14;45
94;15;45
94;16;45
94;17;45
94;18;45
94;19;45
94;20;45
94;21;45
94;22;45
94;23;45
94;24;45
94;25;45
94;26;45
94;27;45
94;28;45
94;29;45
94;30;45
94;31;45
94;32;45
94;33;45
94;34;45
94;35;51
94;36;51
94;37;51
94;38;51
94;39;51
94;40;51
94;41;51
94;42;51
94;43;51
94;44;51
94;45;51
94;46;51
94;47;51
94;48;51
94;49;51
94;50;51
94;51;3
94;52;3
94;53;3
94;54;3
94;55;3
94;56;3
94;57;3
94;58;3
94;59;3
94;60;3
94;61;3
94;62;3
94;63;3
94;64;3
94;65;3
94;66;3
94;67;3
94;68;3
94;69;3
94;70;3
94;71;3
94;72;3
94;73;3
94;74;3
94;75;3
94;76;3
94;77;3
94;78;3
94;79;3
94;80;3
94;81;3
94;82;35
94;83;35
94;84;35
94;85;35
94;86;35
94;87;35
94;88;35
94;89;35
94;90;35
94;91;35
94;92;35
94;93;35
94;94;35
94;95;35
94;96;35
94;97;35
94;98;35
94;99;35
94;100;35
94;101;35
94;102;35
94;103;35
94;104;35
94;105;35
94;106;35
94;107;35
94;108;35
94;109;35
94;110;1
94;111;1
94;112;1
94;113;1
94;114;1
94;115;1
94;116;20
94;117;20
94;118;20
94;119;20
94;120;20
94;121;20
94;122;20
94;123;20
94;124;20
94;125;20
94;126;20
94;127;20
94;128;20
94;129;20
94;130;20
94;131;20
94;132;20
94;133;20
94;134;20
94;135;20
94;136;20
94;137;20
94;138;20
94;139;20
94;140;20
94;141;20
94;142;20
94;143;20
94;144;20
94;145;20
94;146;20
94;147;7
94;148;7
94;149;7
94;150;7
94;151;7
94;152;7
94;153;7
94;154;7
94;155;7
94;156;7
94;157;7
94;158;7
94;159;7
94;160;7
94;161;7
94;162;7
94;163;7
94;164;7
94;165;7
94;166;7
94;167;7
94;168;7
94;169;7
94;170;7
94;171;7
94;172;7
94;173;7
94;174;7
94;175;7
94;176;7
94;177;7
94;178;7
94;179;7
94;180;7
94;181;7
94;182;7
94;183;20
94;184;20
94;185;20
94;186;20
94;187;20
94;188;20
94;189;20
94;190;20
94;191;20
94;192;20
94;193;20
94;194;20
94;195;20
94;196;20
94;197;20
94;198;20
94;199;20
94;200;20
94;201;20
94;202;48
94;203;48
94;204;22
94;205;22
94;206;22
94;207;22
94;208;22
94;209;22
94;210;22
94;211;22
94;212;22
94;213;47
94;214;47
94;215;47
94;216;47
94;217;47
94;218;47
94;219;47
94;220;47
94;221;47
94;222;47
94;223;47
94;224;47
94;225;47
94;226;47
94;227;47
94;228;47
94;229;47
94;230;47
94;231;47
94;232;47
94;233;47
94;234;47
94;235;47
94;236;47
94;237;47
94;238;47
94;239;47
94;240;47
94;241;47
94;242;47
94;243;47
94;244;47
94;245;47
94;246;47
94;247;47
94;248;47
94;249;47
94;250;47
94;251;47
94;252;47
94;253;47
94;254;47
94;255;47
94;256;47
94;257;47
94;258;47
94;259;33
94;260;33
94;261;33
94;262;33
94;263;33
94;264;33
94;265;33
94;266;33
94;267;33
94;268;33
94;269;33
94;270;33
94;271;33
94;272;33
94;273;33
94;274;33
94;275;33
94;276;33
94;277;33
94;278;33
94;279;33
94;280;33
94;281;33
94;282;33
94;283;33
94;284;33
94;285;33
94;286;33
94;287;33
94;288;33
94;289;33
94;290;33
94;291;33
94;292;33
94;293;33
94;294;33
94;295;33
94;296;33
94;297;33
94;298;33
94;299;32
94;300;32
94;301;32
94;302;32
94;303;32
94;304;32
94;305;32
94;306;13
94;307;13
94;308;13
94;309;13
94;310;13
94;311;13
94;312;13
94;313;13
94;314;13
94;315;13
94;316;13
94;317;13
94;318;13
94;319;13
94;320;13
94;321;13
94;322;13
94;323;13
94;324;44
94;325;44
94;326;44
94;327;44
94;328;44
94;329;44
94;330;44
94;331;44
94;332;44
94;333;44
94;334;44
94;335;44
94;336;13
94;337;13
94;338;13
94;339;13
94;340;13
94;341;13
94;342;13
94;343;13
94;344;13
94;345;13
94;346;13
94;347;13
94;348;13
94;349;13
94;350;13
94;351;13
94;352;13
94;353;13
94;354;13
94;355;13
94;356;13
94;357;13
94;358;13
94;359;13
94;360;13
94;361;13
94;362;13
94;363;13
94;364;13
94;365;13
94;366;13
94;367;13
94;368;13
94;369;13
94;370;13
94;371;13
94;372;13
94;373;41
94;374;41
94;375;41
94;376;41
94;377;41
94;378;41
94;379;41
94;380;41
94;381;41
94;382;41
94;383;41
94;384;41
94;385;41
94;386;41
94;387;41
94;388;41
94;389;41
94;390;41
94;391;1
94;392;1
94;393;1
94;394;1
94;395;1
94;396;1
94;397;1
94;398;1
94;399;1
94;400;1
94;401;1
94;402;1
94;403;1
94;404;1
94;405;1
94;406;1
94;407;22
94;408;22
94;409;22
94;410;22
94;411;22
94;412;22
94;413;22
94;414;22
94;415;22
94;416;22
94;417;22
94;418;22
94;419;22
94;420;22
94;421;22
94;422;22
94;423;22
94;424;22
94;425;48
94;426;48
94;427;48
94;428;48
94;429;48
94;430;48
94;431;48
94;432;48
94;433;48
94;434;48
94;435;48
94;436;48
94;437;48
94;438;48
94;439;48
94;440;48
94;441;48
94;442;48
94;443;48
94;444;48
94;445;48
94;446;48
94;447;48
94;448;48
94;449;48
94;450;48
94;451;48
94;452;48
94;453;48
94;454;48
94;455;48
94;456;48
94;457;48
94;458;48
94;459;48
94;460;48
94;461;48
94;462;29
94;463;29
94;464;29
94;465;29
94;466;29
94;467;29
94;468;29
94;469;29
94;470;29
94;471;29
94;472;29
94;473;29
94;474;29
94;475;29
94;476;29
94;477;29
94;478;29
94;479;29
94;480;29
94;481;29
94;482;29
94;483;29
94;484;29
94;485;29
94;486;29
94;487;29
94;488;29
94;489;29
94;490;29
94;491;29
94;492;29
94;493;29
94;494;29
94;495;29
94;496;29
94;497;29
94;498;29
94;499;29
95;0;40
95;1;40
95;2;40
95;3;40
95;4;40
95;5;40
95;6;40
95;7;40
95;8;40
95;9;40
95;10;40
95;11;40
95;12;45
95;13;45
95;14;45
95;15;45
95;16;45
95;17;45
95;18;45
95;19;45
95;20;45
95;21;45
95;22;45
95;23;45
95;24;45
95;25;45
95;26;45
95;27;45
95;28;45
95;29;45
95;30;45
95;31;45
95;32;45
95;33;45
95;34;45
95;35;45
95;36;45
95;37;51
95;38;51
95;39;51
95;40;51
95;41;51
95;42;51
95;43;51
95;44;51
95;45;51
95;46;51
95;47;51
95;48;51
95;49;51
95;50;51
95;51;3
95;52;3
95;53;3
95;54;3
95;55;3
95;56;3
95;57;3
95;58;3
95;59;3
95;60;3
95;61;3
95;62;3
95;63;3
95;64;3
95;65;3
95;66;3
95;67;3
95;68;3
95;69;3
95;70;3
95;71;3
95;72;3
95;73;3
95;74;3
95;75;3
95;76;3
95;77;3
95;78;3
95;79;3
95;80;3
95;81;3
95;82;3
95;83;35
95;84;35
95;85;35
95;86;35
95;87;35
95;88;35
95;89;35
95;90;35
95;91;35
95;92;35
95;93;35
95;94;35
95;95;35
95;96;35
95;97;35
95;98;35
95;99;35
95;100;35
95;101;35
95;102;35
95;103;35
95;104;35
95;105;35
95;106;35
95;107;35
95;108;35
95;109;1
95;110;1
95;111;1
95;112;1
95;113;1
95;114;1
95;115;1
95;116;1
95;117;20
95;118;20
95;119;20
95;120;20
95;121;20
95;122;20
95;123;20
95;124;20
95;125;20
95;126;20
95;127;20
95;128;20
95;129;20
95;130;20
95;131;20
95;132;20
95;133;20
95;134;20
95;135;20
95;136;20
95;137;20
95;138;20
95;139;20
95;140;20
95;141;20
95;142;20
95;143;20
95;144;20
95;145;20
95;146;20
95;147;7
95;148;7
95;149;7
95;150;7
95;151;7
95;152;7
95;153;7
95;154;7
95;155;7
95;156;7
95;157;7
95;158;7
95;159;7
95;160;7
95;161;7
95;162;7
95;163;7
95;164;7
95;165;7
95;166;7
95;167;7
95;168;7
95;169;7
95;170;7
95;171;7
95;172;7
95;173;7
95;174;7
95;175;7
95;176;7
95;177;7
95;178;7
95;179;7
95;180;7
95;181;7
95;182;7
95;183;7
95;184;20
95;185;20
95;186;20
95;187;20
95;188;20
95;189;20
95;190;20
95;191;20
95;192;20
95;193;20
95;194;20
95;195;20
95;196;20
95;197;20
95;198;20
95;199;20
95;200;20
95;201;48
95;202;48
95;203;48
95;204;22
95;205;22
95;206;22
95;207;22
95;208;22
95;209;22
95;210;22
95;211;22
95;212;22
95;213;22
95;214;47
95;215;47
95;216;47
95;217;47
95;218;47
95;219;47
95;220;47
95;221;47
95;222;47
95;223;47
95;224;47
95;225;47
95;226;47
95;227;47
95;228;47
95;229;47
95;230;47
95;231;47
95;232;47
95;233;47
95;234;47
95;235;47
95;236;47
95;237;47
95;238;47
95;239;47
95;240;47
95;241;47
95;242;47
95;243;47
95;244;47
95;245;47
95;246;47
95;247;47
95;248;47
95;249;47
95;250;47
95;251;47
95;252;47
95;253;47
95;254;47
95;255;47
95;256;47
95;257;47
95;258;47
95;259;47
95;260;33
95;261;33
95;262;33
95;263;33
95;264;33
95;265;33
95;266;33
95;267;33
95;268;33
95;269;33
95;270;33
95;271;33
95;272;33
95;273;33
95;274;33
95;275;33
95;276;33
95;277;33
95;278;33
95;279;33
95;280;33
95;281;33
95;282;33
95;283;33
95;284;33
95;285;33
95;286;33
95;287;33
95;288;33
95;289;33
95;290;33
95;291;33
95;292;33
95;293;33
95;294;33
95;295;33
95;296;33
95;297;33
95;298;33
95;299;33
95;300;33
95;301;32
95;302;32
95;303;32
95;304;32
95;305;32
95;306;32
95;307;13
95;308;13
95;309;13
95;310;13
95;311;13
95;312;13
95;313;13
95;314;13
95;315;13
95;316;13
95;317;13
95;318;13
95;319;13
95;320;13
95;321;13
95;322;13
95;323;13
95;324;44
95;325;44
95;326;44
95;327;44
95;328;44
95;329;44
95;330;44
95;331;44
95;332;44
95;333;44
95;334;44
95;335;44
95;336;13
95;337;13
95;338;13
95;339;13
95;340;13
95;341;13
95;342;13
95;343;13
95;344;13
95;345;13
95;346;13
95;347;13
95;348;13
95;349;13
95;350;13
95;351;13
95;352;13
95;353;13
95;354;13
95;355;13
95;356;13
95;357;13
95;358;13
95;359;13
95;360;13
95;361;13
95;362;13
95;363;13
95;364;13
95;365;13
95;366;13
95;367;13
95;368;13
95;369;13
95;370;13
95;371;13
95;372;41
95;373;41
95;374;41
95;375;41
95;376;41
95;377;41
95;378;41
95;379;41
95;380;41
95;381;41
95;382;41
95;383;41
95;384;41
95;385;41
95;386;41
95;387;41
95;388;41
95;389;41
95;390;41
95;391;41
95;392;1
95;393;1
95;394;1
95;395;1
95;396;1
95;397;1
95;398;1
95;399;1
95;400;1
95;401;1
95;402;1
95;403;1
95;404;1
95;405;1
95;406;1
95;407;1
95;408;22
95;409;22
95;410;22
95;411;22
95;412;22
95;413;22
95;414;22
95;415;22
95;416;22
95;417;22
95;418;22
95;419;22
95;420;22
95;421;22
95;422;22
95;423;22
95;424;22
95;425;22
95;426;22
95;427;48
95;428;48
95;429;48
95;430;48
95;431;48
95;432;48
95;433;48
95;434;48
95;435;48
95;436;48
95;437;48
95;438;48
95;439;48
95;440;48
95;441;48
95;442;48
95;443;48
95;444;48
95;445;48
95;446;48
95;447;48
95;448;48
95;449;48
95;450;48
95;451;48
95;452;48
95;453;48
95;454;48
95;455;48
95;456;48
95;457;48
95;458;48
95;459;48
95;460;48
95;461;48
95;462;29
95;463;29
95;464;29
95;465;29
95;466;29
95;467;29
95;468;29
95;469;29
95;470;29
95;471;29
95;472;29
95;473;29
95;474;29
95;475;29
95;476;29
95;477;29
95;478;29
95;479;29
95;480;29
95;481;29
95;482;29
95;483;29
95;484;29
95;485;29
95;486;29
95;487;29
95;488;29
95;489;29
95;490;29
95;491;29
95;492;29
95;493;29
95;494;29
95;495;29
95;496;29
95;497;29
95;498;29
95;499;29
96;0;40
96;1;40
96;2;40
96;3;40
96;4;40
96;5;40
96;6;40
96;7;40
96;8;40
96;9;40
96;10;40
96;11;40
96;12;45
96;13;45
96;14;45
96;15;45
96;16;45
96;17;45
96;18;45
96;19;45
96;20;45
96;21;45
96;22;45
96;23;45
96;24;45
96;25;45
96;26;45
96;27;45
96;28;45
96;29;45
96;30;45
96;31;45
96;32;45
96;33;45
96;34;45
96;35;45
96;36;45
96;37;45
96;38;51
96;39;51
96;40;51
96;41;51
96;42;51
96;43;51
96;44;51
96;45;51
96;46;51
96;47;51
96;48;51
96;49;51
96;50;51
96;51;51
96;52;3
96;53;3
96;54;3
96;55;3
96;56;3
96;57;3
96;58;3
96;59;3
96;60;3
96;61;3
96;62;3
96;63;3
96;64;3
96;65;3
96;66;3
96;67;3
96;68;3
96;69;3
96;70;3
96;71;3
96;72;3
96;73;3
96;74;3
96;75;3
96;76;3
96;77;3
96;78;3
96;79;3
96;80;3
96;81;3
96;82;3
96;83;35
96;84;35
96;85;35
96;86;35
96;87;35
96;88;35
96;89;35
96;90;35
96;91;35
96;92;35
96;93;35
96;94;35
96;95;35
96;96;35
96;97;35
96;98;35
96;99;35
96;100;35
96;101;35
96;102;35
96;103;35
96;104;35
96;105;35
96;106;35
96;107;35
96;108;1
96;109;1
96;110;1
96;111;1
96;112;1
96;113;1
96;114;1
96;115;1
96;116;1
96;117;1
96;118;1
96;119;20
96;120;20
96;121;20
96;122;20
96;123;20
96;124;20
96;125;20
96;126;20
96;127;20
96;128;20
96;129;20
96;130;20
96;131;20
96;132;20
96;133;20
96;134;20
96;135;20
96;136;20
96;137;20
96;138;20
96;139;20
96;140;20
96;141;20
96;142;20
96;143;20
96;144;20
96;145;20
96;146;20
96;147;20
96;148;7
96;149;7
96;150;7
96;151;7
96;152;7
96;153;7
96;154;7
96;155;7
96;156;7
96;157;7
96;158;7
96;159;7
96;160;7
96;161;7
96;162;7
96;163;7
96;164;7
96;165;7
96;166;7
96;167;7
96;168;7
96;169;7
96;170;7
96;171;7
96;172;7
96;173;7
96;174;7
96;175;7
96;176;7
96;177;7
96;178;7
96;179;7
96;180;7
96;181;7
96;182;7
96;183;7
96;184;7
96;185;20
96;186;20
96;187;20
96;188;20
96;189;20
96;190;20
96;191;20
96;192;20
96;193;20
96;194;20
96;195;20
96;196;20
96;197;20
96;198;20
96;199;20
96;200;48
96;201;48
96;202;48
96;203;48
96;204;48
96;205;22
96;206;22
96;207;22
96;208;22
96;209;22
96;210;22
96;211;22
96;212;22
96;213;22
96;214;22
96;215;47
96;216;47
96;217;47
96;218;47
96;219;47
96;220;47
96;221;47
96;222;47
96;223;47
96;224;47
96;225;47
96;226;47
96;227;47
96;228;47
96;229;47
96;230;47
96;231;47
96;232;47
96;233;47
96;234;47
96;235;47
96;236;47
96;237;47
96;238;47
96;239;47
96;240;47
96;241;47
96;242;47
96;243;47
96;244;47
96;245;47
96;246;47
96;247;47
96;248;47
96;249;47
96;250;47
96;251;47
96;252;47
96;253;47
96;254;47
96;255;47
96;256;47
96;257;47
96;258;47
96;259;47
96;260;33
96;261;33
96;262;33
96;263;33
96;264;33
96;265;33
96;266;33
96;267;33
96;268;33
96;269;33
96;270;33
96;271;33
96;272;33
96;273;33
96;274;33
96;275;33
96;276;33
96;277;33
96;278;33
96;279;33
96;280;33
96;281;33
96;282;33
96;283;33
96;284;33
96;285;33
96;286;33
96;287;33
96;288;33
96;289;33
96;290;33
96;291;33
96;292;33
96;293;33
96;294;33
96;295;33
96;296;33
96;297;33
96;298;33
96;299;33
96;300;33
96;301;33
96;302;33
96;303;32
96;304;32
96;305;32
96;306;32
96;307;13
96;308;13
96;309;13
96;310;13
96;311;13
96;312;13
96;313;13
96;314;13
96;315;13
96;316;13
96;317;13
96;318;13
96;319;13
96;320;13
96;321;13
96;322;13
96;323;13
96;324;44
96;325;44
96;326;44
96;327;44
96;328;44
96;329;44
96;330;44
96;331;44
96;332;44
96;333;44
96;334;44
96;335;44
96;336;13
96;337;13
96;338;13
96;339;13
96;340;13
96;341;13
96;342;13
96;343;13
96;344;13
96;345;13
96;346;13
96;347;13
96;348;13
96;349;13
96;350;13
96;351;13
96;352;13
96;353;13
96;354;13
96;355;13
96;356;13
96;357;13
96;358;13
96;359;13
96;360;13
96;361;13
96;362;13
96;363;13
96;364;13
96;365;13
96;366;13
96;367;13
96;368;44
96;369;44
96;370;44
96;371;44
96;372;41
96;373;41
96;374;41
96;375;41
96;376;41
96;377;41
96;378;41
96;379;41
96;380;41
96;381;41
96;382;41
96;383;41
96;384;41
96;385;41
96;386;41
96;387;41
96;388;41
96;389;41
96;390;41
96;391;41
96;392;41
96;393;1
96;394;1
96;395;1
96;396;1
96;397;1
96;398;1
96;399;1
96;400;1
96;401;1
96;402;1
96;403;1
96;404;1
96;405;1
96;406;1
96;407;1
96;408;1
96;409;22
96;410;22
96;411;22
96;412;22
96;413;22
96;414;22
96;415;22
96;416;22
96;417;22
96;418;22
96;419;22
96;420;22
96;421;22
96;422;22
96;423;22
96;424;22
96;425;22
96;426;22
96;427;22
96;428;22
96;429;48
96;430;48
96;431;48
96;432;48
96;433;48
96;434;48
96;435;48
96;436;48
96;437;48
96;438;48
96;439;48
96;440;48
96;441;48
96;442;48
96;443;48
96;444;48
96;445;48
96;446;48
96;447;48
96;448;48
96;449;48
96;450;48
96;451;48
96;452;48
96;453;48
96;454;48
96;455;48
96;456;48
96;457;48
96;458;48
96;459;48
96;460;48
96;461;48
96;462;29
96;463;29
96;464;29
96;465;29
96;466;29
96;467;29
96;468;29
96;469;29
96;470;29
96;471;29
96;472;29
96;473;29
96;474;29
96;475;29
96;476;29
96;477;29
96;478;29
96;479;29
96;480;29
96;481;29
96;482;29
96;483;29
96;484;29
96;485;29
96;486;29
96;487;29
96;488;29
96;489;29
96;490;29
96;491;29
96;492;29
96;493;29
96;494;29
96;495;29
96;496;29
96;497;29
96;498;29
96;499;29
97;0;40
97;1;40
97;2;40
97;3;40
97;4;40
97;5;40
97;6;40
97;7;40
97;8;40
97;9;40
97;10;40
97;11;40
97;12;45
97;13;45
97;14;45
97;15;45
97;16;45
97;17;45
97;18;45
97;19;45
97;20;45
97;21;45
97;22;45
97;23;45
97;24;45
97;25;45
97;26;45
97;27;45
97;28;45
97;29;45
97;30;45
97;31;45
97;32;45
97;33;45
97;34;45
97;35;45
97;36;45
97;37;45
97;38;45
97;39;51
97;40;51
97;41;51
97;42;51
97;43;51
97;44;51
97;45;51
97;46;51
97;47;51
97;48;51
97;49;51
97;50;51
97;51;51
97;52;43
97;53;43
97;54;43
97;55;43
97;56;43
97;57;43
97;58;43
97;59;43
97;60;43
97;61;43
97;62;3
97;63;3
97;64;3
97;65;3
97;66;3
97;67;3
97;68;3
97;69;3
97;70;3
97;71;3
97;72;3
97;73;3
97;74;3
97;75;3
97;76;3
97;77;3
97;78;3
97;79;3
97;80;3
97;81;3
97;82;3
97;83;3
97;84;35
97;85;35
97;86;35
97;87;35
97;88;35
97;89;35
97;90;35
97;91;35
97;92;35
97;93;35
97;94;35
97;95;35
97;96;35
97;97;35
97;98;35
97;99;35
97;100;35
97;101;35
97;102;35
97;103;35
97;104;35
97;105;35
97;106;35
97;107;1
97;108;1
97;109;1
97;110;1
97;111;1
97;112;1
97;113;1
97;114;1
97;115;1
97;116;1
97;117;1
97;118;1
97;119;1
97;120;1
97;121;20
97;122;20
97;123;20
97;124;20
97;125;20
97;126;20
97;127;20
97;128;20
97;129;20
97;130;20
97;131;20
97;132;20
97;133;20
97;134;20
97;135;20
97;136;20
97;137;20
97;138;20
97;139;20
97;140;20
97;141;20
97;142;20
97;143;20
97;144;20
97;145;20
97;146;20
97;147;20
97;148;7
97;149;7
97;150;7
97;151;7
97;152;7
97;153;7
97;154;7
97;155;7
97;156;7
97;157;7
97;158;7
97;159;7
97;160;7
97;161;7
97;162;7
97;163;7
97;164;7
97;165;7
97;166;7
97;167;7
97;168;7
97;169;7
97;170;7
97;171;7
97;172;7
97;173;7
97;174;7
97;175;7
97;176;7
97;177;7
97;178;7
97;179;7
97;180;7
97;181;7
97;182;7
97;183;7
97;184;7
97;185;7
97;186;20
97;187;20
97;188;20
97;189;20
97;190;20
97;191;20
97;192;20
97;193;20
97;194;20
97;195;20
97;196;20
97;197;20
97;198;20
97;199;48
97;200;48
97;201;48
97;202;48
97;203;48
97;204;48
97;205;22
97;206;22
97;207;22
97;208;22
97;209;22
97;210;22
97;211;22
97;212;22
97;213;22
97;214;22
97;215;22
97;216;47
97;217;47
97;218;47
97;219;47
97;220;47
97;221;47
97;222;47
97;223;47
97;224;47
97;225;47
97;226;47
97;227;47
97;228;47
97;229;47
97;230;47
97;231;47
97;232;47
97;233;47
97;234;47
97;235;47
97;236;47
97;237;47
97;238;47
97;239;47
97;240;47
97;241;47
97;242;47
97;243;47
97;244;47
97;245;47
97;246;47
97;247;47
97;248;47
97;249;47
97;250;47
97;251;47
97;252;47
97;253;47
97;254;47
97;255;47
97;256;47
97;257;47
97;258;47
97;259;47
97;260;47
97;261;33
97;262;33
97;263;33
97;264;33
97;265;33
97;266;33
97;267;33
97;268;33
97;269;33
97;270;33
97;271;33
97;272;33
97;273;33
97;274;33
97;275;33
97;276;33
97;277;33
97;278;33
97;279;33
97;280;33
97;281;33
97;282;33
97;283;33
97;284;33
97;285;33
97;286;33
97;287;33
97;288;33
97;289;33
97;290;33
97;291;33
97;292;33
97;293;33
97;294;33
97;295;33
97;296;33
97;297;33
97;298;33
97;299;33
97;300;33
97;301;33
97;302;33
97;303;33
97;304;33
97;305;32
97;306;32
97;307;32
97;308;13
97;309;13
97;310;13
97;311;13
97;312;13
97;313;13
97;314;13
97;315;13
97;316;13
97;317;13
97;318;13
97;319;13
97;320;13
97;321;13
97;322;13
97;323;15
97;324;15
97;325;44
97;326;44
97;327;44
97;328;44
97;329;44
97;330;44
97;331;44
97;332;44
97;333;44
97;334;44
97;335;44
97;336;13
97;337;13
97;338;13
97;339;13
97;340;13
97;341;13
97;342;13
97;343;13
97;344;13
97;345;13
97;346;13
97;347;13
97;348;13
97;349;13
97;350;13
97;351;13
97;352;13
97;353;13
97;354;13
97;355;13
97;356;13
97;357;13
97;358;13
97;359;13
97;360;13
97;361;13
97;362;13
97;363;13
97;364;13
97;365;13
97;366;13
97;367;44
97;368;44
97;369;44
97;370;44
97;371;44
97;372;41
97;373;41
97;374;41
97;375;41
97;376;41
97;377;41
97;378;41
97;379;41
97;380;41
97;381;41
97;382;41
97;383;41
97;384;41
97;385;41
97;386;41
97;387;41
97;388;41
97;389;41
97;390;41
97;391;41
97;392;41
97;393;41
97;394;1
97;395;1
97;396;1
97;397;1
97;398;1
97;399;1
97;400;1
97;401;1
97;402;1
97;403;1
97;404;1
97;405;1
97;406;1
97;407;1
97;408;1
97;409;1
97;410;22
97;411;22
97;412;22
97;413;22
97;414;22
97;415;22
97;416;22
97;417;22
97;418;22
97;419;22
97;420;22
97;421;22
97;422;22
97;423;22
97;424;22
97;425;22
97;426;22
97;427;22
97;428;22
97;429;22
97;430;22
97;431;48
97;432;48
97;433;48
97;434;48
97;435;48
97;436;48
97;437;48
97;438;48
97;439;48
97;440;48
97;441;48
97;442;48
97;443;48
97;444;48
97;445;48
97;446;48
97;447;48
97;448;48
97;449;48
97;450;48
97;451;48
97;452;48
97;453;48
97;454;48
97;455;48
97;456;48
97;457;48
97;458;48
97;459;48
97;460;48
97;461;48
97;462;29
97;463;29
97;464;29
97;465;29
97;466;29
97;467;29
97;468;29
97;469;29
97;470;29
97;471;29
97;472;29
97;473;29
97;474;29
97;475;29
97;476;29
97;477;29
97;478;29
97;479;29
97;480;29
97;481;29
97;482;29
97;483;29
97;484;29
97;485;29
97;486;29
97;487;29
97;488;29
97;489;29
97;490;29
97;491;29
97;492;29
97;493;29
97;494;29
97;495;29
97;496;29
97;497;29
97;498;29
97;499;29
98;0;40
98;1;40
98;2;40
98;3;40
98;4;40
98;5;40
98;6;40
98;7;40
98;8;40
98;9;40
98;10;40
98;11;40
98;12;45
98;13;45
98;14;45
98;15;45
98;16;45
98;17;45
98;18;45
98;19;45
98;20;45
98;21;45
98;22;45
98;23;45
98;24;45
98;25;45
98;26;45
98;27;45
98;28;45
98;29;45
98;30;45
98;31;45
98;32;45
98;33;45
98;34;45
98;35;45
98;36;45
98;37;45
98;38;45
98;39;45
98;40;51
98;41;51
98;42;51
98;43;51
98;44;51
98;45;51
98;46;51
98;47;51
98;48;51
98;49;51
98;50;51
98;51;51
98;52;43
98;53;43
98;54;43
98;55;43
98;56;43
98;57;43
98;58;43
98;59;43
98;60;43
98;61;43
98;62;43
98;63;43
98;64;3
98;65;3
98;66;3
98;67;3
98;68;3
98;69;3
98;70;3
98;71;3
98;72;3
98;73;3
98;74;3
98;75;3
98;76;3
98;77;3
98;78;3
98;79;3
98;80;3
98;81;3
98;82;3
98;83;3
98;84;35
98;85;35
98;86;35
98;87;35
98;88;35
98;89;35
98;90;35
98;91;35
98;92;35
98;93;35
98;94;35
98;95;35
98;96;35
98;97;35
98;98;35
98;99;35
98;100;35
98;101;35
98;102;35
98;103;35
98;104;35
98;105;35
98;106;1
98;107;1
98;108;1
98;109;1
98;110;1
98;111;1
98;112;1
98;113;1
98;114;1
98;115;1
98;116;1
98;117;1
98;118;1
98;119;1
98;120;1
98;121;1
98;122;1
98;123;20
98;124;20
98;125;20
98;126;20
98;127;20
98;128;20
98;129;20
98;130;20
98;131;20
98;132;20
98;133;20
98;134;20
98;135;20
98;136;20
98;137;20
98;138;20
98;139;20
98;140;20
98;141;20
98;142;20
98;143;20
98;144;20
98;145;20
98;146;20
98;147;20
98;148;20
98;149;7
98;150;7
98;151;7
98;152;7
98;153;7
98;154;7
98;155;7
98;156;7
98;157;7
98;158;7
98;159;7
98;160;7
98;161;7
98;162;7
98;163;7
98;164;7
98;165;7
98;166;7
98;167;7
98;168;7
98;169;7
98;170;7
98;171;7
98;172;7
98;173;7
98;174;7
98;175;7
98;176;7
98;177;7
98;178;7
98;179;7
98;180;7
98;181;7
98;182;7
98;183;7
98;184;7
98;185;7
98;186;7
98;187;20
98;188;20
98;189;20
98;190;20
98;191;20
98;192;20
98;193;20
98;194;20
98;195;20
98;196;20
98;197;20
98;198;48
98;199;48
98;200;48
98;201;48
98;202;48
98;203;48
98;204;48
98;205;48
98;206;22
98;207;22
98;208;22
98;209;22
98;210;22
98;211;22
98;212;22
98;213;22
98;214;22
98;215;22
98;216;22
98;217;22
98;218;47
98;219;47
98;220;47
98;221;47
98;222;47
98;223;47
98;224;47
98;225;47
98;226;47
98;227;47
98;228;47
98;229;47
98;230;47
98;231;47
98;232;47
98;233;47
98;234;47
98;235;47
98;236;47
98;237;47
98;238;47
98;239;47
98;240;47
98;241;47
98;242;47
98;243;47
98;244;47
98;245;47
98;246;47
98;247;47
98;248;47
98;249;47
98;250;47
98;251;47
98;252;47
98;253;47
98;254;47
98;255;47
98;256;47
98;257;47
98;258;47
98;259;47
98;260;47
98;261;33
98;262;33
98;263;33
98;264;33
98;265;33
98;266;33
98;267;33
98;268;33
98;269;33
98;270;33
98;271;33
98;272;33
98;273;33
98;274;33
98;275;33
98;276;33
98;277;33
98;278;33
98;279;33
98;280;33
98;281;33
98;282;33
98;283;33
98;284;33
98;285;33
98;286;33
98;287;33
98;288;33
98;289;33
98;290;33
98;291;33
98;292;33
98;293;33
98;294;33
98;295;33
98;296;33
98;297;33
98;298;33
98;299;33
98;300;33
98;301;33
98;302;33
98;303;33
98;304;33
98;305;33
98;306;33
98;307;32
98;308;13
98;309;13
98;310;13
98;311;13
98;312;13
98;313;13
98;314;13
98;315;13
98;316;13
98;317;13
98;318;13
98;319;13
98;320;13
98;321;13
98;322;15
98;323;15
98;324;15
98;325;15
98;326;15
98;327;44
98;328;44
98;329;44
98;330;44
98;331;44
98;332;44
98;333;44
98;334;44
98;335;44
98;336;13
98;337;13
98;338;13
98;339;13
98;340;13
98;341;13
98;342;13
98;343;13
98;344;13
98;345;13
98;346;13
98;347;13
98;348;13
98;349;13
98;350;13
98;351;13
98;352;13
98;353;13
98;354;13
98;355;13
98;356;13
98;357;13
98;358;13
98;359;13
98;360;13
98;361;13
98;362;13
98;363;13
98;364;13
98;365;13
98;366;44
98;367;44
98;368;44
98;369;44
98;370;44
98;371;44
98;372;41
98;373;41
98;374;41
98;375;41
98;376;41
98;377;41
98;378;41
98;379;41
98;380;41
98;381;41
98;382;41
98;383;41
98;384;41
98;385;41
98;386;41
98;387;41
98;388;41
98;389;41
98;390;41
98;391;41
98;392;41
98;393;41
98;394;41
98;395;1
98;396;1
98;397;1
98;398;1
98;399;1
98;400;1
98;401;1
98;402;1
98;403;1
98;404;1
98;405;1
98;406;1
98;407;1
98;408;1
98;409;1
98;410;1
98;411;22
98;412;22
98;413;22
98;414;22
98;415;22
98;416;22
98;417;22
98;418;22
98;419;22
98;420;22
98;421;22
98;422;22
98;423;22
98;424;22
98;425;22
98;426;22
98;427;22
98;428;22
98;429;22
98;430;22
98;431;22
98;432;22
98;433;48
98;434;48
98;435;48
98;436;48
98;437;48
98;438;48
98;439;48
98;440;48
98;441;48
98;442;48
98;443;48
98;444;48
98;445;48
98;446;48
98;447;48
98;448;48
98;449;48
98;450;48
98;451;48
98;452;48
98;453;48
98;454;48
98;455;48
98;456;48
98;457;48
98;458;48
98;459;48
98;460;48
98;461;48
98;462;29
98;463;29
98;464;29
98;465;29
98;466;29
98;467;29
98;468;29
98;469;29
98;470;29
98;471;29
98;472;29
98;473;29
98;474;29
98;475;29
98;476;29
98;477;29
98;478;29
98;479;29
98;480;29
98;481;29
98;482;29
98;483;29
98;484;29
98;485;29
98;486;29
98;487;29
98;488;29
98;489;29
98;490;29
98;491;29
98;492;29
98;493;29
98;494;29
98;495;29
98;496;29
98;497;29
98;498;29
98;499;29
99;0;40
99;1;40
99;2;40
99;3;40
99;4;40
99;5;40
99;6;40
99;7;40
99;8;40
99;9;40
99;10;40
99;11;40
99;12;45
99;13;45
99;14;45
99;15;45
99;16;45
99;17;45
99;18;45
99;19;45
99;20;45
99;21;45
99;22;45
99;23;45
99;24;45
99;25;45
99;26;45
99;27;45
99;28;45
99;29;45
99;30;45
99;31;45
99;32;45
99;33;45
99;34;45
99;35;45
99;36;45
99;37;45
99;38;45
99;39;45
99;40;45
99;41;51
99;42;51
99;43;51
99;44;51
99;45;51
99;46;51
99;47;51
99;48;51
99;49;51
99;50;51
99;51;51
99;52;43
99;53;43
99;54;43
99;55;43
99;56;43
99;57;43
99;58;43
99;59;43
99;60;43
99;61;43
99;62;43
99;63;43
99;64;43
99;65;43
99;66;43
99;67;43
99;68;43
99;69;43
99;70;43
99;71;43
99;72;43
99;73;43
99;74;43
99;75;3
99;76;3
99;77;3
99;78;3
99;79;3
99;80;3
99;81;3
99;82;3
99;83;3
99;84;3
99;85;35
99;86;35
99;87;35
99;88;35
99;89;35
99;90;35
99;91;35
99;92;35
99;93;35
99;94;35
99;95;35
99;96;35
99;97;35
99;98;35
99;99;35
99;100;35
99;101;35
99;102;35
99;103;35
99;104;35
99;105;1
99;106;1
99;107;1
99;108;1
99;109;1
99;110;1
99;111;1
99;112;1
99;113;1
99;114;1
99;115;1
99;116;1
99;117;1
99;118;1
99;119;1
99;120;1
99;121;1
99;122;1
99;123;1
99;124;1
99;125;20
99;126;20
99;127;20
99;128;20
99;129;20
99;130;20
99;131;20
99;132;20
99;133;20
99;134;20
99;135;20
99;136;20
99;137;20
99;138;20
99;139;20
99;140;20
99;141;20
99;142;20
99;143;20
99;144;20
99;145;20
99;146;20
99;147;20
99;148;20
99;149;7
99;150;7
99;151;7
99;152;7
99;153;7
99;154;7
99;155;7
99;156;7
99;157;7
99;158;7
99;159;7
99;160;7
99;161;7
99;162;7
99;163;7
99;164;7
99;165;7
99;166;7
99;167;7
99;168;7
99;169;7
99;170;7
99;171;7
99;172;7
99;173;7
99;174;7
99;175;7
99;176;7
99;177;7
99;178;7
99;179;7
99;180;7
99;181;7
99;182;7
99;183;7
99;184;7
99;185;7
99;186;7
99;187;7
99;188;20
99;189;20
99;190;20
99;191;20
99;192;20
99;193;20
99;194;20
99;195;20
99;196;20
99;197;48
99;198;48
99;199;48
99;200;48
99;201;48
99;202;48
99;203;48
99;204;48
99;205;48
99;206;22
99;207;22
99;208;22
99;209;22
99;210;22
99;211;22
99;212;22
99;213;22
99;214;22
99;215;22
99;216;22
99;217;22
99;218;22
99;219;22
99;220;47
99;221;47
99;222;47
99;223;47
99;224;47
99;225;47
99;226;47
99;227;47
99;228;47
99;229;47
99;230;47
99;231;47
99;232;47
99;233;47
99;234;47
99;235;47
99;236;47
99;237;47
99;238;47
99;239;47
99;240;47
99;241;47
99;242;47
99;243;47
99;244;47
99;245;47
99;246;47
99;247;47
99;248;47
99;249;47
99;250;47
99;251;47
99;252;47
99;253;47
99;254;47
99;255;47
99;256;47
99;257;47
99;258;47
99;259;47
99;260;47
99;261;33
99;262;33
99;263;33
99;264;33
99;265;33
99;266;33
99;267;33
99;268;33
99;269;33
99;270;33
99;271;33
99;272;33
99;273;33
99;274;33
99;275;33
99;276;33
99;277;33
99;278;33
99;279;33
99;280;33
99;281;33
99;282;33
99;283;33
99;284;33
99;285;33
99;286;33
99;287;33
99;288;33
99;289;33
99;290;33
99;291;33
99;292;33
99;293;33
99;294;33
99;295;33
99;296;33
99;297;33
99;298;33
99;299;33
99;300;33
99;301;33
99;302;33
99;303;33
99;304;33
99;305;33
99;306;33
99;307;33
99;308;33
99;309;13
99;310;13
99;311;13
99;312;13
99;313;13
99;314;13
99;315;13
99;316;13
99;317;13
99;318;13
99;319;13
99;320;13
99;321;15
99;322;15
99;323;15
99;324;15
99;325;15
99;326;15
99;327;15
99;328;15
99;329;44
99;330;44
99;331;44
99;332;44
99;333;44
99;334;44
99;335;44
99;336;13
99;337;13
99;338;13
99;339;13
99;340;13
99;341;13
99;342;13
99;343;13
99;344;13
99;345;13
99;346;13
99;347;13
99;348;13
99;349;13
99;350;13
99;351;13
99;352;13
99;353;13
99;354;13
99;355;13
99;356;13
99;357;13
99;358;13
99;359;13
99;360;13
99;361;13
99;362;13
99;363;13
99;364;13
99;365;44
99;366;44
99;367;44
99;368;44
99;369;44
99;370;44
99;371;44
99;372;41
99;373;41
99;374;41
99;375;41
99;376;41
99;377;41
99;378;41
99;379;41
99;380;41
99;381;41
99;382;41
99;383;41
99;384;41
99;385;41
99;386;41
99;387;41
99;388;41
99;389;41
99;390;41
99;391;41
99;392;41
99;393;41
99;394;41
99;395;41
99;396;1
99;397;1
99;398;1
99;399;1
99;400;1
99;401;1
99;402;1
99;403;1
99;404;1
99;405;1
99;406;1
99;407;1
99;408;1
99;409;1
99;410;1
99;411;1
99;412;22
99;413;22
99;414;22
99;415;22
99;416;22
99;417;22
99;418;22
99;419;22
99;420;22
99;421;22
99;422;22
99;423;22
99;424;22
99;425;22
99;426;22
99;427;22
99;428;22
99;429;22
99;430;22
99;431;22
99;432;22
99;433;22
99;434;22
99;435;48
99;436;48
99;437;48
99;438;48
99;439;48
99;440;48
99;441;48
99;442;48
99;443;48
99;444;48
99;445;48
99;446;48
99;447;48
99;448;48
99;449;48
99;450;48
99;451;48
99;452;48
99;453;48
99;454;48
99;455;48
99;456;48
99;457;48
99;458;48
99;459;48
99;460;48
99;461;48
99;462;29
99;463;29
99;464;29
99;465;29
99;466;29
99;467;29
99;468;29
99;469;29
99;470;29
99;471;29
99;472;29
99;473;29
99;474;29
99;475;29
99;476;29
99;477;29
99;478;29
99;479;29
99;480;29
99;481;29
99;482;29
99;483;29
99;484;29
99;485;29
99;486;29
99;487;29
99;488;29
99;489;29
99;490;29
99;491;29
99;492;29
99;493;29
99;494;29
99;495;29
99;496;29
99;497;29
99;498;29
99;499;29
100;0;40
100;1;40
100;2;40
100;3;40
100;4;40
100;5;40
100;6;40
100;7;40
100;8;40
100;9;40
100;10;40
100;11;40
100;12;45
100;13;45
100;14;45
100;15;45
100;16;45
100;17;45
100;18;45
100;19;45
100;20;45
100;21;45
100;22;45
100;23;45
100;24;45
100;25;45
100;26;45
100;27;45
100;28;45
100;29;45
100;30;45
100;31;45
100;32;45
100;33;45
100;34;45
100;35;45
100;36;45
100;37;45
100;38;45
100;39;45
100;40;45
100;41;45
100;42;51
100;43;51
100;44;51
100;45;51
100;46;51
100;47;51
100;48;51
100;49;51
100;50;51
100;51;51
100;52;43
100;53;43
100;54;43
100;55;43
100;56;43
100;57;43
100;58;43
100;59;43
100;60;43
100;61;43
100;62;43
100;63;43
100;64;43
100;65;43
100;66;43
100;67;43
100;68;43
100;69;43
100;70;43
100;71;43
100;72;43
100;73;43
100;74;43
100;75;43
100;76;43
100;77;3
100;78;3
100;79;3
100;80;3
100;81;3
100;82;3
100;83;3
100;84;3
100;85;35
100;86;35
100;87;35
100;88;35
100;89;35
100;90;35
100;91;35
100;92;35
100;93;35
100;94;35
100;95;35
100;96;35
100;97;35
100;98;35
100;99;35
100;100;1
100;101;1
100;102;1
100;103;1
100;104;1
100;105;1
100;106;1
100;107;1
100;108;1
100;109;1
100;110;1
100;111;1
100;112;1
100;113;1
100;114;1
100;115;1
100;116;1
100;117;1
100;118;1
100;119;1
100;120;1
100;121;1
100;122;1
100;123;1
100;124;1
100;125;1
100;126;1
100;127;20
100;128;20
100;129;20
100;130;20
100;131;20
100;132;20
100;133;20
100;134;20
100;135;20
100;136;20
100;137;20
100;138;20
100;139;20
100;140;20
100;141;20
100;142;20
100;143;20
100;144;20
100;145;20
100;146;20
100;147;20
100;148;20
100;149;5
100;150;7
100;151;7
100;152;7
100;153;7
100;154;7
100;155;7
100;156;7
100;157;7
100;158;7
100;159;7
100;160;7
100;161;7
100;162;7
100;163;7
100;164;7
100;165;7
100;166;7
100;167;7
100;168;7
100;169;7
100;170;7
100;171;7
100;172;7
100;173;7
100;174;7
100;175;7
100;176;7
100;177;7
100;178;7
100;179;7
100;180;7
100;181;7
100;182;7
100;183;7
100;184;7
100;185;7
100;186;7
100;187;7
100;188;7
100;189;48
100;190;48
100;191;48
100;192;48
100;193;48
100;194;48
100;195;48
100;196;48
100;197;48
100;198;48
100;199;48
100;200;48
100;201;48
100;202;48
100;203;48
100;204;48
100;205;48
100;206;48
100;207;22
100;208;22
100;209;22
100;210;22
100;211;22
100;212;22
100;213;22
100;214;22
100;215;22
100;216;22
100;217;22
100;218;22
100;219;22
100;220;22
100;221;22
100;222;47
100;223;47
100;224;47
100;225;47
100;226;47
100;227;47
100;228;47
100;229;47
100;230;47
100;231;47
100;232;47
100;233;47
100;234;47
100;235;47
100;236;47
100;237;47
100;238;47
100;239;47
100;240;47
100;241;47
100;242;47
100;243;47
100;244;47
100;245;47
100;246;47
100;247;47
100;248;47
100;249;47
100;250;47
100;251;47
100;252;47
100;253;47
100;254;47
100;255;47
100;256;47
100;257;47
100;258;47
100;259;47
100;260;47
100;261;33
100;262;33
100;263;33
100;264;33
100;265;33
100;266;33
100;267;33
100;268;33
100;269;33
100;270;33
100;271;33
100;272;33
100;273;33
100;274;33
100;275;33
100;276;33
100;277;33
100;278;33
100;279;33
100;280;33
100;281;33
100;282;33
100;283;33
100;284;33
100;285;33
100;286;33
100;287;33
100;288;33
100;289;33
100;290;33
100;291;33
100;292;33
100;293;33
100;294;33
100;295;33
100;296;33
100;297;33
100;298;33
100;299;33
100;300;33
100;301;33
100;302;33
100;303;33
100;304;33
100;305;33
100;306;33
100;307;33
100;308;33
100;309;33
100;310;13
100;311;13
100;312;13
100;313;13
100;314;13
100;315;13
100;316;13
100;317;13
100;318;13
100;319;13
100;320;15
100;321;15
100;322;15
100;323;15
100;324;15
100;325;15
100;326;15
100;327;15
100;328;15
100;329;15
100;330;15
100;331;44
100;332;44
100;333;44
100;334;44
100;335;44
100;336;13
100;337;13
100;338;13
100;339;13
100;340;13
100;341;13
100;342;13
100;343;13
100;344;13
100;345;13
100;346;13
100;347;13
100;348;13
100;349;13
100;350;13
100;351;13
100;352;13
100;353;13
100;354;13
100;355;13
100;356;13
100;357;13
100;358;13
100;359;13
100;360;13
100;361;13
100;362;13
100;363;13
100;364;44
100;365;44
100;366;44
100;367;44
100;368;44
100;369;44
100;370;44
100;371;44
100;372;41
100;373;41
100;374;41
100;375;41
100;376;41
100;377;41
100;378;41
100;379;41
100;380;41
100;381;41
100;382;41
100;383;41
100;384;41
100;385;41
100;386;41
100;387;41
100;388;41
100;389;41
100;390;41
100;391;41
100;392;41
100;393;41
100;394;41
100;395;41
100;396;41
100;397;1
100;398;1
100;399;1
100;400;1
100;401;1
100;402;1
100;403;1
100;404;1
100;405;1
100;406;1
100;407;1
100;408;1
100;409;1
100;410;1
100;411;1
100;412;1
100;413;22
100;414;22
100;415;22
100;416;22
100;417;22
100;418;22
100;419;22
100;420;22
100;421;22
100;422;22
100;423;22
100;424;22
100;425;22
100;426;22
100;427;22
100;428;22
100;429;22
100;430;22
100;431;22
100;432;22
100;433;22
100;434;22
100;435;22
100;436;22
100;437;22
100;438;48
100;439;48
100;440;48
100;441;48
100;442;48
100;443;48
100;444;48
100;445;48
100;446;48
100;447;48
100;448;48
100;449;48
100;450;48
100;451;48
100;452;48
100;453;48
100;454;48
100;455;48
100;456;48
100;457;48
100;458;48
100;459;48
100;460;48
100;461;48
100;462;29
100;463;29
100;464;29
100;465;29
100;466;29
100;467;29
100;468;29
100;469;29
100;470;29
100;471;29
100;472;29
100;473;29
100;474;29
100;475;29
100;476;29
100;477;29
100;478;29
100;479;29
100;480;29
100;481;29
100;482;29
100;483;29
100;484;29
100;485;29
100;486;29
100;487;29
100;488;29
100;489;29
100;490;29
100;491;29
100;492;29
100;493;29
100;494;29
100;495;29
100;496;29
100;497;29
100;498;29
100;499;29
101;0;40
101;1;40
101;2;40
101;3;40
101;4;40
101;5;40
101;6;40
101;7;40
101;8;40
101;9;40
101;10;40
101;11;40
101;12;45
101;13;45
101;14;45
101;15;45
101;16;45
101;17;45
101;18;45
101;19;45
101;20;45
101;21;45
101;22;45
101;23;45
101;24;45
101;25;45
101;26;45
101;27;45
101;28;45
101;29;45
101;30;45
101;31;45
101;32;45
101;33;45
101;34;45
101;35;45
101;36;45
101;37;45
101;38;45
101;39;45
101;40;45
101;41;45
101;42;45
101;43;51
101;44;51
101;45;51
101;46;51
101;47;51
101;48;51
101;49;51
101;50;51
101;51;51
101;52;43
101;53;43
101;54;43
101;55;43
101;56;43
101;57;43
101;58;43
101;59;43
101;60;43
101;61;43
101;62;43
101;63;43
101;64;43
101;65;43
101;66;43
101;67;43
101;68;43
101;69;43
101;70;43
101;71;43
101;72;43
101;73;43
101;74;43
101;75;43
101;76;43
101;77;43
101;78;43
101;79;43
101;80;43
101;81;43
101;82;43
101;83;43
101;84;43
101;85;43
101;86;35
101;87;35
101;88;35
101;89;35
101;90;35
101;91;35
101;92;35
101;93;35
101;94;35
101;95;35
101;96;35
101;97;35
101;98;35
101;99;1
101;100;1
101;101;1
101;102;1
101;103;1
101;104;1
101;105;1
101;106;1
101;107;1
101;108;1
101;109;1
101;110;1
101;111;1
101;112;1
101;113;1
101;114;1
101;115;1
101;116;1
101;117;1
101;118;1
101;119;1
101;120;1
101;121;1
101;122;1
101;123;1
101;124;1
101;125;1
101;126;1
101;127;1
101;128;1
101;129;20
101;130;20
101;131;20
101;132;20
101;133;20
101;134;20
101;135;20
101;136;20
101;137;20
101;138;20
101;139;20
101;140;20
101;141;20
101;142;20
101;143;20
101;144;20
101;145;20
101;146;20
101;147;20
101;148;20
101;149;5
101;150;5
101;151;5
101;152;7
101;153;7
101;154;7
101;155;7
101;156;7
101;157;7
101;158;7
101;159;7
101;160;7
101;161;7
101;162;7
101;163;7
101;164;7
101;165;7
101;166;7
101;167;7
101;168;7
101;169;7
101;170;7
101;171;7
101;172;7
101;173;7
101;174;7
101;175;7
101;176;7
101;177;7
101;178;7
101;179;7
101;180;7
101;181;7
101;182;7
101;183;7
101;184;7
101;185;7
101;186;7
101;187;7
101;188;7
101;189;48
101;190;48
101;191;48
101;192;48
101;193;48
101;194;48
101;195;48
101;196;48
101;197;48
101;198;48
101;199;48
101;200;48
101;201;48
101;202;48
101;203;48
101;204;48
101;205;48
101;206;48
101;207;22
101;208;22
101;209;22
101;210;22
101;211;22
101;212;22
101;213;22
101;214;22
101;215;22
101;216;22
101;217;22
101;218;22
101;219;22
101;220;22
101;221;22
101;222;22
101;223;22
101;224;47
101;225;47
101;226;47
101;227;47
101;228;47
101;229;47
101;230;47
101;231;47
101;232;47
101;233;47
101;234;47
101;235;47
101;236;47
101;237;47
101;238;47
101;239;47
101;240;47
101;241;47
101;242;47
101;243;47
101;244;47
101;245;47
101;246;47
101;247;47
101;248;47
101;249;47
101;250;47
101;251;47
101;252;47
101;253;47
101;254;47
101;255;47
101;256;47
101;257;47
101;258;47
101;259;47
101;260;47
101;261;33
101;262;33
101;263;33
101;264;33
101;265;33
101;266;33
101;267;33
101;268;33
101;269;33
101;270;33
101;271;33
101;272;33
101;273;33
101;274;33
101;275;33
101;276;33
101;277;33
101;278;33
101;279;33
101;280;33
101;281;33
101;282;33
101;283;33
101;284;33
101;285;33
101;286;33
101;287;33
101;288;33
101;289;33
101;290;33
101;291;33
101;292;33
101;293;33
101;294;33
101;295;33
101;296;33
101;297;33
101;298;33
101;299;33
101;300;33
101;301;33
101;302;33
101;303;33
101;304;33
101;305;33
101;306;33
101;307;33
101;308;33
101;309;33
101;310;33
101;311;13
101;312;13
101;313;13
101;314;13
101;315;13
101;316;13
101;317;13
101;318;13
101;319;15
101;320;15
101;321;15
101;322;15
101;323;15
101;324;15
101;325;15
101;326;15
101;327;15
101;328;15
101;329;15
101;330;15
101;331;15
101;332;15
101;333;44
101;334;44
101;335;44
101;336;13
101;337;13
101;338;13
101;339;13
101;340;13
101;341;13
101;342;13
101;343;13
101;344;13
101;345;13
101;346;13
101;347;13
101;348;13
101;349;13
101;350;13
101;351;13
101;352;13
101;353;13
101;354;13
101;355;13
101;356;13
101;357;13
101;358;13
101;359;13
101;360;13
101;361;13
101;362;13
101;363;44
101;364;44
101;365;44
101;366;44
101;367;44
101;368;44
101;369;44
101;370;44
101;371;44
101;372;41
101;373;41
101;374;41
101;375;41
101;376;41
101;377;41
101;378;41
101;379;41
101;380;41
101;381;41
101;382;41
101;383;41
101;384;41
101;385;41
101;386;41
101;387;41
101;388;41
101;389;41
101;390;41
101;391;41
101;392;41
101;393;41
101;394;41
101;395;41
101;396;41
101;397;41
101;398;1
101;399;1
101;400;1
101;401;1
101;402;1
101;403;1
101;404;1
101;405;1
101;406;1
101;407;1
101;408;1
101;409;1
101;410;1
101;411;1
101;412;1
101;413;1
101;414;22
101;415;22
101;416;22
101;417;22
101;418;22
101;419;22
101;420;22
101;421;22
101;422;22
101;423;22
101;424;22
101;425;22
101;426;22
101;427;22
101;428;22
101;429;22
101;430;22
101;431;22
101;432;22
101;433;22
101;434;22
101;435;22
101;436;22
101;437;22
101;438;22
101;439;22
101;440;48
101;441;48
101;442;48
101;443;48
101;444;48
101;445;48
101;446;48
101;447;48
101;448;48
101;449;48
101;450;48
101;451;48
101;452;48
101;453;48
101;454;48
101;455;48
101;456;48
101;457;48
101;458;48
101;459;48
101;460;48
101;461;48
101;462;48
101;463;29
101;464;29
101;465;29
101;466;29
101;467;29
101;468;29
101;469;29
101;470;29
101;471;29
101;472;29
101;473;29
101;474;29
101;475;29
101;476;29
101;477;29
101;478;29
101;479;29
101;480;29
101;481;29
101;482;29
101;483;29
101;484;29
101;485;29
101;486;29
101;487;29
101;488;29
101;489;29
101;490;29
101;491;29
101;492;29
101;493;29
101;494;29
101;495;29
101;496;29
101;497;29
101;498;29
101;499;29
102;0;20
102;1;20
102;2;40
102;3;40
102;4;40
102;5;40
102;6;40
102;7;40
102;8;40
102;9;40
102;10;40
102;11;40
102;12;45
102;13;45
102;14;45
102;15;45
102;16;45
102;17;45
102;18;45
102;19;45
102;20;45
102;21;45
102;22;45
102;23;45
102;24;45
102;25;45
102;26;45
102;27;45
102;28;45
102;29;45
102;30;45
102;31;45
102;32;45
102;33;45
102;34;45
102;35;45
102;36;45
102;37;45
102;38;45
102;39;45
102;40;45
102;41;45
102;42;45
102;43;45
102;44;51
102;45;51
102;46;51
102;47;51
102;48;51
102;49;51
102;50;51
102;51;51
102;52;43
102;53;43
102;54;43
102;55;43
102;56;43
102;57;43
102;58;43
102;59;43
102;60;43
102;61;43
102;62;43
102;63;43
102;64;43
102;65;43
102;66;43
102;67;43
102;68;43
102;69;43
102;70;43
102;71;43
102;72;43
102;73;43
102;74;43
102;75;43
102;76;43
102;77;43
102;78;43
102;79;43
102;80;43
102;81;43
102;82;43
102;83;43
102;84;43
102;85;43
102;86;43
102;87;35
102;88;35
102;89;35
102;90;35
102;91;35
102;92;35
102;93;35
102;94;35
102;95;35
102;96;35
102;97;35
102;98;1
102;99;1
102;100;1
102;101;1
102;102;1
102;103;1
102;104;1
102;105;1
102;106;1
102;107;1
102;108;1
102;109;1
102;110;1
102;111;1
102;112;1
102;113;1
102;114;1
102;115;1
102;116;1
102;117;1
102;118;1
102;119;1
102;120;1
102;121;1
102;122;1
102;123;1
102;124;1
102;125;1
102;126;1
102;127;1
102;128;1
102;129;1
102;130;1
102;131;20
102;132;20
102;133;20
102;134;20
102;135;20
102;136;20
102;137;20
102;138;20
102;139;20
102;140;20
102;141;20
102;142;20
102;143;20
102;144;20
102;145;20
102;146;20
102;147;20
102;148;20
102;149;5
102;150;5
102;151;5
102;152;5
102;153;5
102;154;7
102;155;7
102;156;7
102;157;7
102;158;7
102;159;7
102;160;7
102;161;7
102;162;7
102;163;7
102;164;7
102;165;7
102;166;7
102;167;7
102;168;7
102;169;7
102;170;7
102;171;7
102;172;7
102;173;7
102;174;7
102;175;7
102;176;7
102;177;7
102;178;7
102;179;7
102;180;7
102;181;7
102;182;7
102;183;7
102;184;7
102;185;7
102;186;7
102;187;7
102;188;7
102;189;48
102;190;48
102;191;48
102;192;48
102;193;48
102;194;48
102;195;48
102;196;48
102;197;48
102;198;48
102;199;48
102;200;48
102;201;48
102;202;48
102;203;48
102;204;48
102;205;48
102;206;48
102;207;48
102;208;22
102;209;22
102;210;22
102;211;22
102;212;22
102;213;22
102;214;22
102;215;22
102;216;22
102;217;22
102;218;22
102;219;22
102;220;22
102;221;22
102;222;22
102;223;22
102;224;22
102;225;47
102;226;47
102;227;47
102;228;47
102;229;47
102;230;47
102;231;47
102;232;47
102;233;47
102;234;47
102;235;47
102;236;47
102;237;47
102;238;47
102;239;47
102;240;47
102;241;47
102;242;47
102;243;47
102;244;47
102;245;47
102;246;47
102;247;47
102;248;47
102;249;47
102;250;47
102;251;47
102;252;47
102;253;47
102;254;47
102;255;47
102;256;47
102;257;47
102;258;47
102;259;47
102;260;47
102;261;33
102;262;33
102;263;33
102;264;33
102;265;33
102;266;33
102;267;33
102;268;33
102;269;33
102;270;33
102;271;33
102;272;33
102;273;33
102;274;33
102;275;33
102;276;33
102;277;33
102;278;33
102;279;33
102;280;33
102;281;33
102;282;33
102;283;33
102;284;33
102;285;33
102;286;33
102;287;33
102;288;33
102;289;33
102;290;33
102;291;33
102;292;33
102;293;33
102;294;33
102;295;33
102;296;33
102;297;33
102;298;33
102;299;33
102;300;33
102;301;33
102;302;33
102;303;33
102;304;33
102;305;33
102;306;33
102;307;33
102;308;33
102;309;33
102;310;33
102;311;33
102;312;13
102;313;13
102;314;13
102;315;13
102;316;13
102;317;13
102;318;15
102;319;15
102;320;15
102;321;15
102;322;15
102;323;15
102;324;15
102;325;15
102;326;15
102;327;15
102;328;15
102;329;15
102;330;15
102;331;15
102;332;15
102;333;15
102;334;15
102;335;44
102;336;13
102;337;13
102;338;13
102;339;13
102;340;13
102;341;13
102;342;13
102;343;13
102;344;13
102;345;13
102;346;13
102;347;13
102;348;13
102;349;13
102;350;13
102;351;13
102;352;13
102;353;13
102;354;13
102;355;13
102;356;13
102;357;13
102;358;13
102;359;13
102;360;13
102;361;13
102;362;44
102;363;44
102;364;44
102;365;44
102;366;44
102;367;44
102;368;44
102;369;44
102;370;44
102;371;44
102;372;44
102;373;41
102;374;41
102;375;41
102;376;41
102;377;41
102;378;41
102;379;41
102;380;41
102;381;41
102;382;41
102;383;41
102;384;41
102;385;41
102;386;41
102;387;41
102;388;41
102;389;41
102;390;41
102;391;41
102;392;41
102;393;41
102;394;41
102;395;41
102;396;41
102;397;41
102;398;41
102;399;1
102;400;1
102;401;1
102;402;1
102;403;1
102;404;1
102;405;1
102;406;1
102;407;1
102;408;1
102;409;1
102;410;1
102;411;1
102;412;1
102;413;1
102;414;1
102;415;22
102;416;22
102;417;22
102;418;22
102;419;22
102;420;22
102;421;22
102;422;22
102;423;22
102;424;22
102;425;22
102;426;22
102;427;22
102;428;22
102;429;22
102;430;22
102;431;22
102;432;22
102;433;22
102;434;22
102;435;22
102;436;22
102;437;22
102;438;22
102;439;22
102;440;22
102;441;22
102;442;48
102;443;48
102;444;48
102;445;48
102;446;48
102;447;48
102;448;48
102;449;48
102;450;48
102;451;48
102;452;48
102;453;48
102;454;48
102;455;48
102;456;48
102;457;48
102;458;48
102;459;48
102;460;48
102;461;48
102;462;48
102;463;29
102;464;29
102;465;29
102;466;29
102;467;29
102;468;29
102;469;29
102;470;29
102;471;29
102;472;29
102;473;29
102;474;29
102;475;29
102;476;29
102;477;29
102;478;29
102;479;29
102;480;29
102;481;29
102;482;29
102;483;29
102;484;29
102;485;29
102;486;29
102;487;29
102;488;29
102;489;29
102;490;29
102;491;29
102;492;29
102;493;29
102;494;29
102;495;29
102;496;29
102;497;29
102;498;29
102;499;29
103;0;20
103;1;20
103;2;20
103;3;20
103;4;40
103;5;40
103;6;40
103;7;40
103;8;40
103;9;40
103;10;40
103;11;40
103;12;45
103;13;45
103;14;45
103;15;45
103;16;45
103;17;45
103;18;45
103;19;45
103;20;45
103;21;45
103;22;45
103;23;45
103;24;45
103;25;45
103;26;45
103;27;45
103;28;45
103;29;45
103;30;45
103;31;45
103;32;45
103;33;45
103;34;45
103;35;45
103;36;45
103;37;45
103;38;45
103;39;45
103;40;45
103;41;45
103;42;45
103;43;45
103;44;45
103;45;51
103;46;51
103;47;51
103;48;51
103;49;51
103;50;51
103;51;51
103;52;43
103;53;43
103;54;43
103;55;43
103;56;43
103;57;43
103;58;43
103;59;43
103;60;43
103;61;43
103;62;43
103;63;43
103;64;43
103;65;43
103;66;43
103;67;43
103;68;43
103;69;43
103;70;43
103;71;43
103;72;43
103;73;43
103;74;43
103;75;43
103;76;43
103;77;43
103;78;43
103;79;43
103;80;43
103;81;43
103;82;43
103;83;43
103;84;43
103;85;43
103;86;43
103;87;43
103;88;35
103;89;35
103;90;35
103;91;35
103;92;35
103;93;35
103;94;35
103;95;35
103;96;35
103;97;1
103;98;1
103;99;1
103;100;1
103;101;1
103;102;1
103;103;1
103;104;1
103;105;1
103;106;1
103;107;1
103;108;1
103;109;1
103;110;1
103;111;1
103;112;1
103;113;1
103;114;1
103;115;1
103;116;1
103;117;1
103;118;1
103;119;1
103;120;1
103;121;1
103;122;1
103;123;1
103;124;1
103;125;1
103;126;1
103;127;1
103;128;1
103;129;1
103;130;1
103;131;1
103;132;1
103;133;20
103;134;20
103;135;20
103;136;20
103;137;20
103;138;20
103;139;20
103;140;20
103;141;20
103;142;20
103;143;20
103;144;20
103;145;20
103;146;20
103;147;20
103;148;20
103;149;5
103;150;5
103;151;5
103;152;5
103;153;5
103;154;5
103;155;5
103;156;7
103;157;7
103;158;7
103;159;7
103;160;7
103;161;7
103;162;7
103;163;7
103;164;7
103;165;7
103;166;7
103;167;7
103;168;7
103;169;7
103;170;7
103;171;7
103;172;7
103;173;7
103;174;7
103;175;7
103;176;7
103;177;7
103;178;7
103;179;7
103;180;7
103;181;7
103;182;7
103;183;7
103;184;7
103;185;7
103;186;7
103;187;7
103;188;7
103;189;48
103;190;48
103;191;48
103;192;48
103;193;48
103;194;48
103;195;48
103;196;48
103;197;48
103;198;48
103;199;48
103;200;48
103;201;48
103;202;48
103;203;48
103;204;48
103;205;48
103;206;48
103;207;48
103;208;22
103;209;22
103;210;22
103;211;22
103;212;22
103;213;22
103;214;22
103;215;22
103;216;22
103;217;22
103;218;22
103;219;22
103;220;22
103;221;22
103;222;22
103;223;22
103;224;22
103;225;22
103;226;47
103;227;47
103;228;47
103;229;47
103;230;47
103;231;47
103;232;47
103;233;47
103;234;47
103;235;47
103;236;47
103;237;47
103;238;47
103;239;47
103;240;47
103;241;47
103;242;47
103;243;47
103;244;47
103;245;47
103;246;47
103;247;47
103;248;47
103;249;47
103;250;47
103;251;47
103;252;47
103;253;47
103;254;47
103;255;47
103;256;47
103;257;47
103;258;47
103;259;47
103;260;47
103;261;33
103;262;33
103;263;33
103;264;33
103;265;33
103;266;33
103;267;33
103;268;33
103;269;33
103;270;33
103;271;33
103;272;33
103;273;33
103;274;33
103;275;33
103;276;33
103;277;33
103;278;33
103;279;33
103;280;33
103;281;33
103;282;33
103;283;33
103;284;33
103;285;33
103;286;33
103;287;33
103;288;33
103;289;33
103;290;33
103;291;33
103;292;33
103;293;33
103;294;33
103;295;33
103;296;33
103;297;33
103;298;33
103;299;33
103;300;33
103;301;33
103;302;33
103;303;33
103;304;33
103;305;33
103;306;33
103;307;33
103;308;33
103;309;33
103;310;33
103;311;33
103;312;33
103;313;33
103;314;13
103;315;13
103;316;13
103;317;15
103;318;15
103;319;15
103;320;15
103;321;15
103;322;15
103;323;15
103;324;15
103;325;15
103;326;15
103;327;15
103;328;15
103;329;15
103;330;15
103;331;15
103;332;15
103;333;15
103;334;15
103;335;15
103;336;15
103;337;15
103;338;13
103;339;13
103;340;13
103;341;13
103;342;13
103;343;13
103;344;13
103;345;13
103;346;13
103;347;13
103;348;13
103;349;13
103;350;13
103;351;13
103;352;13
103;353;13
103;354;13
103;355;13
103;356;13
103;357;13
103;358;13
103;359;13
103;360;13
103;361;44
103;362;44
103;363;44
103;364;44
103;365;44
103;366;44
103;367;44
103;368;44
103;369;44
103;370;44
103;371;44
103;372;44
103;373;41
103;374;41
103;375;41
103;376;41
103;377;41
103;378;41
103;379;41
103;380;41
103;381;41
103;382;41
103;383;41
103;384;41
103;385;41
103;386;41
103;387;41
103;388;41
103;389;41
103;390;41
103;391;41
103;392;41
103;393;41
103;394;41
103;395;41
103;396;41
103;397;41
103;398;41
103;399;41
103;400;1
103;401;1
103;402;1
103;403;1
103;404;1
103;405;1
103;406;1
103;407;1
103;408;1
103;409;1
103;410;1
103;411;1
103;412;1
103;413;1
103;414;1
103;415;1
103;416;22
103;417;22
103;418;22
103;419;22
103;420;22
103;421;22
103;422;22
103;423;22
103;424;22
103;425;22
103;426;22
103;427;22
103;428;22
103;429;22
103;430;22
103;431;22
103;432;22
103;433;22
103;434;22
103;435;22
103;436;22
103;437;22
103;438;22
103;439;22
103;440;22
103;441;22
103;442;22
103;443;22
103;444;48
103;445;48
103;446;48
103;447;48
103;448;48
103;449;48
103;450;48
103;451;48
103;452;48
103;453;48
103;454;48
103;455;48
103;456;48
103;457;48
103;458;48
103;459;48
103;460;48
103;461;48
103;462;48
103;463;48
103;464;29
103;465;29
103;466;29
103;467;29
103;468;29
103;469;29
103;470;29
103;471;29
103;472;29
103;473;29
103;474;29
103;475;29
103;476;29
103;477;29
103;478;29
103;479;29
103;480;29
103;481;29
103;482;29
103;483;29
103;484;29
103;485;29
103;486;29
103;487;29
103;488;29
103;489;29
103;490;29
103;491;29
103;492;29
103;493;29
103;494;29
103;495;29
103;496;29
103;497;29
103;498;29
103;499;29
104;0;20
104;1;20
104;2;20
104;3;20
104;4;20
104;5;20
104;6;40
104;7;40
104;8;40
104;9;40
104;10;40
104;11;40
104;12;45
104;13;45
104;14;45
104;15;45
104;16;45
104;17;45
104;18;45
104;19;45
104;20;45
104;21;45
104;22;45
104;23;45
104;24;45
104;25;45
104;26;45
104;27;45
104;28;45
104;29;45
104;30;45
104;31;45
104;32;45
104;33;45
104;34;45
104;35;45
104;36;45
104;37;45
104;38;45
104;39;45
104;40;45
104;41;45
104;42;45
104;43;45
104;44;45
104;45;45
104;46;51
104;47;51
104;48;51
104;49;51
104;50;51
104;51;51
104;52;43
104;53;43
104;54;43
104;55;43
104;56;43
104;57;43
104;58;43
104;59;43
104;60;43
104;61;43
104;62;43
104;63;43
104;64;43
104;65;43
104;66;43
104;67;43
104;68;43
104;69;43
104;70;43
104;71;43
104;72;43
104;73;43
104;74;43
104;75;43
104;76;43
104;77;43
104;78;43
104;79;43
104;80;43
104;81;43
104;82;43
104;83;43
104;84;43
104;85;43
104;86;43
104;87;43
104;88;43
104;89;35
104;90;35
104;91;35
104;92;35
104;93;35
104;94;35
104;95;35
104;96;1
104;97;1
104;98;1
104;99;1
104;100;1
104;101;1
104;102;1
104;103;1
104;104;1
104;105;1
104;106;1
104;107;1
104;108;1
104;109;1
104;110;1
104;111;1
104;112;1
104;113;1
104;114;1
104;115;1
104;116;1
104;117;1
104;118;1
104;119;1
104;120;1
104;121;1
104;122;1
104;123;1
104;124;1
104;125;1
104;126;1
104;127;1
104;128;1
104;129;1
104;130;1
104;131;1
104;132;1
104;133;1
104;134;1
104;135;20
104;136;20
104;137;20
104;138;20
104;139;20
104;140;20
104;141;20
104;142;20
104;143;20
104;144;20
104;145;20
104;146;20
104;147;20
104;148;20
104;149;5
104;150;5
104;151;5
104;152;5
104;153;5
104;154;5
104;155;5
104;156;5
104;157;5
104;158;7
104;159;7
104;160;7
104;161;7
104;162;7
104;163;7
104;164;7
104;165;7
104;166;7
104;167;7
104;168;7
104;169;7
104;170;7
104;171;7
104;172;7
104;173;7
104;174;7
104;175;7
104;176;7
104;177;7
104;178;7
104;179;7
104;180;7
104;181;7
104;182;7
104;183;7
104;184;7
104;185;7
104;186;7
104;187;7
104;188;7
104;189;48
104;190;48
104;191;48
104;192;48
104;193;48
104;194;48
104;195;48
104;196;48
104;197;48
104;198;48
104;199;48
104;200;48
104;201;48
104;202;48
104;203;48
104;204;48
104;205;48
104;206;48
104;207;48
104;208;48
104;209;22
104;210;22
104;211;22
104;212;22
104;213;22
104;214;22
104;215;22
104;216;22
104;217;22
104;218;22
104;219;22
104;220;22
104;221;22
104;222;22
104;223;22
104;224;22
104;225;22
104;226;22
104;227;47
104;228;47
104;229;47
104;230;47
104;231;47
104;232;47
104;233;47
104;234;47
104;235;47
104;236;47
104;237;47
104;238;47
104;239;47
104;240;47
104;241;47
104;242;47
104;243;47
104;244;47
104;245;47
104;246;47
104;247;47
104;248;47
104;249;47
104;250;47
104;251;47
104;252;47
104;253;47
104;254;47
104;255;47
104;256;47
104;257;47
104;258;47
104;259;47
104;260;47
104;261;33
104;262;33
104;263;33
104;264;33
104;265;33
104;266;33
104;267;33
104;268;33
104;269;33
104;270;33
104;271;33
104;272;33
104;273;33
104;274;33
104;275;33
104;276;33
104;277;33
104;278;33
104;279;33
104;280;33
104;281;33
104;282;33
104;283;33
104;284;33
104;285;33
104;286;33
104;287;33
104;288;33
104;289;33
104;290;33
104;291;33
104;292;33
104;293;33
104;294;33
104;295;33
104;296;33
104;297;33
104;298;33
104;299;33
104;300;33
104;301;33
104;302;33
104;303;33
104;304;33
104;305;33
104;306;33
104;307;33
104;308;33
104;309;33
104;310;33
104;311;33
104;312;33
104;313;33
104;314;33
104;315;33
104;316;15
104;317;15
104;318;15
104;319;15
104;320;15
104;321;15
104;322;15
104;323;15
104;324;15
104;325;15
104;326;15
104;327;15
104;328;15
104;329;15
104;330;15
104;331;15
104;332;15
104;333;15
104;334;15
104;335;15
104;336;15
104;337;15
104;338;15
104;339;15
104;340;15
104;341;15
104;342;15
104;343;15
104;344;15
104;345;15
104;346;13
104;347;13
104;348;13
104;349;13
104;350;13
104;351;13
104;352;13
104;353;13
104;354;13
104;355;13
104;356;13
104;357;13
104;358;13
104;359;13
104;360;44
104;361;44
104;362;44
104;363;44
104;364;44
104;365;44
104;366;44
104;367;44
104;368;44
104;369;44
104;370;44
104;371;44
104;372;44
104;373;44
104;374;41
104;375;41
104;376;41
104;377;41
104;378;41
104;379;41
104;380;41
104;381;41
104;382;41
104;383;41
104;384;41
104;385;41
104;386;41
104;387;41
104;388;41
104;389;41
104;390;41
104;391;41
104;392;41
104;393;41
104;394;41
104;395;41
104;396;41
104;397;41
104;398;41
104;399;41
104;400;1
104;401;1
104;402;1
104;403;1
104;404;1
104;405;1
104;406;1
104;407;1
104;408;1
104;409;1
104;410;1
104;411;1
104;412;1
104;413;1
104;414;1
104;415;1
104;416;1
104;417;22
104;418;22
104;419;22
104;420;22
104;421;22
104;422;22
104;423;22
104;424;22
104;425;22
104;426;22
104;427;22
104;428;22
104;429;22
104;430;22
104;431;22
104;432;22
104;433;22
104;434;22
104;435;22
104;436;22
104;437;22
104;438;22
104;439;22
104;440;22
104;441;22
104;442;22
104;443;22
104;444;22
104;445;22
104;446;48
104;447;48
104;448;48
104;449;48
104;450;48
104;451;48
104;452;48
104;453;48
104;454;48
104;455;48
104;456;48
104;457;48
104;458;48
104;459;48
104;460;48
104;461;48
104;462;48
104;463;48
104;464;29
104;465;29
104;466;29
104;467;29
104;468;29
104;469;29
104;470;29
104;471;29
104;472;29
104;473;29
104;474;29
104;475;29
104;476;29
104;477;29
104;478;29
104;479;29
104;480;29
104;481;29
104;482;29
104;483;29
104;484;29
104;485;29
104;486;29
104;487;29
104;488;29
104;489;29
104;490;29
104;491;29
104;492;29
104;493;29
104;494;29
104;495;29
104;496;29
104;497;29
104;498;29
104;499;29
105;0;20
105;1;20
105;2;20
105;3;20
105;4;20
105;5;20
105;6;20
105;7;20
105;8;20
105;9;20
105;10;20
105;11;20
105;12;20
105;13;45
105;14;45
105;15;45
105;16;45
105;17;45
105;18;45
105;19;45
105;20;45
105;21;45
105;22;45
105;23;45
105;24;45
105;25;45
105;26;45
105;27;45
105;28;45
105;29;45
105;30;45
105;31;45
105;32;45
105;33;45
105;34;45
105;35;45
105;36;45
105;37;45
105;38;45
105;39;45
105;40;45
105;41;45
105;42;45
105;43;45
105;44;45
105;45;45
105;46;45
105;47;51
105;48;51
105;49;51
105;50;51
105;51;43
105;52;43
105;53;43
105;54;43
105;55;43
105;56;43
105;57;43
105;58;43
105;59;43
105;60;43
105;61;43
105;62;43
105;63;43
105;64;43
105;65;43
105;66;43
105;67;43
105;68;43
105;69;43
105;70;43
105;71;43
105;72;43
105;73;43
105;74;43
105;75;43
105;76;43
105;77;43
105;78;43
105;79;43
105;80;43
105;81;43
105;82;43
105;83;43
105;84;43
105;85;43
105;86;43
105;87;43
105;88;43
105;89;43
105;90;35
105;91;35
105;92;35
105;93;35
105;94;35
105;95;1
105;96;1
105;97;1
105;98;1
105;99;1
105;100;1
105;101;1
105;102;1
105;103;1
105;104;1
105;105;1
105;106;1
105;107;1
105;108;1
105;109;1
105;110;1
105;111;1
105;112;1
105;113;1
105;114;1
105;115;1
105;116;1
105;117;1
105;118;1
105;119;1
105;120;1
105;121;1
105;122;1
105;123;1
105;124;1
105;125;1
105;126;1
105;127;1
105;128;1
105;129;1
105;130;1
105;131;1
105;132;1
105;133;1
105;134;1
105;135;1
105;136;1
105;137;20
105;138;20
105;139;20
105;140;20
105;141;20
105;142;20
105;143;20
105;144;20
105;145;20
105;146;20
105;147;20
105;148;20
105;149;5
105;150;5
105;151;5
105;152;5
105;153;5
105;154;5
105;155;5
105;156;5
105;157;5
105;158;5
105;159;5
105;160;7
105;161;7
105;162;7
105;163;7
105;164;7
105;165;7
105;166;7
105;167;7
105;168;7
105;169;7
105;170;7
105;171;7
105;172;7
105;173;7
105;174;7
105;175;7
105;176;7
105;177;7
105;178;7
105;179;7
105;180;7
105;181;7
105;182;7
105;183;7
105;184;7
105;185;7
105;186;7
105;187;7
105;188;7
105;189;48
105;190;48
105;191;48
105;192;48
105;193;48
105;194;48
105;195;48
105;196;48
105;197;48
105;198;48
105;199;48
105;200;48
105;201;48
105;202;48
105;203;48
105;204;48
105;205;48
105;206;48
105;207;48
105;208;48
105;209;22
105;210;22
105;211;22
105;212;22
105;213;22
105;214;22
105;215;22
105;216;22
105;217;22
105;218;22
105;219;22
105;220;22
105;221;22
105;222;22
105;223;22
105;224;22
105;225;22
105;226;22
105;227;22
105;228;22
105;229;47
105;230;47
105;231;47
105;232;47
105;233;47
105;234;47
105;235;47
105;236;47
105;237;47
105;238;47
105;239;47
105;240;47
105;241;47
105;242;47
105;243;47
105;244;47
105;245;47
105;246;47
105;247;47
105;248;47
105;249;47
105;250;47
105;251;47
105;252;47
105;253;47
105;254;47
105;255;47
105;256;47
105;257;47
105;258;47
105;259;47
105;260;47
105;261;33
105;262;33
105;263;33
105;264;33
105;265;33
105;266;33
105;267;33
105;268;33
105;269;33
105;270;33
105;271;33
105;272;33
105;273;33
105;274;33
105;275;33
105;276;33
105;277;33
105;278;33
105;279;33
105;280;33
105;281;33
105;282;33
105;283;33
105;284;33
105;285;33
105;286;33
105;287;33
105;288;33
105;289;33
105;290;33
105;291;33
105;292;33
105;293;33
105;294;33
105;295;33
105;296;33
105;297;33
105;298;33
105;299;33
105;300;33
105;301;33
105;302;33
105;303;33
105;304;33
105;305;33
105;306;33
105;307;33
105;308;33
105;309;33
105;310;33
105;311;33
105;312;33
105;313;33
105;314;33
105;315;33
105;316;33
105;317;15
105;318;15
105;319;15
105;320;15
105;321;15
105;322;15
105;323;15
105;324;15
105;325;15
105;326;15
105;327;15
105;328;15
105;329;15
105;330;15
105;331;15
105;332;15
105;333;15
105;334;15
105;335;15
105;336;15
105;337;15
105;338;15
105;339;15
105;340;15
105;341;15
105;342;15
105;343;15
105;344;15
105;345;15
105;346;15
105;347;15
105;348;13
105;349;13
105;350;13
105;351;13
105;352;13
105;353;13
105;354;13
105;355;13
105;356;13
105;357;13
105;358;13
105;359;44
105;360;44
105;361;44
105;362;44
105;363;44
105;364;44
105;365;44
105;366;44
105;367;44
105;368;44
105;369;44
105;370;44
105;371;44
105;372;44
105;373;44
105;374;41
105;375;41
105;376;41
105;377;41
105;378;41
105;379;41
105;380;41
105;381;41
105;382;41
105;383;41
105;384;41
105;385;41
105;386;41
105;387;41
105;388;41
105;389;41
105;390;41
105;391;41
105;392;41
105;393;41
105;394;41
105;395;41
105;396;41
105;397;41
105;398;41
105;399;41
105;400;41
105;401;1
105;402;1
105;403;1
105;404;1
105;405;1
105;406;1
105;407;1
105;408;1
105;409;1
105;410;1
105;411;1
105;412;1
105;413;1
105;414;1
105;415;1
105;416;1
105;417;1
105;418;22
105;419;22
105;420;22
105;421;22
105;422;22
105;423;22
105;424;22
105;425;22
105;426;22
105;427;22
105;428;22
105;429;22
105;430;22
105;431;22
105;432;22
105;433;22
105;434;22
105;435;22
105;436;22
105;437;22
105;438;22
105;439;22
105;440;22
105;441;22
105;442;22
105;443;22
105;444;22
105;445;22
105;446;22
105;447;22
105;448;48
105;449;48
105;450;48
105;451;48
105;452;48
105;453;48
105;454;48
105;455;48
105;456;48
105;457;48
105;458;48
105;459;48
105;460;48
105;461;48
105;462;48
105;463;48
105;464;48
105;465;29
105;466;29
105;467;29
105;468;29
105;469;29
105;470;29
105;471;29
105;472;29
105;473;29
105;474;29
105;475;29
105;476;29
105;477;29
105;478;29
105;479;29
105;480;29
105;481;29
105;482;29
105;483;29
105;484;29
105;485;29
105;486;29
105;487;29
105;488;29
105;489;29
105;490;29
105;491;29
105;492;29
105;493;29
105;494;29
105;495;29
105;496;29
105;497;29
105;498;29
105;499;29
106;0;20
106;1;20
106;2;20
106;3;20
106;4;20
106;5;20
106;6;20
106;7;20
106;8;20
106;9;20
106;10;20
106;11;20
106;12;20
106;13;20
106;14;20
106;15;45
106;16;45
106;17;45
106;18;45
106;19;45
106;20;45
106;21;45
106;22;45
106;23;45
106;24;45
106;25;45
106;26;45
106;27;45
106;28;45
106;29;45
106;30;45
106;31;45
106;32;45
106;33;45
106;34;45
106;35;45
106;36;45
106;37;45
106;38;45
106;39;45
106;40;45
106;41;45
106;42;45
106;43;45
106;44;45
106;45;45
106;46;45
106;47;45
106;48;51
106;49;51
106;50;43
106;51;43
106;52;43
106;53;43
106;54;43
106;55;43
106;56;43
106;57;43
106;58;43
106;59;43
106;60;43
106;61;43
106;62;43
106;63;43
106;64;43
106;65;43
106;66;43
106;67;43
106;68;43
106;69;43
106;70;43
106;71;43
106;72;43
106;73;43
106;74;43
106;75;43
106;76;43
106;77;43
106;78;43
106;79;43
106;80;43
106;81;43
106;82;43
106;83;43
106;84;43
106;85;43
106;86;43
106;87;43
106;88;43
106;89;43
106;90;43
106;91;35
106;92;35
106;93;35
106;94;1
106;95;1
106;96;1
106;97;1
106;98;1
106;99;1
106;100;1
106;101;1
106;102;1
106;103;1
106;104;1
106;105;1
106;106;1
106;107;1
106;108;1
106;109;1
106;110;1
106;111;1
106;112;1
106;113;1
106;114;1
106;115;1
106;116;1
106;117;1
106;118;1
106;119;1
106;120;1
106;121;1
106;122;1
106;123;1
106;124;1
106;125;1
106;126;1
106;127;1
106;128;1
106;129;1
106;130;1
106;131;1
106;132;1
106;133;1
106;134;1
106;135;1
106;136;1
106;137;1
106;138;1
106;139;20
106;140;20
106;141;20
106;142;20
106;143;20
106;144;20
106;145;20
106;146;20
106;147;20
106;148;20
106;149;5
106;150;5
106;151;5
106;152;5
106;153;5
106;154;5
106;155;5
106;156;5
106;157;5
106;158;5
106;159;5
106;160;5
106;161;5
106;162;7
106;163;7
106;164;7
106;165;7
106;166;7
106;167;7
106;168;7
106;169;7
106;170;7
106;171;7
106;172;7
106;173;7
106;174;7
106;175;7
106;176;7
106;177;7
106;178;7
106;179;7
106;180;13
106;181;13
106;182;13
106;183;13
106;184;13
106;185;13
106;186;13
106;187;13
106;188;13
106;189;13
106;190;48
106;191;48
106;192;48
106;193;48
106;194;48
106;195;48
106;196;48
106;197;48
106;198;48
106;199;48
106;200;48
106;201;48
106;202;48
106;203;48
106;204;48
106;205;48
106;206;48
106;207;48
106;208;48
106;209;48
106;210;22
106;211;22
106;212;22
106;213;22
106;214;22
106;215;22
106;216;22
106;217;22
106;218;22
106;219;22
106;220;22
106;221;22
106;222;22
106;223;22
106;224;22
106;225;22
106;226;22
106;227;22
106;228;22
106;229;22
106;230;22
106;231;47
106;232;47
106;233;47
106;234;47
106;235;47
106;236;47
106;237;47
106;238;47
106;239;47
106;240;47
106;241;47
106;242;47
106;243;47
106;244;47
106;245;47
106;246;47
106;247;47
106;248;47
106;249;47
106;250;47
106;251;47
106;252;47
106;253;47
106;254;47
106;255;47
106;256;47
106;257;47
106;258;47
106;259;47
106;260;47
106;261;33
106;262;33
106;263;33
106;264;33
106;265;33
106;266;33
106;267;33
106;268;33
106;269;33
106;270;33
106;271;33
106;272;33
106;273;33
106;274;33
106;275;33
106;276;33
106;277;33
106;278;33
106;279;33
106;280;33
106;281;33
106;282;33
106;283;33
106;284;33
106;285;33
106;286;33
106;287;33
106;288;33
106;289;33
106;290;33
106;291;33
106;292;33
106;293;33
106;294;33
106;295;33
106;296;33
106;297;33
106;298;33
106;299;33
106;300;33
106;301;33
106;302;33
106;303;33
106;304;33
106;305;33
106;306;33
106;307;33
106;308;33
106;309;33
106;310;33
106;311;33
106;312;33
106;313;33
106;314;33
106;315;33
106;316;33
106;317;15
106;318;15
106;319;15
106;320;15
106;321;15
106;322;15
106;323;15
106;324;15
106;325;15
106;326;15
106;327;15
106;328;15
106;329;15
106;330;15
106;331;15
106;332;15
106;333;15
106;334;15
106;335;15
106;336;15
106;337;15
106;338;15
106;339;15
106;340;15
106;341;15
106;342;15
106;343;15
106;344;15
106;345;15
106;346;15
106;347;15
106;348;15
106;349;15
106;350;13
106;351;13
106;352;13
106;353;13
106;354;13
106;355;13
106;356;13
106;357;13
106;358;44
106;359;44
106;360;44
106;361;44
106;362;44
106;363;44
106;364;44
106;365;44
106;366;44
106;367;44
106;368;44
106;369;44
106;370;44
106;371;44
106;372;44
106;373;44
106;374;44
106;375;41
106;376;41
106;377;41
106;378;41
106;379;41
106;380;41
106;381;41
106;382;41
106;383;41
106;384;41
106;385;41
106;386;41
106;387;41
106;388;41
106;389;41
106;390;41
106;391;41
106;392;41
106;393;41
106;394;41
106;395;41
106;396;41
106;397;41
106;398;41
106;399;41
106;400;41
106;401;1
106;402;1
106;403;1
106;404;1
106;405;1
106;406;1
106;407;1
106;408;1
106;409;1
106;410;1
106;411;1
106;412;1
106;413;1
106;414;1
106;415;1
106;416;1
106;417;1
106;418;1
106;419;22
106;420;22
106;421;22
106;422;22
106;423;22
106;424;22
106;425;22
106;426;22
106;427;22
106;428;22
106;429;22
106;430;22
106;431;22
106;432;22
106;433;22
106;434;22
106;435;22
106;436;22
106;437;22
106;438;22
106;439;22
106;440;22
106;441;22
106;442;22
106;443;22
106;444;22
106;445;22
106;446;22
106;447;22
106;448;22
106;449;22
106;450;48
106;451;48
106;452;48
106;453;48
106;454;48
106;455;48
106;456;48
106;457;48
106;458;48
106;459;48
106;460;48
106;461;48
106;462;48
106;463;48
106;464;48
106;465;29
106;466;29
106;467;29
106;468;29
106;469;29
106;470;29
106;471;29
106;472;29
106;473;29
106;474;29
106;475;29
106;476;29
106;477;29
106;478;29
106;479;29
106;480;29
106;481;29
106;482;29
106;483;29
106;484;29
106;485;29
106;486;29
106;487;29
106;488;29
106;489;29
106;490;29
106;491;29
106;492;29
106;493;29
106;494;29
106;495;29
106;496;29
106;497;29
106;498;29
106;499;29
107;0;20
107;1;20
107;2;20
107;3;20
107;4;20
107;5;20
107;6;20
107;7;20
107;8;20
107;9;20
107;10;20
107;11;20
107;12;20
107;13;20
107;14;20
107;15;20
107;16;20
107;17;45
107;18;45
107;19;45
107;20;45
107;21;45
107;22;45
107;23;45
107;24;45
107;25;45
107;26;45
107;27;45
107;28;45
107;29;45
107;30;45
107;31;45
107;32;45
107;33;45
107;34;45
107;35;45
107;36;45
107;37;45
107;38;45
107;39;45
107;40;45
107;41;45
107;42;45
107;43;45
107;44;45
107;45;45
107;46;45
107;47;45
107;48;40
107;49;40
107;50;43
107;51;43
107;52;43
107;53;43
107;54;43
107;55;43
107;56;43
107;57;43
107;58;43
107;59;43
107;60;43
107;61;43
107;62;43
107;63;43
107;64;43
107;65;43
107;66;43
107;67;43
107;68;43
107;69;43
107;70;43
107;71;43
107;72;43
107;73;43
107;74;43
107;75;43
107;76;43
107;77;43
107;78;43
107;79;43
107;80;43
107;81;43
107;82;43
107;83;43
107;84;43
107;85;43
107;86;43
107;87;43
107;88;43
107;89;43
107;90;43
107;91;43
107;92;1
107;93;1
107;94;1
107;95;1
107;96;1
107;97;1
107;98;1
107;99;1
107;100;1
107;101;1
107;102;1
107;103;1
107;104;1
107;105;1
107;106;1
107;107;1
107;108;1
107;109;1
107;110;1
107;111;1
107;112;1
107;113;1
107;114;1
107;115;1
107;116;1
107;117;1
107;118;1
107;119;1
107;120;1
107;121;1
107;122;1
107;123;1
107;124;1
107;125;1
107;126;1
107;127;1
107;128;1
107;129;1
107;130;1
107;131;1
107;132;1
107;133;1
107;134;1
107;135;1
107;136;1
107;137;1
107;138;1
107;139;1
107;140;1
107;141;20
107;142;20
107;143;20
107;144;20
107;145;20
107;146;20
107;147;20
107;148;5
107;149;5
107;150;5
107;151;5
107;152;5
107;153;5
107;154;5
107;155;5
107;156;5
107;157;5
107;158;5
107;159;5
107;160;5
107;161;5
107;162;5
107;163;5
107;164;7
107;165;7
107;166;7
107;167;7
107;168;7
107;169;7
107;170;7
107;171;7
107;172;7
107;173;7
107;174;7
107;175;7
107;176;7
107;177;7
107;178;7
107;179;13
107;180;13
107;181;13
107;182;13
107;183;13
107;184;13
107;185;13
107;186;13
107;187;13
107;188;13
107;189;13
107;190;13
107;191;48
107;192;48
107;193;48
107;194;48
107;195;48
107;196;48
107;197;48
107;198;48
107;199;48
107;200;48
107;201;48
107;202;48
107;203;48
107;204;48
107;205;48
107;206;48
107;207;48
107;208;48
107;209;48
107;210;22
107;211;22
107;212;22
107;213;22
107;214;22
107;215;22
107;216;22
107;217;22
107;218;22
107;219;22
107;220;22
107;221;22
107;222;22
107;223;22
107;224;22
107;225;22
107;226;22
107;227;22
107;228;22
107;229;22
107;230;22
107;231;22
107;232;22
107;233;47
107;234;47
107;235;47
107;236;47
107;237;47
107;238;47
107;239;47
107;240;47
107;241;47
107;242;47
107;243;47
107;244;47
107;245;47
107;246;47
107;247;47
107;248;47
107;249;47
107;250;47
107;251;47
107;252;47
107;253;47
107;254;47
107;255;47
107;256;47
107;257;47
107;258;47
107;259;47
107;260;47
107;261;33
107;262;33
107;263;33
107;264;33
107;265;33
107;266;33
107;267;33
107;268;33
107;269;33
107;270;33
107;271;33
107;272;33
107;273;33
107;274;33
107;275;33
107;276;33
107;277;33
107;278;33
107;279;33
107;280;33
107;281;33
107;282;33
107;283;33
107;284;33
107;285;33
107;286;33
107;287;33
107;288;33
107;289;33
107;290;33
107;291;33
107;292;33
107;293;33
107;294;33
107;295;33
107;296;33
107;297;33
107;298;33
107;299;33
107;300;33
107;301;33
107;302;33
107;303;33
107;304;33
107;305;33
107;306;33
107;307;33
107;308;33
107;309;33
107;310;33
107;311;33
107;312;33
107;313;33
107;314;33
107;315;33
107;316;33
107;317;33
107;318;15
107;319;15
107;320;15
107;321;15
107;322;15
107;323;15
107;324;15
107;325;15
107;326;15
107;327;15
107;328;15
107;329;15
107;330;15
107;331;15
107;332;15
107;333;15
107;334;15
107;335;15
107;336;15
107;337;15
107;338;15
107;339;15
107;340;15
107;341;15
107;342;15
107;343;15
107;344;15
107;345;15
107;346;15
107;347;15
107;348;15
107;349;15
107;350;15
107;351;15
107;352;13
107;353;13
107;354;13
107;355;13
107;356;13
107;357;44
107;358;44
107;359;44
107;360;44
107;361;44
107;362;44
107;363;44
107;364;44
107;365;44
107;366;44
107;367;44
107;368;44
107;369;44
107;370;44
107;371;44
107;372;44
107;373;44
107;374;44
107;375;41
107;376;41
107;377;41
107;378;41
107;379;41
107;380;41
107;381;41
107;382;41
107;383;41
107;384;41
107;385;41
107;386;41
107;387;41
107;388;41
107;389;41
107;390;41
107;391;41
107;392;41
107;393;41
107;394;41
107;395;41
107;396;41
107;397;41
107;398;41
107;399;41
107;400;41
107;401;41
107;402;1
107;403;1
107;404;1
107;405;1
107;406;1
107;407;1
107;408;1
107;409;1
107;410;1
107;411;1
107;412;1
107;413;1
107;414;1
107;415;1
107;416;1
107;417;1
107;418;1
107;419;1
107;420;22
107;421;22
107;422;22
107;423;22
107;424;22
107;425;22
107;426;22
107;427;22
107;428;22
107;429;22
107;430;22
107;431;22
107;432;22
107;433;22
107;434;22
107;435;22
107;436;22
107;437;22
107;438;22
107;439;22
107;440;22
107;441;22
107;442;22
107;443;22
107;444;22
107;445;22
107;446;22
107;447;22
107;448;22
107;449;22
107;450;22
107;451;22
107;452;48
107;453;48
107;454;48
107;455;48
107;456;48
107;457;48
107;458;48
107;459;48
107;460;48
107;461;48
107;462;48
107;463;48
107;464;48
107;465;48
107;466;29
107;467;29
107;468;29
107;469;29
107;470;29
107;471;29
107;472;29
107;473;29
107;474;29
107;475;29
107;476;29
107;477;29
107;478;29
107;479;29
107;480;29
107;481;29
107;482;29
107;483;29
107;484;29
107;485;29
107;486;29
107;487;29
107;488;29
107;489;29
107;490;29
107;491;29
107;492;29
107;493;29
107;494;29
107;495;29
107;496;29
107;497;29
107;498;29
107;499;29
108;0;20
108;1;20
108;2;20
108;3;20
108;4;20
108;5;20
108;6;20
108;7;20
108;8;20
108;9;20
108;10;20
108;11;20
108;12;20
108;13;20
108;14;20
108;15;20
108;16;20
108;17;20
108;18;20
108;19;45
108;20;45
108;21;45
108;22;45
108;23;45
108;24;45
108;25;45
108;26;45
108;27;45
108;28;45
108;29;45
108;30;45
108;31;45
108;32;45
108;33;45
108;34;45
108;35;45
108;36;45
108;37;45
108;38;45
108;39;45
108;40;45
108;41;45
108;42;45
108;43;45
108;44;45
108;45;45
108;46;45
108;47;40
108;48;40
108;49;40
108;50;43
108;51;43
108;52;43
108;53;43
108;54;43
108;55;43
108;56;43
108;57;43
108;58;43
108;59;43
108;60;43
108;61;43
108;62;43
108;63;43
108;64;43
108;65;43
108;66;43
108;67;43
108;68;43
108;69;43
108;70;43
108;71;43
108;72;43
108;73;43
108;74;43
108;75;43
108;76;43
108;77;43
108;78;43
108;79;43
108;80;43
108;81;43
108;82;43
108;83;43
108;84;43
108;85;43
108;86;43
108;87;43
108;88;43
108;89;43
108;90;43
108;91;43
108;92;1
108;93;1
108;94;1
108;95;1
108;96;1
108;97;1
108;98;1
108;99;1
108;100;1
108;101;1
108;102;1
108;103;1
108;104;1
108;105;1
108;106;1
108;107;1
108;108;1
108;109;1
108;110;1
108;111;1
108;112;1
108;113;1
108;114;1
108;115;1
108;116;1
108;117;1
108;118;1
108;119;1
108;120;1
108;121;1
108;122;1
108;123;1
108;124;1
108;125;1
108;126;1
108;127;1
108;128;1
108;129;1
108;130;1
108;131;1
108;132;1
108;133;1
108;134;1
108;135;1
108;136;1
108;137;1
108;138;1
108;139;1
108;140;1
108;141;1
108;142;1
108;143;34
108;144;34
108;145;34
108;146;34
108;147;5
108;148;5
108;149;5
108;150;5
108;151;5
108;152;5
108;153;5
108;154;5
108;155;5
108;156;5
108;157;5
108;158;5
108;159;5
108;160;5
108;161;5
108;162;5
108;163;5
108;164;5
108;165;5
108;166;7
108;167;7
108;168;7
108;169;7
108;170;7
108;171;7
108;172;7
108;173;7
108;174;7
108;175;7
108;176;7
108;177;7
108;178;13
108;179;13
108;180;13
108;181;13
108;182;13
108;183;13
108;184;13
108;185;13
108;186;13
108;187;13
108;188;13
108;189;13
108;190;13
108;191;13
108;192;48
108;193;48
108;194;48
108;195;48
108;196;48
108;197;48
108;198;48
108;199;48
108;200;48
108;201;48
108;202;48
108;203;48
108;204;48
108;205;48
108;206;48
108;207;48
108;208;48
108;209;48
108;210;48
108;211;22
108;212;22
108;213;22
108;214;22
108;215;22
108;216;22
108;217;22
108;218;22
108;219;22
108;220;22
108;221;22
108;222;22
108;223;22
108;224;22
108;225;22
108;226;22
108;227;22
108;228;22
108;229;22
108;230;22
108;231;22
108;232;22
108;233;22
108;234;47
108;235;47
108;236;47
108;237;47
108;238;47
108;239;47
108;240;47
108;241;47
108;242;47
108;243;47
108;244;47
108;245;47
108;246;47
108;247;47
108;248;47
108;249;47
108;250;47
108;251;47
108;252;47
108;253;47
108;254;47
108;255;47
108;256;47
108;257;47
108;258;47
108;259;47
108;260;47
108;261;33
108;262;33
108;263;33
108;264;33
108;265;33
108;266;33
108;267;33
108;268;33
108;269;33
108;270;33
108;271;33
108;272;33
108;273;33
108;274;33
108;275;33
108;276;33
108;277;33
108;278;33
108;279;33
108;280;33
108;281;33
108;282;33
108;283;33
108;284;33
108;285;33
108;286;33
108;287;33
108;288;33
108;289;33
108;290;33
108;291;33
108;292;33
108;293;33
108;294;33
108;295;33
108;296;33
108;297;33
108;298;33
108;299;33
108;300;33
108;301;33
108;302;33
108;303;33
108;304;33
108;305;33
108;306;33
108;307;33
108;308;33
108;309;33
108;310;33
108;311;33
108;312;33
108;313;33
108;314;33
108;315;33
108;316;33
108;317;33
108;318;15
108;319;15
108;320;15
108;321;15
108;322;15
108;323;15
108;324;15
108;325;15
108;326;15
108;327;15
108;328;15
108;329;15
108;330;15
108;331;15
108;332;15
108;333;15
108;334;15
108;335;15
108;336;15
108;337;15
108;338;15
108;339;15
108;340;15
108;341;15
108;342;15
108;343;15
108;344;15
108;345;15
108;346;15
108;347;15
108;348;15
108;349;15
108;350;15
108;351;15
108;352;44
108;353;44
108;354;44
108;355;44
108;356;44
108;357;44
108;358;44
108;359;44
108;360;44
108;361;44
108;362;44
108;363;44
108;364;44
108;365;44
108;366;44
108;367;44
108;368;44
108;369;44
108;370;44
108;371;44
108;372;44
108;373;44
108;374;44
108;375;44
108;376;41
108;377;41
108;378;41
108;379;41
108;380;41
108;381;41
108;382;41
108;383;41
108;384;41
108;385;41
108;386;41
108;387;41
108;388;41
108;389;41
108;390;41
108;391;41
108;392;41
108;393;41
108;394;41
108;395;41
108;396;41
108;397;41
108;398;41
108;399;41
108;400;41
108;401;41
108;402;1
108;403;1
108;404;1
108;405;1
108;406;1
108;407;1
108;408;1
108;409;1
108;410;1
108;411;1
108;412;1
108;413;1
108;414;1
108;415;1
108;416;1
108;417;1
108;418;1
108;419;1
108;420;1
108;421;22
108;422;22
108;423;22
108;424;22
108;425;22
108;426;22
108;427;22
108;428;22
108;429;22
108;430;22
108;431;22
108;432;22
108;433;22
108;434;22
108;435;22
108;436;22
108;437;22
108;438;22
108;439;22
108;440;22
108;441;22
108;442;22
108;443;22
108;444;22
108;445;22
108;446;22
108;447;22
108;448;22
108;449;22
108;450;22
108;451;22
108;452;22
108;453;22
108;454;48
108;455;48
108;456;48
108;457;48
108;458;48
108;459;48
108;460;48
108;461;48
108;462;48
108;463;48
108;464;48
108;465;48
108;466;47
108;467;29
108;468;29
108;469;29
108;470;29
108;471;29
108;472;29
108;473;29
108;474;29
108;475;29
108;476;29
108;477;29
108;478;29
108;479;29
108;480;29
108;481;29
108;482;29
108;483;29
108;484;29
108;485;29
108;486;29
108;487;29
108;488;29
108;489;29
108;490;29
108;491;29
108;492;29
108;493;29
108;494;29
108;495;29
108;496;29
108;497;29
108;498;29
108;499;29
109;0;20
109;1;20
109;2;20
109;3;20
109;4;20
109;5;20
109;6;20
109;7;20
109;8;20
109;9;20
109;10;20
109;11;20
109;12;20
109;13;20
109;14;20
109;15;20
109;16;20
109;17;20
109;18;20
109;19;20
109;20;20
109;21;20
109;22;45
109;23;45
109;24;45
109;25;45
109;26;45
109;27;45
109;28;45
109;29;45
109;30;45
109;31;45
109;32;45
109;33;45
109;34;45
109;35;45
109;36;45
109;37;45
109;38;45
109;39;45
109;40;45
109;41;45
109;42;45
109;43;45
109;44;45
109;45;45
109;46;40
109;47;40
109;48;40
109;49;40
109;50;40
109;51;43
109;52;43
109;53;43
109;54;43
109;55;43
109;56;43
109;57;43
109;58;43
109;59;43
109;60;43
109;61;43
109;62;43
109;63;43
109;64;43
109;65;43
109;66;43
109;67;43
109;68;43
109;69;43
109;70;43
109;71;43
109;72;43
109;73;43
109;74;43
109;75;43
109;76;43
109;77;43
109;78;43
109;79;43
109;80;43
109;81;43
109;82;43
109;83;43
109;84;43
109;85;43
109;86;43
109;87;43
109;88;43
109;89;43
109;90;43
109;91;43
109;92;43
109;93;1
109;94;1
109;95;1
109;96;1
109;97;1
109;98;1
109;99;1
109;100;1
109;101;1
109;102;1
109;103;1
109;104;1
109;105;1
109;106;1
109;107;1
109;108;1
109;109;1
109;110;1
109;111;1
109;112;1
109;113;1
109;114;1
109;115;1
109;116;1
109;117;1
109;118;1
109;119;1
109;120;1
109;121;1
109;122;1
109;123;1
109;124;1
109;125;1
109;126;1
109;127;1
109;128;1
109;129;1
109;130;1
109;131;1
109;132;1
109;133;1
109;134;1
109;135;1
109;136;1
109;137;1
109;138;1
109;139;1
109;140;1
109;141;1
109;142;1
109;143;34
109;144;34
109;145;34
109;146;34
109;147;34
109;148;5
109;149;5
109;150;5
109;151;5
109;152;5
109;153;5
109;154;5
109;155;5
109;156;5
109;157;5
109;158;5
109;159;5
109;160;5
109;161;5
109;162;5
109;163;5
109;164;5
109;165;5
109;166;5
109;167;5
109;168;7
109;169;7
109;170;7
109;171;7
109;172;7
109;173;7
109;174;7
109;175;7
109;176;7
109;177;13
109;178;13
109;179;13
109;180;13
109;181;13
109;182;13
109;183;13
109;184;13
109;185;13
109;186;13
109;187;13
109;188;13
109;189;13
109;190;13
109;191;13
109;192;13
109;193;48
109;194;48
109;195;48
109;196;48
109;197;48
109;198;48
109;199;48
109;200;48
109;201;48
109;202;48
109;203;48
109;204;48
109;205;48
109;206;48
109;207;48
109;208;48
109;209;48
109;210;48
109;211;48
109;212;22
109;213;22
109;214;22
109;215;22
109;216;22
109;217;22
109;218;22
109;219;22
109;220;22
109;221;22
109;222;22
109;223;22
109;224;22
109;225;22
109;226;22
109;227;22
109;228;22
109;229;22
109;230;22
109;231;22
109;232;22
109;233;22
109;234;22
109;235;47
109;236;47
109;237;47
109;238;47
109;239;47
109;240;47
109;241;47
109;242;47
109;243;47
109;244;47
109;245;47
109;246;47
109;247;47
109;248;47
109;249;47
109;250;47
109;251;47
109;252;47
109;253;47
109;254;47
109;255;47
109;256;47
109;257;47
109;258;47
109;259;47
109;260;32
109;261;33
109;262;33
109;263;33
109;264;33
109;265;33
109;266;33
109;267;33
109;268;33
109;269;33
109;270;33
109;271;33
109;272;33
109;273;33
109;274;33
109;275;33
109;276;33
109;277;33
109;278;33
109;279;33
109;280;33
109;281;33
109;282;33
109;283;33
109;284;33
109;285;33
109;286;33
109;287;33
109;288;33
109;289;33
109;290;33
109;291;33
109;292;33
109;293;33
109;294;33
109;295;33
109;296;33
109;297;33
109;298;33
109;299;33
109;300;33
109;301;33
109;302;33
109;303;33
109;304;33
109;305;33
109;306;33
109;307;33
109;308;33
109;309;33
109;310;33
109;311;33
109;312;33
109;313;33
109;314;33
109;315;33
109;316;33
109;317;33
109;318;33
109;319;15
109;320;15
109;321;15
109;322;15
109;323;15
109;324;15
109;325;15
109;326;15
109;327;15
109;328;15
109;329;15
109;330;15
109;331;15
109;332;15
109;333;15
109;334;15
109;335;15
109;336;15
109;337;15
109;338;15
109;339;15
109;340;15
109;341;15
109;342;15
109;343;15
109;344;15
109;345;15
109;346;15
109;347;15
109;348;15
109;349;15
109;350;15
109;351;15
109;352;44
109;353;44
109;354;44
109;355;44
109;356;44
109;357;44
109;358;44
109;359;44
109;360;44
109;361;44
109;362;44
109;363;44
109;364;44
109;365;44
109;366;44
109;367;44
109;368;44
109;369;44
109;370;44
109;371;44
109;372;44
109;373;44
109;374;44
109;375;44
109;376;41
109;377;41
109;378;41
109;379;41
109;380;41
109;381;41
109;382;41
109;383;41
109;384;41
109;385;41
109;386;41
109;387;41
109;388;41
109;389;41
109;390;41
109;391;41
109;392;41
109;393;41
109;394;41
109;395;41
109;396;41
109;397;41
109;398;41
109;399;41
109;400;41
109;401;41
109;402;41
109;403;1
109;404;1
109;405;1
109;406;1
109;407;1
109;408;1
109;409;1
109;410;1
109;411;1
109;412;1
109;413;1
109;414;1
109;415;1
109;416;1
109;417;1
109;418;1
109;419;1
109;420;1
109;421;1
109;422;22
109;423;22
109;424;22
109;425;22
109;426;22
109;427;22
109;428;22
109;429;22
109;430;22
109;431;22
109;432;22
109;433;22
109;434;22
109;435;22
109;436;22
109;437;22
109;438;22
109;439;22
109;440;22
109;441;22
109;442;22
109;443;22
109;444;22
109;445;22
109;446;22
109;447;22
109;448;22
109;449;22
109;450;22
109;451;22
109;452;22
109;453;22
109;454;22
109;455;22
109;456;48
109;457;48
109;458;48
109;459;48
109;460;48
109;461;48
109;462;48
109;463;48
109;464;48
109;465;47
109;466;47
109;467;47
109;468;47
109;469;37
109;470;37
109;471;37
109;472;37
109;473;37
109;474;37
109;475;37
109;476;37
109;477;37
109;478;37
109;479;37
109;480;37
109;481;37
109;482;37
109;483;37
109;484;29
109;485;29
109;486;29
109;487;29
109;488;29
109;489;29
109;490;29
109;491;29
109;492;29
109;493;29
109;494;29
109;495;29
109;496;29
109;497;29
109;498;29
109;499;29
110;0;20
110;1;20
110;2;20
110;3;20
110;4;20
110;5;20
110;6;20
110;7;20
110;8;20
110;9;20
110;10;20
110;11;20
110;12;20
110;13;20
110;14;20
110;15;20
110;16;20
110;17;20
110;18;20
110;19;20
110;20;20
110;21;20
110;22;20
110;23;45
110;24;45
110;25;45
110;26;45
110;27;45
110;28;45
110;29;45
110;30;45
110;31;45
110;32;45
110;33;45
110;34;45
110;35;45
110;36;45
110;37;45
110;38;45
110;39;45
110;40;45
110;41;45
110;42;45
110;43;45
110;44;45
110;45;40
110;46;40
110;47;40
110;48;40
110;49;40
110;50;40
110;51;43
110;52;43
110;53;43
110;54;43
110;55;43
110;56;43
110;57;43
110;58;43
110;59;43
110;60;43
110;61;43
110;62;43
110;63;43
110;64;43
110;65;43
110;66;43
110;67;43
110;68;43
110;69;43
110;70;43
110;71;43
110;72;43
110;73;43
110;74;43
110;75;43
110;76;43
110;77;43
110;78;43
110;79;43
110;80;43
110;81;43
110;82;43
110;83;43
110;84;43
110;85;43
110;86;43
110;87;43
110;88;43
110;89;43
110;90;43
110;91;43
110;92;43
110;93;1
110;94;1
110;95;1
110;96;1
110;97;1
110;98;1
110;99;1
110;100;1
110;101;1
110;102;1
110;103;1
110;104;1
110;105;1
110;106;1
110;107;1
110;108;1
110;109;1
110;110;1
110;111;1
110;112;1
110;113;1
110;114;1
110;115;1
110;116;1
110;117;1
110;118;1
110;119;1
110;120;1
110;121;1
110;122;1
110;123;1
110;124;1
110;125;1
110;126;1
110;127;1
110;128;1
110;129;1
110;130;1
110;131;1
110;132;1
110;133;1
110;134;1
110;135;1
110;136;1
110;137;1
110;138;1
110;139;1
110;140;1
110;141;1
110;142;1
110;143;34
110;144;34
110;145;34
110;146;34
110;147;34
110;148;34
110;149;5
110;150;5
110;151;5
110;152;5
110;153;5
110;154;5
110;155;5
110;156;5
110;157;5
110;158;5
110;159;5
110;160;5
110;161;5
110;162;5
110;163;5
110;164;5
110;165;5
110;166;5
110;167;5
110;168;5
110;169;5
110;170;13
110;171;13
110;172;13
110;173;13
110;174;13
110;175;13
110;176;13
110;177;13
110;178;13
110;179;13
110;180;13
110;181;13
110;182;13
110;183;13
110;184;13
110;185;13
110;186;13
110;187;13
110;188;13
110;189;13
110;190;13
110;191;13
110;192;13
110;193;48
110;194;48
110;195;48
110;196;48
110;197;48
110;198;48
110;199;48
110;200;48
110;201;48
110;202;48
110;203;48
110;204;48
110;205;48
110;206;48
110;207;48
110;208;48
110;209;48
110;210;48
110;211;48
110;212;48
110;213;22
110;214;22
110;215;22
110;216;22
110;217;22
110;218;22
110;219;22
110;220;22
110;221;22
110;222;22
110;223;22
110;224;22
110;225;22
110;226;22
110;227;22
110;228;22
110;229;22
110;230;22
110;231;22
110;232;22
110;233;22
110;234;22
110;235;22
110;236;47
110;237;47
110;238;47
110;239;47
110;240;47
110;241;47
110;242;47
110;243;47
110;244;47
110;245;47
110;246;47
110;247;47
110;248;47
110;249;47
110;250;47
110;251;47
110;252;47
110;253;47
110;254;47
110;255;47
110;256;47
110;257;47
110;258;47
110;259;32
110;260;32
110;261;32
110;262;33
110;263;33
110;264;33
110;265;33
110;266;33
110;267;33
110;268;33
110;269;33
110;270;33
110;271;33
110;272;33
110;273;33
110;274;33
110;275;33
110;276;33
110;277;33
110;278;33
110;279;33
110;280;33
110;281;33
110;282;33
110;283;33
110;284;33
110;285;33
110;286;33
110;287;33
110;288;33
110;289;33
110;290;33
110;291;33
110;292;33
110;293;33
110;294;33
110;295;33
110;296;33
110;297;33
110;298;33
110;299;33
110;300;33
110;301;33
110;302;33
110;303;33
110;304;33
110;305;33
110;306;33
110;307;33
110;308;33
110;309;33
110;310;33
110;311;33
110;312;33
110;313;33
110;314;33
110;315;33
110;316;33
110;317;33
110;318;33
110;319;15
110;320;15
110;321;15
110;322;15
110;323;15
110;324;15
110;325;15
110;326;15
110;327;15
110;328;15
110;329;15
110;330;15
110;331;15
110;332;15
110;333;15
110;334;15
110;335;15
110;336;15
110;337;15
110;338;15
110;339;15
110;340;15
110;341;15
110;342;15
110;343;15
110;344;15
110;345;15
110;346;15
110;347;15
110;348;15
110;349;15
110;350;15
110;351;15
110;352;15
110;353;44
110;354;44
110;355;44
110;356;44
110;357;44
110;358;44
110;359;44
110;360;44
110;361;44
110;362;44
110;363;44
110;364;44
110;365;44
110;366;44
110;367;44
110;368;44
110;369;44
110;370;44
110;371;44
110;372;44
110;373;44
110;374;44
110;375;44
110;376;44
110;377;41
110;378;41
110;379;41
110;380;41
110;381;41
110;382;41
110;383;41
110;384;41
110;385;41
110;386;41
110;387;41
110;388;41
110;389;41
110;390;41
110;391;41
110;392;41
110;393;41
110;394;41
110;395;41
110;396;41
110;397;41
110;398;41
110;399;41
110;400;41
110;401;41
110;402;41
110;403;1
110;404;1
110;405;1
110;406;1
110;407;1
110;408;1
110;409;1
110;410;1
110;411;1
110;412;1
110;413;1
110;414;1
110;415;1
110;416;1
110;417;1
110;418;1
110;419;1
110;420;1
110;421;1
110;422;1
110;423;22
110;424;22
110;425;22
110;426;22
110;427;22
110;428;22
110;429;22
110;430;22
110;431;22
110;432;22
110;433;22
110;434;22
110;435;22
110;436;22
110;437;22
110;438;22
110;439;22
110;440;22
110;441;22
110;442;22
110;443;22
110;444;22
110;445;22
110;446;22
110;447;22
110;448;22
110;449;22
110;450;22
110;451;22
110;452;22
110;453;22
110;454;22
110;455;22
110;456;22
110;457;22
110;458;48
110;459;48
110;460;48
110;461;48
110;462;48
110;463;48
110;464;47
110;465;47
110;466;47
110;467;47
110;468;47
110;469;47
110;470;37
110;471;37
110;472;37
110;473;37
110;474;37
110;475;37
110;476;37
110;477;37
110;478;37
110;479;37
110;480;37
110;481;37
110;482;37
110;483;37
110;484;37
110;485;37
110;486;29
110;487;29
110;488;29
110;489;29
110;490;29
110;491;29
110;492;29
110;493;29
110;494;29
110;495;29
110;496;29
110;497;29
110;498;29
110;499;29
111;0;20
111;1;20
111;2;20
111;3;20
111;4;20
111;5;20
111;6;20
111;7;20
111;8;20
111;9;20
111;10;20
111;11;20
111;12;20
111;13;20
111;14;20
111;15;20
111;16;20
111;17;20
111;18;20
111;19;20
111;20;20
111;21;20
111;22;20
111;23;20
111;24;20
111;25;45
111;26;45
111;27;45
111;28;45
111;29;45
111;30;45
111;31;45
111;32;45
111;33;45
111;34;45
111;35;45
111;36;45
111;37;45
111;38;45
111;39;45
111;40;45
111;41;45
111;42;45
111;43;45
111;44;40
111;45;40
111;46;40
111;47;40
111;48;40
111;49;40
111;50;40
111;51;40
111;52;43
111;53;43
111;54;43
111;55;43
111;56;43
111;57;43
111;58;43
111;59;43
111;60;43
111;61;43
111;62;43
111;63;43
111;64;43
111;65;43
111;66;43
111;67;43
111;68;43
111;69;43
111;70;43
111;71;43
111;72;43
111;73;43
111;74;43
111;75;43
111;76;43
111;77;43
111;78;43
111;79;43
111;80;43
111;81;43
111;82;43
111;83;43
111;84;43
111;85;43
111;86;43
111;87;43
111;88;43
111;89;43
111;90;43
111;91;43
111;92;43
111;93;43
111;94;1
111;95;1
111;96;1
111;97;1
111;98;1
111;99;1
111;100;1
111;101;1
111;102;1
111;103;1
111;104;1
111;105;1
111;106;1
111;107;1
111;108;1
111;109;1
111;110;1
111;111;1
111;112;1
111;113;1
111;114;1
111;115;1
111;116;1
111;117;1
111;118;1
111;119;1
111;120;1
111;121;1
111;122;1
111;123;1
111;124;1
111;125;1
111;126;1
111;127;1
111;128;1
111;129;1
111;130;1
111;131;1
111;132;1
111;133;1
111;134;1
111;135;1
111;136;1
111;137;1
111;138;1
111;139;1
111;140;1
111;141;1
111;142;34
111;143;34
111;144;34
111;145;34
111;146;34
111;147;34
111;148;34
111;149;34
111;150;5
111;151;5
111;152;5
111;153;5
111;154;5
111;155;5
111;156;5
111;157;5
111;158;5
111;159;5
111;160;5
111;161;5
111;162;5
111;163;5
111;164;5
111;165;5
111;166;5
111;167;5
111;168;5
111;169;5
111;170;5
111;171;13
111;172;13
111;173;13
111;174;13
111;175;13
111;176;13
111;177;13
111;178;13
111;179;13
111;180;13
111;181;13
111;182;13
111;183;13
111;184;13
111;185;13
111;186;13
111;187;13
111;188;13
111;189;13
111;190;13
111;191;13
111;192;13
111;193;13
111;194;48
111;195;48
111;196;48
111;197;48
111;198;48
111;199;48
111;200;48
111;201;48
111;202;48
111;203;48
111;204;48
111;205;48
111;206;48
111;207;48
111;208;48
111;209;48
111;210;48
111;211;48
111;212;48
111;213;48
111;214;22
111;215;22
111;216;22
111;217;22
111;218;22
111;219;22
111;220;22
111;221;22
111;222;22
111;223;22
111;224;22
111;225;22
111;226;22
111;227;22
111;228;22
111;229;22
111;230;22
111;231;22
111;232;22
111;233;22
111;234;22
111;235;22
111;236;22
111;237;47
111;238;47
111;239;47
111;240;47
111;241;47
111;242;47
111;243;47
111;244;47
111;245;47
111;246;47
111;247;47
111;248;47
111;249;47
111;250;47
111;251;47
111;252;47
111;253;47
111;254;47
111;255;47
111;256;47
111;257;47
111;258;32
111;259;32
111;260;32
111;261;32
111;262;32
111;263;33
111;264;33
111;265;33
111;266;33
111;267;33
111;268;33
111;269;33
111;270;33
111;271;33
111;272;33
111;273;33
111;274;33
111;275;33
111;276;33
111;277;33
111;278;33
111;279;33
111;280;33
111;281;33
111;282;33
111;283;33
111;284;33
111;285;33
111;286;33
111;287;33
111;288;33
111;289;33
111;290;33
111;291;33
111;292;33
111;293;33
111;294;33
111;295;33
111;296;33
111;297;33
111;298;33
111;299;33
111;300;33
111;301;33
111;302;33
111;303;33
111;304;33
111;305;33
111;306;33
111;307;33
111;308;33
111;309;33
111;310;33
111;311;33
111;312;33
111;313;33
111;314;33
111;315;33
111;316;33
111;317;33
111;318;33
111;319;33
111;320;15
111;321;15
111;322;15
111;323;15
111;324;15
111;325;15
111;326;15
111;327;15
111;328;15
111;329;15
111;330;15
111;331;15
111;332;15
111;333;15
111;334;15
111;335;15
111;336;15
111;337;15
111;338;15
111;339;15
111;340;15
111;341;15
111;342;15
111;343;15
111;344;15
111;345;15
111;346;15
111;347;15
111;348;15
111;349;15
111;350;15
111;351;15
111;352;15
111;353;44
111;354;44
111;355;44
111;356;44
111;357;44
111;358;44
111;359;44
111;360;44
111;361;44
111;362;44
111;363;44
111;364;44
111;365;44
111;366;44
111;367;44
111;368;44
111;369;44
111;370;44
111;371;44
111;372;44
111;373;44
111;374;44
111;375;44
111;376;44
111;377;41
111;378;41
111;379;41
111;380;41
111;381;41
111;382;41
111;383;41
111;384;41
111;385;41
111;386;41
111;387;41
111;388;41
111;389;41
111;390;41
111;391;41
111;392;41
111;393;41
111;394;41
111;395;41
111;396;41
111;397;41
111;398;41
111;399;41
111;400;41
111;401;41
111;402;41
111;403;41
111;404;1
111;405;1
111;406;1
111;407;1
111;408;1
111;409;1
111;410;1
111;411;1
111;412;1
111;413;1
111;414;1
111;415;1
111;416;1
111;417;1
111;418;1
111;419;1
111;420;1
111;421;1
111;422;1
111;423;1
111;424;22
111;425;22
111;426;22
111;427;22
111;428;22
111;429;22
111;430;22
111;431;22
111;432;22
111;433;22
111;434;22
111;435;22
111;436;22
111;437;22
111;438;22
111;439;22
111;440;22
111;441;22
111;442;22
111;443;22
111;444;22
111;445;22
111;446;22
111;447;22
111;448;22
111;449;22
111;450;22
111;451;22
111;452;22
111;453;22
111;454;22
111;455;22
111;456;22
111;457;22
111;458;47
111;459;47
111;460;47
111;461;47
111;462;47
111;463;47
111;464;47
111;465;47
111;466;47
111;467;47
111;468;47
111;469;47
111;470;47
111;471;37
111;472;37
111;473;37
111;474;37
111;475;37
111;476;37
111;477;37
111;478;37
111;479;37
111;480;37
111;481;37
111;482;37
111;483;37
111;484;37
111;485;37
111;486;37
111;487;37
111;488;37
111;489;37
111;490;37
111;491;37
111;492;37
111;493;37
111;494;37
111;495;37
111;496;37
111;497;37
111;498;29
111;499;29
112;0;20
112;1;20
112;2;20
112;3;20
112;4;20
112;5;20
112;6;20
112;7;20
112;8;20
112;9;20
112;10;20
112;11;20
112;12;20
112;13;20
112;14;20
112;15;20
112;16;20
112;17;20
112;18;20
112;19;20
112;20;20
112;21;20
112;22;20
112;23;20
112;24;20
112;25;20
112;26;20
112;27;45
112;28;45
112;29;45
112;30;45
112;31;45
112;32;45
112;33;45
112;34;45
112;35;45
112;36;45
112;37;45
112;38;45
112;39;45
112;40;45
112;41;45
112;42;45
112;43;40
112;44;40
112;45;40
112;46;40
112;47;40
112;48;40
112;49;40
112;50;40
112;51;40
112;52;40
112;53;43
112;54;43
112;55;43
112;56;43
112;57;43
112;58;43
112;59;43
112;60;43
112;61;43
112;62;43
112;63;43
112;64;43
112;65;43
112;66;43
112;67;43
112;68;43
112;69;43
112;70;43
112;71;43
112;72;43
112;73;43
112;74;43
112;75;43
112;76;43
112;77;43
112;78;43
112;79;43
112;80;43
112;81;43
112;82;43
112;83;43
112;84;43
112;85;43
112;86;43
112;87;43
112;88;43
112;89;43
112;90;43
112;91;43
112;92;43
112;93;43
112;94;1
112;95;1
112;96;1
112;97;1
112;98;1
112;99;1
112;100;1
112;101;1
112;102;1
112;103;1
112;104;1
112;105;1
112;106;1
112;107;1
112;108;1
112;109;1
112;110;1
112;111;1
112;112;1
112;113;1
112;114;1
112;115;1
112;116;1
112;117;1
112;118;1
112;119;1
112;120;1
112;121;1
112;122;1
112;123;1
112;124;1
112;125;1
112;126;1
112;127;1
112;128;1
112;129;1
112;130;1
112;131;1
112;132;1
112;133;1
112;134;1
112;135;1
112;136;1
112;137;1
112;138;1
112;139;1
112;140;1
112;141;34
112;142;34
112;143;34
112;144;34
112;145;34
112;146;34
112;147;34
112;148;34
112;149;34
112;150;34
112;151;5
112;152;5
112;153;5
112;154;5
112;155;5
112;156;5
112;157;5
112;158;5
112;159;5
112;160;5
112;161;5
112;162;5
112;163;5
112;164;5
112;165;5
112;166;5
112;167;5
112;168;5
112;169;5
112;170;5
112;171;5
112;172;13
112;173;13
112;174;13
112;175;13
112;176;13
112;177;13
112;178;13
112;179;13
112;180;13
112;181;13
112;182;13
112;183;13
112;184;13
112;185;13
112;186;13
112;187;13
112;188;13
112;189;13
112;190;13
112;191;13
112;192;13
112;193;13
112;194;48
112;195;48
112;196;48
112;197;48
112;198;48
112;199;48
112;200;48
112;201;48
112;202;48
112;203;48
112;204;48
112;205;48
112;206;48
112;207;48
112;208;48
112;209;48
112;210;48
112;211;48
112;212;48
112;213;48
112;214;48
112;215;22
112;216;22
112;217;22
112;218;22
112;219;22
112;220;22
112;221;22
112;222;22
112;223;22
112;224;22
112;225;22
112;226;22
112;227;22
112;228;22
112;229;22
112;230;22
112;231;22
112;232;22
112;233;22
112;234;22
112;235;22
112;236;22
112;237;22
112;238;47
112;239;47
112;240;47
112;241;47
112;242;47
112;243;47
112;244;47
112;245;47
112;246;47
112;247;47
112;248;47
112;249;47
112;250;47
112;251;47
112;252;47
112;253;47
112;254;47
112;255;47
112;256;47
112;257;32
112;258;32
112;259;32
112;260;32
112;261;32
112;262;32
112;263;33
112;264;33
112;265;33
112;266;33
112;267;33
112;268;33
112;269;33
112;270;33
112;271;33
112;272;33
112;273;33
112;274;33
112;275;33
112;276;33
112;277;33
112;278;33
112;279;33
112;280;33
112;281;33
112;282;33
112;283;33
112;284;33
112;285;33
112;286;33
112;287;33
112;288;33
112;289;33
112;290;33
112;291;33
112;292;33
112;293;33
112;294;33
112;295;33
112;296;33
112;297;33
112;298;33
112;299;33
112;300;33
112;301;33
112;302;33
112;303;33
112;304;33
112;305;33
112;306;33
112;307;33
112;308;33
112;309;33
112;310;33
112;311;33
112;312;33
112;313;33
112;314;33
112;315;33
112;316;33
112;317;33
112;318;33
112;319;33
112;320;15
112;321;15
112;322;15
112;323;15
112;324;15
112;325;15
112;326;15
112;327;15
112;328;15
112;329;15
112;330;15
112;331;15
112;332;15
112;333;15
112;334;15
112;335;15
112;336;15
112;337;15
112;338;15
112;339;15
112;340;15
112;341;15
112;342;15
112;343;15
112;344;15
112;345;15
112;346;15
112;347;15
112;348;15
112;349;15
112;350;15
112;351;15
112;352;15
112;353;15
112;354;44
112;355;44
112;356;44
112;357;44
112;358;44
112;359;44
112;360;44
112;361;44
112;362;44
112;363;44
112;364;44
112;365;44
112;366;44
112;367;44
112;368;44
112;369;44
112;370;44
112;371;44
112;372;44
112;373;44
112;374;44
112;375;44
112;376;44
112;377;44
112;378;41
112;379;41
112;380;41
112;381;41
112;382;41
112;383;41
112;384;41
112;385;41
112;386;41
112;387;41
112;388;41
112;389;41
112;390;41
112;391;41
112;392;41
112;393;41
112;394;41
112;395;41
112;396;41
112;397;41
112;398;41
112;399;41
112;400;41
112;401;41
112;402;41
112;403;41
112;404;1
112;405;1
112;406;1
112;407;1
112;408;1
112;409;1
112;410;1
112;411;1
112;412;1
112;413;1
112;414;1
112;415;1
112;416;1
112;417;1
112;418;1
112;419;1
112;420;1
112;421;1
112;422;1
112;423;1
112;424;1
112;425;22
112;426;22
112;427;22
112;428;22
112;429;22
112;430;22
112;431;22
112;432;22
112;433;22
112;434;22
112;435;22
112;436;22
112;437;22
112;438;22
112;439;22
112;440;22
112;441;22
112;442;22
112;443;22
112;444;22
112;445;22
112;446;22
112;447;22
112;448;22
112;449;22
112;450;22
112;451;22
112;452;22
112;453;22
112;454;22
112;455;22
112;456;22
112;457;22
112;458;47
112;459;47
112;460;47
112;461;47
112;462;47
112;463;47
112;464;47
112;465;47
112;466;47
112;467;47
112;468;47
112;469;47
112;470;47
112;471;47
112;472;37
112;473;37
112;474;37
112;475;37
112;476;37
112;477;37
112;478;37
112;479;37
112;480;37
112;481;37
112;482;37
112;483;37
112;484;37
112;485;37
112;486;37
112;487;37
112;488;37
112;489;37
112;490;37
112;491;37
112;492;37
112;493;37
112;494;37
112;495;37
112;496;37
112;497;37
112;498;37
112;499;37
113;0;20
113;1;20
113;2;20
113;3;20
113;4;20
113;5;20
113;6;20
113;7;20
113;8;20
113;9;20
113;10;20
113;11;20
113;12;20
113;13;20
113;14;20
113;15;20
113;16;20
113;17;20
113;18;20
113;19;20
113;20;20
113;21;20
113;22;20
113;23;20
113;24;20
113;25;20
113;26;20
113;27;20
113;28;20
113;29;45
113;30;45
113;31;45
113;32;45
113;33;45
113;34;45
113;35;45
113;36;45
113;37;45
113;38;45
113;39;45
113;40;45
113;41;45
113;42;40
113;43;40
113;44;40
113;45;40
113;46;40
113;47;40
113;48;40
113;49;40
113;50;40
113;51;40
113;52;40
113;53;40
113;54;43
113;55;43
113;56;43
113;57;43
113;58;43
113;59;43
113;60;43
113;61;43
113;62;43
113;63;43
113;64;43
113;65;43
113;66;43
113;67;43
113;68;43
113;69;43
113;70;43
113;71;43
113;72;43
113;73;43
113;74;43
113;75;43
113;76;43
113;77;43
113;78;43
113;79;43
113;80;43
113;81;43
113;82;43
113;83;43
113;84;43
113;85;43
113;86;43
113;87;43
113;88;43
113;89;43
113;90;43
113;91;43
113;92;43
113;93;43
113;94;43
113;95;1
113;96;1
113;97;1
113;98;1
113;99;1
113;100;1
113;101;1
113;102;1
113;103;1
113;104;1
113;105;1
113;106;1
113;107;1
113;108;1
113;109;1
113;110;1
113;111;1
113;112;1
113;113;1
113;114;1
113;115;1
113;116;1
113;117;1
113;118;1
113;119;1
113;120;1
113;121;1
113;122;1
113;123;1
113;124;1
113;125;1
113;126;1
113;127;1
113;128;1
113;129;1
113;130;1
113;131;1
113;132;1
113;133;1
113;134;1
113;135;1
113;136;1
113;137;1
113;138;1
113;139;1
113;140;34
113;141;34
113;142;34
113;143;34
113;144;34
113;145;34
113;146;34
113;147;34
113;148;34
113;149;34
113;150;34
113;151;34
113;152;5
113;153;5
113;154;5
113;155;5
113;156;5
113;157;5
113;158;5
113;159;5
113;160;5
113;161;5
113;162;5
113;163;5
113;164;5
113;165;5
113;166;5
113;167;5
113;168;5
113;169;5
113;170;5
113;171;5
113;172;5
113;173;13
113;174;13
113;175;13
113;176;13
113;177;13
113;178;13
113;179;13
113;180;13
113;181;13
113;182;13
113;183;13
113;184;13
113;185;13
113;186;13
113;187;13
113;188;13
113;189;13
113;190;13
113;191;13
113;192;13
113;193;13
113;194;13
113;195;48
113;196;48
113;197;48
113;198;48
113;199;48
113;200;48
113;201;48
113;202;48
113;203;48
113;204;48
113;205;48
113;206;48
113;207;48
113;208;48
113;209;48
113;210;48
113;211;48
113;212;48
113;213;48
113;214;48
113;215;48
113;216;22
113;217;22
113;218;22
113;219;22
113;220;22
113;221;22
113;222;22
113;223;22
113;224;22
113;225;22
113;226;22
113;227;22
113;228;22
113;229;22
113;230;22
113;231;22
113;232;22
113;233;22
113;234;22
113;235;22
113;236;22
113;237;22
113;238;22
113;239;47
113;240;47
113;241;47
113;242;47
113;243;47
113;244;47
113;245;47
113;246;47
113;247;47
113;248;47
113;249;47
113;250;47
113;251;47
113;252;47
113;253;47
113;254;47
113;255;47
113;256;32
113;257;32
113;258;32
113;259;32
113;260;32
113;261;32
113;262;32
113;263;32
113;264;33
113;265;33
113;266;33
113;267;33
113;268;33
113;269;33
113;270;33
113;271;33
113;272;33
113;273;33
113;274;33
113;275;33
113;276;33
113;277;33
113;278;33
113;279;33
113;280;33
113;281;33
113;282;33
113;283;33
113;284;33
113;285;33
113;286;33
113;287;33
113;288;33
113;289;33
113;290;33
113;291;33
113;292;33
113;293;33
113;294;33
113;295;33
113;296;33
113;297;33
113;298;33
113;299;33
113;300;33
113;301;33
113;302;33
113;303;33
113;304;33
113;305;33
113;306;33
113;307;33
113;308;33
113;309;33
113;310;33
113;311;33
113;312;33
113;313;33
113;314;33
113;315;33
113;316;33
113;317;33
113;318;33
113;319;33
113;320;15
113;321;15
113;322;15
113;323;15
113;324;15
113;325;15
113;326;15
113;327;15
113;328;15
113;329;15
113;330;15
113;331;15
113;332;15
113;333;15
113;334;15
113;335;15
113;336;15
113;337;15
113;338;15
113;339;15
113;340;15
113;341;15
113;342;15
113;343;15
113;344;15
113;345;15
113;346;15
113;347;15
113;348;15
113;349;15
113;350;15
113;351;15
113;352;15
113;353;15
113;354;44
113;355;44
113;356;44
113;357;44
113;358;44
113;359;44
113;360;44
113;361;44
113;362;44
113;363;44
113;364;44
113;365;44
113;366;44
113;367;44
113;368;44
113;369;44
113;370;44
113;371;44
113;372;44
113;373;44
113;374;44
113;375;44
113;376;44
113;377;44
113;378;41
113;379;41
113;380;41
113;381;41
113;382;41
113;383;41
113;384;41
113;385;41
113;386;41
113;387;41
113;388;41
113;389;41
113;390;41
113;391;41
113;392;41
113;393;41
113;394;41
113;395;41
113;396;41
113;397;41
113;398;41
113;399;41
113;400;41
113;401;41
113;402;41
113;403;41
113;404;41
113;405;1
113;406;1
113;407;1
113;408;1
113;409;1
113;410;1
113;411;1
113;412;1
113;413;1
113;414;1
113;415;1
113;416;1
113;417;1
113;418;1
113;419;1
113;420;1
113;421;1
113;422;1
113;423;1
113;424;1
113;425;22
113;426;22
113;427;22
113;428;22
113;429;22
113;430;22
113;431;22
113;432;22
113;433;22
113;434;22
113;435;22
113;436;22
113;437;22
113;438;22
113;439;22
113;440;22
113;441;22
113;442;22
113;443;22
113;444;22
113;445;22
113;446;22
113;447;22
113;448;22
113;449;22
113;450;22
113;451;22
113;452;22
113;453;22
113;454;22
113;455;22
113;456;22
113;457;22
113;458;47
113;459;47
113;460;47
113;461;47
113;462;47
113;463;47
113;464;47
113;465;47
113;466;47
113;467;47
113;468;47
113;469;47
113;470;47
113;471;47
113;472;47
113;473;37
113;474;37
113;475;37
113;476;37
113;477;37
113;478;37
113;479;37
113;480;37
113;481;37
113;482;37
113;483;37
113;484;37
113;485;37
113;486;37
113;487;37
113;488;37
113;489;37
113;490;37
113;491;37
113;492;37
113;493;37
113;494;37
113;495;37
113;496;37
113;497;37
113;498;37
113;499;37
114;0;20
114;1;20
114;2;20
114;3;20
114;4;20
114;5;20
114;6;20
114;7;20
114;8;20
114;9;20
114;10;20
114;11;20
114;12;20
114;13;20
114;14;20
114;15;20
114;16;20
114;17;20
114;18;20
114;19;20
114;20;20
114;21;20
114;22;20
114;23;20
114;24;20
114;25;20
114;26;20
114;27;20
114;28;20
114;29;20
114;30;20
114;31;40
114;32;40
114;33;40
114;34;40
114;35;40
114;36;40
114;37;40
114;38;40
114;39;40
114;40;40
114;41;40
114;42;40
114;43;40
114;44;40
114;45;40
114;46;40
114;47;40
114;48;40
114;49;40
114;50;40
114;51;40
114;52;40
114;53;40
114;54;40
114;55;43
114;56;43
114;57;43
114;58;43
114;59;43
114;60;43
114;61;43
114;62;43
114;63;43
114;64;43
114;65;43
114;66;43
114;67;43
114;68;43
114;69;43
114;70;43
114;71;43
114;72;43
114;73;43
114;74;43
114;75;43
114;76;43
114;77;43
114;78;43
114;79;43
114;80;43
114;81;43
114;82;43
114;83;43
114;84;43
114;85;43
114;86;43
114;87;43
114;88;43
114;89;43
114;90;43
114;91;43
114;92;43
114;93;43
114;94;43
114;95;1
114;96;1
114;97;1
114;98;1
114;99;1
114;100;1
114;101;1
114;102;1
114;103;1
114;104;1
114;105;1
114;106;1
114;107;1
114;108;1
114;109;1
114;110;1
114;111;1
114;112;1
114;113;1
114;114;1
114;115;1
114;116;1
114;117;1
114;118;1
114;119;1
114;120;1
114;121;1
114;122;1
114;123;1
114;124;1
114;125;1
114;126;1
114;127;1
114;128;1
114;129;1
114;130;1
114;131;1
114;132;1
114;133;1
114;134;1
114;135;1
114;136;1
114;137;1
114;138;1
114;139;34
114;140;34
114;141;34
114;142;34
114;143;34
114;144;34
114;145;34
114;146;34
114;147;34
114;148;34
114;149;34
114;150;34
114;151;34
114;152;34
114;153;5
114;154;5
114;155;5
114;156;5
114;157;5
114;158;5
114;159;5
114;160;5
114;161;5
114;162;5
114;163;5
114;164;5
114;165;5
114;166;5
114;167;5
114;168;5
114;169;5
114;170;5
114;171;5
114;172;5
114;173;5
114;174;13
114;175;13
114;176;13
114;177;13
114;178;13
114;179;13
114;180;13
114;181;13
114;182;13
114;183;13
114;184;13
114;185;13
114;186;13
114;187;13
114;188;13
114;189;13
114;190;13
114;191;13
114;192;13
114;193;13
114;194;13
114;195;13
114;196;48
114;197;48
114;198;48
114;199;48
114;200;48
114;201;48
114;202;48
114;203;48
114;204;48
114;205;48
114;206;48
114;207;48
114;208;48
114;209;48
114;210;48
114;211;48
114;212;48
114;213;48
114;214;48
114;215;48
114;216;48
114;217;22
114;218;22
114;219;22
114;220;22
114;221;22
114;222;22
114;223;22
114;224;22
114;225;22
114;226;22
114;227;22
114;228;22
114;229;22
114;230;22
114;231;22
114;232;22
114;233;22
114;234;22
114;235;22
114;236;22
114;237;22
114;238;22
114;239;22
114;240;47
114;241;47
114;242;47
114;243;47
114;244;47
114;245;47
114;246;47
114;247;47
114;248;47
114;249;47
114;250;47
114;251;47
114;252;47
114;253;47
114;254;47
114;255;32
114;256;32
114;257;32
114;258;32
114;259;32
114;260;32
114;261;32
114;262;32
114;263;32
114;264;32
114;265;33
114;266;33
114;267;33
114;268;33
114;269;33
114;270;33
114;271;33
114;272;33
114;273;33
114;274;33
114;275;33
114;276;33
114;277;33
114;278;33
114;279;33
114;280;33
114;281;33
114;282;33
114;283;33
114;284;33
114;285;33
114;286;33
114;287;33
114;288;33
114;289;33
114;290;33
114;291;33
114;292;33
114;293;33
114;294;33
114;295;33
114;296;33
114;297;33
114;298;33
114;299;33
114;300;33
114;301;33
114;302;33
114;303;33
114;304;33
114;305;33
114;306;33
114;307;33
114;308;33
114;309;33
114;310;33
114;311;33
114;312;33
114;313;33
114;314;33
114;315;33
114;316;33
114;317;33
114;318;33
114;319;33
114;320;15
114;321;15
114;322;15
114;323;15
114;324;15
114;325;15
114;326;15
114;327;15
114;328;15
114;329;15
114;330;15
114;331;15
114;332;15
114;333;15
114;334;15
114;335;15
114;336;15
114;337;15
114;338;15
114;339;15
114;340;15
114;341;15
114;342;15
114;343;15
114;344;15
114;345;15
114;346;15
114;347;15
114;348;15
114;349;15
114;350;15
114;351;15
114;352;15
114;353;15
114;354;15
114;355;44
114;356;44
114;357;44
114;358;44
114;359;44
114;360;44
114;361;44
114;362;44
114;363;44
114;364;44
114;365;44
114;366;44
114;367;44
114;368;44
114;369;44
114;370;44
114;371;44
114;372;44
114;373;44
114;374;44
114;375;44
114;376;44
114;377;44
114;378;44
114;379;41
114;380;41
114;381;41
114;382;41
114;383;41
114;384;41
114;385;41
114;386;41
114;387;41
114;388;41
114;389;41
114;390;41
114;391;41
114;392;41
114;393;41
114;394;41
114;395;41
114;396;41
114;397;41
114;398;41
114;399;41
114;400;41
114;401;41
114;402;41
114;403;41
114;404;41
114;405;1
114;406;1
114;407;1
114;408;1
114;409;1
114;410;1
114;411;1
114;412;1
114;413;1
114;414;1
114;415;1
114;416;1
114;417;1
114;418;1
114;419;1
114;420;1
114;421;1
114;422;1
114;423;1
114;424;1
114;425;1
114;426;22
114;427;22
114;428;22
114;429;22
114;430;22
114;431;22
114;432;22
114;433;22
114;434;22
114;435;22
114;436;22
114;437;22
114;438;22
114;439;22
114;440;22
114;441;22
114;442;22
114;443;22
114;444;22
114;445;22
114;446;22
114;447;22
114;448;22
114;449;22
114;450;22
114;451;22
114;452;22
114;453;22
114;454;22
114;455;22
114;456;22
114;457;22
114;458;47
114;459;47
114;460;47
114;461;47
114;462;47
114;463;47
114;464;47
114;465;47
114;466;47
114;467;47
114;468;47
114;469;47
114;470;47
114;471;47
114;472;47
114;473;47
114;474;37
114;475;37
114;476;37
114;477;37
114;478;37
114;479;37
114;480;37
114;481;37
114;482;37
114;483;37
114;484;37
114;485;37
114;486;37
114;487;37
114;488;37
114;489;37
114;490;37
114;491;37
114;492;37
114;493;37
114;494;37
114;495;37
114;496;37
114;497;37
114;498;37
114;499;37
115;0;20
115;1;20
115;2;20
115;3;20
115;4;20
115;5;20
115;6;20
115;7;20
115;8;20
115;9;20
115;10;20
115;11;20
115;12;20
115;13;20
115;14;20
115;15;20
115;16;20
115;17;20
115;18;20
115;19;20
115;20;20
115;21;20
115;22;20
115;23;20
115;24;20
115;25;20
115;26;20
115;27;20
115;28;20
115;29;20
115;30;20
115;31;40
115;32;40
115;33;40
115;34;40
115;35;40
115;36;40
115;37;40
115;38;40
115;39;40
115;40;40
115;41;40
115;42;40
115;43;40
115;44;40
115;45;40
115;46;40
115;47;40
115;48;40
115;49;40
115;50;40
115;51;40
115;52;40
115;53;40
115;54;40
115;55;40
115;56;43
115;57;43
115;58;43
115;59;43
115;60;43
115;61;43
115;62;43
115;63;43
115;64;43
115;65;43
115;66;43
115;67;43
115;68;43
115;69;43
115;70;43
115;71;43
115;72;43
115;73;43
115;74;43
115;75;43
115;76;43
115;77;43
115;78;43
115;79;43
115;80;43
115;81;43
115;82;43
115;83;43
115;84;43
115;85;43
115;86;43
115;87;43
115;88;43
115;89;43
115;90;43
115;91;43
115;92;43
115;93;43
115;94;43
115;95;43
115;96;1
115;97;1
115;98;1
115;99;1
115;100;1
115;101;1
115;102;1
115;103;1
115;104;1
115;105;1
115;106;1
115;107;1
115;108;1
115;109;1
115;110;1
115;111;1
115;112;1
115;113;1
115;114;1
115;115;1
115;116;1
115;117;1
115;118;1
115;119;1
115;120;1
115;121;1
115;122;1
115;123;1
115;124;1
115;125;1
115;126;1
115;127;1
115;128;1
115;129;1
115;130;1
115;131;1
115;132;1
115;133;1
115;134;1
115;135;1
115;136;1
115;137;1
115;138;34
115;139;34
115;140;34
115;141;34
115;142;34
115;143;34
115;144;34
115;145;34
115;146;34
115;147;34
115;148;34
115;149;34
115;150;34
115;151;34
115;152;34
115;153;34
115;154;5
115;155;5
115;156;5
115;157;5
115;158;5
115;159;5
115;160;5
115;161;5
115;162;5
115;163;5
115;164;5
115;165;5
115;166;5
115;167;5
115;168;5
115;169;5
115;170;5
115;171;5
115;172;5
115;173;5
115;174;5
115;175;13
115;176;13
115;177;13
115;178;13
115;179;13
115;180;13
115;181;13
115;182;13
115;183;13
115;184;13
115;185;13
115;186;13
115;187;13
115;188;13
115;189;13
115;190;13
115;191;13
115;192;13
115;193;13
115;194;13
115;195;13
115;196;13
115;197;48
115;198;48
115;199;48
115;200;48
115;201;48
115;202;48
115;203;48
115;204;48
115;205;48
115;206;48
115;207;48
115;208;48
115;209;48
115;210;48
115;211;48
115;212;48
115;213;48
115;214;48
115;215;48
115;216;48
115;217;22
115;218;22
115;219;22
115;220;22
115;221;22
115;222;22
115;223;22
115;224;22
115;225;22
115;226;22
115;227;22
115;228;22
115;229;22
115;230;22
115;231;22
115;232;22
115;233;22
115;234;22
115;235;22
115;236;22
115;237;22
115;238;22
115;239;22
115;240;22
115;241;47
115;242;47
115;243;47
115;244;47
115;245;47
115;246;47
115;247;47
115;248;47
115;249;47
115;250;47
115;251;47
115;252;47
115;253;47
115;254;32
115;255;32
115;256;32
115;257;32
115;258;32
115;259;32
115;260;32
115;261;32
115;262;32
115;263;32
115;264;32
115;265;32
115;266;33
115;267;33
115;268;33
115;269;33
115;270;33
115;271;33
115;272;33
115;273;33
115;274;33
115;275;33
115;276;33
115;277;33
115;278;33
115;279;33
115;280;33
115;281;33
115;282;33
115;283;33
115;284;33
115;285;33
115;286;33
115;287;33
115;288;33
115;289;33
115;290;33
115;291;33
115;292;33
115;293;33
115;294;33
115;295;33
115;296;33
115;297;33
115;298;33
115;299;33
115;300;33
115;301;33
115;302;33
115;303;33
115;304;33
115;305;33
115;306;33
115;307;33
115;308;33
115;309;33
115;310;33
115;311;33
115;312;33
115;313;33
115;314;33
115;315;33
115;316;33
115;317;33
115;318;33
115;319;33
115;320;15
115;321;15
115;322;15
115;323;15
115;324;15
115;325;15
115;326;15
115;327;15
115;328;15
115;329;15
115;330;15
115;331;15
115;332;15
115;333;15
115;334;15
115;335;15
115;336;15
115;337;15
115;338;15
115;339;15
115;340;15
115;341;15
115;342;15
115;343;15
115;344;15
115;345;15
115;346;15
115;347;15
115;348;15
115;349;15
115;350;15
115;351;15
115;352;15
115;353;15
115;354;15
115;355;44
115;356;44
115;357;44
115;358;44
115;359;44
115;360;44
115;361;44
115;362;44
115;363;44
115;364;44
115;365;44
115;366;44
115;367;44
115;368;44
115;369;44
115;370;44
115;371;44
115;372;44
115;373;44
115;374;44
115;375;44
115;376;44
115;377;44
115;378;44
115;379;41
115;380;41
115;381;41
115;382;41
115;383;41
115;384;41
115;385;41
115;386;41
115;387;41
115;388;41
115;389;41
115;390;41
115;391;41
115;392;41
115;393;41
115;394;41
115;395;41
115;396;41
115;397;41
115;398;41
115;399;41
115;400;41
115;401;41
115;402;41
115;403;41
115;404;41
115;405;41
115;406;1
115;407;1
115;408;1
115;409;1
115;410;1
115;411;1
115;412;1
115;413;1
115;414;1
115;415;1
115;416;1
115;417;1
115;418;1
115;419;1
115;420;1
115;421;1
115;422;1
115;423;1
115;424;1
115;425;1
115;426;22
115;427;22
115;428;22
115;429;22
115;430;22
115;431;22
115;432;22
115;433;22
115;434;22
115;435;22
115;436;22
115;437;22
115;438;22
115;439;22
115;440;22
115;441;22
115;442;22
115;443;22
115;444;22
115;445;22
115;446;22
115;447;22
115;448;22
115;449;22
115;450;22
115;451;22
115;452;22
115;453;22
115;454;22
115;455;22
115;456;22
115;457;22
115;458;47
115;459;47
115;460;47
115;461;47
115;462;47
115;463;47
115;464;47
115;465;47
115;466;47
115;467;47
115;468;47
115;469;47
115;470;47
115;471;47
115;472;47
115;473;47
115;474;47
115;475;37
115;476;37
115;477;37
115;478;37
115;479;37
115;480;37
115;481;37
115;482;37
115;483;37
115;484;37
115;485;37
115;486;37
115;487;37
115;488;37
115;489;37
115;490;37
115;491;37
115;492;37
115;493;37
115;494;37
115;495;37
115;496;37
115;497;37
115;498;37
115;499;37
116;0;20
116;1;20
116;2;20
116;3;20
116;4;20
116;5;20
116;6;20
116;7;20
116;8;20
116;9;20
116;10;20
116;11;20
116;12;20
116;13;20
116;14;20
116;15;20
116;16;20
116;17;20
116;18;20
116;19;20
116;20;20
116;21;20
116;22;20
116;23;20
116;24;20
116;25;20
116;26;20
116;27;20
116;28;20
116;29;20
116;30;20
116;31;20
116;32;40
116;33;40
116;34;40
116;35;40
116;36;40
116;37;40
116;38;40
116;39;40
116;40;40
116;41;40
116;42;40
116;43;40
116;44;40
116;45;40
116;46;40
116;47;40
116;48;40
116;49;40
116;50;40
116;51;40
116;52;40
116;53;40
116;54;40
116;55;40
116;56;40
116;57;43
116;58;43
116;59;43
116;60;43
116;61;43
116;62;43
116;63;43
116;64;43
116;65;43
116;66;43
116;67;43
116;68;43
116;69;43
116;70;43
116;71;43
116;72;43
116;73;43
116;74;43
116;75;43
116;76;43
116;77;43
116;78;43
116;79;43
116;80;43
116;81;43
116;82;43
116;83;43
116;84;43
116;85;43
116;86;43
116;87;43
116;88;43
116;89;43
116;90;43
116;91;43
116;92;43
116;93;43
116;94;43
116;95;43
116;96;1
116;97;1
116;98;1
116;99;1
116;100;1
116;101;1
116;102;1
116;103;1
116;104;1
116;105;1
116;106;1
116;107;1
116;108;1
116;109;1
116;110;1
116;111;1
116;112;1
116;113;1
116;114;1
116;115;1
116;116;1
116;117;1
116;118;1
116;119;1
116;120;1
116;121;1
116;122;1
116;123;1
116;124;1
116;125;1
116;126;1
116;127;1
116;128;1
116;129;1
116;130;1
116;131;1
116;132;1
116;133;1
116;134;1
116;135;1
116;136;1
116;137;34
116;138;34
116;139;34
116;140;34
116;141;34
116;142;34
116;143;34
116;144;34
116;145;34
116;146;34
116;147;34
116;148;34
116;149;34
116;150;34
116;151;34
116;152;34
116;153;34
116;154;5
116;155;5
116;156;5
116;157;5
116;158;5
116;159;5
116;160;5
116;161;5
116;162;5
116;163;5
116;164;5
116;165;5
116;166;5
116;167;5
116;168;5
116;169;5
116;170;5
116;171;5
116;172;5
116;173;5
116;174;5
116;175;5
116;176;13
116;177;13
116;178;13
116;179;13
116;180;13
116;181;13
116;182;13
116;183;13
116;184;13
116;185;13
116;186;13
116;187;13
116;188;13
116;189;13
116;190;13
116;191;13
116;192;13
116;193;13
116;194;13
116;195;13
116;196;13
116;197;13
116;198;48
116;199;48
116;200;48
116;201;48
116;202;48
116;203;48
116;204;48
116;205;48
116;206;48
116;207;48
116;208;48
116;209;48
116;210;48
116;211;48
116;212;48
116;213;48
116;214;48
116;215;48
116;216;48
116;217;9
116;218;22
116;219;22
116;220;22
116;221;22
116;222;22
116;223;22
116;224;22
116;225;22
116;226;22
116;227;22
116;228;22
116;229;22
116;230;22
116;231;22
116;232;22
116;233;22
116;234;22
116;235;22
116;236;22
116;237;22
116;238;22
116;239;22
116;240;22
116;241;22
116;242;47
116;243;47
116;244;47
116;245;47
116;246;47
116;247;47
116;248;47
116;249;47
116;250;47
116;251;47
116;252;47
116;253;32
116;254;32
116;255;32
116;256;32
116;257;32
116;258;32
116;259;32
116;260;32
116;261;32
116;262;32
116;263;32
116;264;32
116;265;32
116;266;32
116;267;33
116;268;33
116;269;33
116;270;33
116;271;33
116;272;33
116;273;33
116;274;33
116;275;33
116;276;33
116;277;33
116;278;33
116;279;33
116;280;33
116;281;33
116;282;33
116;283;33
116;284;33
116;285;33
116;286;33
116;287;33
116;288;33
116;289;33
116;290;33
116;291;33
116;292;33
116;293;33
116;294;33
116;295;33
116;296;33
116;297;33
116;298;33
116;299;33
116;300;33
116;301;33
116;302;33
116;303;33
116;304;33
116;305;33
116;306;33
116;307;33
116;308;33
116;309;33
116;310;33
116;311;33
116;312;33
116;313;33
116;314;33
116;315;33
116;316;33
116;317;33
116;318;33
116;319;33
116;320;15
116;321;15
116;322;15
116;323;15
116;324;15
116;325;15
116;326;15
116;327;15
116;328;15
116;329;15
116;330;15
116;331;15
116;332;15
116;333;15
116;334;15
116;335;15
116;336;15
116;337;15
116;338;15
116;339;15
116;340;15
116;341;15
116;342;15
116;343;15
116;344;15
116;345;15
116;346;15
116;347;15
116;348;15
116;349;15
116;350;15
116;351;15
116;352;15
116;353;15
116;354;15
116;355;15
116;356;44
116;357;44
116;358;44
116;359;44
116;360;44
116;361;44
116;362;44
116;363;44
116;364;44
116;365;44
116;366;44
116;367;44
116;368;44
116;369;44
116;370;44
116;371;44
116;372;44
116;373;44
116;374;44
116;375;44
116;376;44
116;377;44
116;378;44
116;379;44
116;380;41
116;381;41
116;382;41
116;383;41
116;384;41
116;385;41
116;386;41
116;387;41
116;388;41
116;389;41
116;390;41
116;391;41
116;392;41
116;393;41
116;394;41
116;395;41
116;396;41
116;397;41
116;398;41
116;399;41
116;400;41
116;401;41
116;402;41
116;403;41
116;404;41
116;405;41
116;406;1
116;407;1
116;408;1
116;409;1
116;410;1
116;411;1
116;412;1
116;413;1
116;414;1
116;415;1
116;416;1
116;417;1
116;418;1
116;419;1
116;420;1
116;421;1
116;422;1
116;423;1
116;424;1
116;425;1
116;426;1
116;427;22
116;428;22
116;429;22
116;430;22
116;431;22
116;432;22
116;433;22
116;434;22
116;435;22
116;436;22
116;437;22
116;438;22
116;439;22
116;440;22
116;441;22
116;442;22
116;443;22
116;444;22
116;445;22
116;446;22
116;447;22
116;448;22
116;449;22
116;450;22
116;451;22
116;452;22
116;453;22
116;454;22
116;455;22
116;456;22
116;457;22
116;458;22
116;459;47
116;460;47
116;461;47
116;462;47
116;463;47
116;464;47
116;465;47
116;466;47
116;467;47
116;468;47
116;469;47
116;470;47
116;471;47
116;472;47
116;473;47
116;474;47
116;475;47
116;476;37
116;477;37
116;478;37
116;479;37
116;480;37
116;481;37
116;482;37
116;483;37
116;484;37
116;485;37
116;486;37
116;487;37
116;488;37
116;489;37
116;490;37
116;491;37
116;492;37
116;493;37
116;494;37
116;495;37
116;496;37
116;497;37
116;498;37
116;499;37
117;0;20
117;1;20
117;2;20
117;3;20
117;4;20
117;5;20
117;6;20
117;7;20
117;8;20
117;9;20
117;10;20
117;11;20
117;12;20
117;13;20
117;14;20
117;15;20
117;16;20
117;17;20
117;18;20
117;19;20
117;20;20
117;21;20
117;22;20
117;23;20
117;24;20
117;25;20
117;26;20
117;27;20
117;28;20
117;29;20
117;30;20
117;31;20
117;32;40
117;33;40
117;34;40
117;35;40
117;36;40
117;37;40
117;38;40
117;39;40
117;40;40
117;41;40
117;42;40
117;43;40
117;44;40
117;45;40
117;46;40
117;47;40
117;48;40
117;49;40
117;50;40
117;51;40
117;52;40
117;53;40
117;54;40
117;55;40
117;56;40
117;57;40
117;58;43
117;59;43
117;60;43
117;61;43
117;62;43
117;63;43
117;64;43
117;65;43
117;66;43
117;67;43
117;68;43
117;69;43
117;70;43
117;71;43
117;72;43
117;73;43
117;74;43
117;75;43
117;76;43
117;77;43
117;78;43
117;79;43
117;80;43
117;81;43
117;82;43
117;83;43
117;84;43
117;85;43
117;86;43
117;87;43
117;88;43
117;89;43
117;90;43
117;91;43
117;92;43
117;93;43
117;94;43
117;95;43
117;96;43
117;97;1
117;98;1
117;99;1
117;100;1
117;101;1
117;102;1
117;103;1
117;104;1
117;105;1
117;106;1
117;107;1
117;108;1
117;109;1
117;110;1
117;111;1
117;112;1
117;113;1
117;114;1
117;115;1
117;116;1
117;117;1
117;118;1
117;119;1
117;120;1
117;121;1
117;122;1
117;123;1
117;124;1
117;125;1
117;126;1
117;127;1
117;128;1
117;129;1
117;130;1
117;131;1
117;132;1
117;133;1
117;134;1
117;135;1
117;136;34
117;137;34
117;138;34
117;139;34
117;140;34
117;141;34
117;142;34
117;143;34
117;144;34
117;145;34
117;146;34
117;147;34
117;148;34
117;149;34
117;150;34
117;151;34
117;152;34
117;153;34
117;154;34
117;155;5
117;156;5
117;157;5
117;158;5
117;159;5
117;160;5
117;161;5
117;162;5
117;163;5
117;164;5
117;165;5
117;166;5
117;167;5
117;168;5
117;169;5
117;170;5
117;171;5
117;172;5
117;173;5
117;174;5
117;175;5
117;176;5
117;177;13
117;178;13
117;179;13
117;180;13
117;181;13
117;182;13
117;183;13
117;184;13
117;185;13
117;186;13
117;187;13
117;188;13
117;189;13
117;190;13
117;191;13
117;192;13
117;193;13
117;194;13
117;195;13
117;196;13
117;197;13
117;198;13
117;199;48
117;200;48
117;201;48
117;202;48
117;203;48
117;204;48
117;205;48
117;206;48
117;207;48
117;208;48
117;209;48
117;210;48
117;211;48
117;212;48
117;213;48
117;214;48
117;215;48
117;216;9
117;217;9
117;218;9
117;219;9
117;220;22
117;221;22
117;222;22
117;223;22
117;224;22
117;225;22
117;226;22
117;227;22
117;228;22
117;229;22
117;230;22
117;231;22
117;232;22
117;233;22
117;234;22
117;235;22
117;236;22
117;237;22
117;238;22
117;239;22
117;240;22
117;241;22
117;242;22
117;243;47
117;244;47
117;245;47
117;246;47
117;247;47
117;248;47
117;249;47
117;250;47
117;251;47
117;252;32
117;253;32
117;254;32
117;255;32
117;256;32
117;257;32
117;258;32
117;259;32
117;260;32
117;261;32
117;262;32
117;263;32
117;264;32
117;265;32
117;266;32
117;267;32
117;268;33
117;269;33
117;270;33
117;271;33
117;272;33
117;273;33
117;274;33
117;275;33
117;276;33
117;277;33
117;278;33
117;279;33
117;280;33
117;281;33
117;282;33
117;283;33
117;284;33
117;285;33
117;286;33
117;287;33
117;288;33
117;289;33
117;290;33
117;291;33
117;292;33
117;293;33
117;294;33
117;295;33
117;296;33
117;297;33
117;298;33
117;299;33
117;300;33
117;301;33
117;302;33
117;303;33
117;304;33
117;305;33
117;306;33
117;307;33
117;308;33
117;309;33
117;310;33
117;311;33
117;312;33
117;313;33
117;314;33
117;315;33
117;316;33
117;317;33
117;318;33
117;319;33
117;320;15
117;321;15
117;322;15
117;323;15
117;324;15
117;325;15
117;326;15
117;327;15
117;328;15
117;329;15
117;330;15
117;331;15
117;332;15
117;333;15
117;334;15
117;335;15
117;336;15
117;337;15
117;338;15
117;339;15
117;340;15
117;341;15
117;342;15
117;343;15
117;344;15
117;345;15
117;346;15
117;347;15
117;348;15
117;349;15
117;350;15
117;351;15
117;352;15
117;353;15
117;354;15
117;355;15
117;356;44
117;357;44
117;358;44
117;359;44
117;360;44
117;361;44
117;362;44
117;363;44
117;364;44
117;365;44
117;366;44
117;367;44
117;368;44
117;369;44
117;370;44
117;371;44
117;372;44
117;373;44
117;374;44
117;375;44
117;376;44
117;377;44
117;378;44
117;379;44
117;380;41
117;381;41
117;382;41
117;383;41
117;384;41
117;385;41
117;386;41
117;387;41
117;388;41
117;389;41
117;390;41
117;391;41
117;392;41
117;393;41
117;394;41
117;395;41
117;396;41
117;397;41
117;398;41
117;399;41
117;400;41
117;401;41
117;402;41
117;403;41
117;404;41
117;405;41
117;406;41
117;407;1
117;408;1
117;409;1
117;410;1
117;411;1
117;412;1
117;413;1
117;414;1
117;415;1
117;416;1
117;417;1
117;418;1
117;419;1
117;420;1
117;421;1
117;422;1
117;423;1
117;424;1
117;425;1
117;426;1
117;427;1
117;428;22
117;429;22
117;430;22
117;431;22
117;432;22
117;433;22
117;434;22
117;435;22
117;436;22
117;437;22
117;438;22
117;439;22
117;440;22
117;441;22
117;442;22
117;443;22
117;444;22
117;445;22
117;446;22
117;447;22
117;448;22
117;449;22
117;450;22
117;451;22
117;452;22
117;453;22
117;454;22
117;455;22
117;456;22
117;457;22
117;458;22
117;459;47
117;460;47
117;461;47
117;462;47
117;463;47
117;464;47
117;465;47
117;466;47
117;467;47
117;468;47
117;469;47
117;470;47
117;471;47
117;472;47
117;473;47
117;474;47
117;475;47
117;476;47
117;477;37
117;478;37
117;479;37
117;480;37
117;481;37
117;482;37
117;483;37
117;484;37
117;485;37
117;486;37
117;487;37
117;488;37
117;489;37
117;490;37
117;491;37
117;492;37
117;493;37
117;494;37
117;495;37
117;496;37
117;497;37
117;498;37
117;499;37
118;0;2
118;1;20
118;2;20
118;3;20
118;4;20
118;5;20
118;6;20
118;7;20
118;8;20
118;9;20
118;10;20
118;11;20
118;12;20
118;13;20
118;14;20
118;15;20
118;16;20
118;17;20
118;18;20
118;19;20
118;20;20
118;21;20
118;22;20
118;23;20
118;24;20
118;25;20
118;26;20
118;27;20
118;28;20
118;29;20
118;30;20
118;31;20
118;32;20
118;33;40
118;34;40
118;35;40
118;36;40
118;37;40
118;38;40
118;39;40
118;40;40
118;41;40
118;42;40
118;43;40
118;44;40
118;45;40
118;46;40
118;47;40
118;48;40
118;49;40
118;50;40
118;51;40
118;52;40
118;53;40
118;54;40
118;55;40
118;56;40
118;57;40
118;58;40
118;59;43
118;60;43
118;61;43
118;62;43
118;63;43
118;64;43
118;65;43
118;66;43
118;67;43
118;68;43
118;69;43
118;70;43
118;71;43
118;72;43
118;73;43
118;74;43
118;75;43
118;76;43
118;77;43
118;78;43
118;79;43
118;80;43
118;81;43
118;82;43
118;83;43
118;84;43
118;85;43
118;86;43
118;87;43
118;88;43
118;89;43
118;90;43
118;91;43
118;92;43
118;93;43
118;94;43
118;95;43
118;96;43
118;97;1
118;98;1
118;99;1
118;100;1
118;101;1
118;102;1
118;103;1
118;104;1
118;105;1
118;106;1
118;107;1
118;108;1
118;109;1
118;110;1
118;111;1
118;112;1
118;113;1
118;114;1
118;115;1
118;116;1
118;117;1
118;118;1
118;119;1
118;120;1
118;121;1
118;122;1
118;123;1
118;124;1
118;125;1
118;126;1
118;127;1
118;128;1
118;129;1
118;130;1
118;131;1
118;132;1
118;133;1
118;134;1
118;135;34
118;136;34
118;137;34
118;138;34
118;139;34
118;140;34
118;141;34
118;142;34
118;143;34
118;144;34
118;145;34
118;146;34
118;147;34
118;148;34
118;149;34
118;150;34
118;151;34
118;152;34
118;153;34
118;154;34
118;155;5
118;156;5
118;157;5
118;158;5
118;159;5
118;160;5
118;161;5
118;162;5
118;163;5
118;164;5
118;165;5
118;166;5
118;167;5
118;168;5
118;169;5
118;170;5
118;171;5
118;172;5
118;173;5
118;174;5
118;175;5
118;176;5
118;177;5
118;178;13
118;179;13
118;180;13
118;181;13
118;182;13
118;183;13
118;184;13
118;185;13
118;186;13
118;187;13
118;188;13
118;189;13
118;190;13
118;191;13
118;192;13
118;193;13
118;194;13
118;195;13
118;196;13
118;197;13
118;198;13
118;199;13
118;200;48
118;201;48
118;202;48
118;203;48
118;204;48
118;205;48
118;206;48
118;207;48
118;208;19
118;209;19
118;210;19
118;211;19
118;212;19
118;213;19
118;214;19
118;215;19
118;216;9
118;217;9
118;218;9
118;219;9
118;220;9
118;221;9
118;222;22
118;223;22
118;224;22
118;225;22
118;226;22
118;227;22
118;228;22
118;229;22
118;230;22
118;231;22
118;232;22
118;233;22
118;234;22
118;235;22
118;236;22
118;237;22
118;238;22
118;239;22
118;240;22
118;241;22
118;242;22
118;243;22
118;244;47
118;245;47
118;246;47
118;247;47
118;248;47
118;249;47
118;250;47
118;251;32
118;252;32
118;253;32
118;254;32
118;255;32
118;256;32
118;257;32
118;258;32
118;259;32
118;260;32
118;261;32
118;262;32
118;263;32
118;264;32
118;265;32
118;266;32
118;267;32
118;268;32
118;269;33
118;270;33
118;271;33
118;272;33
118;273;33
118;274;33
118;275;33
118;276;33
118;277;33
118;278;33
118;279;33
118;280;33
118;281;33
118;282;33
118;283;33
118;284;33
118;285;33
118;286;33
118;287;33
118;288;33
118;289;33
118;290;33
118;291;33
118;292;33
118;293;33
118;294;33
118;295;33
118;296;33
118;297;33
118;298;33
118;299;33
118;300;33
118;301;33
118;302;33
118;303;33
118;304;33
118;305;33
118;306;33
118;307;33
118;308;33
118;309;33
118;310;33
118;311;33
118;312;33
118;313;33
118;314;33
118;315;33
118;316;33
118;317;33
118;318;33
118;319;33
118;320;15
118;321;15
118;322;15
118;323;15
118;324;15
118;325;15
118;326;15
118;327;15
118;328;15
118;329;15
118;330;15
118;331;15
118;332;15
118;333;15
118;334;15
118;335;15
118;336;15
118;337;15
118;338;15
118;339;15
118;340;15
118;341;15
118;342;15
118;343;15
118;344;15
118;345;15
118;346;15
118;347;15
118;348;15
118;349;15
118;350;15
118;351;15
118;352;15
118;353;15
118;354;15
118;355;15
118;356;15
118;357;44
118;358;44
118;359;44
118;360;44
118;361;44
118;362;44
118;363;44
118;364;44
118;365;44
118;366;44
118;367;44
118;368;44
118;369;44
118;370;44
118;371;44
118;372;44
118;373;44
118;374;44
118;375;44
118;376;44
118;377;44
118;378;44
118;379;44
118;380;44
118;381;41
118;382;41
118;383;41
118;384;41
118;385;41
118;386;41
118;387;41
118;388;41
118;389;41
118;390;41
118;391;41
118;392;41
118;393;41
118;394;41
118;395;41
118;396;41
118;397;41
118;398;41
118;399;41
118;400;41
118;401;41
118;402;41
118;403;41
118;404;41
118;405;41
118;406;41
118;407;1
118;408;1
118;409;1
118;410;1
118;411;1
118;412;1
118;413;1
118;414;1
118;415;1
118;416;1
118;417;1
118;418;1
118;419;1
118;420;1
118;421;1
118;422;1
118;423;1
118;424;1
118;425;1
118;426;1
118;427;1
118;428;1
118;429;22
118;430;22
118;431;22
118;432;22
118;433;22
118;434;22
118;435;22
118;436;22
118;437;22
118;438;22
118;439;22
118;440;22
118;441;22
118;442;22
118;443;22
118;444;22
118;445;22
118;446;22
118;447;22
118;448;22
118;449;22
118;450;22
118;451;22
118;452;22
118;453;22
118;454;22
118;455;22
118;456;22
118;457;22
118;458;22
118;459;47
118;460;47
118;461;47
118;462;47
118;463;47
118;464;47
118;465;47
118;466;47
118;467;47
118;468;47
118;469;47
118;470;47
118;471;47
118;472;47
118;473;47
118;474;47
118;475;47
118;476;47
118;477;47
118;478;37
118;479;37
118;480;37
118;481;37
118;482;37
118;483;37
118;484;37
118;485;37
118;486;37
118;487;37
118;488;37
118;489;37
118;490;37
118;491;37
118;492;37
118;493;37
118;494;37
118;495;37
118;496;37
118;497;37
118;498;37
118;499;37
119;0;2
119;1;2
119;2;20
119;3;20
119;4;20
119;5;20
119;6;20
119;7;20
119;8;20
119;9;20
119;10;20
119;11;20
119;12;20
119;13;20
119;14;20
119;15;20
119;16;20
119;17;20
119;18;20
119;19;20
119;20;20
119;21;20
119;22;20
119;23;20
119;24;20
119;25;20
119;26;20
119;27;20
119;28;20
119;29;20
119;30;20
119;31;20
119;32;20
119;33;40
119;34;40
119;35;40
119;36;40
119;37;40
119;38;40
119;39;40
119;40;40
119;41;40
119;42;40
119;43;40
119;44;40
119;45;40
119;46;40
119;47;40
119;48;40
119;49;40
119;50;40
119;51;40
119;52;40
119;53;40
119;54;40
119;55;40
119;56;40
119;57;40
119;58;40
119;59;40
119;60;43
119;61;43
119;62;43
119;63;43
119;64;43
119;65;43
119;66;43
119;67;43
119;68;43
119;69;43
119;70;43
119;71;43
119;72;43
119;73;43
119;74;43
119;75;43
119;76;43
119;77;43
119;78;43
119;79;43
119;80;43
119;81;43
119;82;43
119;83;43
119;84;43
119;85;43
119;86;43
119;87;43
119;88;43
119;89;43
119;90;43
119;91;43
119;92;43
119;93;43
119;94;43
119;95;43
119;96;43
119;97;43
119;98;1
119;99;1
119;100;1
119;101;1
119;102;1
119;103;1
119;104;1
119;105;1
119;106;1
119;107;1
119;108;1
119;109;1
119;110;1
119;111;1
119;112;1
119;113;1
119;114;1
119;115;1
119;116;1
119;117;1
119;118;1
119;119;1
119;120;1
119;121;1
119;122;1
119;123;1
119;124;1
119;125;1
119;126;1
119;127;1
119;128;1
119;129;1
119;130;1
119;131;1
119;132;1
119;133;1
119;134;34
119;135;34
119;136;34
119;137;34
119;138;34
119;139;34
119;140;34
119;141;34
119;142;34
119;143;34
119;144;34
119;145;34
119;146;34
119;147;34
119;148;34
119;149;34
119;150;34
119;151;34
119;152;34
119;153;34
119;154;34
119;155;34
119;156;5
119;157;5
119;158;5
119;159;5
119;160;5
119;161;5
119;162;5
119;163;5
119;164;5
119;165;5
119;166;5
119;167;5
119;168;5
119;169;5
119;170;5
119;171;5
119;172;5
119;173;5
119;174;5
119;175;5
119;176;5
119;177;5
119;178;5
119;179;5
119;180;13
119;181;13
119;182;13
119;183;13
119;184;13
119;185;13
119;186;13
119;187;13
119;188;13
119;189;13
119;190;13
119;191;13
119;192;13
119;193;13
119;194;13
119;195;13
119;196;13
119;197;13
119;198;13
119;199;13
119;200;48
119;201;48
119;202;48
119;203;19
119;204;19
119;205;19
119;206;19
119;207;19
119;208;19
119;209;19
119;210;19
119;211;19
119;212;19
119;213;19
119;214;19
119;215;19
119;216;9
119;217;9
119;218;9
119;219;9
119;220;9
119;221;9
119;222;9
119;223;22
119;224;22
119;225;22
119;226;22
119;227;22
119;228;22
119;229;22
119;230;22
119;231;22
119;232;22
119;233;22
119;234;22
119;235;22
119;236;22
119;237;22
119;238;22
119;239;22
119;240;22
119;241;22
119;242;22
119;243;22
119;244;22
119;245;47
119;246;47
119;247;47
119;248;47
119;249;47
119;250;32
119;251;32
119;252;32
119;253;32
119;254;32
119;255;32
119;256;32
119;257;32
119;258;32
119;259;32
119;260;32
119;261;32
119;262;32
119;263;32
119;264;32
119;265;32
119;266;32
119;267;32
119;268;32
119;269;32
119;270;33
119;271;33
119;272;33
119;273;33
119;274;33
119;275;33
119;276;33
119;277;33
119;278;33
119;279;33
119;280;33
119;281;33
119;282;33
119;283;33
119;284;33
119;285;33
119;286;33
119;287;33
119;288;33
119;289;33
119;290;33
119;291;33
119;292;33
119;293;33
119;294;33
119;295;33
119;296;33
119;297;33
119;298;33
119;299;33
119;300;33
119;301;33
119;302;33
119;303;33
119;304;33
119;305;33
119;306;33
119;307;33
119;308;33
119;309;33
119;310;33
119;311;33
119;312;33
119;313;33
119;314;33
119;315;33
119;316;33
119;317;33
119;318;33
119;319;33
119;320;33
119;321;15
119;322;15
119;323;15
119;324;15
119;325;15
119;326;15
119;327;15
119;328;15
119;329;15
119;330;15
119;331;15
119;332;15
119;333;15
119;334;15
119;335;15
119;336;15
119;337;15
119;338;15
119;339;15
119;340;15
119;341;15
119;342;15
119;343;15
119;344;15
119;345;15
119;346;15
119;347;15
119;348;15
119;349;15
119;350;15
119;351;15
119;352;15
119;353;15
119;354;15
119;355;15
119;356;15
119;357;44
119;358;44
119;359;44
119;360;44
119;361;44
119;362;44
119;363;44
119;364;44
119;365;44
119;366;44
119;367;44
119;368;44
119;369;44
119;370;44
119;371;44
119;372;44
119;373;44
119;374;44
119;375;44
119;376;44
119;377;44
119;378;44
119;379;44
119;380;44
119;381;41
119;382;41
119;383;41
119;384;41
119;385;41
119;386;41
119;387;41
119;388;41
119;389;41
119;390;41
119;391;41
119;392;41
119;393;41
119;394;41
119;395;41
119;396;41
119;397;41
119;398;41
119;399;41
119;400;41
119;401;41
119;402;41
119;403;41
119;404;41
119;405;41
119;406;41
119;407;41
119;408;1
119;409;1
119;410;1
119;411;1
119;412;1
119;413;1
119;414;1
119;415;1
119;416;1
119;417;1
119;418;1
119;419;1
119;420;1
119;421;1
119;422;1
119;423;1
119;424;1
119;425;1
119;426;1
119;427;1
119;428;1
119;429;1
119;430;22
119;431;22
119;432;22
119;433;22
119;434;22
119;435;22
119;436;22
119;437;22
119;438;22
119;439;22
119;440;22
119;441;22
119;442;22
119;443;22
119;444;22
119;445;22
119;446;22
119;447;22
119;448;22
119;449;22
119;450;22
119;451;22
119;452;22
119;453;22
119;454;22
119;455;22
119;456;22
119;457;22
119;458;22
119;459;47
119;460;47
119;461;47
119;462;47
119;463;47
119;464;47
119;465;47
119;466;47
119;467;47
119;468;47
119;469;47
119;470;47
119;471;47
119;472;47
119;473;47
119;474;47
119;475;47
119;476;47
119;477;47
119;478;47
119;479;37
119;480;37
119;481;37
119;482;37
119;483;37
119;484;37
119;485;37
119;486;37
119;487;37
119;488;37
119;489;37
119;490;37
119;491;37
119;492;37
119;493;37
119;494;37
119;495;37
119;496;37
119;497;37
119;498;37
119;499;37
120;0;2
120;1;2
120;2;2
120;3;20
120;4;20
120;5;20
120;6;20
120;7;20
120;8;20
120;9;20
120;10;20
120;11;20
120;12;20
120;13;20
120;14;20
120;15;20
120;16;20
120;17;20
120;18;20
120;19;20
120;20;20
120;21;20
120;22;20
120;23;20
120;24;20
120;25;20
120;26;20
120;27;20
120;28;20
120;29;20
120;30;20
120;31;20
120;32;20
120;33;20
120;34;40
120;35;40
120;36;40
120;37;40
120;38;40
120;39;40
120;40;40
120;41;40
120;42;40
120;43;40
120;44;40
120;45;40
120;46;40
120;47;40
120;48;40
120;49;40
120;50;40
120;51;40
120;52;40
120;53;40
120;54;40
120;55;40
120;56;40
120;57;40
120;58;40
120;59;40
120;60;40
120;61;43
120;62;43
120;63;43
120;64;43
120;65;43
120;66;43
120;67;43
120;68;43
120;69;43
120;70;43
120;71;43
120;72;43
120;73;43
120;74;43
120;75;43
120;76;43
120;77;43
120;78;43
120;79;43
120;80;43
120;81;43
120;82;43
120;83;43
120;84;43
120;85;43
120;86;43
120;87;43
120;88;43
120;89;43
120;90;43
120;91;43
120;92;43
120;93;43
120;94;43
120;95;43
120;96;43
120;97;43
120;98;1
120;99;1
120;100;1
120;101;1
120;102;1
120;103;1
120;104;1
120;105;1
120;106;1
120;107;1
120;108;1
120;109;1
120;110;1
120;111;1
120;112;1
120;113;1
120;114;1
120;115;1
120;116;1
120;117;1
120;118;1
120;119;1
120;120;1
120;121;1
120;122;1
120;123;1
120;124;1
120;125;1
120;126;1
120;127;1
120;128;1
120;129;1
120;130;1
120;131;1
120;132;1
120;133;34
120;134;34
120;135;34
120;136;34
120;137;34
120;138;34
120;139;34
120;140;34
120;141;34
120;142;34
120;143;34
120;144;34
120;145;34
120;146;34
120;147;34
120;148;34
120;149;34
120;150;34
120;151;34
120;152;34
120;153;34
120;154;34
120;155;34
120;156;5
120;157;5
120;158;5
120;159;5
120;160;5
120;161;5
120;162;5
120;163;5
120;164;5
120;165;5
120;166;5
120;167;5
120;168;5
120;169;5
120;170;5
120;171;5
120;172;5
120;173;5
120;174;5
120;175;5
120;176;5
120;177;5
120;178;5
120;179;5
120;180;5
120;181;13
120;182;13
120;183;13
120;184;13
120;185;13
120;186;13
120;187;13
120;188;13
120;189;13
120;190;13
120;191;13
120;192;13
120;193;13
120;194;13
120;195;13
120;196;13
120;197;13
120;198;13
120;199;13
120;200;19
120;201;19
120;202;19
120;203;19
120;204;19
120;205;19
120;206;19
120;207;19
120;208;19
120;209;19
120;210;19
120;211;19
120;212;19
120;213;19
120;214;19
120;215;19
120;216;9
120;217;9
120;218;9
120;219;9
120;220;9
120;221;9
120;222;9
120;223;9
120;224;22
120;225;22
120;226;22
120;227;22
120;228;22
120;229;22
120;230;22
120;231;22
120;232;22
120;233;22
120;234;22
120;235;22
120;236;22
120;237;22
120;238;22
120;239;22
120;240;22
120;241;22
120;242;22
120;243;22
120;244;22
120;245;32
120;246;32
120;247;32
120;248;32
120;249;32
120;250;32
120;251;32
120;252;32
120;253;32
120;254;32
120;255;32
120;256;32
120;257;32
120;258;32
120;259;32
120;260;32
120;261;32
120;262;32
120;263;32
120;264;32
120;265;32
120;266;32
120;267;32
120;268;32
120;269;32
120;270;32
120;271;33
120;272;33
120;273;33
120;274;33
120;275;33
120;276;33
120;277;33
120;278;33
120;279;33
120;280;33
120;281;33
120;282;33
120;283;33
120;284;33
120;285;33
120;286;33
120;287;33
120;288;33
120;289;33
120;290;33
120;291;33
120;292;33
120;293;33
120;294;33
120;295;33
120;296;33
120;297;33
120;298;33
120;299;33
120;300;33
120;301;33
120;302;33
120;303;33
120;304;33
120;305;33
120;306;33
120;307;33
120;308;33
120;309;33
120;310;33
120;311;33
120;312;33
120;313;33
120;314;33
120;315;33
120;316;33
120;317;33
120;318;33
120;319;33
120;320;33
120;321;15
120;322;15
120;323;15
120;324;15
120;325;15
120;326;15
120;327;15
120;328;15
120;329;15
120;330;15
120;331;15
120;332;15
120;333;15
120;334;15
120;335;15
120;336;15
120;337;15
120;338;15
120;339;15
120;340;15
120;341;15
120;342;15
120;343;15
120;344;15
120;345;15
120;346;15
120;347;15
120;348;15
120;349;15
120;350;15
120;351;15
120;352;15
120;353;15
120;354;15
120;355;15
120;356;15
120;357;44
120;358;44
120;359;44
120;360;44
120;361;44
120;362;44
120;363;44
120;364;44
120;365;44
120;366;44
120;367;44
120;368;44
120;369;44
120;370;44
120;371;44
120;372;44
120;373;44
120;374;44
120;375;44
120;376;44
120;377;44
120;378;44
120;379;44
120;380;44
120;381;44
120;382;41
120;383;41
120;384;41
120;385;41
120;386;41
120;387;41
120;388;41
120;389;41
120;390;41
120;391;41
120;392;41
120;393;41
120;394;41
120;395;41
120;396;41
120;397;41
120;398;41
120;399;41
120;400;41
120;401;41
120;402;41
120;403;41
120;404;41
120;405;41
120;406;41
120;407;41
120;408;1
120;409;1
120;410;1
120;411;1
120;412;1
120;413;1
120;414;1
120;415;1
120;416;1
120;417;1
120;418;1
120;419;1
120;420;1
120;421;1
120;422;1
120;423;1
120;424;1
120;425;1
120;426;1
120;427;1
120;428;1
120;429;1
120;430;1
120;431;22
120;432;22
120;433;22
120;434;22
120;435;22
120;436;22
120;437;22
120;438;22
120;439;22
120;440;22
120;441;22
120;442;22
120;443;22
120;444;22
120;445;22
120;446;22
120;447;22
120;448;22
120;449;22
120;450;22
120;451;22
120;452;22
120;453;22
120;454;22
120;455;22
120;456;22
120;457;22
120;458;22
120;459;47
120;460;47
120;461;47
120;462;47
120;463;47
120;464;47
120;465;47
120;466;47
120;467;47
120;468;47
120;469;47
120;470;47
120;471;47
120;472;47
120;473;47
120;474;47
120;475;47
120;476;47
120;477;47
120;478;47
120;479;47
120;480;37
120;481;37
120;482;37
120;483;37
120;484;37
120;485;37
120;486;37
120;487;37
120;488;37
120;489;37
120;490;37
120;491;37
120;492;37
120;493;37
120;494;37
120;495;37
120;496;37
120;497;37
120;498;37
120;499;37
121;0;2
121;1;2
121;2;2
121;3;2
121;4;20
121;5;20
121;6;20
121;7;20
121;8;20
121;9;20
121;10;20
121;11;20
121;12;20
121;13;20
121;14;20
121;15;20
121;16;20
121;17;20
121;18;20
121;19;20
121;20;20
121;21;20
121;22;20
121;23;20
121;24;20
121;25;20
121;26;20
121;27;20
121;28;20
121;29;20
121;30;20
121;31;20
121;32;20
121;33;20
121;34;40
121;35;40
121;36;40
121;37;40
121;38;40
121;39;40
121;40;40
121;41;40
121;42;40
121;43;40
121;44;40
121;45;40
121;46;40
121;47;40
121;48;40
121;49;40
121;50;40
121;51;40
121;52;40
121;53;40
121;54;40
121;55;40
121;56;40
121;57;40
121;58;40
121;59;40
121;60;40
121;61;40
121;62;43
121;63;43
121;64;43
121;65;43
121;66;43
121;67;43
121;68;43
121;69;43
121;70;43
121;71;43
121;72;43
121;73;43
121;74;43
121;75;43
121;76;43
121;77;43
121;78;43
121;79;43
121;80;43
121;81;43
121;82;43
121;83;43
121;84;43
121;85;43
121;86;43
121;87;43
121;88;43
121;89;43
121;90;43
121;91;43
121;92;43
121;93;43
121;94;43
121;95;43
121;96;43
121;97;43
121;98;43
121;99;1
121;100;1
121;101;1
121;102;1
121;103;1
121;104;1
121;105;1
121;106;1
121;107;1
121;108;1
121;109;1
121;110;1
121;111;1
121;112;1
121;113;1
121;114;1
121;115;1
121;116;1
121;117;1
121;118;1
121;119;1
121;120;1
121;121;1
121;122;1
121;123;1
121;124;1
121;125;1
121;126;1
121;127;1
121;128;1
121;129;1
121;130;1
121;131;1
121;132;34
121;133;34
121;134;34
121;135;34
121;136;34
121;137;34
121;138;34
121;139;34
121;140;34
121;141;34
121;142;34
121;143;34
121;144;34
121;145;34
121;146;34
121;147;34
121;148;34
121;149;34
121;150;34
121;151;34
121;152;34
121;153;34
121;154;34
121;155;34
121;156;34
121;157;5
121;158;5
121;159;5
121;160;5
121;161;5
121;162;5
121;163;5
121;164;5
121;165;5
121;166;5
121;167;5
121;168;5
121;169;5
121;170;5
121;171;5
121;172;5
121;173;5
121;174;5
121;175;5
121;176;5
121;177;5
121;178;5
121;179;5
121;180;5
121;181;5
121;182;13
121;183;13
121;184;13
121;185;13
121;186;13
121;187;13
121;188;13
121;189;13
121;190;13
121;191;13
121;192;13
121;193;13
121;194;13
121;195;13
121;196;13
121;197;13
121;198;13
121;199;13
121;200;19
121;201;19
121;202;19
121;203;19
121;204;19
121;205;19
121;206;19
121;207;19
121;208;19
121;209;19
121;210;19
121;211;19
121;212;19
121;213;19
121;214;19
121;215;19
121;216;9
121;217;9
121;218;9
121;219;9
121;220;9
121;221;9
121;222;9
121;223;9
121;224;9
121;225;9
121;226;22
121;227;22
121;228;22
121;229;22
121;230;22
121;231;22
121;232;22
121;233;22
121;234;22
121;235;22
121;236;22
121;237;22
121;238;22
121;239;22
121;240;22
121;241;22
121;242;22
121;243;22
121;244;32
121;245;32
121;246;32
121;247;32
121;248;32
121;249;32
121;250;32
121;251;32
121;252;32
121;253;32
121;254;32
121;255;32
121;256;32
121;257;32
121;258;32
121;259;32
121;260;32
121;261;32
121;262;32
121;263;32
121;264;32
121;265;32
121;266;32
121;267;32
121;268;32
121;269;32
121;270;32
121;271;32
121;272;33
121;273;33
121;274;33
121;275;33
121;276;33
121;277;33
121;278;33
121;279;33
121;280;33
121;281;33
121;282;33
121;283;33
121;284;33
121;285;33
121;286;33
121;287;33
121;288;33
121;289;33
121;290;33
121;291;33
121;292;33
121;293;33
121;294;33
121;295;33
121;296;33
121;297;33
121;298;33
121;299;33
121;300;33
121;301;33
121;302;33
121;303;33
121;304;33
121;305;33
121;306;33
121;307;33
121;308;33
121;309;33
121;310;33
121;311;33
121;312;33
121;313;33
121;314;33
121;315;33
121;316;33
121;317;33
121;318;33
121;319;33
121;320;33
121;321;33
121;322;15
121;323;15
121;324;15
121;325;15
121;326;15
121;327;15
121;328;15
121;329;15
121;330;15
121;331;15
121;332;15
121;333;15
121;334;15
121;335;15
121;336;15
121;337;15
121;338;15
121;339;15
121;340;15
121;341;15
121;342;15
121;343;15
121;344;15
121;345;15
121;346;15
121;347;15
121;348;15
121;349;15
121;350;15
121;351;15
121;352;15
121;353;15
121;354;15
121;355;15
121;356;15
121;357;44
121;358;44
121;359;44
121;360;44
121;361;44
121;362;44
121;363;44
121;364;44
121;365;44
121;366;44
121;367;44
121;368;44
121;369;44
121;370;44
121;371;44
121;372;44
121;373;44
121;374;44
121;375;44
121;376;44
121;377;44
121;378;44
121;379;44
121;380;44
121;381;44
121;382;41
121;383;41
121;384;41
121;385;41
121;386;41
121;387;41
121;388;41
121;389;41
121;390;41
121;391;41
121;392;41
121;393;41
121;394;41
121;395;41
121;396;41
121;397;41
121;398;41
121;399;41
121;400;41
121;401;41
121;402;41
121;403;41
121;404;41
121;405;41
121;406;41
121;407;41
121;408;41
121;409;1
121;410;1
121;411;1
121;412;1
121;413;1
121;414;1
121;415;1
121;416;1
121;417;1
121;418;1
121;419;1
121;420;1
121;421;1
121;422;1
121;423;1
121;424;1
121;425;1
121;426;1
121;427;1
121;428;1
121;429;1
121;430;1
121;431;1
121;432;22
121;433;22
121;434;22
121;435;22
121;436;22
121;437;22
121;438;22
121;439;22
121;440;22
121;441;22
121;442;22
121;443;22
121;444;22
121;445;22
121;446;22
121;447;22
121;448;22
121;449;22
121;450;22
121;451;22
121;452;22
121;453;22
121;454;22
121;455;22
121;456;22
121;457;22
121;458;22
121;459;47
121;460;47
121;461;47
121;462;47
121;463;47
121;464;47
121;465;47
121;466;47
121;467;47
121;468;47
121;469;47
121;470;47
121;471;47
121;472;47
121;473;47
121;474;47
121;475;47
121;476;47
121;477;47
121;478;47
121;479;47
121;480;47
121;481;37
121;482;37
121;483;37
121;484;37
121;485;37
121;486;37
121;487;37
121;488;37
121;489;37
121;490;37
121;491;37
121;492;37
121;493;37
121;494;37
121;495;37
121;496;37
121;497;37
121;498;37
121;499;37
122;0;2
122;1;2
122;2;2
122;3;2
122;4;2
122;5;20
122;6;20
122;7;20
122;8;20
122;9;20
122;10;20
122;11;20
122;12;20
122;13;20
122;14;20
122;15;20
122;16;20
122;17;20
122;18;20
122;19;20
122;20;20
122;21;20
122;22;20
122;23;20
122;24;20
122;25;20
122;26;20
122;27;20
122;28;20
122;29;20
122;30;20
122;31;20
122;32;20
122;33;20
122;34;20
122;35;40
122;36;40
122;37;40
122;38;40
122;39;40
122;40;40
122;41;40
122;42;40
122;43;40
122;44;40
122;45;40
122;46;40
122;47;40
122;48;40
122;49;40
122;50;40
122;51;40
122;52;40
122;53;40
122;54;40
122;55;40
122;56;40
122;57;40
122;58;40
122;59;40
122;60;40
122;61;40
122;62;40
122;63;43
122;64;43
122;65;43
122;66;43
122;67;43
122;68;43
122;69;43
122;70;43
122;71;43
122;72;43
122;73;43
122;74;43
122;75;43
122;76;43
122;77;43
122;78;43
122;79;43
122;80;43
122;81;43
122;82;43
122;83;43
122;84;43
122;85;43
122;86;43
122;87;43
122;88;43
122;89;43
122;90;43
122;91;43
122;92;43
122;93;43
122;94;43
122;95;43
122;96;43
122;97;43
122;98;43
122;99;1
122;100;1
122;101;1
122;102;1
122;103;1
122;104;1
122;105;1
122;106;1
122;107;1
122;108;1
122;109;1
122;110;1
122;111;1
122;112;1
122;113;1
122;114;1
122;115;1
122;116;1
122;117;1
122;118;1
122;119;1
122;120;1
122;121;1
122;122;1
122;123;1
122;124;1
122;125;1
122;126;1
122;127;1
122;128;1
122;129;1
122;130;1
122;131;1
122;132;34
122;133;34
122;134;34
122;135;34
122;136;34
122;137;34
122;138;34
122;139;34
122;140;34
122;141;34
122;142;34
122;143;34
122;144;34
122;145;34
122;146;34
122;147;34
122;148;34
122;149;34
122;150;34
122;151;34
122;152;34
122;153;34
122;154;34
122;155;34
122;156;34
122;157;5
122;158;5
122;159;5
122;160;5
122;161;5
122;162;5
122;163;5
122;164;5
122;165;5
122;166;5
122;167;5
122;168;5
122;169;5
122;170;5
122;171;5
122;172;5
122;173;5
122;174;5
122;175;5
122;176;5
122;177;5
122;178;5
122;179;5
122;180;5
122;181;5
122;182;5
122;183;13
122;184;13
122;185;13
122;186;13
122;187;13
122;188;13
122;189;13
122;190;13
122;191;13
122;192;13
122;193;13
122;194;13
122;195;13
122;196;13
122;197;13
122;198;13
122;199;13
122;200;19
122;201;19
122;202;19
122;203;19
122;204;19
122;205;19
122;206;19
122;207;19
122;208;19
122;209;19
122;210;19
122;211;19
122;212;19
122;213;19
122;214;19
122;215;19
122;216;9
122;217;9
122;218;9
122;219;9
122;220;9
122;221;9
122;222;9
122;223;9
122;224;9
122;225;9
122;226;9
122;227;9
122;228;22
122;229;22
122;230;22
122;231;22
122;232;22
122;233;22
122;234;22
122;235;22
122;236;22
122;237;22
122;238;22
122;239;22
122;240;22
122;241;22
122;242;22
122;243;32
122;244;32
122;245;32
122;246;32
122;247;32
122;248;32
122;249;32
122;250;32
122;251;32
122;252;32
122;253;32
122;254;32
122;255;32
122;256;32
122;257;32
122;258;32
122;259;32
122;260;32
122;261;32
122;262;32
122;263;32
122;264;32
122;265;32
122;266;32
122;267;32
122;268;32
122;269;32
122;270;32
122;271;32
122;272;32
122;273;33
122;274;33
122;275;33
122;276;33
122;277;33
122;278;33
122;279;33
122;280;33
122;281;33
122;282;33
122;283;33
122;284;33
122;285;33
122;286;33
122;287;33
122;288;33
122;289;33
122;290;33
122;291;33
122;292;33
122;293;33
122;294;33
122;295;33
122;296;33
122;297;33
122;298;33
122;299;33
122;300;33
122;301;33
122;302;33
122;303;33
122;304;33
122;305;33
122;306;33
122;307;33
122;308;33
122;309;33
122;310;33
122;311;33
122;312;33
122;313;33
122;314;33
122;315;33
122;316;33
122;317;33
122;318;33
122;319;33
122;320;33
122;321;33
122;322;15
122;323;15
122;324;15
122;325;15
122;326;15
122;327;15
122;328;15
122;329;15
122;330;15
122;331;15
122;332;15
122;333;15
122;334;15
122;335;15
122;336;15
122;337;15
122;338;15
122;339;15
122;340;15
122;341;15
122;342;15
122;343;15
122;344;15
122;345;15
122;346;15
122;347;15
122;348;15
122;349;15
122;350;15
122;351;15
122;352;15
122;353;15
122;354;15
122;355;15
122;356;15
122;357;44
122;358;44
122;359;44
122;360;44
122;361;44
122;362;44
122;363;44
122;364;44
122;365;44
122;366;44
122;367;44
122;368;44
122;369;44
122;370;44
122;371;44
122;372;44
122;373;44
122;374;44
122;375;44
122;376;44
122;377;44
122;378;44
122;379;44
122;380;44
122;381;44
122;382;44
122;383;41
122;384;41
122;385;41
122;386;41
122;387;41
122;388;41
122;389;41
122;390;41
122;391;41
122;392;41
122;393;41
122;394;41
122;395;41
122;396;41
122;397;41
122;398;41
122;399;41
122;400;41
122;401;41
122;402;41
122;403;41
122;404;41
122;405;41
122;406;41
122;407;41
122;408;41
122;409;1
122;410;1
122;411;1
122;412;1
122;413;1
122;414;1
122;415;1
122;416;1
122;417;1
122;418;1
122;419;1
122;420;1
122;421;1
122;422;1
122;423;1
122;424;1
122;425;1
122;426;1
122;427;1
122;428;1
122;429;1
122;430;1
122;431;1
122;432;1
122;433;22
122;434;22
122;435;22
122;436;22
122;437;22
122;438;22
122;439;22
122;440;22
122;441;22
122;442;22
122;443;22
122;444;22
122;445;22
122;446;22
122;447;22
122;448;22
122;449;22
122;450;22
122;451;22
122;452;22
122;453;22
122;454;22
122;455;22
122;456;22
122;457;22
122;458;22
122;459;47
122;460;47
122;461;47
122;462;47
122;463;47
122;464;47
122;465;47
122;466;47
122;467;47
122;468;47
122;469;47
122;470;47
122;471;47
122;472;47
122;473;47
122;474;47
122;475;47
122;476;47
122;477;47
122;478;47
122;479;47
122;480;47
122;481;37
122;482;37
122;483;37
122;484;37
122;485;37
122;486;37
122;487;37
122;488;37
122;489;37
122;490;37
122;491;37
122;492;37
122;493;37
122;494;37
122;495;37
122;496;37
122;497;37
122;498;37
122;499;37
123;0;2
123;1;2
123;2;2
123;3;2
123;4;2
123;5;2
123;6;2
123;7;20
123;8;20
123;9;20
123;10;20
123;11;20
123;12;20
123;13;20
123;14;20
123;15;20
123;16;20
123;17;20
123;18;20
123;19;20
123;20;20
123;21;20
123;22;20
123;23;20
123;24;20
123;25;20
123;26;20
123;27;20
123;28;20
123;29;20
123;30;20
123;31;20
123;32;20
123;33;20
123;34;20
123;35;40
123;36;40
123;37;40
123;38;40
123;39;40
123;40;40
123;41;40
123;42;40
123;43;40
123;44;40
123;45;40
123;46;40
123;47;40
123;48;40
123;49;40
123;50;40
123;51;40
123;52;40
123;53;40
123;54;40
123;55;40
123;56;40
123;57;40
123;58;40
123;59;40
123;60;40
123;61;40
123;62;40
123;63;40
123;64;43
123;65;43
123;66;43
123;67;43
123;68;43
123;69;43
123;70;43
123;71;43
123;72;43
123;73;43
123;74;43
123;75;43
123;76;43
123;77;43
123;78;43
123;79;43
123;80;43
123;81;43
123;82;43
123;83;43
123;84;43
123;85;43
123;86;43
123;87;43
123;88;43
123;89;43
123;90;43
123;91;43
123;92;43
123;93;43
123;94;43
123;95;43
123;96;43
123;97;43
123;98;43
123;99;43
123;100;1
123;101;1
123;102;1
123;103;1
123;104;1
123;105;1
123;106;1
123;107;1
123;108;1
123;109;1
123;110;1
123;111;1
123;112;1
123;113;1
123;114;1
123;115;1
123;116;1
123;117;1
123;118;1
123;119;1
123;120;1
123;121;1
123;122;1
123;123;1
123;124;1
123;125;1
123;126;1
123;127;1
123;128;1
123;129;1
123;130;1
123;131;1
123;132;34
123;133;34
123;134;34
123;135;34
123;136;34
123;137;34
123;138;34
123;139;34
123;140;34
123;141;34
123;142;34
123;143;34
123;144;34
123;145;34
123;146;34
123;147;34
123;148;34
123;149;34
123;150;34
123;151;34
123;152;34
123;153;34
123;154;34
123;155;34
123;156;34
123;157;34
123;158;5
123;159;5
123;160;5
123;161;5
123;162;5
123;163;5
123;164;5
123;165;5
123;166;5
123;167;5
123;168;5
123;169;5
123;170;5
123;171;5
123;172;5
123;173;5
123;174;5
123;175;5
123;176;5
123;177;5
123;178;5
123;179;5
123;180;5
123;181;5
123;182;5
123;183;5
123;184;13
123;185;13
123;186;13
123;187;13
123;188;13
123;189;13
123;190;13
123;191;13
123;192;13
123;193;13
123;194;13
123;195;13
123;196;13
123;197;13
123;198;13
123;199;13
123;200;19
123;201;19
123;202;19
123;203;19
123;204;19
123;205;19
123;206;19
123;207;19
123;208;19
123;209;19
123;210;19
123;211;19
123;212;19
123;213;19
123;214;19
123;215;19
123;216;9
123;217;9
123;218;9
123;219;9
123;220;9
123;221;9
123;222;9
123;223;9
123;224;9
123;225;9
123;226;9
123;227;9
123;228;9
123;229;9
123;230;22
123;231;22
123;232;22
123;233;22
123;234;22
123;235;22
123;236;22
123;237;22
123;238;22
123;239;22
123;240;22
123;241;22
123;242;22
123;243;32
123;244;32
123;245;32
123;246;32
123;247;32
123;248;32
123;249;32
123;250;32
123;251;32
123;252;32
123;253;32
123;254;32
123;255;32
123;256;32
123;257;32
123;258;32
123;259;32
123;260;32
123;261;32
123;262;32
123;263;32
123;264;32
123;265;32
123;266;32
123;267;32
123;268;32
123;269;32
123;270;32
123;271;32
123;272;32
123;273;32
123;274;33
123;275;33
123;276;33
123;277;33
123;278;33
123;279;33
123;280;33
123;281;33
123;282;33
123;283;33
123;284;33
123;285;33
123;286;33
123;287;33
123;288;33
123;289;33
123;290;33
123;291;33
123;292;33
123;293;33
123;294;33
123;295;33
123;296;33
123;297;33
123;298;33
123;299;33
123;300;33
123;301;33
123;302;33
123;303;33
123;304;33
123;305;33
123;306;33
123;307;33
123;308;33
123;309;33
123;310;33
123;311;33
123;312;33
123;313;33
123;314;33
123;315;33
123;316;33
123;317;33
123;318;33
123;319;33
123;320;33
123;321;33
123;322;33
123;323;15
123;324;15
123;325;15
123;326;15
123;327;15
123;328;15
123;329;15
123;330;15
123;331;15
123;332;15
123;333;15
123;334;15
123;335;15
123;336;15
123;337;15
123;338;15
123;339;15
123;340;15
123;341;15
123;342;15
123;343;15
123;344;15
123;345;15
123;346;15
123;347;15
123;348;15
123;349;15
123;350;15
123;351;15
123;352;15
123;353;15
123;354;15
123;355;15
123;356;15
123;357;44
123;358;44
123;359;44
123;360;44
123;361;44
123;362;44
123;363;44
123;364;44
123;365;44
123;366;44
123;367;44
123;368;44
123;369;44
123;370;44
123;371;44
123;372;44
123;373;44
123;374;44
123;375;44
123;376;44
123;377;44
123;378;44
123;379;44
123;380;44
123;381;44
123;382;44
123;383;41
123;384;41
123;385;41
123;386;41
123;387;41
123;388;41
123;389;41
123;390;41
123;391;41
123;392;41
123;393;41
123;394;41
123;395;41
123;396;41
123;397;41
123;398;41
123;399;41
123;400;41
123;401;41
123;402;41
123;403;41
123;404;41
123;405;41
123;406;41
123;407;41
123;408;41
123;409;41
123;410;1
123;411;1
123;412;1
123;413;1
123;414;1
123;415;1
123;416;1
123;417;1
123;418;1
123;419;1
123;420;1
123;421;1
123;422;1
123;423;1
123;424;1
123;425;1
123;426;1
123;427;1
123;428;1
123;429;1
123;430;1
123;431;1
123;432;1
123;433;1
123;434;22
123;435;22
123;436;22
123;437;22
123;438;22
123;439;22
123;440;22
123;441;22
123;442;22
123;443;22
123;444;22
123;445;22
123;446;22
123;447;22
123;448;22
123;449;22
123;450;22
123;451;22
123;452;22
123;453;22
123;454;22
123;455;22
123;456;22
123;457;22
123;458;22
123;459;47
123;460;47
123;461;47
123;462;47
123;463;47
123;464;47
123;465;47
123;466;47
123;467;47
123;468;47
123;469;47
123;470;47
123;471;47
123;472;47
123;473;47
123;474;47
123;475;47
123;476;47
123;477;47
123;478;47
123;479;47
123;480;47
123;481;47
123;482;37
123;483;37
123;484;37
123;485;37
123;486;37
123;487;37
123;488;37
123;489;37
123;490;37
123;491;37
123;492;37
123;493;37
123;494;37
123;495;37
123;496;37
123;497;37
123;498;37
123;499;37
124;0;2
124;1;2
124;2;2
124;3;2
124;4;2
124;5;2
124;6;2
124;7;2
124;8;2
124;9;20
124;10;20
124;11;20
124;12;20
124;13;20
124;14;20
124;15;20
124;16;20
124;17;20
124;18;20
124;19;20
124;20;20
124;21;20
124;22;20
124;23;20
124;24;20
124;25;20
124;26;20
124;27;20
124;28;20
124;29;20
124;30;20
124;31;20
124;32;20
124;33;20
124;34;20
124;35;40
124;36;40
124;37;40
124;38;40
124;39;40
124;40;40
124;41;40
124;42;40
124;43;40
124;44;40
124;45;40
124;46;40
124;47;40
124;48;40
124;49;40
124;50;40
124;51;40
124;52;40
124;53;40
124;54;40
124;55;40
124;56;40
124;57;40
124;58;40
124;59;40
124;60;40
124;61;40
124;62;40
124;63;40
124;64;40
124;65;43
124;66;43
124;67;43
124;68;43
124;69;43
124;70;43
124;71;43
124;72;43
124;73;43
124;74;43
124;75;43
124;76;43
124;77;43
124;78;43
124;79;43
124;80;43
124;81;43
124;82;43
124;83;43
124;84;43
124;85;43
124;86;43
124;87;43
124;88;43
124;89;43
124;90;50
124;91;50
124;92;50
124;93;50
124;94;50
124;95;50
124;96;50
124;97;50
124;98;50
124;99;50
124;100;1
124;101;1
124;102;1
124;103;1
124;104;1
124;105;1
124;106;1
124;107;1
124;108;1
124;109;1
124;110;1
124;111;1
124;112;1
124;113;1
124;114;1
124;115;1
124;116;1
124;117;1
124;118;1
124;119;1
124;120;1
124;121;1
124;122;1
124;123;1
124;124;1
124;125;1
124;126;1
124;127;1
124;128;1
124;129;1
124;130;1
124;131;1
124;132;34
124;133;34
124;134;34
124;135;34
124;136;34
124;137;34
124;138;34
124;139;34
124;140;34
124;141;34
124;142;34
124;143;34
124;144;34
124;145;34
124;146;34
124;147;34
124;148;34
124;149;34
124;150;34
124;151;34
124;152;34
124;153;34
124;154;34
124;155;34
124;156;34
124;157;34
124;158;5
124;159;5
124;160;5
124;161;5
124;162;5
124;163;5
124;164;5
124;165;5
124;166;5
124;167;5
124;168;5
124;169;5
124;170;5
124;171;5
124;172;5
124;173;5
124;174;5
124;175;5
124;176;5
124;177;5
124;178;5
124;179;5
124;180;5
124;181;5
124;182;5
124;183;5
124;184;5
124;185;13
124;186;13
124;187;13
124;188;13
124;189;13
124;190;13
124;191;13
124;192;13
124;193;13
124;194;13
124;195;13
124;196;13
124;197;13
124;198;13
124;199;13
124;200;13
124;201;19
124;202;19
124;203;19
124;204;19
124;205;19
124;206;19
124;207;19
124;208;19
124;209;19
124;210;19
124;211;19
124;212;19
124;213;19
124;214;19
124;215;9
124;216;9
124;217;9
124;218;9
124;219;9
124;220;9
124;221;9
124;222;9
124;223;9
124;224;9
124;225;9
124;226;9
124;227;9
124;228;9
124;229;9
124;230;9
124;231;9
124;232;22
124;233;22
124;234;22
124;235;22
124;236;22
124;237;22
124;238;22
124;239;22
124;240;22
124;241;22
124;242;22
124;243;32
124;244;32
124;245;32
124;246;32
124;247;32
124;248;32
124;249;32
124;250;32
124;251;32
124;252;32
124;253;32
124;254;32
124;255;32
124;256;32
124;257;32
124;258;32
124;259;32
124;260;32
124;261;32
124;262;32
124;263;32
124;264;32
124;265;32
124;266;32
124;267;32
124;268;32
124;269;32
124;270;32
124;271;32
124;272;32
124;273;32
124;274;32
124;275;33
124;276;33
124;277;33
124;278;33
124;279;33
124;280;33
124;281;33
124;282;33
124;283;33
124;284;33
124;285;33
124;286;33
124;287;33
124;288;33
124;289;33
124;290;33
124;291;33
124;292;33
124;293;33
124;294;33
124;295;33
124;296;33
124;297;33
124;298;33
124;299;33
124;300;33
124;301;33
124;302;33
124;303;33
124;304;33
124;305;33
124;306;33
124;307;33
124;308;33
124;309;33
124;310;33
124;311;33
124;312;33
124;313;33
124;314;33
124;315;33
124;316;33
124;317;33
124;318;33
124;319;33
124;320;33
124;321;33
124;322;33
124;323;15
124;324;15
124;325;15
124;326;15
124;327;15
124;328;15
124;329;15
124;330;15
124;331;15
124;332;15
124;333;15
124;334;15
124;335;15
124;336;15
124;337;15
124;338;15
124;339;15
124;340;15
124;341;15
124;342;15
124;343;15
124;344;15
124;345;15
124;346;15
124;347;15
124;348;15
124;349;15
124;350;15
124;351;15
124;352;15
124;353;15
124;354;15
124;355;15
124;356;15
124;357;44
124;358;44
124;359;44
124;360;44
124;361;44
124;362;44
124;363;44
124;364;44
124;365;44
124;366;44
124;367;44
124;368;44
124;369;44
124;370;44
124;371;44
124;372;44
124;373;44
124;374;44
124;375;44
124;376;44
124;377;44
124;378;44
124;379;44
124;380;44
124;381;44
124;382;44
124;383;21
124;384;41
124;385;41
124;386;41
124;387;41
124;388;41
124;389;41
124;390;41
124;391;41
124;392;41
124;393;41
124;394;41
124;395;41
124;396;41
124;397;41
124;398;41
124;399;41
124;400;41
124;401;41
124;402;41
124;403;41
124;404;41
124;405;41
124;406;41
124;407;41
124;408;41
124;409;41
124;410;1
124;411;1
124;412;1
124;413;1
124;414;1
124;415;1
124;416;1
124;417;1
124;418;1
124;419;1
124;420;1
124;421;1
124;422;1
124;423;1
124;424;1
124;425;1
124;426;1
124;427;1
124;428;1
124;429;1
124;430;1
124;431;1
124;432;1
124;433;1
124;434;1
124;435;22
124;436;22
124;437;22
124;438;22
124;439;22
124;440;22
124;441;22
124;442;22
124;443;22
124;444;22
124;445;22
124;446;22
124;447;22
124;448;22
124;449;22
124;450;22
124;451;22
124;452;22
124;453;22
124;454;22
124;455;22
124;456;22
124;457;22
124;458;22
124;459;47
124;460;47
124;461;47
124;462;47
124;463;47
124;464;47
124;465;47
124;466;47
124;467;47
124;468;47
124;469;47
124;470;47
124;471;47
124;472;47
124;473;47
124;474;47
124;475;47
124;476;47
124;477;47
124;478;47
124;479;47
124;480;47
124;481;47
124;482;47
124;483;37
124;484;37
124;485;37
124;486;37
124;487;37
124;488;37
124;489;37
124;490;37
124;491;37
124;492;37
124;493;37
124;494;37
124;495;37
124;496;37
124;497;37
124;498;37
124;499;37
125;0;2
125;1;2
125;2;2
125;3;2
125;4;2
125;5;2
125;6;2
125;7;2
125;8;2
125;9;2
125;10;2
125;11;20
125;12;20
125;13;20
125;14;20
125;15;20
125;16;20
125;17;20
125;18;20
125;19;20
125;20;20
125;21;20
125;22;20
125;23;20
125;24;20
125;25;20
125;26;20
125;27;20
125;28;20
125;29;20
125;30;20
125;31;20
125;32;20
125;33;20
125;34;20
125;35;40
125;36;40
125;37;40
125;38;40
125;39;40
125;40;40
125;41;40
125;42;40
125;43;40
125;44;40
125;45;40
125;46;40
125;47;40
125;48;40
125;49;40
125;50;40
125;51;40
125;52;40
125;53;40
125;54;40
125;55;40
125;56;40
125;57;40
125;58;40
125;59;40
125;60;40
125;61;40
125;62;40
125;63;40
125;64;40
125;65;40
125;66;43
125;67;43
125;68;43
125;69;43
125;70;43
125;71;43
125;72;43
125;73;43
125;74;43
125;75;50
125;76;50
125;77;50
125;78;50
125;79;50
125;80;50
125;81;50
125;82;50
125;83;50
125;84;50
125;85;50
125;86;50
125;87;50
125;88;50
125;89;50
125;90;50
125;91;50
125;92;50
125;93;50
125;94;50
125;95;50
125;96;50
125;97;50
125;98;50
125;99;50
125;100;50
125;101;1
125;102;1
125;103;1
125;104;1
125;105;1
125;106;1
125;107;1
125;108;1
125;109;1
125;110;1
125;111;1
125;112;1
125;113;1
125;114;1
125;115;1
125;116;1
125;117;1
125;118;1
125;119;1
125;120;1
125;121;1
125;122;1
125;123;1
125;124;1
125;125;1
125;126;1
125;127;1
125;128;1
125;129;1
125;130;1
125;131;1
125;132;34
125;133;34
125;134;34
125;135;34
125;136;34
125;137;34
125;138;34
125;139;34
125;140;34
125;141;34
125;142;34
125;143;34
125;144;34
125;145;34
125;146;34
125;147;34
125;148;34
125;149;34
125;150;34
125;151;34
125;152;34
125;153;34
125;154;34
125;155;34
125;156;34
125;157;34
125;158;34
125;159;5
125;160;5
125;161;5
125;162;5
125;163;5
125;164;5
125;165;5
125;166;5
125;167;5
125;168;5
125;169;5
125;170;5
125;171;5
125;172;5
125;173;5
125;174;5
125;175;5
125;176;5
125;177;5
125;178;5
125;179;5
125;180;5
125;181;5
125;182;5
125;183;5
125;184;5
125;185;5
125;186;13
125;187;13
125;188;13
125;189;13
125;190;13
125;191;13
125;192;13
125;193;13
125;194;13
125;195;13
125;196;13
125;197;13
125;198;13
125;199;13
125;200;13
125;201;19
125;202;19
125;203;19
125;204;19
125;205;19
125;206;19
125;207;19
125;208;19
125;209;19
125;210;19
125;211;19
125;212;19
125;213;19
125;214;19
125;215;9
125;216;9
125;217;9
125;218;9
125;219;9
125;220;9
125;221;9
125;222;9
125;223;9
125;224;9
125;225;9
125;226;9
125;227;9
125;228;9
125;229;9
125;230;9
125;231;9
125;232;9
125;233;9
125;234;22
125;235;22
125;236;22
125;237;22
125;238;22
125;239;22
125;240;22
125;241;22
125;242;22
125;243;32
125;244;32
125;245;32
125;246;32
125;247;32
125;248;32
125;249;32
125;250;32
125;251;32
125;252;32
125;253;32
125;254;32
125;255;32
125;256;32
125;257;32
125;258;32
125;259;32
125;260;32
125;261;32
125;262;32
125;263;32
125;264;32
125;265;32
125;266;32
125;267;32
125;268;32
125;269;32
125;270;32
125;271;32
125;272;32
125;273;32
125;274;32
125;275;32
125;276;27
125;277;27
125;278;27
125;279;27
125;280;27
125;281;27
125;282;27
125;283;27
125;284;27
125;285;27
125;286;27
125;287;27
125;288;27
125;289;27
125;290;27
125;291;27
125;292;33
125;293;33
125;294;33
125;295;33
125;296;33
125;297;33
125;298;33
125;299;33
125;300;33
125;301;33
125;302;33
125;303;33
125;304;33
125;305;33
125;306;33
125;307;33
125;308;33
125;309;33
125;310;33
125;311;33
125;312;33
125;313;33
125;314;33
125;315;33
125;316;33
125;317;33
125;318;33
125;319;33
125;320;33
125;321;33
125;322;33
125;323;33
125;324;15
125;325;15
125;326;15
125;327;15
125;328;15
125;329;15
125;330;15
125;331;15
125;332;15
125;333;15
125;334;15
125;335;15
125;336;15
125;337;15
125;338;15
125;339;15
125;340;15
125;341;15
125;342;15
125;343;15
125;344;15
125;345;15
125;346;15
125;347;15
125;348;15
125;349;15
125;350;15
125;351;15
125;352;15
125;353;15
125;354;15
125;355;15
125;356;15
125;357;44
125;358;44
125;359;44
125;360;44
125;361;44
125;362;44
125;363;44
125;364;44
125;365;44
125;366;44
125;367;44
125;368;44
125;369;44
125;370;44
125;371;44
125;372;44
125;373;44
125;374;44
125;375;44
125;376;44
125;377;44
125;378;44
125;379;44
125;380;44
125;381;44
125;382;44
125;383;21
125;384;21
125;385;41
125;386;41
125;387;41
125;388;41
125;389;41
125;390;41
125;391;41
125;392;41
125;393;41
125;394;41
125;395;41
125;396;41
125;397;41
125;398;41
125;399;41
125;400;41
125;401;41
125;402;41
125;403;41
125;404;41
125;405;41
125;406;41
125;407;41
125;408;41
125;409;41
125;410;41
125;411;1
125;412;1
125;413;1
125;414;1
125;415;1
125;416;1
125;417;1
125;418;1
125;419;1
125;420;1
125;421;1
125;422;1
125;423;1
125;424;1
125;425;1
125;426;1
125;427;1
125;428;1
125;429;1
125;430;1
125;431;1
125;432;1
125;433;1
125;434;1
125;435;22
125;436;22
125;437;22
125;438;22
125;439;22
125;440;22
125;441;22
125;442;22
125;443;22
125;444;22
125;445;22
125;446;22
125;447;22
125;448;22
125;449;22
125;450;22
125;451;22
125;452;22
125;453;22
125;454;22
125;455;22
125;456;22
125;457;22
125;458;22
125;459;47
125;460;47
125;461;47
125;462;47
125;463;47
125;464;47
125;465;47
125;466;47
125;467;47
125;468;47
125;469;47
125;470;47
125;471;47
125;472;47
125;473;47
125;474;47
125;475;47
125;476;47
125;477;47
125;478;47
125;479;47
125;480;47
125;481;47
125;482;47
125;483;47
125;484;37
125;485;37
125;486;37
125;487;37
125;488;37
125;489;37
125;490;37
125;491;37
125;492;37
125;493;37
125;494;37
125;495;37
125;496;37
125;497;37
125;498;37
125;499;37
126;0;2
126;1;2
126;2;2
126;3;2
126;4;2
126;5;2
126;6;2
126;7;2
126;8;2
126;9;2
126;10;2
126;11;2
126;12;2
126;13;20
126;14;20
126;15;20
126;16;20
126;17;20
126;18;20
126;19;20
126;20;20
126;21;20
126;22;20
126;23;20
126;24;20
126;25;20
126;26;20
126;27;20
126;28;20
126;29;20
126;30;20
126;31;20
126;32;20
126;33;20
126;34;20
126;35;40
126;36;40
126;37;40
126;38;40
126;39;40
126;40;40
126;41;40
126;42;40
126;43;40
126;44;40
126;45;40
126;46;40
126;47;40
126;48;40
126;49;40
126;50;40
126;51;40
126;52;40
126;53;40
126;54;40
126;55;40
126;56;40
126;57;40
126;58;40
126;59;40
126;60;40
126;61;40
126;62;40
126;63;40
126;64;40
126;65;40
126;66;40
126;67;50
126;68;50
126;69;50
126;70;50
126;71;50
126;72;50
126;73;50
126;74;50
126;75;50
126;76;50
126;77;50
126;78;50
126;79;50
126;80;50
126;81;50
126;82;50
126;83;50
126;84;50
126;85;50
126;86;50
126;87;50
126;88;50
126;89;50
126;90;50
126;91;50
126;92;50
126;93;50
126;94;50
126;95;50
126;96;50
126;97;50
126;98;50
126;99;50
126;100;50
126;101;50
126;102;1
126;103;1
126;104;1
126;105;1
126;106;1
126;107;1
126;108;1
126;109;1
126;110;1
126;111;1
126;112;1
126;113;1
126;114;1
126;115;1
126;116;1
126;117;1
126;118;1
126;119;1
126;120;1
126;121;1
126;122;1
126;123;1
126;124;1
126;125;1
126;126;1
126;127;1
126;128;1
126;129;1
126;130;45
126;131;45
126;132;45
126;133;34
126;134;34
126;135;34
126;136;34
126;137;34
126;138;34
126;139;34
126;140;34
126;141;34
126;142;34
126;143;34
126;144;34
126;145;34
126;146;34
126;147;34
126;148;34
126;149;34
126;150;34
126;151;34
126;152;34
126;153;34
126;154;34
126;155;34
126;156;34
126;157;34
126;158;34
126;159;32
126;160;5
126;161;5
126;162;5
126;163;5
126;164;5
126;165;5
126;166;5
126;167;5
126;168;5
126;169;5
126;170;5
126;171;5
126;172;5
126;173;5
126;174;5
126;175;5
126;176;5
126;177;5
126;178;5
126;179;5
126;180;5
126;181;5
126;182;5
126;183;5
126;184;5
126;185;5
126;186;5
126;187;13
126;188;13
126;189;13
126;190;13
126;191;13
126;192;13
126;193;13
126;194;13
126;195;13
126;196;13
126;197;13
126;198;13
126;199;13
126;200;13
126;201;13
126;202;19
126;203;19
126;204;19
126;205;19
126;206;19
126;207;19
126;208;19
126;209;19
126;210;19
126;211;19
126;212;19
126;213;19
126;214;19
126;215;9
126;216;9
126;217;9
126;218;9
126;219;9
126;220;9
126;221;9
126;222;9
126;223;9
126;224;9
126;225;9
126;226;9
126;227;9
126;228;9
126;229;9
126;230;9
126;231;9
126;232;9
126;233;9
126;234;9
126;235;9
126;236;22
126;237;22
126;238;22
126;239;22
126;240;22
126;241;22
126;242;22
126;243;32
126;244;32
126;245;32
126;246;32
126;247;32
126;248;32
126;249;32
126;250;32
126;251;32
126;252;32
126;253;32
126;254;32
126;255;32
126;256;32
126;257;32
126;258;32
126;259;32
126;260;32
126;261;32
126;262;32
126;263;32
126;264;32
126;265;32
126;266;32
126;267;32
126;268;32
126;269;32
126;270;32
126;271;32
126;272;32
126;273;32
126;274;32
126;275;32
126;276;32
126;277;27
126;278;27
126;279;27
126;280;27
126;281;27
126;282;27
126;283;27
126;284;27
126;285;27
126;286;27
126;287;27
126;288;27
126;289;27
126;290;27
126;291;27
126;292;27
126;293;27
126;294;33
126;295;33
126;296;33
126;297;33
126;298;33
126;299;33
126;300;33
126;301;33
126;302;33
126;303;33
126;304;33
126;305;33
126;306;33
126;307;33
126;308;33
126;309;33
126;310;33
126;311;33
126;312;33
126;313;33
126;314;33
126;315;33
126;316;33
126;317;33
126;318;33
126;319;33
126;320;33
126;321;33
126;322;33
126;323;33
126;324;4
126;325;4
126;326;4
126;327;4
126;328;4
126;329;4
126;330;4
126;331;4
126;332;4
126;333;4
126;334;4
126;335;15
126;336;15
126;337;15
126;338;15
126;339;15
126;340;15
126;341;15
126;342;15
126;343;15
126;344;15
126;345;15
126;346;15
126;347;15
126;348;15
126;349;15
126;350;15
126;351;15
126;352;15
126;353;15
126;354;15
126;355;15
126;356;15
126;357;44
126;358;44
126;359;44
126;360;44
126;361;44
126;362;44
126;363;44
126;364;44
126;365;44
126;366;44
126;367;44
126;368;44
126;369;44
126;370;44
126;371;44
126;372;44
126;373;44
126;374;44
126;375;44
126;376;44
126;377;44
126;378;44
126;379;44
126;380;44
126;381;44
126;382;21
126;383;21
126;384;21
126;385;21
126;386;41
126;387;41
126;388;41
126;389;41
126;390;41
126;391;41
126;392;41
126;393;41
126;394;41
126;395;41
126;396;41
126;397;41
126;398;41
126;399;41
126;400;41
126;401;41
126;402;41
126;403;41
126;404;41
126;405;41
126;406;41
126;407;41
126;408;41
126;409;41
126;410;41
126;411;41
126;412;1
126;413;1
126;414;1
126;415;1
126;416;1
126;417;1
126;418;1
126;419;1
126;420;1
126;421;1
126;422;1
126;423;1
126;424;1
126;425;1
126;426;1
126;427;1
126;428;1
126;429;1
126;430;1
126;431;1
126;432;1
126;433;1
126;434;1
126;435;1
126;436;22
126;437;22
126;438;22
126;439;22
126;440;22
126;441;22
126;442;22
126;443;22
126;444;22
126;445;22
126;446;22
126;447;22
126;448;22
126;449;22
126;450;22
126;451;22
126;452;22
126;453;22
126;454;22
126;455;22
126;456;22
126;457;22
126;458;22
126;459;47
126;460;47
126;461;47
126;462;47
126;463;47
126;464;47
126;465;47
126;466;47
126;467;47
126;468;47
126;469;47
126;470;47
126;471;47
126;472;47
126;473;47
126;474;47
126;475;47
126;476;47
126;477;47
126;478;47
126;479;47
126;480;47
126;481;47
126;482;47
126;483;47
126;484;47
126;485;37
126;486;37
126;487;37
126;488;37
126;489;37
126;490;37
126;491;37
126;492;37
126;493;37
126;494;37
126;495;37
126;496;37
126;497;37
126;498;37
126;499;37
127;0;2
127;1;2
127;2;2
127;3;2
127;4;2
127;5;2
127;6;2
127;7;2
127;8;2
127;9;2
127;10;2
127;11;2
127;12;2
127;13;2
127;14;2
127;15;20
127;16;20
127;17;20
127;18;20
127;19;20
127;20;20
127;21;20
127;22;20
127;23;20
127;24;20
127;25;20
127;26;20
127;27;20
127;28;20
127;29;20
127;30;20
127;31;20
127;32;20
127;33;20
127;34;20
127;35;40
127;36;40
127;37;40
127;38;40
127;39;40
127;40;40
127;41;40
127;42;40
127;43;40
127;44;40
127;45;40
127;46;40
127;47;40
127;48;40
127;49;40
127;50;40
127;51;40
127;52;40
127;53;40
127;54;40
127;55;40
127;56;40
127;57;40
127;58;40
127;59;40
127;60;40
127;61;40
127;62;40
127;63;40
127;64;40
127;65;40
127;66;40
127;67;40
127;68;50
127;69;50
127;70;50
127;71;50
127;72;50
127;73;50
127;74;50
127;75;50
127;76;50
127;77;50
127;78;50
127;79;50
127;80;50
127;81;50
127;82;50
127;83;50
127;84;50
127;85;50
127;86;50
127;87;50
127;88;50
127;89;50
127;90;50
127;91;50
127;92;50
127;93;50
127;94;50
127;95;50
127;96;50
127;97;50
127;98;50
127;99;50
127;100;50
127;101;50
127;102;50
127;103;1
127;104;1
127;105;1
127;106;1
127;107;1
127;108;1
127;109;1
127;110;1
127;111;1
127;112;1
127;113;1
127;114;1
127;115;1
127;116;1
127;117;1
127;118;1
127;119;1
127;120;1
127;121;1
127;122;1
127;123;1
127;124;1
127;125;1
127;126;1
127;127;1
127;128;1
127;129;45
127;130;45
127;131;45
127;132;45
127;133;34
127;134;34
127;135;34
127;136;34
127;137;34
127;138;34
127;139;34
127;140;34
127;141;34
127;142;34
127;143;34
127;144;34
127;145;34
127;146;34
127;147;34
127;148;34
127;149;34
127;150;34
127;151;34
127;152;34
127;153;34
127;154;34
127;155;34
127;156;34
127;157;34
127;158;34
127;159;32
127;160;32
127;161;5
127;162;5
127;163;5
127;164;5
127;165;5
127;166;5
127;167;5
127;168;5
127;169;5
127;170;5
127;171;5
127;172;5
127;173;5
127;174;5
127;175;5
127;176;5
127;177;5
127;178;5
127;179;5
127;180;5
127;181;5
127;182;5
127;183;5
127;184;5
127;185;5
127;186;5
127;187;5
127;188;13
127;189;13
127;190;13
127;191;13
127;192;13
127;193;13
127;194;13
127;195;13
127;196;13
127;197;13
127;198;13
127;199;13
127;200;13
127;201;13
127;202;19
127;203;19
127;204;19
127;205;19
127;206;19
127;207;19
127;208;19
127;209;19
127;210;19
127;211;19
127;212;19
127;213;19
127;214;19
127;215;9
127;216;9
127;217;9
127;218;9
127;219;9
127;220;9
127;221;9
127;222;9
127;223;9
127;224;9
127;225;9
127;226;9
127;227;9
127;228;9
127;229;9
127;230;9
127;231;9
127;232;9
127;233;9
127;234;9
127;235;9
127;236;9
127;237;9
127;238;22
127;239;22
127;240;22
127;241;22
127;242;32
127;243;32
127;244;32
127;245;32
127;246;32
127;247;32
127;248;32
127;249;32
127;250;32
127;251;32
127;252;32
127;253;32
127;254;32
127;255;32
127;256;32
127;257;32
127;258;32
127;259;32
127;260;32
127;261;32
127;262;32
127;263;32
127;264;32
127;265;32
127;266;32
127;267;32
127;268;32
127;269;32
127;270;32
127;271;32
127;272;32
127;273;32
127;274;32
127;275;32
127;276;32
127;277;27
127;278;27
127;279;27
127;280;27
127;281;27
127;282;27
127;283;27
127;284;27
127;285;27
127;286;27
127;287;27
127;288;27
127;289;27
127;290;27
127;291;27
127;292;27
127;293;27
127;294;27
127;295;27
127;296;27
127;297;27
127;298;27
127;299;27
127;300;27
127;301;27
127;302;27
127;303;27
127;304;27
127;305;27
127;306;27
127;307;27
127;308;33
127;309;33
127;310;33
127;311;33
127;312;33
127;313;33
127;314;33
127;315;33
127;316;33
127;317;33
127;318;33
127;319;33
127;320;33
127;321;33
127;322;33
127;323;33
127;324;4
127;325;4
127;326;4
127;327;4
127;328;4
127;329;4
127;330;4
127;331;4
127;332;4
127;333;4
127;334;4
127;335;4
127;336;4
127;337;15
127;338;15
127;339;15
127;340;15
127;341;15
127;342;15
127;343;15
127;344;15
127;345;15
127;346;15
127;347;15
127;348;15
127;349;15
127;350;15
127;351;15
127;352;15
127;353;15
127;354;15
127;355;15
127;356;15
127;357;15
127;358;44
127;359;44
127;360;44
127;361;44
127;362;44
127;363;44
127;364;44
127;365;44
127;366;44
127;367;44
127;368;44
127;369;44
127;370;44
127;371;44
127;372;44
127;373;44
127;374;44
127;375;44
127;376;44
127;377;44
127;378;44
127;379;44
127;380;44
127;381;21
127;382;21
127;383;21
127;384;21
127;385;21
127;386;21
127;387;41
127;388;41
127;389;41
127;390;41
127;391;41
127;392;41
127;393;41
127;394;41
127;395;41
127;396;41
127;397;41
127;398;41
127;399;41
127;400;41
127;401;41
127;402;41
127;403;41
127;404;41
127;405;41
127;406;41
127;407;41
127;408;41
127;409;41
127;410;41
127;411;41
127;412;41
127;413;1
127;414;1
127;415;1
127;416;1
127;417;1
127;418;1
127;419;1
127;420;1
127;421;1
127;422;1
127;423;1
127;424;1
127;425;1
127;426;1
127;427;1
127;428;1
127;429;1
127;430;1
127;431;1
127;432;1
127;433;1
127;434;1
127;435;1
127;436;22
127;437;22
127;438;22
127;439;22
127;440;22
127;441;22
127;442;22
127;443;22
127;444;22
127;445;22
127;446;22
127;447;22
127;448;22
127;449;22
127;450;22
127;451;22
127;452;22
127;453;22
127;454;22
127;455;22
127;456;22
127;457;22
127;458;22
127;459;47
127;460;47
127;461;47
127;462;47
127;463;47
127;464;47
127;465;47
127;466;47
127;467;47
127;468;47
127;469;47
127;470;47
127;471;47
127;472;47
127;473;47
127;474;47
127;475;47
127;476;47
127;477;47
127;478;47
127;479;47
127;480;47
127;481;47
127;482;47
127;483;47
127;484;47
127;485;47
127;486;37
127;487;37
127;488;37
127;489;37
127;490;37
127;491;37
127;492;37
127;493;37
127;494;37
127;495;37
127;496;37
127;497;37
127;498;37
127;499;37
128;0;2
128;1;2
128;2;2
128;3;2
128;4;2
128;5;2
128;6;2
128;7;2
128;8;2
128;9;2
128;10;2
128;11;2
128;12;2
128;13;2
128;14;2
128;15;2
128;16;20
128;17;20
128;18;20
128;19;20
128;20;20
128;21;20
128;22;20
128;23;20
128;24;20
128;25;20
128;26;20
128;27;20
128;28;20
128;29;20
128;30;20
128;31;20
128;32;20
128;33;20
128;34;20
128;35;40
128;36;40
128;37;40
128;38;40
128;39;40
128;40;40
128;41;40
128;42;40
128;43;40
128;44;40
128;45;40
128;46;40
128;47;40
128;48;40
128;49;40
128;50;40
128;51;40
128;52;40
128;53;40
128;54;40
128;55;40
128;56;40
128;57;40
128;58;40
128;59;40
128;60;40
128;61;40
128;62;40
128;63;40
128;64;40
128;65;40
128;66;40
128;67;40
128;68;50
128;69;50
128;70;50
128;71;50
128;72;50
128;73;50
128;74;50
128;75;50
128;76;50
128;77;50
128;78;50
128;79;50
128;80;50
128;81;50
128;82;50
128;83;50
128;84;50
128;85;50
128;86;50
128;87;50
128;88;50
128;89;50
128;90;50
128;91;50
128;92;50
128;93;50
128;94;50
128;95;50
128;96;50
128;97;50
128;98;50
128;99;50
128;100;50
128;101;50
128;102;50
128;103;50
128;104;1
128;105;1
128;106;1
128;107;1
128;108;1
128;109;1
128;110;1
128;111;1
128;112;45
128;113;45
128;114;45
128;115;45
128;116;45
128;117;45
128;118;45
128;119;45
128;120;45
128;121;45
128;122;45
128;123;45
128;124;45
128;125;45
128;126;45
128;127;45
128;128;45
128;129;45
128;130;45
128;131;45
128;132;45
128;133;45
128;134;34
128;135;34
128;136;34
128;137;34
128;138;34
128;139;34
128;140;34
128;141;34
128;142;34
128;143;34
128;144;34
128;145;34
128;146;34
128;147;34
128;148;34
128;149;34
128;150;34
128;151;34
128;152;34
128;153;34
128;154;34
128;155;34
128;156;34
128;157;34
128;158;34
128;159;32
128;160;32
128;161;32
128;162;5
128;163;5
128;164;5
128;165;5
128;166;5
128;167;5
128;168;5
128;169;5
128;170;5
128;171;5
128;172;5
128;173;5
128;174;5
128;175;5
128;176;5
128;177;5
128;178;5
128;179;5
128;180;5
128;181;5
128;182;5
128;183;5
128;184;5
128;185;5
128;186;5
128;187;5
128;188;5
128;189;13
128;190;13
128;191;13
128;192;13
128;193;13
128;194;13
128;195;13
128;196;13
128;197;13
128;198;13
128;199;13
128;200;13
128;201;13
128;202;13
128;203;19
128;204;19
128;205;19
128;206;19
128;207;19
128;208;19
128;209;19
128;210;19
128;211;19
128;212;19
128;213;19
128;214;19
128;215;9
128;216;9
128;217;9
128;218;9
128;219;9
128;220;9
128;221;9
128;222;9
128;223;9
128;224;9
128;225;9
128;226;9
128;227;9
128;228;9
128;229;9
128;230;9
128;231;9
128;232;9
128;233;9
128;234;9
128;235;9
128;236;9
128;237;9
128;238;9
128;239;9
128;240;22
128;241;32
128;242;32
128;243;32
128;244;32
128;245;32
128;246;32
128;247;32
128;248;32
128;249;32
128;250;32
128;251;32
128;252;32
128;253;32
128;254;32
128;255;32
128;256;32
128;257;32
128;258;32
128;259;32
128;260;32
128;261;32
128;262;32
128;263;32
128;264;32
128;265;32
128;266;32
128;267;32
128;268;32
128;269;32
128;270;32
128;271;32
128;272;32
128;273;32
128;274;32
128;275;32
128;276;32
128;277;32
128;278;27
128;279;27
128;280;27
128;281;27
128;282;27
128;283;27
128;284;27
128;285;27
128;286;27
128;287;27
128;288;27
128;289;27
128;290;27
128;291;27
128;292;27
128;293;27
128;294;27
128;295;27
128;296;27
128;297;27
128;298;27
128;299;27
128;300;27
128;301;27
128;302;27
128;303;27
128;304;27
128;305;27
128;306;27
128;307;27
128;308;27
128;309;27
128;310;33
128;311;33
128;312;33
128;313;33
128;314;33
128;315;33
128;316;33
128;317;33
128;318;33
128;319;33
128;320;33
128;321;33
128;322;33
128;323;33
128;324;4
128;325;4
128;326;4
128;327;4
128;328;4
128;329;4
128;330;4
128;331;4
128;332;4
128;333;4
128;334;4
128;335;4
128;336;4
128;337;4
128;338;4
128;339;15
128;340;15
128;341;15
128;342;15
128;343;15
128;344;15
128;345;15
128;346;15
128;347;15
128;348;15
128;349;15
128;350;15
128;351;15
128;352;15
128;353;15
128;354;15
128;355;15
128;356;15
128;357;15
128;358;44
128;359;44
128;360;44
128;361;44
128;362;44
128;363;44
128;364;44
128;365;44
128;366;44
128;367;44
128;368;44
128;369;44
128;370;44
128;371;44
128;372;44
128;373;44
128;374;44
128;375;44
128;376;44
128;377;44
128;378;44
128;379;44
128;380;21
128;381;21
128;382;21
128;383;21
128;384;21
128;385;21
128;386;21
128;387;21
128;388;41
128;389;41
128;390;41
128;391;41
128;392;41
128;393;41
128;394;41
128;395;41
128;396;41
128;397;41
128;398;41
128;399;41
128;400;41
128;401;41
128;402;41
128;403;41
128;404;41
128;405;41
128;406;41
128;407;41
128;408;41
128;409;41
128;410;41
128;411;41
128;412;41
128;413;41
128;414;1
128;415;1
128;416;1
128;417;1
128;418;1
128;419;1
128;420;1
128;421;1
128;422;1
128;423;1
128;424;1
128;425;1
128;426;1
128;427;1
128;428;1
128;429;1
128;430;1
128;431;1
128;432;1
128;433;1
128;434;1
128;435;1
128;436;1
128;437;22
128;438;22
128;439;22
128;440;22
128;441;22
128;442;22
128;443;22
128;444;22
128;445;22
128;446;22
128;447;22
128;448;22
128;449;22
128;450;22
128;451;22
128;452;22
128;453;22
128;454;22
128;455;22
128;456;22
128;457;22
128;458;22
128;459;47
128;460;47
128;461;47
128;462;47
128;463;47
128;464;47
128;465;47
128;466;47
128;467;47
128;468;47
128;469;47
128;470;47
128;471;47
128;472;47
128;473;47
128;474;47
128;475;47
128;476;47
128;477;47
128;478;47
128;479;47
128;480;47
128;481;47
128;482;47
128;483;47
128;484;47
128;485;47
128;486;47
128;487;37
128;488;37
128;489;37
128;490;37
128;491;37
128;492;37
128;493;37
128;494;37
128;495;37
128;496;37
128;497;37
128;498;37
128;499;37
129;0;2
129;1;2
129;2;2
129;3;2
129;4;2
129;5;2
129;6;2
129;7;2
129;8;2
129;9;2
129;10;2
129;11;2
129;12;2
129;13;2
129;14;2
129;15;2
129;16;2
129;17;20
129;18;20
129;19;20
129;20;20
129;21;20
129;22;20
129;23;20
129;24;20
129;25;20
129;26;20
129;27;20
129;28;20
129;29;20
129;30;20
129;31;20
129;32;20
129;33;20
129;34;20
129;35;40
129;36;40
129;37;40
129;38;40
129;39;40
129;40;40
129;41;40
129;42;40
129;43;40
129;44;40
129;45;40
129;46;40
129;47;40
129;48;40
129;49;40
129;50;40
129;51;40
129;52;40
129;53;40
129;54;40
129;55;40
129;56;40
129;57;40
129;58;40
129;59;40
129;60;40
129;61;40
129;62;40
129;63;40
129;64;40
129;65;40
129;66;40
129;67;40
129;68;40
129;69;50
129;70;50
129;71;50
129;72;50
129;73;50
129;74;50
129;75;50
129;76;50
129;77;50
129;78;50
129;79;50
129;80;50
129;81;50
129;82;50
129;83;50
129;84;50
129;85;50
129;86;50
129;87;50
129;88;50
129;89;50
129;90;50
129;91;50
129;92;50
129;93;50
129;94;50
129;95;50
129;96;50
129;97;50
129;98;50
129;99;50
129;100;50
129;101;50
129;102;50
129;103;50
129;104;50
129;105;45
129;106;45
129;107;45
129;108;45
129;109;45
129;110;45
129;111;45
129;112;45
129;113;45
129;114;45
129;115;45
129;116;45
129;117;45
129;118;45
129;119;45
129;120;45
129;121;45
129;122;45
129;123;45
129;124;45
129;125;45
129;126;45
129;127;45
129;128;45
129;129;45
129;130;45
129;131;45
129;132;45
129;133;45
129;134;34
129;135;34
129;136;34
129;137;34
129;138;34
129;139;34
129;140;34
129;141;34
129;142;34
129;143;34
129;144;34
129;145;34
129;146;34
129;147;34
129;148;34
129;149;34
129;150;34
129;151;34
129;152;34
129;153;34
129;154;34
129;155;34
129;156;34
129;157;34
129;158;34
129;159;32
129;160;32
129;161;32
129;162;32
129;163;5
129;164;5
129;165;5
129;166;5
129;167;5
129;168;5
129;169;5
129;170;5
129;171;5
129;172;5
129;173;5
129;174;5
129;175;5
129;176;5
129;177;5
129;178;5
129;179;5
129;180;5
129;181;5
129;182;5
129;183;5
129;184;5
129;185;5
129;186;5
129;187;5
129;188;5
129;189;5
129;190;13
129;191;13
129;192;13
129;193;13
129;194;13
129;195;13
129;196;13
129;197;13
129;198;13
129;199;13
129;200;13
129;201;13
129;202;13
129;203;19
129;204;19
129;205;19
129;206;19
129;207;19
129;208;19
129;209;19
129;210;19
129;211;19
129;212;19
129;213;19
129;214;19
129;215;9
129;216;9
129;217;9
129;218;9
129;219;9
129;220;9
129;221;9
129;222;9
129;223;9
129;224;9
129;225;9
129;226;9
129;227;9
129;228;9
129;229;9
129;230;9
129;231;9
129;232;9
129;233;9
129;234;9
129;235;9
129;236;9
129;237;9
129;238;9
129;239;9
129;240;9
129;241;32
129;242;32
129;243;32
129;244;32
129;245;32
129;246;32
129;247;32
129;248;32
129;249;32
129;250;32
129;251;32
129;252;32
129;253;32
129;254;32
129;255;32
129;256;32
129;257;32
129;258;32
129;259;32
129;260;32
129;261;32
129;262;32
129;263;32
129;264;32
129;265;32
129;266;32
129;267;32
129;268;32
129;269;32
129;270;32
129;271;32
129;272;32
129;273;32
129;274;32
129;275;32
129;276;32
129;277;32
129;278;27
129;279;27
129;280;27
129;281;27
129;282;27
129;283;27
129;284;27
129;285;27
129;286;27
129;287;27
129;288;27
129;289;27
129;290;27
129;291;27
129;292;27
129;293;27
129;294;27
129;295;27
129;296;27
129;297;27
129;298;27
129;299;27
129;300;27
129;301;27
129;302;27
129;303;27
129;304;27
129;305;27
129;306;27
129;307;27
129;308;27
129;309;27
129;310;27
129;311;27
129;312;27
129;313;27
129;314;27
129;315;27
129;316;27
129;317;27
129;318;27
129;319;27
129;320;27
129;321;27
129;322;27
129;323;27
129;324;4
129;325;4
129;326;4
129;327;4
129;328;4
129;329;4
129;330;4
129;331;4
129;332;4
129;333;4
129;334;4
129;335;4
129;336;4
129;337;4
129;338;4
129;339;4
129;340;4
129;341;15
129;342;15
129;343;15
129;344;15
129;345;15
129;346;15
129;347;15
129;348;15
129;349;15
129;350;15
129;351;15
129;352;15
129;353;15
129;354;15
129;355;15
129;356;15
129;357;15
129;358;15
129;359;44
129;360;44
129;361;44
129;362;44
129;363;44
129;364;44
129;365;44
129;366;44
129;367;44
129;368;44
129;369;44
129;370;44
129;371;44
129;372;44
129;373;44
129;374;44
129;375;44
129;376;44
129;377;44
129;378;44
129;379;44
129;380;21
129;381;21
129;382;21
129;383;21
129;384;21
129;385;21
129;386;21
129;387;21
129;388;21
129;389;21
129;390;41
129;391;41
129;392;41
129;393;41
129;394;41
129;395;41
129;396;41
129;397;41
129;398;41
129;399;41
129;400;41
129;401;41
129;402;41
129;403;41
129;404;41
129;405;41
129;406;41
129;407;41
129;408;41
129;409;41
129;410;41
129;411;41
129;412;41
129;413;41
129;414;41
129;415;1
129;416;1
129;417;1
129;418;1
129;419;1
129;420;1
129;421;1
129;422;1
129;423;1
129;424;1
129;425;1
129;426;1
129;427;1
129;428;1
129;429;1
129;430;1
129;431;1
129;432;1
129;433;1
129;434;1
129;435;1
129;436;1
129;437;48
129;438;48
129;439;48
129;440;48
129;441;48
129;442;22
129;443;22
129;444;22
129;445;22
129;446;22
129;447;22
129;448;22
129;449;22
129;450;22
129;451;22
129;452;22
129;453;22
129;454;22
129;455;22
129;456;22
129;457;22
129;458;22
129;459;47
129;460;47
129;461;47
129;462;47
129;463;47
129;464;47
129;465;47
129;466;47
129;467;47
129;468;47
129;469;47
129;470;47
129;471;47
129;472;47
129;473;47
129;474;47
129;475;47
129;476;47
129;477;47
129;478;47
129;479;47
129;480;47
129;481;47
129;482;47
129;483;47
129;484;47
129;485;47
129;486;47
129;487;47
129;488;37
129;489;37
129;490;37
129;491;37
129;492;37
129;493;37
129;494;37
129;495;37
129;496;37
129;497;37
129;498;37
129;499;37
130;0;2
130;1;2
130;2;2
130;3;2
130;4;2
130;5;2
130;6;2
130;7;2
130;8;2
130;9;2
130;10;2
130;11;2
130;12;2
130;13;2
130;14;2
130;15;2
130;16;2
130;17;2
130;18;20
130;19;20
130;20;20
130;21;20
130;22;20
130;23;20
130;24;20
130;25;20
130;26;20
130;27;20
130;28;20
130;29;20
130;30;20
130;31;20
130;32;20
130;33;20
130;34;20
130;35;40
130;36;40
130;37;40
130;38;40
130;39;40
130;40;40
130;41;40
130;42;40
130;43;40
130;44;40
130;45;40
130;46;40
130;47;40
130;48;40
130;49;40
130;50;40
130;51;40
130;52;40
130;53;40
130;54;40
130;55;40
130;56;40
130;57;40
130;58;40
130;59;40
130;60;40
130;61;40
130;62;40
130;63;40
130;64;40
130;65;40
130;66;40
130;67;40
130;68;40
130;69;50
130;70;50
130;71;50
130;72;50
130;73;50
130;74;50
130;75;50
130;76;50
130;77;50
130;78;50
130;79;50
130;80;50
130;81;50
130;82;50
130;83;50
130;84;50
130;85;50
130;86;50
130;87;50
130;88;50
130;89;50
130;90;50
130;91;50
130;92;50
130;93;50
130;94;50
130;95;50
130;96;50
130;97;50
130;98;50
130;99;50
130;100;50
130;101;50
130;102;50
130;103;50
130;104;50
130;105;50
130;106;45
130;107;45
130;108;45
130;109;45
130;110;45
130;111;45
130;112;45
130;113;45
130;114;45
130;115;45
130;116;45
130;117;45
130;118;45
130;119;45
130;120;45
130;121;45
130;122;45
130;123;45
130;124;45
130;125;45
130;126;45
130;127;45
130;128;45
130;129;45
130;130;45
130;131;45
130;132;45
130;133;45
130;134;45
130;135;34
130;136;34
130;137;34
130;138;34
130;139;34
130;140;34
130;141;34
130;142;34
130;143;34
130;144;34
130;145;34
130;146;34
130;147;34
130;148;34
130;149;34
130;150;34
130;151;34
130;152;34
130;153;34
130;154;34
130;155;34
130;156;34
130;157;34
130;158;34
130;159;32
130;160;32
130;161;32
130;162;32
130;163;32
130;164;5
130;165;5
130;166;5
130;167;5
130;168;5
130;169;5
130;170;5
130;171;5
130;172;5
130;173;5
130;174;5
130;175;5
130;176;5
130;177;5
130;178;5
130;179;5
130;180;5
130;181;5
130;182;5
130;183;5
130;184;5
130;185;5
130;186;5
130;187;5
130;188;5
130;189;5
130;190;5
130;191;13
130;192;13
130;193;13
130;194;13
130;195;13
130;196;13
130;197;13
130;198;13
130;199;13
130;200;13
130;201;13
130;202;13
130;203;19
130;204;19
130;205;19
130;206;19
130;207;19
130;208;19
130;209;19
130;210;19
130;211;19
130;212;19
130;213;19
130;214;19
130;215;9
130;216;9
130;217;9
130;218;9
130;219;9
130;220;9
130;221;9
130;222;9
130;223;9
130;224;9
130;225;9
130;226;9
130;227;9
130;228;9
130;229;9
130;230;9
130;231;9
130;232;9
130;233;9
130;234;9
130;235;9
130;236;9
130;237;9
130;238;9
130;239;9
130;240;9
130;241;9
130;242;32
130;243;32
130;244;32
130;245;32
130;246;32
130;247;32
130;248;32
130;249;32
130;250;32
130;251;32
130;252;32
130;253;32
130;254;32
130;255;32
130;256;32
130;257;32
130;258;32
130;259;32
130;260;32
130;261;32
130;262;32
130;263;32
130;264;32
130;265;32
130;266;32
130;267;32
130;268;32
130;269;32
130;270;32
130;271;32
130;272;32
130;273;32
130;274;32
130;275;32
130;276;32
130;277;32
130;278;32
130;279;27
130;280;27
130;281;27
130;282;27
130;283;27
130;284;27
130;285;27
130;286;27
130;287;27
130;288;27
130;289;27
130;290;27
130;291;27
130;292;27
130;293;27
130;294;27
130;295;27
130;296;27
130;297;27
130;298;27
130;299;27
130;300;27
130;301;27
130;302;27
130;303;27
130;304;27
130;305;27
130;306;27
130;307;27
130;308;27
130;309;27
130;310;27
130;311;27
130;312;27
130;313;27
130;314;27
130;315;27
130;316;27
130;317;27
130;318;27
130;319;27
130;320;27
130;321;27
130;322;27
130;323;27
130;324;27
130;325;4
130;326;4
130;327;4
130;328;4
130;329;4
130;330;4
130;331;4
130;332;4
130;333;4
130;334;4
130;335;4
130;336;4
130;337;4
130;338;4
130;339;4
130;340;4
130;341;4
130;342;4
130;343;15
130;344;15
130;345;15
130;346;15
130;347;15
130;348;15
130;349;15
130;350;15
130;351;15
130;352;15
130;353;15
130;354;15
130;355;15
130;356;15
130;357;15
130;358;15
130;359;44
130;360;44
130;361;44
130;362;44
130;363;44
130;364;44
130;365;44
130;366;44
130;367;44
130;368;44
130;369;44
130;370;44
130;371;44
130;372;44
130;373;44
130;374;44
130;375;44
130;376;44
130;377;44
130;378;44
130;379;44
130;380;21
130;381;21
130;382;21
130;383;21
130;384;21
130;385;21
130;386;21
130;387;21
130;388;21
130;389;21
130;390;21
130;391;21
130;392;41
130;393;41
130;394;41
130;395;41
130;396;41
130;397;41
130;398;41
130;399;41
130;400;41
130;401;41
130;402;41
130;403;41
130;404;41
130;405;41
130;406;41
130;407;41
130;408;41
130;409;41
130;410;41
130;411;41
130;412;41
130;413;41
130;414;41
130;415;1
130;416;1
130;417;1
130;418;1
130;419;1
130;420;1
130;421;1
130;422;1
130;423;1
130;424;1
130;425;1
130;426;1
130;427;1
130;428;1
130;429;1
130;430;1
130;431;1
130;432;1
130;433;1
130;434;1
130;435;1
130;436;48
130;437;48
130;438;48
130;439;48
130;440;48
130;441;48
130;442;48
130;443;48
130;444;22
130;445;22
130;446;22
130;447;22
130;448;22
130;449;22
130;450;22
130;451;22
130;452;22
130;453;22
130;454;22
130;455;22
130;456;22
130;457;22
130;458;22
130;459;47
130;460;47
130;461;47
130;462;47
130;463;47
130;464;47
130;465;47
130;466;47
130;467;47
130;468;47
130;469;47
130;470;47
130;471;47
130;472;47
130;473;47
130;474;47
130;475;47
130;476;47
130;477;47
130;478;47
130;479;47
130;480;47
130;481;47
130;482;47
130;483;47
130;484;47
130;485;47
130;486;47
130;487;47
130;488;47
130;489;37
130;490;37
130;491;37
130;492;37
130;493;37
130;494;37
130;495;37
130;496;37
130;497;37
130;498;37
130;499;37
131;0;2
131;1;2
131;2;2
131;3;2
131;4;2
131;5;2
131;6;2
131;7;2
131;8;2
131;9;2
131;10;2
131;11;2
131;12;2
131;13;2
131;14;2
131;15;2
131;16;2
131;17;2
131;18;2
131;19;20
131;20;20
131;21;20
131;22;20
131;23;20
131;24;20
131;25;20
131;26;20
131;27;20
131;28;20
131;29;20
131;30;20
131;31;20
131;32;20
131;33;20
131;34;20
131;35;40
131;36;40
131;37;40
131;38;40
131;39;40
131;40;40
131;41;40
131;42;40
131;43;40
131;44;40
131;45;40
131;46;40
131;47;40
131;48;40
131;49;40
131;50;40
131;51;40
131;52;40
131;53;40
131;54;40
131;55;40
131;56;40
131;57;40
131;58;40
131;59;40
131;60;40
131;61;40
131;62;40
131;63;40
131;64;40
131;65;40
131;66;40
131;67;40
131;68;40
131;69;40
131;70;50
131;71;50
131;72;50
131;73;50
131;74;50
131;75;50
131;76;50
131;77;50
131;78;50
131;79;50
131;80;50
131;81;50
131;82;50
131;83;50
131;84;50
131;85;50
131;86;50
131;87;50
131;88;50
131;89;50
131;90;50
131;91;50
131;92;50
131;93;50
131;94;50
131;95;50
131;96;50
131;97;50
131;98;50
131;99;50
131;100;50
131;101;50
131;102;50
131;103;50
131;104;50
131;105;50
131;106;45
131;107;45
131;108;45
131;109;45
131;110;45
131;111;45
131;112;45
131;113;45
131;114;45
131;115;45
131;116;45
131;117;45
131;118;45
131;119;45
131;120;45
131;121;45
131;122;45
131;123;45
131;124;45
131;125;45
131;126;45
131;127;45
131;128;45
131;129;45
131;130;45
131;131;45
131;132;45
131;133;45
131;134;45
131;135;34
131;136;34
131;137;34
131;138;34
131;139;34
131;140;34
131;141;34
131;142;34
131;143;34
131;144;34
131;145;34
131;146;34
131;147;34
131;148;34
131;149;34
131;150;34
131;151;34
131;152;34
131;153;34
131;154;34
131;155;34
131;156;34
131;157;34
131;158;34
131;159;32
131;160;32
131;161;32
131;162;32
131;163;32
131;164;32
131;165;5
131;166;5
131;167;5
131;168;5
131;169;5
131;170;5
131;171;5
131;172;5
131;173;5
131;174;5
131;175;5
131;176;5
131;177;5
131;178;5
131;179;5
131;180;5
131;181;5
131;182;5
131;183;5
131;184;5
131;185;5
131;186;5
131;187;5
131;188;5
131;189;5
131;190;5
131;191;5
131;192;13
131;193;13
131;194;13
131;195;13
131;196;13
131;197;13
131;198;13
131;199;13
131;200;13
131;201;13
131;202;13
131;203;19
131;204;19
131;205;19
131;206;19
131;207;19
131;208;19
131;209;19
131;210;19
131;211;19
131;212;19
131;213;19
131;214;19
131;215;9
131;216;9
131;217;9
131;218;9
131;219;9
131;220;9
131;221;9
131;222;9
131;223;9
131;224;9
131;225;9
131;226;9
131;227;9
131;228;9
131;229;9
131;230;9
131;231;9
131;232;9
131;233;9
131;234;9
131;235;9
131;236;9
131;237;9
131;238;9
131;239;9
131;240;9
131;241;9
131;242;32
131;243;32
131;244;32
131;245;32
131;246;32
131;247;32
131;248;32
131;249;32
131;250;32
131;251;32
131;252;32
131;253;32
131;254;32
131;255;32
131;256;32
131;257;32
131;258;32
131;259;32
131;260;32
131;261;32
131;262;32
131;263;32
131;264;32
131;265;32
131;266;32
131;267;32
131;268;32
131;269;32
131;270;32
131;271;32
131;272;32
131;273;32
131;274;32
131;275;32
131;276;32
131;277;32
131;278;32
131;279;27
131;280;27
131;281;27
131;282;27
131;283;27
131;284;27
131;285;27
131;286;27
131;287;27
131;288;27
131;289;27
131;290;27
131;291;27
131;292;27
131;293;27
131;294;27
131;295;27
131;296;27
131;297;27
131;298;27
131;299;27
131;300;27
131;301;27
131;302;27
131;303;27
131;304;27
131;305;27
131;306;27
131;307;27
131;308;27
131;309;27
131;310;27
131;311;27
131;312;27
131;313;27
131;314;27
131;315;27
131;316;27
131;317;27
131;318;27
131;319;27
131;320;27
131;321;27
131;322;27
131;323;27
131;324;27
131;325;4
131;326;4
131;327;4
131;328;4
131;329;4
131;330;4
131;331;4
131;332;4
131;333;4
131;334;4
131;335;4
131;336;4
131;337;4
131;338;4
131;339;4
131;340;4
131;341;4
131;342;4
131;343;4
131;344;4
131;345;15
131;346;15
131;347;15
131;348;15
131;349;15
131;350;15
131;351;15
131;352;15
131;353;15
131;354;15
131;355;15
131;356;15
131;357;15
131;358;15
131;359;15
131;360;44
131;361;44
131;362;44
131;363;44
131;364;44
131;365;44
131;366;44
131;367;44
131;368;44
131;369;44
131;370;44
131;371;44
131;372;44
131;373;44
131;374;44
131;375;44
131;376;44
131;377;44
131;378;44
131;379;44
131;380;21
131;381;21
131;382;21
131;383;21
131;384;21
131;385;21
131;386;21
131;387;21
131;388;21
131;389;21
131;390;21
131;391;21
131;392;21
131;393;41
131;394;41
131;395;41
131;396;41
131;397;41
131;398;41
131;399;41
131;400;41
131;401;41
131;402;41
131;403;41
131;404;41
131;405;41
131;406;41
131;407;41
131;408;41
131;409;41
131;410;41
131;411;41
131;412;41
131;413;41
131;414;41
131;415;41
131;416;1
131;417;1
131;418;1
131;419;1
131;420;1
131;421;1
131;422;1
131;423;1
131;424;1
131;425;1
131;426;1
131;427;1
131;428;1
131;429;1
131;430;1
131;431;1
131;432;1
131;433;1
131;434;1
131;435;48
131;436;48
131;437;48
131;438;48
131;439;48
131;440;48
131;441;48
131;442;48
131;443;48
131;444;48
131;445;48
131;446;22
131;447;22
131;448;22
131;449;22
131;450;22
131;451;22
131;452;22
131;453;22
131;454;22
131;455;22
131;456;22
131;457;22
131;458;36
131;459;47
131;460;47
131;461;47
131;462;47
131;463;47
131;464;47
131;465;47
131;466;47
131;467;47
131;468;47
131;469;47
131;470;47
131;471;47
131;472;47
131;473;47
131;474;47
131;475;47
131;476;47
131;477;47
131;478;47
131;479;47
131;480;47
131;481;47
131;482;47
131;483;47
131;484;47
131;485;47
131;486;47
131;487;47
131;488;47
131;489;47
131;490;37
131;491;37
131;492;37
131;493;37
131;494;37
131;495;37
131;496;37
131;497;37
131;498;37
131;499;37
132;0;2
132;1;2
132;2;2
132;3;2
132;4;2
132;5;2
132;6;2
132;7;2
132;8;2
132;9;2
132;10;2
132;11;2
132;12;2
132;13;2
132;14;2
132;15;2
132;16;2
132;17;2
132;18;2
132;19;2
132;20;20
132;21;20
132;22;20
132;23;20
132;24;20
132;25;20
132;26;20
132;27;20
132;28;20
132;29;20
132;30;20
132;31;20
132;32;20
132;33;20
132;34;20
132;35;40
132;36;40
132;37;40
132;38;40
132;39;40
132;40;40
132;41;40
132;42;40
132;43;40
132;44;40
132;45;40
132;46;40
132;47;40
132;48;40
132;49;40
132;50;40
132;51;40
132;52;40
132;53;40
132;54;40
132;55;40
132;56;40
132;57;40
132;58;40
132;59;40
132;60;40
132;61;40
132;62;40
132;63;40
132;64;40
132;65;40
132;66;40
132;67;40
132;68;40
132;69;40
132;70;50
132;71;50
132;72;50
132;73;50
132;74;50
132;75;50
132;76;50
132;77;50
132;78;50
132;79;50
132;80;50
132;81;50
132;82;50
132;83;50
132;84;50
132;85;50
132;86;50
132;87;50
132;88;50
132;89;50
132;90;50
132;91;50
132;92;50
132;93;50
132;94;50
132;95;50
132;96;50
132;97;50
132;98;50
132;99;50
132;100;50
132;101;50
132;102;50
132;103;50
132;104;50
132;105;50
132;106;50
132;107;45
132;108;45
132;109;45
132;110;45
132;111;45
132;112;45
132;113;45
132;114;45
132;115;45
132;116;45
132;117;45
132;118;45
132;119;45
132;120;45
132;121;45
132;122;45
132;123;45
132;124;45
132;125;45
132;126;45
132;127;45
132;128;45
132;129;45
132;130;45
132;131;45
132;132;45
132;133;45
132;134;45
132;135;45
132;136;34
132;137;34
132;138;34
132;139;34
132;140;34
132;141;34
132;142;34
132;143;34
132;144;34
132;145;34
132;146;34
132;147;34
132;148;34
132;149;34
132;150;34
132;151;34
132;152;34
132;153;34
132;154;34
132;155;34
132;156;34
132;157;34
132;158;34
132;159;32
132;160;32
132;161;32
132;162;32
132;163;32
132;164;32
132;165;32
132;166;5
132;167;5
132;168;5
132;169;5
132;170;5
132;171;5
132;172;5
132;173;5
132;174;5
132;175;5
132;176;5
132;177;5
132;178;5
132;179;5
132;180;5
132;181;5
132;182;5
132;183;5
132;184;5
132;185;5
132;186;5
132;187;5
132;188;5
132;189;5
132;190;5
132;191;5
132;192;5
132;193;5
132;194;13
132;195;13
132;196;13
132;197;13
132;198;13
132;199;13
132;200;13
132;201;13
132;202;13
132;203;19
132;204;19
132;205;19
132;206;19
132;207;19
132;208;19
132;209;19
132;210;19
132;211;19
132;212;19
132;213;19
132;214;19
132;215;9
132;216;9
132;217;9
132;218;9
132;219;9
132;220;9
132;221;9
132;222;9
132;223;9
132;224;9
132;225;9
132;226;9
132;227;9
132;228;9
132;229;9
132;230;9
132;231;9
132;232;9
132;233;9
132;234;9
132;235;9
132;236;9
132;237;9
132;238;9
132;239;9
132;240;9
132;241;9
132;242;32
132;243;32
132;244;32
132;245;32
132;246;32
132;247;32
132;248;32
132;249;32
132;250;32
132;251;32
132;252;32
132;253;32
132;254;32
132;255;32
132;256;32
132;257;32
132;258;32
132;259;32
132;260;32
132;261;32
132;262;32
132;263;32
132;264;32
132;265;32
132;266;32
132;267;32
132;268;32
132;269;32
132;270;32
132;271;32
132;272;32
132;273;32
132;274;32
132;275;32
132;276;32
132;277;32
132;278;32
132;279;32
132;280;27
132;281;27
132;282;27
132;283;27
132;284;27
132;285;27
132;286;27
132;287;27
132;288;27
132;289;27
132;290;27
132;291;27
132;292;27
132;293;27
132;294;27
132;295;27
132;296;27
132;297;27
132;298;27
132;299;27
132;300;27
132;301;27
132;302;27
132;303;27
132;304;27
132;305;27
132;306;27
132;307;27
132;308;27
132;309;27
132;310;27
132;311;27
132;312;27
132;313;27
132;314;27
132;315;27
132;316;27
132;317;27
132;318;27
132;319;27
132;320;27
132;321;27
132;322;27
132;323;27
132;324;27
132;325;27
132;326;4
132;327;4
132;328;4
132;329;4
132;330;4
132;331;4
132;332;4
132;333;4
132;334;4
132;335;4
132;336;4
132;337;4
132;338;4
132;339;4
132;340;4
132;341;4
132;342;4
132;343;4
132;344;4
132;345;4
132;346;4
132;347;4
132;348;4
132;349;4
132;350;4
132;351;4
132;352;4
132;353;4
132;354;15
132;355;15
132;356;15
132;357;15
132;358;15
132;359;15
132;360;44
132;361;44
132;362;44
132;363;44
132;364;44
132;365;44
132;366;44
132;367;44
132;368;44
132;369;44
132;370;44
132;371;44
132;372;44
132;373;44
132;374;44
132;375;44
132;376;44
132;377;44
132;378;44
132;379;44
132;380;21
132;381;21
132;382;21
132;383;21
132;384;21
132;385;21
132;386;21
132;387;21
132;388;21
132;389;21
132;390;21
132;391;21
132;392;21
132;393;21
132;394;41
132;395;41
132;396;41
132;397;41
132;398;41
132;399;41
132;400;41
132;401;41
132;402;41
132;403;41
132;404;41
132;405;41
132;406;41
132;407;41
132;408;41
132;409;41
132;410;41
132;411;41
132;412;41
132;413;41
132;414;41
132;415;41
132;416;1
132;417;1
132;418;1
132;419;1
132;420;1
132;421;1
132;422;1
132;423;1
132;424;1
132;425;1
132;426;1
132;427;1
132;428;1
132;429;1
132;430;1
132;431;1
132;432;1
132;433;1
132;434;48
132;435;48
132;436;48
132;437;48
132;438;48
132;439;48
132;440;48
132;441;48
132;442;48
132;443;48
132;444;48
132;445;48
132;446;48
132;447;48
132;448;22
132;449;22
132;450;22
132;451;22
132;452;22
132;453;22
132;454;22
132;455;22
132;456;22
132;457;22
132;458;36
132;459;36
132;460;47
132;461;47
132;462;47
132;463;47
132;464;47
132;465;47
132;466;47
132;467;47
132;468;47
132;469;47
132;470;47
132;471;47
132;472;47
132;473;47
132;474;47
132;475;47
132;476;47
132;477;47
132;478;47
132;479;47
132;480;47
132;481;47
132;482;47
132;483;47
132;484;47
132;485;47
132;486;47
132;487;47
132;488;47
132;489;47
132;490;47
132;491;37
132;492;37
132;493;37
132;494;37
132;495;37
132;496;37
132;497;37
132;498;37
132;499;37
133;0;2
133;1;2
133;2;2
133;3;2
133;4;2
133;5;2
133;6;2
133;7;2
133;8;2
133;9;2
133;10;2
133;11;2
133;12;2
133;13;2
133;14;2
133;15;2
133;16;2
133;17;2
133;18;2
133;19;2
133;20;2
133;21;2
133;22;20
133;23;20
133;24;20
133;25;20
133;26;20
133;27;20
133;28;20
133;29;20
133;30;20
133;31;20
133;32;20
133;33;20
133;34;20
133;35;20
133;36;40
133;37;40
133;38;40
133;39;40
133;40;40
133;41;40
133;42;40
133;43;40
133;44;40
133;45;40
133;46;40
133;47;40
133;48;40
133;49;40
133;50;40
133;51;40
133;52;40
133;53;40
133;54;40
133;55;40
133;56;40
133;57;40
133;58;40
133;59;40
133;60;40
133;61;40
133;62;40
133;63;40
133;64;40
133;65;40
133;66;40
133;67;40
133;68;40
133;69;40
133;70;50
133;71;50
133;72;50
133;73;50
133;74;50
133;75;50
133;76;50
133;77;50
133;78;50
133;79;50
133;80;50
133;81;50
133;82;50
133;83;50
133;84;50
133;85;50
133;86;50
133;87;50
133;88;50
133;89;50
133;90;50
133;91;50
133;92;50
133;93;50
133;94;50
133;95;50
133;96;50
133;97;50
133;98;50
133;99;50
133;100;50
133;101;50
133;102;50
133;103;50
133;104;50
133;105;50
133;106;50
133;107;45
133;108;45
133;109;45
133;110;45
133;111;45
133;112;45
133;113;45
133;114;45
133;115;45
133;116;45
133;117;45
133;118;45
133;119;45
133;120;45
133;121;45
133;122;45
133;123;45
133;124;45
133;125;45
133;126;45
133;127;45
133;128;45
133;129;45
133;130;45
133;131;45
133;132;45
133;133;45
133;134;45
133;135;45
133;136;34
133;137;34
133;138;34
133;139;34
133;140;34
133;141;34
133;142;34
133;143;34
133;144;34
133;145;34
133;146;34
133;147;34
133;148;34
133;149;34
133;150;34
133;151;34
133;152;34
133;153;34
133;154;34
133;155;34
133;156;34
133;157;34
133;158;34
133;159;32
133;160;32
133;161;32
133;162;32
133;163;32
133;164;32
133;165;32
133;166;32
133;167;32
133;168;5
133;169;5
133;170;5
133;171;5
133;172;5
133;173;5
133;174;5
133;175;5
133;176;5
133;177;5
133;178;5
133;179;5
133;180;5
133;181;5
133;182;5
133;183;5
133;184;5
133;185;5
133;186;5
133;187;5
133;188;5
133;189;5
133;190;5
133;191;5
133;192;5
133;193;5
133;194;5
133;195;13
133;196;13
133;197;13
133;198;13
133;199;13
133;200;13
133;201;13
133;202;13
133;203;19
133;204;19
133;205;19
133;206;19
133;207;19
133;208;19
133;209;19
133;210;19
133;211;19
133;212;19
133;213;19
133;214;19
133;215;9
133;216;9
133;217;9
133;218;9
133;219;9
133;220;9
133;221;9
133;222;9
133;223;9
133;224;9
133;225;9
133;226;9
133;227;9
133;228;9
133;229;9
133;230;9
133;231;9
133;232;9
133;233;9
133;234;9
133;235;9
133;236;9
133;237;9
133;238;9
133;239;9
133;240;9
133;241;9
133;242;32
133;243;32
133;244;32
133;245;32
133;246;32
133;247;32
133;248;32
133;249;32
133;250;32
133;251;32
133;252;32
133;253;32
133;254;32
133;255;32
133;256;32
133;257;32
133;258;32
133;259;32
133;260;32
133;261;32
133;262;32
133;263;32
133;264;32
133;265;32
133;266;32
133;267;32
133;268;32
133;269;32
133;270;32
133;271;32
133;272;32
133;273;32
133;274;32
133;275;32
133;276;32
133;277;32
133;278;32
133;279;32
133;280;27
133;281;27
133;282;27
133;283;27
133;284;27
133;285;27
133;286;27
133;287;27
133;288;27
133;289;27
133;290;27
133;291;27
133;292;27
133;293;27
133;294;27
133;295;27
133;296;27
133;297;27
133;298;27
133;299;27
133;300;27
133;301;27
133;302;27
133;303;27
133;304;27
133;305;27
133;306;27
133;307;27
133;308;27
133;309;27
133;310;27
133;311;27
133;312;27
133;313;27
133;314;27
133;315;27
133;316;27
133;317;27
133;318;27
133;319;27
133;320;27
133;321;27
133;322;27
133;323;27
133;324;27
133;325;27
133;326;4
133;327;4
133;328;4
133;329;4
133;330;4
133;331;4
133;332;4
133;333;4
133;334;4
133;335;4
133;336;4
133;337;4
133;338;4
133;339;4
133;340;4
133;341;4
133;342;4
133;343;4
133;344;4
133;345;4
133;346;4
133;347;4
133;348;4
133;349;4
133;350;4
133;351;4
133;352;4
133;353;4
133;354;4
133;355;4
133;356;15
133;357;15
133;358;15
133;359;15
133;360;15
133;361;44
133;362;44
133;363;44
133;364;44
133;365;44
133;366;44
133;367;44
133;368;44
133;369;44
133;370;44
133;371;44
133;372;44
133;373;44
133;374;44
133;375;44
133;376;44
133;377;44
133;378;44
133;379;44
133;380;21
133;381;21
133;382;21
133;383;21
133;384;21
133;385;21
133;386;21
133;387;21
133;388;21
133;389;21
133;390;21
133;391;21
133;392;21
133;393;21
133;394;21
133;395;41
133;396;41
133;397;41
133;398;41
133;399;41
133;400;41
133;401;41
133;402;41
133;403;41
133;404;41
133;405;41
133;406;41
133;407;41
133;408;41
133;409;41
133;410;41
133;411;41
133;412;41
133;413;41
133;414;41
133;415;41
133;416;41
133;417;1
133;418;1
133;419;1
133;420;1
133;421;1
133;422;1
133;423;1
133;424;1
133;425;1
133;426;1
133;427;1
133;428;1
133;429;1
133;430;1
133;431;1
133;432;48
133;433;48
133;434;48
133;435;48
133;436;48
133;437;48
133;438;48
133;439;48
133;440;48
133;441;48
133;442;48
133;443;48
133;444;48
133;445;48
133;446;48
133;447;48
133;448;48
133;449;48
133;450;22
133;451;22
133;452;22
133;453;22
133;454;22
133;455;22
133;456;22
133;457;22
133;458;36
133;459;36
133;460;36
133;461;47
133;462;47
133;463;47
133;464;47
133;465;47
133;466;47
133;467;47
133;468;47
133;469;47
133;470;47
133;471;47
133;472;47
133;473;47
133;474;47
133;475;47
133;476;47
133;477;47
133;478;47
133;479;47
133;480;47
133;481;47
133;482;47
133;483;47
133;484;47
133;485;47
133;486;47
133;487;47
133;488;47
133;489;47
133;490;47
133;491;47
133;492;37
133;493;37
133;494;37
133;495;37
133;496;37
133;497;37
133;498;37
133;499;37
134;0;2
134;1;2
134;2;2
134;3;2
134;4;2
134;5;2
134;6;2
134;7;2
134;8;2
134;9;2
134;10;2
134;11;2
134;12;2
134;13;2
134;14;2
134;15;2
134;16;2
134;17;2
134;18;2
134;19;2
134;20;2
134;21;2
134;22;2
134;23;2
134;24;20
134;25;20
134;26;20
134;27;20
134;28;20
134;29;20
134;30;20
134;31;20
134;32;20
134;33;20
134;34;20
134;35;20
134;36;40
134;37;40
134;38;40
134;39;40
134;40;40
134;41;40
134;42;40
134;43;40
134;44;40
134;45;40
134;46;40
134;47;40
134;48;40
134;49;40
134;50;40
134;51;40
134;52;40
134;53;40
134;54;40
134;55;40
134;56;40
134;57;40
134;58;40
134;59;40
134;60;40
134;61;40
134;62;40
134;63;40
134;64;40
134;65;40
134;66;40
134;67;40
134;68;40
134;69;40
134;70;50
134;71;50
134;72;50
134;73;50
134;74;50
134;75;50
134;76;50
134;77;50
134;78;50
134;79;50
134;80;50
134;81;50
134;82;50
134;83;50
134;84;50
134;85;50
134;86;50
134;87;50
134;88;50
134;89;50
134;90;50
134;91;50
134;92;50
134;93;50
134;94;50
134;95;50
134;96;50
134;97;50
134;98;50
134;99;50
134;100;50
134;101;50
134;102;50
134;103;50
134;104;50
134;105;50
134;106;50
134;107;50
134;108;45
134;109;45
134;110;45
134;111;45
134;112;45
134;113;45
134;114;45
134;115;45
134;116;45
134;117;45
134;118;45
134;119;45
134;120;45
134;121;45
134;122;45
134;123;45
134;124;45
134;125;45
134;126;45
134;127;45
134;128;45
134;129;45
134;130;45
134;131;45
134;132;45
134;133;45
134;134;45
134;135;45
134;136;45
134;137;34
134;138;34
134;139;34
134;140;34
134;141;34
134;142;34
134;143;34
134;144;34
134;145;34
134;146;34
134;147;34
134;148;34
134;149;34
134;150;34
134;151;34
134;152;34
134;153;34
134;154;34
134;155;34
134;156;34
134;157;34
134;158;34
134;159;32
134;160;32
134;161;32
134;162;32
134;163;32
134;164;32
134;165;32
134;166;32
134;167;32
134;168;32
134;169;32
134;170;5
134;171;5
134;172;5
134;173;5
134;174;5
134;175;5
134;176;5
134;177;5
134;178;5
134;179;5
134;180;5
134;181;5
134;182;5
134;183;5
134;184;5
134;185;5
134;186;5
134;187;5
134;188;5
134;189;5
134;190;5
134;191;5
134;192;5
134;193;5
134;194;5
134;195;5
134;196;13
134;197;13
134;198;13
134;199;13
134;200;13
134;201;13
134;202;13
134;203;19
134;204;19
134;205;19
134;206;19
134;207;19
134;208;19
134;209;19
134;210;19
134;211;19
134;212;19
134;213;19
134;214;19
134;215;9
134;216;9
134;217;9
134;218;9
134;219;9
134;220;9
134;221;9
134;222;9
134;223;9
134;224;9
134;225;9
134;226;9
134;227;9
134;228;9
134;229;9
134;230;9
134;231;9
134;232;9
134;233;9
134;234;9
134;235;9
134;236;9
134;237;9
134;238;9
134;239;9
134;240;9
134;241;9
134;242;32
134;243;32
134;244;32
134;245;32
134;246;32
134;247;32
134;248;32
134;249;32
134;250;32
134;251;32
134;252;32
134;253;32
134;254;32
134;255;32
134;256;32
134;257;32
134;258;32
134;259;32
134;260;32
134;261;32
134;262;32
134;263;32
134;264;32
134;265;32
134;266;32
134;267;32
134;268;32
134;269;32
134;270;32
134;271;32
134;272;32
134;273;32
134;274;32
134;275;32
134;276;32
134;277;32
134;278;32
134;279;32
134;280;32
134;281;27
134;282;27
134;283;27
134;284;27
134;285;27
134;286;27
134;287;27
134;288;27
134;289;27
134;290;27
134;291;27
134;292;27
134;293;27
134;294;27
134;295;27
134;296;27
134;297;27
134;298;27
134;299;27
134;300;27
134;301;27
134;302;27
134;303;27
134;304;27
134;305;27
134;306;27
134;307;27
134;308;27
134;309;27
134;310;27
134;311;27
134;312;27
134;313;27
134;314;27
134;315;27
134;316;27
134;317;27
134;318;27
134;319;27
134;320;27
134;321;27
134;322;27
134;323;27
134;324;27
134;325;27
134;326;27
134;327;4
134;328;4
134;329;4
134;330;4
134;331;4
134;332;4
134;333;4
134;334;4
134;335;4
134;336;4
134;337;4
134;338;4
134;339;4
134;340;4
134;341;4
134;342;4
134;343;4
134;344;4
134;345;4
134;346;4
134;347;4
134;348;4
134;349;4
134;350;4
134;351;4
134;352;4
134;353;4
134;354;4
134;355;4
134;356;4
134;357;4
134;358;15
134;359;15
134;360;15
134;361;44
134;362;44
134;363;44
134;364;44
134;365;44
134;366;44
134;367;44
134;368;44
134;369;44
134;370;44
134;371;44
134;372;44
134;373;44
134;374;44
134;375;44
134;376;44
134;377;44
134;378;44
134;379;44
134;380;21
134;381;21
134;382;21
134;383;21
134;384;21
134;385;21
134;386;21
134;387;21
134;388;21
134;389;21
134;390;21
134;391;21
134;392;21
134;393;21
134;394;21
134;395;21
134;396;41
134;397;41
134;398;41
134;399;41
134;400;41
134;401;41
134;402;41
134;403;41
134;404;41
134;405;41
134;406;41
134;407;41
134;408;41
134;409;41
134;410;41
134;411;41
134;412;41
134;413;41
134;414;41
134;415;41
134;416;41
134;417;1
134;418;1
134;419;1
134;420;1
134;421;1
134;422;1
134;423;1
134;424;1
134;425;1
134;426;1
134;427;1
134;428;1
134;429;1
134;430;1
134;431;48
134;432;48
134;433;48
134;434;48
134;435;48
134;436;48
134;437;48
134;438;48
134;439;48
134;440;48
134;441;48
134;442;48
134;443;48
134;444;48
134;445;48
134;446;48
134;447;48
134;448;48
134;449;48
134;450;48
134;451;48
134;452;22
134;453;22
134;454;22
134;455;22
134;456;22
134;457;22
134;458;36
134;459;36
134;460;36
134;461;36
134;462;47
134;463;47
134;464;47
134;465;47
134;466;47
134;467;47
134;468;47
134;469;47
134;470;47
134;471;47
134;472;47
134;473;47
134;474;47
134;475;47
134;476;47
134;477;47
134;478;47
134;479;47
134;480;47
134;481;47
134;482;47
134;483;47
134;484;47
134;485;47
134;486;47
134;487;47
134;488;47
134;489;47
134;490;47
134;491;47
134;492;47
134;493;37
134;494;37
134;495;37
134;496;37
134;497;37
134;498;37
134;499;37
135;0;2
135;1;2
135;2;2
135;3;2
135;4;2
135;5;2
135;6;2
135;7;2
135;8;2
135;9;2
135;10;2
135;11;2
135;12;2
135;13;2
135;14;2
135;15;2
135;16;2
135;17;2
135;18;2
135;19;2
135;20;2
135;21;2
135;22;2
135;23;2
135;24;2
135;25;2
135;26;20
135;27;20
135;28;20
135;29;20
135;30;20
135;31;20
135;32;20
135;33;20
135;34;20
135;35;20
135;36;20
135;37;40
135;38;40
135;39;40
135;40;40
135;41;40
135;42;40
135;43;40
135;44;40
135;45;40
135;46;40
135;47;40
135;48;40
135;49;40
135;50;40
135;51;40
135;52;40
135;53;40
135;54;40
135;55;40
135;56;40
135;57;40
135;58;40
135;59;40
135;60;40
135;61;40
135;62;40
135;63;40
135;64;40
135;65;40
135;66;40
135;67;40
135;68;40
135;69;40
135;70;50
135;71;50
135;72;50
135;73;50
135;74;50
135;75;50
135;76;50
135;77;50
135;78;50
135;79;50
135;80;50
135;81;50
135;82;50
135;83;50
135;84;50
135;85;50
135;86;50
135;87;50
135;88;50
135;89;50
135;90;50
135;91;50
135;92;50
135;93;50
135;94;50
135;95;50
135;96;50
135;97;50
135;98;50
135;99;50
135;100;50
135;101;50
135;102;50
135;103;50
135;104;50
135;105;50
135;106;50
135;107;50
135;108;45
135;109;45
135;110;45
135;111;45
135;112;45
135;113;45
135;114;45
135;115;45
135;116;45
135;117;45
135;118;45
135;119;45
135;120;45
135;121;45
135;122;45
135;123;45
135;124;45
135;125;45
135;126;45
135;127;45
135;128;45
135;129;45
135;130;45
135;131;45
135;132;45
135;133;45
135;134;45
135;135;45
135;136;45
135;137;34
135;138;34
135;139;34
135;140;34
135;141;34
135;142;34
135;143;34
135;144;34
135;145;34
135;146;34
135;147;34
135;148;34
135;149;34
135;150;34
135;151;34
135;152;34
135;153;34
135;154;34
135;155;34
135;156;34
135;157;34
135;158;34
135;159;32
135;160;32
135;161;32
135;162;32
135;163;32
135;164;32
135;165;32
135;166;32
135;167;32
135;168;32
135;169;32
135;170;32
135;171;32
135;172;5
135;173;5
135;174;5
135;175;5
135;176;5
135;177;5
135;178;5
135;179;5
135;180;5
135;181;5
135;182;5
135;183;5
135;184;5
135;185;5
135;186;5
135;187;5
135;188;5
135;189;5
135;190;5
135;191;5
135;192;5
135;193;5
135;194;5
135;195;5
135;196;5
135;197;13
135;198;13
135;199;13
135;200;13
135;201;13
135;202;13
135;203;19
135;204;19
135;205;19
135;206;19
135;207;19
135;208;19
135;209;19
135;210;19
135;211;19
135;212;19
135;213;19
135;214;19
135;215;9
135;216;9
135;217;9
135;218;9
135;219;9
135;220;9
135;221;9
135;222;9
135;223;9
135;224;9
135;225;9
135;226;9
135;227;9
135;228;9
135;229;9
135;230;9
135;231;9
135;232;9
135;233;9
135;234;9
135;235;9
135;236;9
135;237;47
135;238;47
135;239;47
135;240;47
135;241;47
135;242;32
135;243;32
135;244;32
135;245;32
135;246;32
135;247;32
135;248;32
135;249;32
135;250;32
135;251;32
135;252;32
135;253;32
135;254;32
135;255;32
135;256;32
135;257;32
135;258;32
135;259;32
135;260;32
135;261;32
135;262;32
135;263;32
135;264;32
135;265;32
135;266;32
135;267;32
135;268;32
135;269;32
135;270;32
135;271;32
135;272;32
135;273;32
135;274;32
135;275;32
135;276;32
135;277;32
135;278;32
135;279;32
135;280;32
135;281;27
135;282;27
135;283;27
135;284;27
135;285;27
135;286;27
135;287;27
135;288;27
135;289;27
135;290;27
135;291;27
135;292;27
135;293;27
135;294;27
135;295;27
135;296;27
135;297;27
135;298;27
135;299;27
135;300;27
135;301;27
135;302;27
135;303;27
135;304;27
135;305;27
135;306;27
135;307;27
135;308;27
135;309;27
135;310;27
135;311;27
135;312;27
135;313;27
135;314;27
135;315;27
135;316;27
135;317;27
135;318;27
135;319;27
135;320;27
135;321;27
135;322;27
135;323;27
135;324;27
135;325;27
135;326;27
135;327;4
135;328;4
135;329;4
135;330;4
135;331;4
135;332;4
135;333;4
135;334;4
135;335;4
135;336;4
135;337;4
135;338;4
135;339;4
135;340;4
135;341;4
135;342;4
135;343;4
135;344;4
135;345;4
135;346;4
135;347;4
135;348;4
135;349;4
135;350;4
135;351;4
135;352;4
135;353;4
135;354;4
135;355;4
135;356;4
135;357;4
135;358;4
135;359;4
135;360;15
135;361;44
135;362;44
135;363;44
135;364;44
135;365;44
135;366;44
135;367;44
135;368;44
135;369;44
135;370;44
135;371;44
135;372;44
135;373;44
135;374;44
135;375;44
135;376;44
135;377;44
135;378;44
135;379;44
135;380;21
135;381;21
135;382;21
135;383;21
135;384;21
135;385;21
135;386;21
135;387;21
135;388;21
135;389;21
135;390;21
135;391;21
135;392;21
135;393;21
135;394;21
135;395;21
135;396;21
135;397;41
135;398;41
135;399;41
135;400;41
135;401;41
135;402;41
135;403;41
135;404;41
135;405;41
135;406;41
135;407;41
135;408;41
135;409;41
135;410;41
135;411;41
135;412;41
135;413;41
135;414;41
135;415;41
135;416;41
135;417;41
135;418;1
135;419;1
135;420;1
135;421;1
135;422;1
135;423;1
135;424;1
135;425;1
135;426;1
135;427;1
135;428;1
135;429;1
135;430;48
135;431;48
135;432;48
135;433;48
135;434;48
135;435;48
135;436;48
135;437;48
135;438;48
135;439;48
135;440;48
135;441;48
135;442;48
135;443;48
135;444;48
135;445;48
135;446;48
135;447;48
135;448;48
135;449;48
135;450;48
135;451;48
135;452;48
135;453;48
135;454;22
135;455;22
135;456;22
135;457;22
135;458;36
135;459;36
135;460;36
135;461;36
135;462;36
135;463;47
135;464;47
135;465;47
135;466;47
135;467;47
135;468;47
135;469;47
135;470;47
135;471;47
135;472;47
135;473;47
135;474;47
135;475;47
135;476;47
135;477;47
135;478;47
135;479;47
135;480;47
135;481;47
135;482;47
135;483;47
135;484;47
135;485;47
135;486;47
135;487;47
135;488;47
135;489;47
135;490;47
135;491;47
135;492;47
135;493;47
135;494;37
135;495;37
135;496;37
135;497;37
135;498;37
135;499;37
136;0;2
136;1;2
136;2;2
136;3;2
136;4;2
136;5;2
136;6;2
136;7;2
136;8;2
136;9;2
136;10;2
136;11;2
136;12;2
136;13;2
136;14;2
136;15;2
136;16;2
136;17;2
136;18;2
136;19;2
136;20;2
136;21;2
136;22;2
136;23;2
136;24;2
136;25;2
136;26;2
136;27;2
136;28;20
136;29;20
136;30;20
136;31;20
136;32;20
136;33;20
136;34;20
136;35;20
136;36;20
136;37;40
136;38;40
136;39;40
136;40;40
136;41;40
136;42;40
136;43;40
136;44;40
136;45;40
136;46;40
136;47;40
136;48;40
136;49;40
136;50;40
136;51;40
136;52;40
136;53;40
136;54;40
136;55;40
136;56;40
136;57;40
136;58;40
136;59;40
136;60;40
136;61;40
136;62;40
136;63;40
136;64;40
136;65;40
136;66;40
136;67;40
136;68;40
136;69;40
136;70;50
136;71;50
136;72;50
136;73;50
136;74;50
136;75;50
136;76;50
136;77;50
136;78;50
136;79;50
136;80;50
136;81;50
136;82;50
136;83;50
136;84;50
136;85;50
136;86;50
136;87;50
136;88;50
136;89;50
136;90;50
136;91;50
136;92;50
136;93;50
136;94;50
136;95;50
136;96;50
136;97;50
136;98;50
136;99;50
136;100;50
136;101;50
136;102;50
136;103;50
136;104;50
136;105;50
136;106;50
136;107;50
136;108;50
136;109;45
136;110;45
136;111;45
136;112;45
136;113;45
136;114;45
136;115;45
136;116;45
136;117;45
136;118;45
136;119;45
136;120;45
136;121;45
136;122;45
136;123;45
136;124;45
136;125;45
136;126;45
136;127;45
136;128;45
136;129;45
136;130;45
136;131;45
136;132;45
136;133;45
136;134;45
136;135;45
136;136;45
136;137;45
136;138;34
136;139;34
136;140;34
136;141;34
136;142;34
136;143;34
136;144;34
136;145;34
136;146;34
136;147;34
136;148;34
136;149;34
136;150;34
136;151;34
136;152;34
136;153;34
136;154;34
136;155;34
136;156;34
136;157;34
136;158;34
136;159;34
136;160;32
136;161;32
136;162;32
136;163;32
136;164;32
136;165;32
136;166;32
136;167;32
136;168;32
136;169;32
136;170;32
136;171;32
136;172;32
136;173;5
136;174;5
136;175;5
136;176;5
136;177;5
136;178;5
136;179;5
136;180;5
136;181;5
136;182;5
136;183;5
136;184;5
136;185;5
136;186;5
136;187;5
136;188;5
136;189;5
136;190;5
136;191;5
136;192;5
136;193;5
136;194;5
136;195;5
136;196;5
136;197;5
136;198;13
136;199;13
136;200;13
136;201;13
136;202;13
136;203;19
136;204;19
136;205;19
136;206;19
136;207;19
136;208;19
136;209;19
136;210;19
136;211;19
136;212;19
136;213;19
136;214;19
136;215;9
136;216;9
136;217;9
136;218;9
136;219;9
136;220;9
136;221;9
136;222;9
136;223;9
136;224;9
136;225;9
136;226;9
136;227;9
136;228;9
136;229;9
136;230;9
136;231;9
136;232;9
136;233;9
136;234;9
136;235;9
136;236;47
136;237;47
136;238;47
136;239;47
136;240;47
136;241;47
136;242;47
136;243;32
136;244;32
136;245;32
136;246;32
136;247;32
136;248;32
136;249;32
136;250;32
136;251;32
136;252;32
136;253;32
136;254;32
136;255;32
136;256;32
136;257;32
136;258;32
136;259;32
136;260;32
136;261;32
136;262;32
136;263;32
136;264;32
136;265;32
136;266;32
136;267;32
136;268;32
136;269;32
136;270;32
136;271;32
136;272;32
136;273;32
136;274;32
136;275;32
136;276;32
136;277;32
136;278;32
136;279;32
136;280;32
136;281;32
136;282;27
136;283;27
136;284;27
136;285;27
136;286;27
136;287;27
136;288;27
136;289;27
136;290;27
136;291;27
136;292;27
136;293;27
136;294;27
136;295;27
136;296;27
136;297;27
136;298;27
136;299;27
136;300;27
136;301;27
136;302;27
136;303;27
136;304;27
136;305;27
136;306;27
136;307;27
136;308;27
136;309;27
136;310;27
136;311;27
136;312;27
136;313;27
136;314;27
136;315;27
136;316;27
136;317;27
136;318;27
136;319;27
136;320;27
136;321;27
136;322;27
136;323;27
136;324;27
136;325;27
136;326;27
136;327;27
136;328;4
136;329;4
136;330;4
136;331;4
136;332;4
136;333;4
136;334;4
136;335;4
136;336;4
136;337;4
136;338;4
136;339;4
136;340;4
136;341;4
136;342;4
136;343;4
136;344;4
136;345;4
136;346;4
136;347;4
136;348;4
136;349;4
136;350;4
136;351;4
136;352;4
136;353;4
136;354;4
136;355;4
136;356;4
136;357;4
136;358;4
136;359;4
136;360;4
136;361;4
136;362;44
136;363;44
136;364;44
136;365;44
136;366;44
136;367;44
136;368;44
136;369;44
136;370;44
136;371;44
136;372;44
136;373;44
136;374;44
136;375;44
136;376;44
136;377;44
136;378;44
136;379;44
136;380;21
136;381;21
136;382;21
136;383;21
136;384;21
136;385;21
136;386;21
136;387;21
136;388;21
136;389;21
136;390;21
136;391;21
136;392;21
136;393;21
136;394;21
136;395;21
136;396;21
136;397;21
136;398;41
136;399;41
136;400;41
136;401;41
136;402;41
136;403;41
136;404;41
136;405;41
136;406;41
136;407;41
136;408;41
136;409;41
136;410;41
136;411;41
136;412;41
136;413;41
136;414;41
136;415;41
136;416;41
136;417;41
136;418;1
136;419;1
136;420;1
136;421;1
136;422;1
136;423;1
136;424;1
136;425;1
136;426;1
136;427;1
136;428;1
136;429;48
136;430;48
136;431;48
136;432;48
136;433;48
136;434;48
136;435;48
136;436;48
136;437;48
136;438;48
136;439;48
136;440;48
136;441;48
136;442;48
136;443;48
136;444;48
136;445;48
136;446;48
136;447;48
136;448;48
136;449;48
136;450;48
136;451;48
136;452;48
136;453;48
136;454;48
136;455;48
136;456;22
136;457;22
136;458;36
136;459;36
136;460;36
136;461;36
136;462;36
136;463;36
136;464;47
136;465;47
136;466;47
136;467;47
136;468;47
136;469;47
136;470;47
136;471;47
136;472;47
136;473;47
136;474;47
136;475;47
136;476;47
136;477;47
136;478;47
136;479;47
136;480;47
136;481;47
136;482;47
136;483;47
136;484;47
136;485;47
136;486;47
136;487;47
136;488;47
136;489;47
136;490;47
136;491;47
136;492;47
136;493;47
136;494;47
136;495;37
136;496;37
136;497;37
136;498;37
136;499;37
137;0;2
137;1;2
137;2;2
137;3;2
137;4;2
137;5;2
137;6;2
137;7;2
137;8;2
137;9;2
137;10;2
137;11;2
137;12;2
137;13;2
137;14;2
137;15;2
137;16;2
137;17;2
137;18;2
137;19;2
137;20;2
137;21;2
137;22;2
137;23;2
137;24;2
137;25;2
137;26;2
137;27;2
137;28;2
137;29;2
137;30;20
137;31;20
137;32;20
137;33;20
137;34;20
137;35;20
137;36;20
137;37;20
137;38;40
137;39;40
137;40;40
137;41;40
137;42;40
137;43;40
137;44;40
137;45;40
137;46;40
137;47;40
137;48;40
137;49;40
137;50;40
137;51;40
137;52;40
137;53;40
137;54;40
137;55;40
137;56;40
137;57;40
137;58;40
137;59;40
137;60;40
137;61;40
137;62;40
137;63;40
137;64;40
137;65;40
137;66;40
137;67;40
137;68;40
137;69;40
137;70;50
137;71;50
137;72;50
137;73;50
137;74;50
137;75;50
137;76;50
137;77;50
137;78;50
137;79;50
137;80;50
137;81;50
137;82;50
137;83;50
137;84;50
137;85;50
137;86;50
137;87;50
137;88;50
137;89;50
137;90;50
137;91;50
137;92;50
137;93;50
137;94;50
137;95;50
137;96;50
137;97;50
137;98;50
137;99;50
137;100;50
137;101;50
137;102;50
137;103;50
137;104;50
137;105;50
137;106;50
137;107;50
137;108;50
137;109;45
137;110;45
137;111;45
137;112;45
137;113;45
137;114;45
137;115;45
137;116;45
137;117;45
137;118;45
137;119;45
137;120;45
137;121;45
137;122;45
137;123;45
137;124;45
137;125;45
137;126;45
137;127;45
137;128;45
137;129;45
137;130;45
137;131;45
137;132;45
137;133;45
137;134;45
137;135;45
137;136;45
137;137;45
137;138;34
137;139;34
137;140;34
137;141;34
137;142;34
137;143;34
137;144;34
137;145;34
137;146;34
137;147;34
137;148;34
137;149;34
137;150;34
137;151;34
137;152;34
137;153;34
137;154;34
137;155;34
137;156;34
137;157;34
137;158;34
137;159;34
137;160;32
137;161;32
137;162;32
137;163;32
137;164;32
137;165;32
137;166;32
137;167;32
137;168;32
137;169;32
137;170;32
137;171;32
137;172;32
137;173;32
137;174;5
137;175;5
137;176;5
137;177;5
137;178;5
137;179;5
137;180;5
137;181;5
137;182;5
137;183;5
137;184;5
137;185;5
137;186;5
137;187;5
137;188;5
137;189;5
137;190;5
137;191;5
137;192;5
137;193;5
137;194;5
137;195;5
137;196;5
137;197;5
137;198;5
137;199;13
137;200;13
137;201;13
137;202;13
137;203;19
137;204;19
137;205;19
137;206;19
137;207;19
137;208;19
137;209;19
137;210;19
137;211;19
137;212;19
137;213;19
137;214;19
137;215;9
137;216;9
137;217;9
137;218;9
137;219;9
137;220;9
137;221;9
137;222;9
137;223;9
137;224;9
137;225;9
137;226;9
137;227;9
137;228;9
137;229;9
137;230;9
137;231;9
137;232;9
137;233;9
137;234;9
137;235;47
137;236;47
137;237;47
137;238;47
137;239;47
137;240;47
137;241;47
137;242;47
137;243;32
137;244;32
137;245;32
137;246;32
137;247;32
137;248;32
137;249;32
137;250;32
137;251;32
137;252;32
137;253;32
137;254;32
137;255;32
137;256;32
137;257;32
137;258;32
137;259;32
137;260;32
137;261;32
137;262;32
137;263;32
137;264;32
137;265;32
137;266;32
137;267;32
137;268;32
137;269;32
137;270;32
137;271;32
137;272;32
137;273;32
137;274;32
137;275;32
137;276;32
137;277;32
137;278;32
137;279;32
137;280;32
137;281;32
137;282;27
137;283;27
137;284;27
137;285;27
137;286;27
137;287;27
137;288;27
137;289;27
137;290;27
137;291;27
137;292;27
137;293;27
137;294;27
137;295;27
137;296;27
137;297;27
137;298;27
137;299;27
137;300;27
137;301;27
137;302;27
137;303;27
137;304;27
137;305;27
137;306;27
137;307;27
137;308;27
137;309;27
137;310;27
137;311;27
137;312;27
137;313;27
137;314;27
137;315;27
137;316;27
137;317;27
137;318;27
137;319;27
137;320;27
137;321;27
137;322;27
137;323;27
137;324;27
137;325;27
137;326;27
137;327;27
137;328;4
137;329;4
137;330;4
137;331;4
137;332;4
137;333;4
137;334;4
137;335;4
137;336;4
137;337;4
137;338;4
137;339;4
137;340;4
137;341;4
137;342;4
137;343;4
137;344;4
137;345;4
137;346;4
137;347;4
137;348;4
137;349;4
137;350;4
137;351;4
137;352;4
137;353;4
137;354;4
137;355;4
137;356;4
137;357;4
137;358;4
137;359;4
137;360;4
137;361;4
137;362;4
137;363;44
137;364;44
137;365;44
137;366;44
137;367;44
137;368;44
137;369;44
137;370;44
137;371;44
137;372;44
137;373;44
137;374;44
137;375;44
137;376;44
137;377;44
137;378;44
137;379;44
137;380;21
137;381;21
137;382;21
137;383;21
137;384;21
137;385;21
137;386;21
137;387;21
137;388;21
137;389;21
137;390;21
137;391;21
137;392;21
137;393;21
137;394;21
137;395;21
137;396;21
137;397;21
137;398;21
137;399;41
137;400;41
137;401;41
137;402;41
137;403;41
137;404;41
137;405;41
137;406;41
137;407;41
137;408;41
137;409;41
137;410;41
137;411;41
137;412;41
137;413;41
137;414;41
137;415;41
137;416;41
137;417;41
137;418;41
137;419;1
137;420;1
137;421;1
137;422;1
137;423;1
137;424;1
137;425;1
137;426;1
137;427;1
137;428;48
137;429;48
137;430;48
137;431;48
137;432;48
137;433;48
137;434;48
137;435;48
137;436;48
137;437;48
137;438;48
137;439;48
137;440;48
137;441;48
137;442;48
137;443;48
137;444;48
137;445;48
137;446;48
137;447;48
137;448;48
137;449;48
137;450;48
137;451;48
137;452;48
137;453;48
137;454;48
137;455;48
137;456;48
137;457;48
137;458;36
137;459;36
137;460;36
137;461;36
137;462;36
137;463;36
137;464;36
137;465;47
137;466;47
137;467;47
137;468;47
137;469;47
137;470;47
137;471;47
137;472;47
137;473;47
137;474;47
137;475;47
137;476;47
137;477;47
137;478;47
137;479;47
137;480;47
137;481;47
137;482;47
137;483;47
137;484;47
137;485;47
137;486;47
137;487;47
137;488;47
137;489;47
137;490;47
137;491;47
137;492;47
137;493;47
137;494;47
137;495;47
137;496;37
137;497;37
137;498;37
137;499;37
138;0;2
138;1;2
138;2;2
138;3;2
138;4;2
138;5;2
138;6;2
138;7;2
138;8;2
138;9;2
138;10;2
138;11;2
138;12;2
138;13;2
138;14;2
138;15;2
138;16;2
138;17;2
138;18;2
138;19;2
138;20;2
138;21;2
138;22;2
138;23;2
138;24;2
138;25;2
138;26;2
138;27;2
138;28;2
138;29;2
138;30;2
138;31;20
138;32;20
138;33;20
138;34;20
138;35;20
138;36;20
138;37;20
138;38;40
138;39;40
138;40;40
138;41;40
138;42;40
138;43;40
138;44;40
138;45;40
138;46;40
138;47;40
138;48;40
138;49;40
138;50;40
138;51;40
138;52;40
138;53;40
138;54;40
138;55;40
138;56;40
138;57;40
138;58;40
138;59;40
138;60;40
138;61;40
138;62;40
138;63;40
138;64;40
138;65;40
138;66;40
138;67;40
138;68;40
138;69;40
138;70;50
138;71;50
138;72;50
138;73;50
138;74;50
138;75;50
138;76;50
138;77;50
138;78;50
138;79;50
138;80;50
138;81;50
138;82;50
138;83;50
138;84;50
138;85;50
138;86;50
138;87;50
138;88;50
138;89;50
138;90;50
138;91;50
138;92;50
138;93;50
138;94;50
138;95;50
138;96;50
138;97;50
138;98;50
138;99;50
138;100;50
138;101;50
138;102;50
138;103;50
138;104;50
138;105;50
138;106;50
138;107;50
138;108;50
138;109;50
138;110;45
138;111;45
138;112;45
138;113;45
138;114;45
138;115;45
138;116;45
138;117;45
138;118;45
138;119;45
138;120;45
138;121;45
138;122;45
138;123;45
138;124;45
138;125;45
138;126;45
138;127;45
138;128;45
138;129;45
138;130;45
138;131;45
138;132;45
138;133;45
138;134;45
138;135;45
138;136;45
138;137;45
138;138;45
138;139;34
138;140;34
138;141;34
138;142;34
138;143;34
138;144;34
138;145;34
138;146;34
138;147;34
138;148;34
138;149;34
138;150;34
138;151;34
138;152;34
138;153;34
138;154;34
138;155;34
138;156;34
138;157;34
138;158;34
138;159;34
138;160;34
138;161;32
138;162;32
138;163;32
138;164;32
138;165;32
138;166;32
138;167;32
138;168;32
138;169;32
138;170;32
138;171;32
138;172;32
138;173;32
138;174;32
138;175;5
138;176;5
138;177;5
138;178;5
138;179;5
138;180;5
138;181;5
138;182;5
138;183;5
138;184;5
138;185;5
138;186;5
138;187;5
138;188;5
138;189;5
138;190;5
138;191;5
138;192;5
138;193;5
138;194;5
138;195;5
138;196;5
138;197;5
138;198;5
138;199;5
138;200;13
138;201;13
138;202;13
138;203;19
138;204;19
138;205;19
138;206;19
138;207;19
138;208;19
138;209;19
138;210;19
138;211;19
138;212;19
138;213;19
138;214;19
138;215;9
138;216;9
138;217;9
138;218;9
138;219;9
138;220;9
138;221;9
138;222;9
138;223;9
138;224;9
138;225;9
138;226;9
138;227;9
138;228;9
138;229;9
138;230;9
138;231;9
138;232;9
138;233;9
138;234;47
138;235;47
138;236;47
138;237;47
138;238;47
138;239;47
138;240;47
138;241;47
138;242;47
138;243;47
138;244;32
138;245;32
138;246;32
138;247;32
138;248;32
138;249;32
138;250;32
138;251;32
138;252;32
138;253;32
138;254;32
138;255;32
138;256;32
138;257;32
138;258;32
138;259;32
138;260;32
138;261;32
138;262;32
138;263;32
138;264;32
138;265;32
138;266;32
138;267;32
138;268;32
138;269;32
138;270;32
138;271;32
138;272;32
138;273;32
138;274;32
138;275;32
138;276;32
138;277;32
138;278;32
138;279;32
138;280;32
138;281;32
138;282;32
138;283;27
138;284;27
138;285;27
138;286;27
138;287;27
138;288;27
138;289;27
138;290;27
138;291;27
138;292;27
138;293;27
138;294;27
138;295;27
138;296;27
138;297;27
138;298;27
138;299;27
138;300;27
138;301;27
138;302;27
138;303;27
138;304;27
138;305;27
138;306;27
138;307;27
138;308;27
138;309;27
138;310;27
138;311;27
138;312;27
138;313;27
138;314;27
138;315;27
138;316;27
138;317;27
138;318;27
138;319;27
138;320;27
138;321;27
138;322;27
138;323;27
138;324;27
138;325;27
138;326;27
138;327;27
138;328;27
138;329;4
138;330;4
138;331;4
138;332;4
138;333;4
138;334;4
138;335;4
138;336;4
138;337;4
138;338;4
138;339;4
138;340;4
138;341;4
138;342;4
138;343;4
138;344;4
138;345;4
138;346;4
138;347;4
138;348;4
138;349;4
138;350;4
138;351;4
138;352;4
138;353;4
138;354;4
138;355;4
138;356;4
138;357;4
138;358;4
138;359;4
138;360;4
138;361;4
138;362;4
138;363;4
138;364;44
138;365;44
138;366;44
138;367;44
138;368;44
138;369;44
138;370;44
138;371;44
138;372;44
138;373;44
138;374;44
138;375;44
138;376;44
138;377;44
138;378;44
138;379;21
138;380;21
138;381;21
138;382;21
138;383;21
138;384;21
138;385;21
138;386;21
138;387;21
138;388;21
138;389;21
138;390;21
138;391;21
138;392;21
138;393;21
138;394;21
138;395;21
138;396;21
138;397;21
138;398;21
138;399;21
138;400;41
138;401;41
138;402;41
138;403;41
138;404;41
138;405;41
138;406;41
138;407;41
138;408;41
138;409;41
138;410;41
138;411;41
138;412;41
138;413;41
138;414;41
138;415;41
138;416;41
138;417;41
138;418;41
138;419;1
138;420;1
138;421;1
138;422;1
138;423;1
138;424;1
138;425;1
138;426;1
138;427;48
138;428;48
138;429;48
138;430;48
138;431;48
138;432;48
138;433;48
138;434;48
138;435;48
138;436;48
138;437;48
138;438;48
138;439;48
138;440;48
138;441;48
138;442;48
138;443;48
138;444;48
138;445;48
138;446;48
138;447;48
138;448;48
138;449;48
138;450;48
138;451;48
138;452;48
138;453;48
138;454;48
138;455;48
138;456;48
138;457;48
138;458;48
138;459;36
138;460;36
138;461;36
138;462;36
138;463;36
138;464;36
138;465;36
138;466;36
138;467;47
138;468;47
138;469;47
138;470;47
138;471;47
138;472;47
138;473;47
138;474;47
138;475;47
138;476;47
138;477;47
138;478;47
138;479;47
138;480;47
138;481;47
138;482;47
138;483;47
138;484;47
138;485;47
138;486;47
138;487;47
138;488;47
138;489;47
138;490;47
138;491;47
138;492;47
138;493;47
138;494;47
138;495;47
138;496;47
138;497;37
138;498;37
138;499;37
139;0;2
139;1;2
139;2;2
139;3;2
139;4;2
139;5;2
139;6;2
139;7;2
139;8;2
139;9;2
139;10;2
139;11;2
139;12;2
139;13;2
139;14;2
139;15;2
139;16;2
139;17;2
139;18;2
139;19;2
139;20;2
139;21;2
139;22;2
139;23;2
139;24;2
139;25;2
139;26;2
139;27;2
139;28;2
139;29;2
139;30;2
139;31;2
139;32;20
139;33;20
139;34;20
139;35;20
139;36;20
139;37;20
139;38;20
139;39;40
139;40;40
139;41;40
139;42;40
139;43;40
139;44;40
139;45;40
139;46;40
139;47;40
139;48;40
139;49;40
139;50;40
139;51;40
139;52;40
139;53;40
139;54;40
139;55;40
139;56;40
139;57;40
139;58;40
139;59;40
139;60;40
139;61;40
139;62;40
139;63;40
139;64;40
139;65;40
139;66;40
139;67;40
139;68;40
139;69;40
139;70;50
139;71;50
139;72;50
139;73;50
139;74;50
139;75;50
139;76;50
139;77;50
139;78;50
139;79;50
139;80;50
139;81;50
139;82;50
139;83;50
139;84;50
139;85;50
139;86;50
139;87;50
139;88;50
139;89;50
139;90;50
139;91;50
139;92;50
139;93;50
139;94;50
139;95;50
139;96;50
139;97;50
139;98;50
139;99;50
139;100;50
139;101;50
139;102;50
139;103;50
139;104;50
139;105;50
139;106;50
139;107;50
139;108;50
139;109;50
139;110;45
139;111;45
139;112;45
139;113;45
139;114;45
139;115;45
139;116;45
139;117;45
139;118;45
139;119;45
139;120;45
139;121;45
139;122;45
139;123;45
139;124;45
139;125;45
139;126;45
139;127;45
139;128;45
139;129;45
139;130;45
139;131;45
139;132;45
139;133;45
139;134;45
139;135;45
139;136;45
139;137;45
139;138;45
139;139;34
139;140;34
139;141;34
139;142;34
139;143;34
139;144;34
139;145;34
139;146;34
139;147;34
139;148;34
139;149;34
139;150;34
139;151;34
139;152;34
139;153;34
139;154;34
139;155;34
139;156;34
139;157;34
139;158;34
139;159;34
139;160;34
139;161;32
139;162;32
139;163;32
139;164;32
139;165;32
139;166;32
139;167;32
139;168;32
139;169;32
139;170;32
139;171;32
139;172;32
139;173;32
139;174;32
139;175;32
139;176;5
139;177;5
139;178;5
139;179;5
139;180;5
139;181;5
139;182;5
139;183;5
139;184;5
139;185;5
139;186;5
139;187;5
139;188;5
139;189;5
139;190;5
139;191;5
139;192;5
139;193;5
139;194;5
139;195;5
139;196;5
139;197;5
139;198;5
139;199;5
139;200;5
139;201;13
139;202;13
139;203;19
139;204;19
139;205;19
139;206;19
139;207;19
139;208;19
139;209;19
139;210;19
139;211;19
139;212;19
139;213;19
139;214;19
139;215;9
139;216;9
139;217;9
139;218;9
139;219;9
139;220;9
139;221;9
139;222;9
139;223;9
139;224;9
139;225;9
139;226;9
139;227;9
139;228;9
139;229;9
139;230;9
139;231;9
139;232;9
139;233;47
139;234;47
139;235;47
139;236;47
139;237;47
139;238;47
139;239;47
139;240;47
139;241;47
139;242;47
139;243;47
139;244;32
139;245;32
139;246;32
139;247;32
139;248;32
139;249;32
139;250;32
139;251;32
139;252;32
139;253;32
139;254;32
139;255;32
139;256;32
139;257;32
139;258;32
139;259;32
139;260;32
139;261;32
139;262;32
139;263;32
139;264;32
139;265;32
139;266;32
139;267;32
139;268;32
139;269;32
139;270;32
139;271;32
139;272;32
139;273;32
139;274;32
139;275;32
139;276;32
139;277;32
139;278;32
139;279;32
139;280;32
139;281;32
139;282;32
139;283;27
139;284;27
139;285;27
139;286;27
139;287;27
139;288;27
139;289;27
139;290;27
139;291;27
139;292;27
139;293;27
139;294;27
139;295;27
139;296;27
139;297;27
139;298;27
139;299;27
139;300;27
139;301;27
139;302;27
139;303;27
139;304;27
139;305;27
139;306;27
139;307;27
139;308;27
139;309;27
139;310;27
139;311;27
139;312;27
139;313;27
139;314;27
139;315;27
139;316;27
139;317;27
139;318;27
139;319;27
139;320;27
139;321;27
139;322;27
139;323;27
139;324;27
139;325;27
139;326;27
139;327;27
139;328;27
139;329;4
139;330;4
139;331;4
139;332;4
139;333;4
139;334;4
139;335;4
139;336;4
139;337;4
139;338;4
139;339;4
139;340;4
139;341;4
139;342;4
139;343;4
139;344;4
139;345;4
139;346;4
139;347;4
139;348;4
139;349;4
139;350;4
139;351;4
139;352;4
139;353;4
139;354;4
139;355;4
139;356;4
139;357;4
139;358;4
139;359;4
139;360;4
139;361;4
139;362;4
139;363;4
139;364;4
139;365;44
139;366;44
139;367;44
139;368;44
139;369;44
139;370;44
139;371;44
139;372;44
139;373;44
139;374;44
139;375;44
139;376;44
139;377;44
139;378;21
139;379;21
139;380;21
139;381;21
139;382;21
139;383;21
139;384;21
139;385;21
139;386;21
139;387;21
139;388;21
139;389;21
139;390;21
139;391;21
139;392;21
139;393;21
139;394;21
139;395;21
139;396;21
139;397;21
139;398;21
139;399;21
139;400;21
139;401;21
139;402;41
139;403;41
139;404;41
139;405;41
139;406;41
139;407;41
139;408;41
139;409;41
139;410;41
139;411;41
139;412;41
139;413;41
139;414;41
139;415;41
139;416;41
139;417;41
139;418;41
139;419;41
139;420;14
139;421;14
139;422;14
139;423;14
139;424;14
139;425;14
139;426;48
139;427;48
139;428;48
139;429;48
139;430;48
139;431;48
139;432;48
139;433;48
139;434;48
139;435;48
139;436;48
139;437;48
139;438;48
139;439;48
139;440;48
139;441;48
139;442;48
139;443;48
139;444;48
139;445;48
139;446;48
139;447;48
139;448;48
139;449;48
139;450;48
139;451;48
139;452;48
139;453;48
139;454;48
139;455;48
139;456;48
139;457;48
139;458;48
139;459;36
139;460;36
139;461;36
139;462;36
139;463;36
139;464;36
139;465;36
139;466;36
139;467;36
139;468;36
139;469;47
139;470;47
139;471;47
139;472;47
139;473;47
139;474;47
139;475;47
139;476;47
139;477;47
139;478;47
139;479;47
139;480;47
139;481;47
139;482;47
139;483;47
139;484;47
139;485;47
139;486;47
139;487;47
139;488;47
139;489;47
139;490;47
139;491;47
139;492;47
139;493;47
139;494;47
139;495;47
139;496;47
139;497;47
139;498;37
139;499;37
140;0;2
140;1;2
140;2;2
140;3;2
140;4;2
140;5;2
140;6;2
140;7;2
140;8;2
140;9;2
140;10;2
140;11;2
140;12;2
140;13;2
140;14;2
140;15;2
140;16;2
140;17;2
140;18;2
140;19;2
140;20;2
140;21;2
140;22;2
140;23;2
140;24;2
140;25;2
140;26;2
140;27;2
140;28;2
140;29;2
140;30;2
140;31;2
140;32;2
140;33;20
140;34;20
140;35;20
140;36;20
140;37;20
140;38;20
140;39;40
140;40;40
140;41;40
140;42;40
140;43;40
140;44;40
140;45;40
140;46;40
140;47;40
140;48;40
140;49;40
140;50;40
140;51;40
140;52;40
140;53;40
140;54;40
140;55;40
140;56;40
140;57;40
140;58;40
140;59;40
140;60;40
140;61;40
140;62;40
140;63;40
140;64;40
140;65;40
140;66;40
140;67;40
140;68;40
140;69;40
140;70;50
140;71;50
140;72;50
140;73;50
140;74;50
140;75;50
140;76;50
140;77;50
140;78;50
140;79;50
140;80;50
140;81;50
140;82;50
140;83;50
140;84;50
140;85;50
140;86;50
140;87;50
140;88;50
140;89;50
140;90;50
140;91;50
140;92;50
140;93;50
140;94;50
140;95;50
140;96;50
140;97;50
140;98;50
140;99;50
140;100;50
140;101;50
140;102;50
140;103;50
140;104;50
140;105;50
140;106;50
140;107;50
140;108;50
140;109;50
140;110;50
140;111;45
140;112;45
140;113;45
140;114;45
140;115;45
140;116;45
140;117;45
140;118;45
140;119;45
140;120;45
140;121;45
140;122;45
140;123;45
140;124;45
140;125;45
140;126;45
140;127;45
140;128;45
140;129;45
140;130;45
140;131;45
140;132;45
140;133;45
140;134;45
140;135;45
140;136;45
140;137;45
140;138;45
140;139;45
140;140;34
140;141;34
140;142;34
140;143;34
140;144;34
140;145;34
140;146;34
140;147;34
140;148;34
140;149;34
140;150;34
140;151;34
140;152;34
140;153;34
140;154;34
140;155;34
140;156;34
140;157;34
140;158;34
140;159;34
140;160;34
140;161;34
140;162;32
140;163;32
140;164;32
140;165;32
140;166;32
140;167;32
140;168;32
140;169;32
140;170;32
140;171;32
140;172;32
140;173;32
140;174;32
140;175;32
140;176;32
140;177;5
140;178;5
140;179;5
140;180;5
140;181;5
140;182;5
140;183;5
140;184;5
140;185;5
140;186;5
140;187;5
140;188;5
140;189;5
140;190;5
140;191;5
140;192;5
140;193;5
140;194;5
140;195;5
140;196;5
140;197;5
140;198;5
140;199;5
140;200;5
140;201;5
140;202;13
140;203;19
140;204;19
140;205;19
140;206;19
140;207;19
140;208;19
140;209;19
140;210;19
140;211;19
140;212;19
140;213;19
140;214;19
140;215;9
140;216;9
140;217;9
140;218;9
140;219;9
140;220;9
140;221;9
140;222;9
140;223;9
140;224;9
140;225;9
140;226;9
140;227;9
140;228;9
140;229;9
140;230;9
140;231;9
140;232;47
140;233;47
140;234;47
140;235;47
140;236;47
140;237;47
140;238;47
140;239;47
140;240;47
140;241;47
140;242;47
140;243;47
140;244;47
140;245;32
140;246;32
140;247;32
140;248;32
140;249;32
140;250;32
140;251;32
140;252;32
140;253;32
140;254;32
140;255;32
140;256;32
140;257;32
140;258;32
140;259;32
140;260;32
140;261;32
140;262;32
140;263;32
140;264;32
140;265;32
140;266;32
140;267;32
140;268;32
140;269;32
140;270;32
140;271;32
140;272;32
140;273;32
140;274;32
140;275;32
140;276;32
140;277;32
140;278;32
140;279;32
140;280;32
140;281;32
140;282;32
140;283;32
140;284;27
140;285;27
140;286;27
140;287;27
140;288;27
140;289;27
140;290;27
140;291;27
140;292;27
140;293;27
140;294;27
140;295;27
140;296;27
140;297;27
140;298;27
140;299;27
140;300;27
140;301;27
140;302;27
140;303;27
140;304;27
140;305;27
140;306;27
140;307;27
140;308;27
140;309;27
140;310;27
140;311;27
140;312;27
140;313;27
140;314;27
140;315;27
140;316;27
140;317;27
140;318;27
140;319;27
140;320;27
140;321;27
140;322;27
140;323;27
140;324;27
140;325;27
140;326;27
140;327;27
140;328;27
140;329;27
140;330;4
140;331;4
140;332;4
140;333;4
140;334;4
140;335;4
140;336;4
140;337;4
140;338;4
140;339;4
140;340;4
140;341;4
140;342;4
140;343;4
140;344;4
140;345;4
140;346;4
140;347;4
140;348;4
140;349;4
140;350;4
140;351;4
140;352;4
140;353;4
140;354;4
140;355;4
140;356;4
140;357;4
140;358;4
140;359;4
140;360;4
140;361;4
140;362;4
140;363;4
140;364;4
140;365;4
140;366;44
140;367;44
140;368;44
140;369;44
140;370;44
140;371;44
140;372;44
140;373;44
140;374;44
140;375;44
140;376;44
140;377;44
140;378;21
140;379;21
140;380;21
140;381;21
140;382;21
140;383;21
140;384;21
140;385;21
140;386;21
140;387;21
140;388;21
140;389;21
140;390;21
140;391;21
140;392;21
140;393;21
140;394;21
140;395;21
140;396;21
140;397;21
140;398;21
140;399;21
140;400;21
140;401;21
140;402;21
140;403;41
140;404;41
140;405;41
140;406;41
140;407;41
140;408;41
140;409;41
140;410;41
140;411;41
140;412;41
140;413;41
140;414;41
140;415;41
140;416;41
140;417;41
140;418;41
140;419;41
140;420;14
140;421;14
140;422;14
140;423;14
140;424;14
140;425;14
140;426;14
140;427;48
140;428;48
140;429;48
140;430;48
140;431;48
140;432;48
140;433;48
140;434;48
140;435;48
140;436;48
140;437;48
140;438;48
140;439;48
140;440;48
140;441;48
140;442;48
140;443;48
140;444;48
140;445;48
140;446;48
140;447;48
140;448;48
140;449;48
140;450;48
140;451;48
140;452;48
140;453;48
140;454;48
140;455;48
140;456;48
140;457;48
140;458;48
140;459;22
140;460;36
140;461;36
140;462;36
140;463;36
140;464;36
140;465;36
140;466;36
140;467;36
140;468;36
140;469;36
140;470;36
140;471;47
140;472;47
140;473;47
140;474;47
140;475;47
140;476;47
140;477;47
140;478;47
140;479;47
140;480;47
140;481;47
140;482;47
140;483;47
140;484;47
140;485;47
140;486;47
140;487;47
140;488;47
140;489;47
140;490;47
140;491;47
140;492;47
140;493;47
140;494;47
140;495;47
140;496;47
140;497;47
140;498;47
140;499;37
141;0;2
141;1;2
141;2;2
141;3;2
141;4;2
141;5;2
141;6;2
141;7;2
141;8;2
141;9;2
141;10;2
141;11;2
141;12;2
141;13;2
141;14;2
141;15;2
141;16;2
141;17;2
141;18;2
141;19;2
141;20;2
141;21;2
141;22;2
141;23;2
141;24;2
141;25;2
141;26;2
141;27;2
141;28;2
141;29;2
141;30;2
141;31;2
141;32;2
141;33;2
141;34;20
141;35;20
141;36;20
141;37;20
141;38;20
141;39;20
141;40;40
141;41;40
141;42;40
141;43;40
141;44;40
141;45;40
141;46;40
141;47;40
141;48;40
141;49;40
141;50;40
141;51;40
141;52;40
141;53;40
141;54;40
141;55;40
141;56;40
141;57;40
141;58;40
141;59;40
141;60;40
141;61;40
141;62;40
141;63;40
141;64;40
141;65;40
141;66;40
141;67;40
141;68;40
141;69;40
141;70;50
141;71;50
141;72;50
141;73;50
141;74;50
141;75;50
141;76;50
141;77;50
141;78;50
141;79;50
141;80;50
141;81;50
141;82;50
141;83;50
141;84;50
141;85;50
141;86;50
141;87;50
141;88;50
141;89;50
141;90;50
141;91;50
141;92;50
141;93;50
141;94;50
141;95;50
141;96;50
141;97;50
141;98;50
141;99;50
141;100;50
141;101;50
141;102;50
141;103;50
141;104;50
141;105;50
141;106;50
141;107;50
141;108;50
141;109;50
141;110;50
141;111;45
141;112;45
141;113;45
141;114;45
141;115;45
141;116;45
141;117;45
141;118;45
141;119;45
141;120;45
141;121;45
141;122;45
141;123;45
141;124;45
141;125;45
141;126;45
141;127;45
141;128;45
141;129;45
141;130;45
141;131;45
141;132;45
141;133;45
141;134;45
141;135;45
141;136;45
141;137;45
141;138;45
141;139;45
141;140;34
141;141;34
141;142;34
141;143;34
141;144;34
141;145;34
141;146;34
141;147;34
141;148;34
141;149;34
141;150;34
141;151;34
141;152;34
141;153;34
141;154;34
141;155;34
141;156;34
141;157;34
141;158;34
141;159;34
141;160;34
141;161;34
141;162;32
141;163;32
141;164;32
141;165;32
141;166;32
141;167;32
141;168;32
141;169;32
141;170;32
141;171;32
141;172;32
141;173;32
141;174;32
141;175;32
141;176;32
141;177;32
141;178;5
141;179;5
141;180;5
141;181;5
141;182;5
141;183;5
141;184;5
141;185;5
141;186;5
141;187;5
141;188;5
141;189;5
141;190;5
141;191;5
141;192;5
141;193;5
141;194;5
141;195;5
141;196;5
141;197;5
141;198;5
141;199;5
141;200;5
141;201;5
141;202;5
141;203;19
141;204;19
141;205;19
141;206;19
141;207;19
141;208;19
141;209;19
141;210;19
141;211;19
141;212;19
141;213;19
141;214;19
141;215;9
141;216;9
141;217;9
141;218;9
141;219;9
141;220;9
141;221;9
141;222;9
141;223;9
141;224;9
141;225;9
141;226;47
141;227;47
141;228;47
141;229;47
141;230;47
141;231;47
141;232;47
141;233;47
141;234;47
141;235;47
141;236;47
141;237;47
141;238;47
141;239;47
141;240;47
141;241;47
141;242;47
141;243;47
141;244;47
141;245;32
141;246;32
141;247;32
141;248;32
141;249;32
141;250;32
141;251;32
141;252;32
141;253;32
141;254;32
141;255;32
141;256;32
141;257;32
141;258;32
141;259;32
141;260;32
141;261;32
141;262;32
141;263;32
141;264;32
141;265;32
141;266;32
141;267;32
141;268;32
141;269;32
141;270;32
141;271;32
141;272;32
141;273;32
141;274;32
141;275;32
141;276;32
141;277;32
141;278;32
141;279;32
141;280;32
141;281;32
141;282;32
141;283;32
141;284;32
141;285;27
141;286;27
141;287;27
141;288;27
141;289;27
141;290;27
141;291;27
141;292;27
141;293;27
141;294;27
141;295;27
141;296;27
141;297;27
141;298;27
141;299;27
141;300;27
141;301;27
141;302;27
141;303;27
141;304;27
141;305;27
141;306;27
141;307;27
141;308;27
141;309;27
141;310;27
141;311;27
141;312;27
141;313;27
141;314;27
141;315;27
141;316;27
141;317;27
141;318;27
141;319;27
141;320;27
141;321;27
141;322;27
141;323;27
141;324;27
141;325;27
141;326;27
141;327;27
141;328;27
141;329;27
141;330;4
141;331;4
141;332;4
141;333;4
141;334;4
141;335;4
141;336;4
141;337;4
141;338;4
141;339;4
141;340;4
141;341;4
141;342;4
141;343;4
141;344;4
141;345;4
141;346;4
141;347;4
141;348;4
141;349;4
141;350;4
141;351;4
141;352;4
141;353;4
141;354;4
141;355;4
141;356;4
141;357;4
141;358;4
141;359;4
141;360;4
141;361;4
141;362;4
141;363;4
141;364;4
141;365;4
141;366;4
141;367;44
141;368;44
141;369;44
141;370;44
141;371;44
141;372;44
141;373;44
141;374;44
141;375;44
141;376;44
141;377;44
141;378;21
141;379;21
141;380;21
141;381;21
141;382;21
141;383;21
141;384;21
141;385;21
141;386;21
141;387;21
141;388;21
141;389;21
141;390;21
141;391;21
141;392;21
141;393;21
141;394;21
141;395;21
141;396;21
141;397;21
141;398;21
141;399;21
141;400;21
141;401;21
141;402;21
141;403;21
141;404;41
141;405;41
141;406;41
141;407;41
141;408;41
141;409;41
141;410;41
141;411;41
141;412;41
141;413;41
141;414;41
141;415;41
141;416;41
141;417;41
141;418;41
141;419;41
141;420;14
141;421;14
141;422;14
141;423;14
141;424;14
141;425;14
141;426;14
141;427;14
141;428;48
141;429;48
141;430;48
141;431;48
141;432;48
141;433;48
141;434;48
141;435;48
141;436;48
141;437;48
141;438;48
141;439;48
141;440;48
141;441;48
141;442;48
141;443;48
141;444;48
141;445;48
141;446;48
141;447;48
141;448;48
141;449;48
141;450;48
141;451;48
141;452;48
141;453;48
141;454;48
141;455;48
141;456;48
141;457;48
141;458;48
141;459;22
141;460;22
141;461;36
141;462;36
141;463;36
141;464;36
141;465;36
141;466;36
141;467;36
141;468;36
141;469;36
141;470;36
141;471;36
141;472;36
141;473;47
141;474;47
141;475;47
141;476;47
141;477;47
141;478;47
141;479;47
141;480;47
141;481;47
141;482;47
141;483;47
141;484;47
141;485;47
141;486;47
141;487;47
141;488;47
141;489;47
141;490;47
141;491;47
141;492;47
141;493;47
141;494;47
141;495;47
141;496;47
141;497;47
141;498;47
141;499;47
142;0;2
142;1;2
142;2;2
142;3;2
142;4;2
142;5;2
142;6;2
142;7;2
142;8;2
142;9;2
142;10;2
142;11;2
142;12;2
142;13;2
142;14;2
142;15;2
142;16;2
142;17;2
142;18;2
142;19;2
142;20;2
142;21;2
142;22;2
142;23;2
142;24;2
142;25;2
142;26;2
142;27;2
142;28;2
142;29;2
142;30;2
142;31;2
142;32;2
142;33;2
142;34;2
142;35;20
142;36;20
142;37;20
142;38;20
142;39;20
142;40;40
142;41;40
142;42;40
142;43;40
142;44;40
142;45;40
142;46;40
142;47;40
142;48;40
142;49;40
142;50;40
142;51;40
142;52;40
142;53;40
142;54;40
142;55;40
142;56;40
142;57;40
142;58;40
142;59;40
142;60;40
142;61;40
142;62;40
142;63;40
142;64;40
142;65;40
142;66;40
142;67;40
142;68;40
142;69;40
142;70;40
142;71;50
142;72;50
142;73;50
142;74;50
142;75;50
142;76;50
142;77;50
142;78;50
142;79;50
142;80;50
142;81;50
142;82;50
142;83;50
142;84;50
142;85;50
142;86;50
142;87;50
142;88;50
142;89;50
142;90;50
142;91;50
142;92;50
142;93;50
142;94;50
142;95;50
142;96;50
142;97;50
142;98;50
142;99;50
142;100;50
142;101;50
142;102;50
142;103;50
142;104;50
142;105;50
142;106;50
142;107;50
142;108;50
142;109;50
142;110;50
142;111;45
142;112;45
142;113;45
142;114;45
142;115;45
142;116;45
142;117;45
142;118;45
142;119;45
142;120;45
142;121;45
142;122;45
142;123;45
142;124;45
142;125;45
142;126;45
142;127;45
142;128;45
142;129;45
142;130;45
142;131;45
142;132;45
142;133;45
142;134;45
142;135;45
142;136;45
142;137;45
142;138;45
142;139;45
142;140;45
142;141;34
142;142;34
142;143;34
142;144;34
142;145;34
142;146;34
142;147;34
142;148;34
142;149;34
142;150;34
142;151;34
142;152;34
142;153;34
142;154;34
142;155;34
142;156;34
142;157;34
142;158;34
142;159;34
142;160;34
142;161;34
142;162;34
142;163;32
142;164;32
142;165;32
142;166;32
142;167;32
142;168;32
142;169;32
142;170;32
142;171;32
142;172;32
142;173;32
142;174;32
142;175;32
142;176;32
142;177;32
142;178;32
142;179;5
142;180;5
142;181;5
142;182;5
142;183;5
142;184;5
142;185;5
142;186;5
142;187;5
142;188;5
142;189;5
142;190;5
142;191;5
142;192;5
142;193;5
142;194;5
142;195;5
142;196;5
142;197;5
142;198;5
142;199;5
142;200;5
142;201;5
142;202;5
142;203;5
142;204;19
142;205;19
142;206;19
142;207;19
142;208;19
142;209;19
142;210;19
142;211;19
142;212;19
142;213;19
142;214;19
142;215;9
142;216;9
142;217;9
142;218;9
142;219;9
142;220;9
142;221;9
142;222;9
142;223;9
142;224;9
142;225;47
142;226;47
142;227;47
142;228;47
142;229;47
142;230;47
142;231;47
142;232;47
142;233;47
142;234;47
142;235;47
142;236;47
142;237;47
142;238;47
142;239;47
142;240;47
142;241;47
142;242;47
142;243;47
142;244;47
142;245;47
142;246;32
142;247;32
142;248;32
142;249;32
142;250;32
142;251;32
142;252;32
142;253;32
142;254;32
142;255;32
142;256;32
142;257;32
142;258;32
142;259;32
142;260;32
142;261;32
142;262;32
142;263;32
142;264;32
142;265;32
142;266;32
142;267;32
142;268;32
142;269;32
142;270;32
142;271;32
142;272;32
142;273;32
142;274;32
142;275;32
142;276;32
142;277;32
142;278;32
142;279;32
142;280;32
142;281;32
142;282;32
142;283;32
142;284;32
142;285;32
142;286;27
142;287;27
142;288;27
142;289;27
142;290;27
142;291;27
142;292;27
142;293;27
142;294;27
142;295;27
142;296;27
142;297;27
142;298;27
142;299;27
142;300;27
142;301;27
142;302;27
142;303;27
142;304;27
142;305;27
142;306;27
142;307;27
142;308;27
142;309;27
142;310;27
142;311;27
142;312;27
142;313;27
142;314;27
142;315;27
142;316;27
142;317;27
142;318;27
142;319;27
142;320;27
142;321;27
142;322;27
142;323;27
142;324;27
142;325;27
142;326;27
142;327;27
142;328;27
142;329;27
142;330;4
142;331;4
142;332;4
142;333;4
142;334;4
142;335;4
142;336;4
142;337;4
142;338;4
142;339;4
142;340;4
142;341;4
142;342;4
142;343;4
142;344;4
142;345;4
142;346;4
142;347;4
142;348;4
142;349;4
142;350;4
142;351;4
142;352;4
142;353;4
142;354;4
142;355;4
142;356;4
142;357;4
142;358;4
142;359;4
142;360;4
142;361;4
142;362;4
142;363;4
142;364;4
142;365;4
142;366;4
142;367;4
142;368;44
142;369;44
142;370;44
142;371;44
142;372;44
142;373;44
142;374;44
142;375;44
142;376;44
142;377;44
142;378;21
142;379;21
142;380;21
142;381;21
142;382;21
142;383;21
142;384;21
142;385;21
142;386;21
142;387;21
142;388;21
142;389;21
142;390;21
142;391;21
142;392;21
142;393;21
142;394;21
142;395;21
142;396;21
142;397;21
142;398;21
142;399;21
142;400;21
142;401;21
142;402;21
142;403;21
142;404;21
142;405;41
142;406;41
142;407;41
142;408;41
142;409;41
142;410;41
142;411;41
142;412;41
142;413;41
142;414;41
142;415;41
142;416;41
142;417;41
142;418;41
142;419;41
142;420;14
142;421;14
142;422;14
142;423;14
142;424;14
142;425;14
142;426;14
142;427;14
142;428;14
142;429;48
142;430;48
142;431;48
142;432;48
142;433;48
142;434;48
142;435;48
142;436;48
142;437;48
142;438;48
142;439;48
142;440;48
142;441;48
142;442;48
142;443;48
142;444;48
142;445;48
142;446;48
142;447;48
142;448;48
142;449;48
142;450;48
142;451;48
142;452;48
142;453;48
142;454;48
142;455;48
142;456;48
142;457;48
142;458;48
142;459;22
142;460;22
142;461;22
142;462;36
142;463;36
142;464;36
142;465;36
142;466;36
142;467;36
142;468;36
142;469;36
142;470;36
142;471;36
142;472;36
142;473;36
142;474;36
142;475;47
142;476;47
142;477;47
142;478;47
142;479;47
142;480;47
142;481;47
142;482;47
142;483;47
142;484;47
142;485;47
142;486;47
142;487;47
142;488;47
142;489;47
142;490;47
142;491;47
142;492;47
142;493;47
142;494;47
142;495;47
142;496;47
142;497;47
142;498;47
142;499;47
143;0;2
143;1;2
143;2;2
143;3;2
143;4;2
143;5;2
143;6;2
143;7;2
143;8;2
143;9;2
143;10;2
143;11;2
143;12;2
143;13;2
143;14;2
143;15;2
143;16;2
143;17;2
143;18;2
143;19;2
143;20;2
143;21;2
143;22;2
143;23;2
143;24;2
143;25;2
143;26;2
143;27;2
143;28;2
143;29;2
143;30;2
143;31;2
143;32;2
143;33;2
143;34;2
143;35;2
143;36;20
143;37;20
143;38;20
143;39;20
143;40;40
143;41;40
143;42;40
143;43;40
143;44;40
143;45;40
143;46;40
143;47;40
143;48;40
143;49;40
143;50;40
143;51;40
143;52;40
143;53;40
143;54;40
143;55;40
143;56;40
143;57;40
143;58;40
143;59;40
143;60;40
143;61;40
143;62;40
143;63;40
143;64;40
143;65;40
143;66;40
143;67;40
143;68;40
143;69;40
143;70;40
143;71;27
143;72;27
143;73;50
143;74;50
143;75;50
143;76;50
143;77;50
143;78;50
143;79;50
143;80;50
143;81;50
143;82;50
143;83;50
143;84;50
143;85;50
143;86;50
143;87;50
143;88;50
143;89;50
143;90;50
143;91;50
143;92;50
143;93;50
143;94;50
143;95;50
143;96;50
143;97;50
143;98;50
143;99;50
143;100;50
143;101;50
143;102;50
143;103;50
143;104;50
143;105;50
143;106;50
143;107;50
143;108;50
143;109;50
143;110;50
143;111;45
143;112;45
143;113;45
143;114;45
143;115;45
143;116;45
143;117;45
143;118;45
143;119;45
143;120;45
143;121;45
143;122;45
143;123;45
143;124;45
143;125;45
143;126;45
143;127;45
143;128;45
143;129;45
143;130;45
143;131;45
143;132;45
143;133;45
143;134;45
143;135;45
143;136;45
143;137;45
143;138;45
143;139;45
143;140;45
143;141;45
143;142;34
143;143;34
143;144;34
143;145;34
143;146;34
143;147;34
143;148;34
143;149;34
143;150;34
143;151;34
143;152;34
143;153;34
143;154;34
143;155;34
143;156;34
143;157;34
143;158;34
143;159;34
143;160;34
143;161;34
143;162;34
143;163;32
143;164;32
143;165;32
143;166;32
143;167;32
143;168;32
143;169;32
143;170;32
143;171;32
143;172;32
143;173;32
143;174;32
143;175;32
143;176;32
143;177;32
143;178;32
143;179;32
143;180;5
143;181;5
143;182;5
143;183;5
143;184;5
143;185;5
143;186;5
143;187;5
143;188;5
143;189;5
143;190;5
143;191;5
143;192;5
143;193;5
143;194;5
143;195;5
143;196;5
143;197;5
143;198;5
143;199;5
143;200;5
143;201;5
143;202;5
143;203;5
143;204;19
143;205;19
143;206;19
143;207;19
143;208;19
143;209;19
143;210;19
143;211;19
143;212;19
143;213;19
143;214;19
143;215;9
143;216;9
143;217;9
143;218;9
143;219;9
143;220;9
143;221;9
143;222;9
143;223;9
143;224;47
143;225;47
143;226;47
143;227;47
143;228;47
143;229;47
143;230;47
143;231;47
143;232;47
143;233;47
143;234;47
143;235;47
143;236;47
143;237;47
143;238;47
143;239;47
143;240;47
143;241;47
143;242;47
143;243;47
143;244;47
143;245;47
143;246;47
143;247;32
143;248;32
143;249;32
143;250;32
143;251;32
143;252;32
143;253;32
143;254;32
143;255;32
143;256;32
143;257;32
143;258;32
143;259;32
143;260;32
143;261;32
143;262;32
143;263;32
143;264;32
143;265;32
143;266;32
143;267;32
143;268;32
143;269;32
143;270;32
143;271;32
143;272;32
143;273;32
143;274;32
143;275;32
143;276;32
143;277;32
143;278;32
143;279;32
143;280;32
143;281;32
143;282;32
143;283;32
143;284;32
143;285;32
143;286;27
143;287;27
143;288;27
143;289;27
143;290;27
143;291;27
143;292;27
143;293;27
143;294;27
143;295;27
143;296;27
143;297;27
143;298;27
143;299;27
143;300;27
143;301;27
143;302;27
143;303;27
143;304;27
143;305;27
143;306;27
143;307;27
143;308;27
143;309;27
143;310;27
143;311;27
143;312;27
143;313;27
143;314;27
143;315;27
143;316;27
143;317;27
143;318;27
143;319;27
143;320;27
143;321;27
143;322;27
143;323;27
143;324;27
143;325;27
143;326;27
143;327;27
143;328;27
143;329;27
143;330;4
143;331;4
143;332;4
143;333;4
143;334;4
143;335;4
143;336;4
143;337;4
143;338;4
143;339;4
143;340;4
143;341;4
143;342;4
143;343;4
143;344;4
143;345;4
143;346;4
143;347;4
143;348;4
143;349;4
143;350;4
143;351;4
143;352;4
143;353;4
143;354;4
143;355;4
143;356;4
143;357;4
143;358;4
143;359;4
143;360;4
143;361;4
143;362;4
143;363;4
143;364;4
143;365;4
143;366;4
143;367;4
143;368;4
143;369;44
143;370;44
143;371;44
143;372;44
143;373;44
143;374;44
143;375;44
143;376;44
143;377;44
143;378;21
143;379;21
143;380;21
143;381;21
143;382;21
143;383;21
143;384;21
143;385;21
143;386;21
143;387;21
143;388;21
143;389;21
143;390;21
143;391;21
143;392;21
143;393;21
143;394;21
143;395;21
143;396;21
143;397;21
143;398;21
143;399;21
143;400;21
143;401;21
143;402;21
143;403;21
143;404;21
143;405;21
143;406;41
143;407;41
143;408;41
143;409;41
143;410;41
143;411;41
143;412;41
143;413;41
143;414;41
143;415;41
143;416;41
143;417;41
143;418;41
143;419;41
143;420;14
143;421;14
143;422;14
143;423;14
143;424;14
143;425;14
143;426;14
143;427;14
143;428;14
143;429;14
143;430;14
143;431;48
143;432;48
143;433;48
143;434;48
143;435;48
143;436;48
143;437;48
143;438;48
143;439;48
143;440;48
143;441;48
143;442;48
143;443;48
143;444;48
143;445;48
143;446;48
143;447;48
143;448;48
143;449;48
143;450;48
143;451;48
143;452;48
143;453;48
143;454;48
143;455;48
143;456;48
143;457;3
143;458;22
143;459;22
143;460;22
143;461;22
143;462;22
143;463;36
143;464;36
143;465;36
143;466;36
143;467;36
143;468;36
143;469;36
143;470;36
143;471;36
143;472;36
143;473;36
143;474;36
143;475;36
143;476;36
143;477;47
143;478;47
143;479;47
143;480;47
143;481;47
143;482;47
143;483;47
143;484;47
143;485;47
143;486;47
143;487;47
143;488;47
143;489;47
143;490;47
143;491;47
143;492;47
143;493;47
143;494;47
143;495;47
143;496;47
143;497;47
143;498;47
143;499;47
144;0;2
144;1;2
144;2;2
144;3;2
144;4;2
144;5;2
144;6;2
144;7;2
144;8;2
144;9;2
144;10;2
144;11;2
144;12;2
144;13;2
144;14;2
144;15;2
144;16;2
144;17;2
144;18;2
144;19;2
144;20;2
144;21;2
144;22;2
144;23;2
144;24;2
144;25;2
144;26;2
144;27;2
144;28;2
144;29;2
144;30;2
144;31;2
144;32;2
144;33;2
144;34;2
144;35;2
144;36;2
144;37;20
144;38;20
144;39;20
144;40;40
144;41;40
144;42;40
144;43;40
144;44;40
144;45;40
144;46;40
144;47;40
144;48;40
144;49;40
144;50;40
144;51;40
144;52;40
144;53;40
144;54;40
144;55;40
144;56;40
144;57;40
144;58;40
144;59;40
144;60;40
144;61;40
144;62;40
144;63;40
144;64;40
144;65;40
144;66;40
144;67;40
144;68;40
144;69;40
144;70;40
144;71;27
144;72;27
144;73;27
144;74;27
144;75;50
144;76;50
144;77;50
144;78;50
144;79;50
144;80;50
144;81;50
144;82;50
144;83;50
144;84;50
144;85;50
144;86;50
144;87;50
144;88;50
144;89;50
144;90;50
144;91;50
144;92;50
144;93;50
144;94;50
144;95;50
144;96;50
144;97;50
144;98;50
144;99;50
144;100;50
144;101;50
144;102;50
144;103;50
144;104;50
144;105;50
144;106;50
144;107;50
144;108;50
144;109;50
144;110;50
144;111;45
144;112;45
144;113;45
144;114;45
144;115;45
144;116;45
144;117;45
144;118;45
144;119;45
144;120;45
144;121;45
144;122;45
144;123;45
144;124;45
144;125;45
144;126;45
144;127;45
144;128;45
144;129;45
144;130;45
144;131;45
144;132;45
144;133;45
144;134;45
144;135;45
144;136;45
144;137;45
144;138;45
144;139;45
144;140;45
144;141;45
144;142;45
144;143;34
144;144;34
144;145;34
144;146;34
144;147;34
144;148;34
144;149;34
144;150;34
144;151;34
144;152;34
144;153;34
144;154;34
144;155;34
144;156;34
144;157;34
144;158;34
144;159;34
144;160;34
144;161;34
144;162;34
144;163;32
144;164;32
144;165;32
144;166;32
144;167;32
144;168;32
144;169;32
144;170;32
144;171;32
144;172;32
144;173;32
144;174;32
144;175;32
144;176;32
144;177;32
144;178;32
144;179;32
144;180;32
144;181;5
144;182;5
144;183;5
144;184;5
144;185;5
144;186;5
144;187;5
144;188;5
144;189;5
144;190;5
144;191;5
144;192;5
144;193;5
144;194;5
144;195;5
144;196;5
144;197;5
144;198;5
144;199;5
144;200;5
144;201;5
144;202;5
144;203;5
144;204;5
144;205;19
144;206;19
144;207;19
144;208;19
144;209;19
144;210;19
144;211;19
144;212;19
144;213;19
144;214;19
144;215;9
144;216;9
144;217;9
144;218;9
144;219;9
144;220;9
144;221;9
144;222;9
144;223;47
144;224;47
144;225;47
144;226;47
144;227;47
144;228;47
144;229;47
144;230;47
144;231;47
144;232;47
144;233;47
144;234;47
144;235;47
144;236;47
144;237;47
144;238;47
144;239;47
144;240;47
144;241;47
144;242;47
144;243;47
144;244;47
144;245;47
144;246;47
144;247;47
144;248;32
144;249;32
144;250;32
144;251;32
144;252;32
144;253;32
144;254;32
144;255;32
144;256;32
144;257;32
144;258;32
144;259;32
144;260;32
144;261;32
144;262;32
144;263;32
144;264;32
144;265;32
144;266;32
144;267;32
144;268;32
144;269;32
144;270;32
144;271;32
144;272;32
144;273;32
144;274;32
144;275;32
144;276;32
144;277;32
144;278;32
144;279;32
144;280;32
144;281;32
144;282;32
144;283;32
144;284;32
144;285;32
144;286;32
144;287;27
144;288;27
144;289;27
144;290;27
144;291;27
144;292;27
144;293;27
144;294;27
144;295;27
144;296;27
144;297;27
144;298;27
144;299;27
144;300;27
144;301;27
144;302;27
144;303;27
144;304;27
144;305;27
144;306;27
144;307;27
144;308;27
144;309;27
144;310;27
144;311;27
144;312;27
144;313;27
144;314;27
144;315;27
144;316;27
144;317;27
144;318;27
144;319;27
144;320;27
144;321;27
144;322;27
144;323;27
144;324;27
144;325;27
144;326;27
144;327;27
144;328;27
144;329;27
144;330;4
144;331;4
144;332;4
144;333;4
144;334;4
144;335;4
144;336;4
144;337;4
144;338;4
144;339;4
144;340;4
144;341;4
144;342;4
144;343;4
144;344;4
144;345;4
144;346;4
144;347;4
144;348;4
144;349;4
144;350;4
144;351;4
144;352;4
144;353;4
144;354;4
144;355;4
144;356;4
144;357;4
144;358;4
144;359;4
144;360;4
144;361;4
144;362;4
144;363;4
144;364;4
144;365;4
144;366;4
144;367;4
144;368;4
144;369;12
144;370;12
144;371;12
144;372;12
144;373;12
144;374;12
144;375;12
144;376;12
144;377;12
144;378;12
144;379;21
144;380;21
144;381;21
144;382;21
144;383;21
144;384;21
144;385;21
144;386;21
144;387;21
144;388;21
144;389;21
144;390;21
144;391;21
144;392;21
144;393;21
144;394;21
144;395;21
144;396;21
144;397;21
144;398;21
144;399;21
144;400;21
144;401;21
144;402;21
144;403;21
144;404;21
144;405;21
144;406;21
144;407;41
144;408;41
144;409;41
144;410;41
144;411;41
144;412;41
144;413;41
144;414;41
144;415;41
144;416;41
144;417;41
144;418;41
144;419;41
144;420;14
144;421;14
144;422;14
144;423;14
144;424;14
144;425;14
144;426;14
144;427;14
144;428;14
144;429;14
144;430;14
144;431;14
144;432;14
144;433;48
144;434;48
144;435;48
144;436;48
144;437;48
144;438;48
144;439;48
144;440;48
144;441;48
144;442;48
144;443;48
144;444;48
144;445;48
144;446;48
144;447;48
144;448;48
144;449;48
144;450;48
144;451;48
144;452;48
144;453;48
144;454;48
144;455;48
144;456;3
144;457;3
144;458;22
144;459;22
144;460;22
144;461;22
144;462;22
144;463;22
144;464;36
144;465;36
144;466;36
144;467;36
144;468;36
144;469;36
144;470;36
144;471;36
144;472;36
144;473;36
144;474;36
144;475;36
144;476;36
144;477;36
144;478;36
144;479;47
144;480;47
144;481;47
144;482;47
144;483;47
144;484;47
144;485;47
144;486;47
144;487;47
144;488;47
144;489;47
144;490;47
144;491;47
144;492;47
144;493;47
144;494;47
144;495;47
144;496;47
144;497;47
144;498;47
144;499;47
145;0;2
145;1;2
145;2;2
145;3;2
145;4;2
145;5;2
145;6;2
145;7;2
145;8;2
145;9;2
145;10;2
145;11;2
145;12;2
145;13;2
145;14;2
145;15;2
145;16;2
145;17;2
145;18;2
145;19;2
145;20;2
145;21;2
145;22;2
145;23;2
145;24;2
145;25;2
145;26;2
145;27;2
145;28;2
145;29;2
145;30;2
145;31;2
145;32;2
145;33;2
145;34;2
145;35;2
145;36;2
145;37;2
145;38;20
145;39;20
145;40;40
145;41;40
145;42;40
145;43;40
145;44;40
145;45;40
145;46;40
145;47;40
145;48;40
145;49;40
145;50;40
145;51;40
145;52;40
145;53;40
145;54;40
145;55;40
145;56;40
145;57;40
145;58;40
145;59;40
145;60;40
145;61;40
145;62;40
145;63;40
145;64;40
145;65;40
145;66;40
145;67;40
145;68;40
145;69;40
145;70;40
145;71;27
145;72;27
145;73;27
145;74;27
145;75;27
145;76;27
145;77;50
145;78;50
145;79;50
145;80;50
145;81;50
145;82;50
145;83;50
145;84;50
145;85;50
145;86;50
145;87;50
145;88;50
145;89;50
145;90;50
145;91;50
145;92;50
145;93;50
145;94;50
145;95;50
145;96;50
145;97;50
145;98;50
145;99;50
145;100;50
145;101;50
145;102;50
145;103;50
145;104;50
145;105;50
145;106;50
145;107;50
145;108;50
145;109;50
145;110;50
145;111;45
145;112;45
145;113;45
145;114;45
145;115;45
145;116;45
145;117;45
145;118;45
145;119;45
145;120;45
145;121;45
145;122;45
145;123;45
145;124;45
145;125;45
145;126;45
145;127;45
145;128;45
145;129;45
145;130;45
145;131;45
145;132;45
145;133;45
145;134;45
145;135;45
145;136;45
145;137;45
145;138;45
145;139;45
145;140;45
145;141;45
145;142;45
145;143;45
145;144;34
145;145;34
145;146;34
145;147;34
145;148;34
145;149;34
145;150;34
145;151;34
145;152;34
145;153;34
145;154;34
145;155;34
145;156;34
145;157;34
145;158;34
145;159;34
145;160;34
145;161;34
145;162;34
145;163;32
145;164;32
145;165;32
145;166;32
145;167;32
145;168;32
145;169;32
145;170;32
145;171;32
145;172;32
145;173;32
145;174;32
145;175;32
145;176;32
145;177;32
145;178;32
145;179;32
145;180;32
145;181;32
145;182;32
145;183;5
145;184;5
145;185;5
145;186;5
145;187;5
145;188;5
145;189;5
145;190;5
145;191;5
145;192;5
145;193;5
145;194;5
145;195;5
145;196;5
145;197;5
145;198;5
145;199;5
145;200;5
145;201;5
145;202;5
145;203;5
145;204;33
145;205;33
145;206;33
145;207;19
145;208;19
145;209;19
145;210;19
145;211;19
145;212;19
145;213;19
145;214;19
145;215;9
145;216;9
145;217;9
145;218;9
145;219;9
145;220;9
145;221;9
145;222;47
145;223;47
145;224;47
145;225;47
145;226;47
145;227;47
145;228;47
145;229;47
145;230;47
145;231;47
145;232;47
145;233;47
145;234;47
145;235;47
145;236;47
145;237;47
145;238;47
145;239;47
145;240;47
145;241;47
145;242;47
145;243;47
145;244;47
145;245;47
145;246;47
145;247;47
145;248;11
145;249;32
145;250;32
145;251;32
145;252;32
145;253;32
145;254;32
145;255;32
145;256;32
145;257;32
145;258;32
145;259;32
145;260;32
145;261;32
145;262;32
145;263;32
145;264;32
145;265;32
145;266;32
145;267;32
145;268;32
145;269;32
145;270;32
145;271;32
145;272;32
145;273;32
145;274;32
145;275;32
145;276;32
145;277;32
145;278;32
145;279;32
145;280;32
145;281;32
145;282;32
145;283;32
145;284;32
145;285;32
145;286;32
145;287;27
145;288;27
145;289;27
145;290;27
145;291;27
145;292;27
145;293;27
145;294;27
145;295;27
145;296;27
145;297;27
145;298;27
145;299;27
145;300;27
145;301;27
145;302;27
145;303;27
145;304;27
145;305;27
145;306;27
145;307;27
145;308;27
145;309;27
145;310;27
145;311;27
145;312;27
145;313;27
145;314;27
145;315;27
145;316;27
145;317;27
145;318;27
145;319;27
145;320;27
145;321;27
145;322;27
145;323;27
145;324;27
145;325;27
145;326;27
145;327;27
145;328;27
145;329;27
145;330;4
145;331;4
145;332;4
145;333;4
145;334;4
145;335;4
145;336;4
145;337;4
145;338;4
145;339;4
145;340;4
145;341;4
145;342;4
145;343;4
145;344;4
145;345;4
145;346;4
145;347;4
145;348;4
145;349;4
145;350;4
145;351;4
145;352;4
145;353;4
145;354;4
145;355;4
145;356;4
145;357;4
145;358;4
145;359;4
145;360;4
145;361;4
145;362;4
145;363;4
145;364;4
145;365;4
145;366;4
145;367;4
145;368;12
145;369;12
145;370;12
145;371;12
145;372;12
145;373;12
145;374;12
145;375;12
145;376;12
145;377;12
145;378;12
145;379;12
145;380;12
145;381;21
145;382;21
145;383;21
145;384;21
145;385;21
145;386;21
145;387;21
145;388;21
145;389;21
145;390;21
145;391;21
145;392;21
145;393;21
145;394;21
145;395;21
145;396;21
145;397;21
145;398;21
145;399;21
145;400;21
145;401;21
145;402;21
145;403;21
145;404;21
145;405;21
145;406;21
145;407;21
145;408;41
145;409;41
145;410;41
145;411;41
145;412;41
145;413;41
145;414;41
145;415;41
145;416;41
145;417;41
145;418;41
145;419;41
145;420;14
145;421;14
145;422;14
145;423;14
145;424;14
145;425;14
145;426;14
145;427;14
145;428;14
145;429;14
145;430;14
145;431;14
145;432;14
145;433;14
145;434;14
145;435;48
145;436;48
145;437;48
145;438;48
145;439;48
145;440;48
145;441;48
145;442;48
145;443;48
145;444;48
145;445;48
145;446;48
145;447;48
145;448;48
145;449;48
145;450;48
145;451;48
145;452;48
145;453;48
145;454;48
145;455;3
145;456;3
145;457;3
145;458;22
145;459;22
145;460;22
145;461;22
145;462;22
145;463;22
145;464;22
145;465;36
145;466;36
145;467;36
145;468;36
145;469;36
145;470;36
145;471;36
145;472;36
145;473;36
145;474;36
145;475;36
145;476;36
145;477;36
145;478;36
145;479;36
145;480;47
145;481;47
145;482;47
145;483;47
145;484;47
145;485;47
145;486;47
145;487;47
145;488;47
145;489;47
145;490;47
145;491;47
145;492;47
145;493;47
145;494;47
145;495;47
145;496;47
145;497;47
145;498;47
145;499;47
146;0;2
146;1;2
146;2;2
146;3;2
146;4;2
146;5;2
146;6;2
146;7;2
146;8;2
146;9;2
146;10;2
146;11;2
146;12;2
146;13;2
146;14;2
146;15;2
146;16;2
146;17;2
146;18;2
146;19;2
146;20;2
146;21;2
146;22;2
146;23;2
146;24;2
146;25;2
146;26;2
146;27;2
146;28;2
146;29;2
146;30;2
146;31;2
146;32;2
146;33;2
146;34;2
146;35;2
146;36;2
146;37;2
146;38;2
146;39;20
146;40;42
146;41;42
146;42;42
146;43;42
146;44;42
146;45;40
146;46;40
146;47;40
146;48;40
146;49;40
146;50;40
146;51;40
146;52;40
146;53;40
146;54;40
146;55;40
146;56;40
146;57;40
146;58;40
146;59;40
146;60;40
146;61;40
146;62;40
146;63;40
146;64;40
146;65;40
146;66;40
146;67;40
146;68;40
146;69;40
146;70;40
146;71;27
146;72;27
146;73;27
146;74;27
146;75;27
146;76;27
146;77;27
146;78;27
146;79;50
146;80;50
146;81;50
146;82;50
146;83;50
146;84;50
146;85;50
146;86;50
146;87;50
146;88;50
146;89;50
146;90;50
146;91;50
146;92;50
146;93;50
146;94;50
146;95;50
146;96;50
146;97;50
146;98;50
146;99;50
146;100;50
146;101;50
146;102;50
146;103;50
146;104;50
146;105;50
146;106;50
146;107;50
146;108;50
146;109;50
146;110;50
146;111;45
146;112;45
146;113;45
146;114;45
146;115;45
146;116;45
146;117;45
146;118;45
146;119;45
146;120;45
146;121;45
146;122;45
146;123;45
146;124;45
146;125;45
146;126;45
146;127;45
146;128;45
146;129;45
146;130;45
146;131;45
146;132;45
146;133;45
146;134;45
146;135;45
146;136;45
146;137;45
146;138;45
146;139;45
146;140;45
146;141;45
146;142;45
146;143;45
146;144;34
146;145;34
146;146;34
146;147;34
146;148;34
146;149;34
146;150;34
146;151;34
146;152;34
146;153;34
146;154;34
146;155;34
146;156;34
146;157;34
146;158;34
146;159;34
146;160;34
146;161;34
146;162;34
146;163;32
146;164;32
146;165;32
146;166;32
146;167;32
146;168;32
146;169;32
146;170;32
146;171;32
146;172;32
146;173;32
146;174;32
146;175;32
146;176;32
146;177;32
146;178;32
146;179;32
146;180;32
146;181;32
146;182;32
146;183;32
146;184;32
146;185;5
146;186;5
146;187;5
146;188;5
146;189;5
146;190;5
146;191;5
146;192;5
146;193;5
146;194;5
146;195;5
146;196;5
146;197;5
146;198;5
146;199;5
146;200;5
146;201;5
146;202;5
146;203;33
146;204;33
146;205;33
146;206;33
146;207;33
146;208;33
146;209;33
146;210;33
146;211;19
146;212;19
146;213;19
146;214;47
146;215;47
146;216;47
146;217;47
146;218;47
146;219;47
146;220;47
146;221;47
146;222;47
146;223;47
146;224;47
146;225;47
146;226;47
146;227;47
146;228;47
146;229;47
146;230;47
146;231;47
146;232;47
146;233;47
146;234;47
146;235;47
146;236;47
146;237;47
146;238;47
146;239;47
146;240;47
146;241;47
146;242;47
146;243;47
146;244;47
146;245;47
146;246;47
146;247;47
146;248;11
146;249;11
146;250;11
146;251;32
146;252;32
146;253;32
146;254;32
146;255;32
146;256;32
146;257;32
146;258;32
146;259;32
146;260;32
146;261;32
146;262;32
146;263;32
146;264;32
146;265;32
146;266;32
146;267;32
146;268;32
146;269;32
146;270;32
146;271;32
146;272;32
146;273;32
146;274;32
146;275;32
146;276;32
146;277;32
146;278;32
146;279;32
146;280;32
146;281;32
146;282;32
146;283;32
146;284;32
146;285;32
146;286;32
146;287;32
146;288;27
146;289;27
146;290;27
146;291;27
146;292;27
146;293;27
146;294;27
146;295;27
146;296;27
146;297;27
146;298;27
146;299;27
146;300;27
146;301;27
146;302;27
146;303;27
146;304;27
146;305;27
146;306;27
146;307;27
146;308;27
146;309;27
146;310;27
146;311;27
146;312;27
146;313;27
146;314;27
146;315;27
146;316;27
146;317;27
146;318;27
146;319;27
146;320;27
146;321;27
146;322;27
146;323;27
146;324;27
146;325;27
146;326;27
146;327;27
146;328;27
146;329;27
146;330;27
146;331;4
146;332;4
146;333;4
146;334;4
146;335;4
146;336;4
146;337;4
146;338;4
146;339;4
146;340;4
146;341;4
146;342;4
146;343;4
146;344;4
146;345;4
146;346;4
146;347;4
146;348;4
146;349;4
146;350;4
146;351;4
146;352;4
146;353;4
146;354;4
146;355;4
146;356;4
146;357;4
146;358;4
146;359;4
146;360;4
146;361;4
146;362;4
146;363;4
146;364;4
146;365;4
146;366;4
146;367;4
146;368;12
146;369;12
146;370;12
146;371;12
146;372;12
146;373;12
146;374;12
146;375;12
146;376;12
146;377;12
146;378;12
146;379;12
146;380;12
146;381;12
146;382;12
146;383;21
146;384;21
146;385;21
146;386;21
146;387;21
146;388;21
146;389;21
146;390;21
146;391;21
146;392;21
146;393;21
146;394;21
146;395;21
146;396;21
146;397;21
146;398;21
146;399;21
146;400;21
146;401;21
146;402;21
146;403;21
146;404;21
146;405;21
146;406;21
146;407;21
146;408;21
146;409;41
146;410;41
146;411;41
146;412;41
146;413;41
146;414;41
146;415;41
146;416;41
146;417;41
146;418;41
146;419;41
146;420;14
146;421;14
146;422;14
146;423;14
146;424;14
146;425;14
146;426;14
146;427;14
146;428;14
146;429;14
146;430;14
146;431;14
146;432;14
146;433;14
146;434;14
146;435;14
146;436;14
146;437;48
146;438;48
146;439;48
146;440;48
146;441;48
146;442;48
146;443;48
146;444;48
146;445;48
146;446;48
146;447;48
146;448;48
146;449;48
146;450;48
146;451;48
146;452;48
146;453;48
146;454;3
146;455;3
146;456;3
146;457;3
146;458;3
146;459;22
146;460;22
146;461;22
146;462;22
146;463;22
146;464;22
146;465;22
146;466;36
146;467;36
146;468;36
146;469;36
146;470;36
146;471;36
146;472;36
146;473;36
146;474;36
146;475;36
146;476;36
146;477;36
146;478;36
146;479;36
146;480;36
146;481;36
146;482;47
146;483;47
146;484;47
146;485;47
146;486;47
146;487;47
146;488;47
146;489;47
146;490;47
146;491;47
146;492;47
146;493;47
146;494;47
146;495;47
146;496;47
146;497;47
146;498;47
146;499;47
147;0;2
147;1;2
147;2;2
147;3;2
147;4;2
147;5;2
147;6;2
147;7;2
147;8;2
147;9;2
147;10;2
147;11;2
147;12;2
147;13;2
147;14;2
147;15;2
147;16;2
147;17;2
147;18;2
147;19;2
147;20;2
147;21;2
147;22;2
147;23;2
147;24;2
147;25;2
147;26;2
147;27;2
147;28;2
147;29;2
147;30;2
147;31;2
147;32;2
147;33;2
147;34;2
147;35;2
147;36;2
147;37;2
147;38;2
147;39;2
147;40;42
147;41;42
147;42;42
147;43;42
147;44;42
147;45;42
147;46;42
147;47;40
147;48;40
147;49;40
147;50;40
147;51;40
147;52;40
147;53;40
147;54;40
147;55;40
147;56;40
147;57;40
147;58;40
147;59;40
147;60;40
147;61;40
147;62;40
147;63;40
147;64;40
147;65;40
147;66;40
147;67;40
147;68;40
147;69;40
147;70;40
147;71;27
147;72;27
147;73;27
147;74;27
147;75;27
147;76;27
147;77;27
147;78;27
147;79;27
147;80;27
147;81;50
147;82;50
147;83;50
147;84;50
147;85;50
147;86;50
147;87;50
147;88;50
147;89;50
147;90;50
147;91;50
147;92;50
147;93;50
147;94;50
147;95;50
147;96;50
147;97;50
147;98;50
147;99;50
147;100;50
147;101;50
147;102;50
147;103;50
147;104;50
147;105;50
147;106;50
147;107;50
147;108;50
147;109;50
147;110;50
147;111;50
147;112;45
147;113;45
147;114;45
147;115;45
147;116;45
147;117;45
147;118;45
147;119;45
147;120;45
147;121;45
147;122;45
147;123;45
147;124;45
147;125;45
147;126;45
147;127;45
147;128;45
147;129;45
147;130;45
147;131;45
147;132;45
147;133;45
147;134;45
147;135;45
147;136;45
147;137;45
147;138;45
147;139;45
147;140;45
147;141;45
147;142;45
147;143;45
147;144;45
147;145;34
147;146;34
147;147;34
147;148;34
147;149;34
147;150;34
147;151;34
147;152;34
147;153;34
147;154;34
147;155;34
147;156;34
147;157;34
147;158;34
147;159;34
147;160;34
147;161;34
147;162;34
147;163;32
147;164;32
147;165;32
147;166;32
147;167;32
147;168;32
147;169;32
147;170;32
147;171;32
147;172;32
147;173;32
147;174;32
147;175;32
147;176;32
147;177;32
147;178;32
147;179;32
147;180;32
147;181;32
147;182;32
147;183;32
147;184;32
147;185;32
147;186;32
147;187;5
147;188;5
147;189;5
147;190;5
147;191;5
147;192;5
147;193;5
147;194;5
147;195;5
147;196;5
147;197;5
147;198;5
147;199;5
147;200;5
147;201;5
147;202;33
147;203;33
147;204;33
147;205;33
147;206;33
147;207;33
147;208;33
147;209;33
147;210;33
147;211;33
147;212;33
147;213;47
147;214;47
147;215;47
147;216;47
147;217;47
147;218;47
147;219;47
147;220;47
147;221;47
147;222;47
147;223;47
147;224;47
147;225;47
147;226;47
147;227;47
147;228;47
147;229;47
147;230;47
147;231;47
147;232;47
147;233;47
147;234;47
147;235;47
147;236;47
147;237;47
147;238;47
147;239;47
147;240;47
147;241;47
147;242;47
147;243;47
147;244;47
147;245;47
147;246;47
147;247;47
147;248;11
147;249;11
147;250;11
147;251;11
147;252;11
147;253;32
147;254;32
147;255;32
147;256;32
147;257;32
147;258;32
147;259;32
147;260;32
147;261;32
147;262;32
147;263;32
147;264;32
147;265;32
147;266;32
147;267;32
147;268;32
147;269;32
147;270;32
147;271;32
147;272;32
147;273;32
147;274;32
147;275;32
147;276;32
147;277;32
147;278;32
147;279;32
147;280;32
147;281;32
147;282;32
147;283;32
147;284;32
147;285;32
147;286;32
147;287;32
147;288;27
147;289;27
147;290;27
147;291;27
147;292;27
147;293;27
147;294;27
147;295;27
147;296;27
147;297;27
147;298;27
147;299;27
147;300;27
147;301;27
147;302;27
147;303;27
147;304;27
147;305;27
147;306;27
147;307;27
147;308;27
147;309;27
147;310;27
147;311;27
147;312;27
147;313;27
147;314;27
147;315;27
147;316;27
147;317;27
147;318;27
147;319;27
147;320;27
147;321;27
147;322;27
147;323;27
147;324;27
147;325;27
147;326;27
147;327;27
147;328;27
147;329;27
147;330;27
147;331;4
147;332;4
147;333;4
147;334;4
147;335;4
147;336;4
147;337;4
147;338;4
147;339;4
147;340;4
147;341;4
147;342;4
147;343;4
147;344;4
147;345;4
147;346;4
147;347;4
147;348;4
147;349;4
147;350;4
147;351;4
147;352;4
147;353;4
147;354;4
147;355;4
147;356;4
147;357;4
147;358;4
147;359;4
147;360;4
147;361;4
147;362;4
147;363;4
147;364;4
147;365;4
147;366;4
147;367;4
147;368;12
147;369;12
147;370;12
147;371;12
147;372;12
147;373;12
147;374;12
147;375;12
147;376;12
147;377;12
147;378;12
147;379;12
147;380;12
147;381;12
147;382;12
147;383;12
147;384;21
147;385;21
147;386;21
147;387;21
147;388;21
147;389;21
147;390;21
147;391;21
147;392;21
147;393;21
147;394;21
147;395;21
147;396;21
147;397;21
147;398;21
147;399;21
147;400;21
147;401;21
147;402;21
147;403;21
147;404;21
147;405;21
147;406;21
147;407;21
147;408;21
147;409;21
147;410;41
147;411;41
147;412;41
147;413;41
147;414;41
147;415;41
147;416;41
147;417;41
147;418;41
147;419;41
147;420;14
147;421;14
147;422;14
147;423;14
147;424;14
147;425;14
147;426;14
147;427;14
147;428;14
147;429;14
147;430;14
147;431;14
147;432;14
147;433;14
147;434;14
147;435;14
147;436;14
147;437;14
147;438;14
147;439;48
147;440;48
147;441;48
147;442;48
147;443;48
147;444;48
147;445;48
147;446;48
147;447;48
147;448;48
147;449;48
147;450;48
147;451;48
147;452;48
147;453;3
147;454;3
147;455;3
147;456;3
147;457;3
147;458;3
147;459;22
147;460;22
147;461;22
147;462;22
147;463;22
147;464;22
147;465;22
147;466;22
147;467;36
147;468;36
147;469;36
147;470;36
147;471;36
147;472;36
147;473;36
147;474;36
147;475;36
147;476;36
147;477;36
147;478;36
147;479;36
147;480;36
147;481;36
147;482;36
147;483;36
147;484;47
147;485;47
147;486;47
147;487;47
147;488;47
147;489;47
147;490;47
147;491;47
147;492;47
147;493;47
147;494;47
147;495;47
147;496;47
147;497;47
147;498;47
147;499;47
148;0;2
148;1;2
148;2;2
148;3;2
148;4;2
148;5;2
148;6;2
148;7;2
148;8;2
148;9;2
148;10;2
148;11;2
148;12;2
148;13;2
148;14;2
148;15;2
148;16;2
148;17;2
148;18;2
148;19;2
148;20;2
148;21;2
148;22;2
148;23;2
148;24;2
148;25;2
148;26;2
148;27;2
148;28;2
148;29;2
148;30;2
148;31;2
148;32;2
148;33;2
148;34;2
148;35;2
148;36;2
148;37;2
148;38;2
148;39;2
148;40;42
148;41;42
148;42;42
148;43;42
148;44;42
148;45;42
148;46;42
148;47;42
148;48;42
148;49;40
148;50;40
148;51;40
148;52;40
148;53;40
148;54;40
148;55;40
148;56;40
148;57;40
148;58;40
148;59;40
148;60;40
148;61;40
148;62;40
148;63;40
148;64;40
148;65;40
148;66;40
148;67;40
148;68;40
148;69;40
148;70;40
148;71;27
148;72;27
148;73;27
148;74;27
148;75;27
148;76;27
148;77;27
148;78;27
148;79;27
148;80;27
148;81;27
148;82;27
148;83;50
148;84;50
148;85;50
148;86;50
148;87;50
148;88;50
148;89;50
148;90;50
148;91;50
148;92;50
148;93;50
148;94;50
148;95;50
148;96;50
148;97;50
148;98;50
148;99;50
148;100;50
148;101;50
148;102;50
148;103;50
148;104;50
148;105;50
148;106;50
148;107;50
148;108;50
148;109;50
148;110;50
148;111;50
148;112;45
148;113;45
148;114;45
148;115;45
148;116;45
148;117;45
148;118;45
148;119;45
148;120;45
148;121;45
148;122;45
148;123;45
148;124;45
148;125;45
148;126;45
148;127;45
148;128;45
148;129;45
148;130;45
148;131;45
148;132;45
148;133;45
148;134;45
148;135;45
148;136;45
148;137;45
148;138;45
148;139;45
148;140;45
148;141;45
148;142;45
148;143;45
148;144;45
148;145;34
148;146;34
148;147;34
148;148;34
148;149;34
148;150;34
148;151;34
148;152;34
148;153;34
148;154;34
148;155;34
148;156;34
148;157;34
148;158;34
148;159;34
148;160;34
148;161;34
148;162;34
148;163;32
148;164;32
148;165;32
148;166;32
148;167;32
148;168;32
148;169;32
148;170;32
148;171;32
148;172;32
148;173;32
148;174;32
148;175;32
148;176;32
148;177;32
148;178;32
148;179;32
148;180;32
148;181;32
148;182;32
148;183;32
148;184;32
148;185;32
148;186;32
148;187;32
148;188;5
148;189;5
148;190;5
148;191;5
148;192;5
148;193;5
148;194;5
148;195;5
148;196;5
148;197;5
148;198;5
148;199;5
148;200;5
148;201;33
148;202;33
148;203;33
148;204;33
148;205;33
148;206;33
148;207;33
148;208;33
148;209;33
148;210;33
148;211;33
148;212;33
148;213;47
148;214;47
148;215;47
148;216;47
148;217;47
148;218;47
148;219;47
148;220;47
148;221;47
148;222;47
148;223;47
148;224;47
148;225;47
148;226;47
148;227;47
148;228;47
148;229;47
148;230;47
148;231;47
148;232;47
148;233;47
148;234;47
148;235;47
148;236;47
148;237;47
148;238;47
148;239;47
148;240;47
148;241;47
148;242;47
148;243;47
148;244;47
148;245;47
148;246;47
148;247;47
148;248;11
148;249;11
148;250;11
148;251;11
148;252;11
148;253;11
148;254;11
148;255;32
148;256;32
148;257;32
148;258;32
148;259;32
148;260;32
148;261;32
148;262;32
148;263;32
148;264;32
148;265;32
148;266;32
148;267;32
148;268;32
148;269;32
148;270;32
148;271;32
148;272;32
148;273;32
148;274;32
148;275;32
148;276;32
148;277;32
148;278;32
148;279;32
148;280;32
148;281;32
148;282;32
148;283;32
148;284;32
148;285;32
148;286;32
148;287;32
148;288;32
148;289;27
148;290;27
148;291;27
148;292;27
148;293;27
148;294;27
148;295;27
148;296;27
148;297;27
148;298;27
148;299;27
148;300;27
148;301;27
148;302;27
148;303;27
148;304;27
148;305;27
148;306;27
148;307;27
148;308;27
148;309;27
148;310;27
148;311;27
148;312;27
148;313;27
148;314;27
148;315;27
148;316;27
148;317;27
148;318;27
148;319;27
148;320;27
148;321;27
148;322;27
148;323;27
148;324;27
148;325;27
148;326;27
148;327;27
148;328;27
148;329;27
148;330;27
148;331;27
148;332;4
148;333;4
148;334;4
148;335;4
148;336;4
148;337;4
148;338;4
148;339;4
148;340;4
148;341;4
148;342;4
148;343;4
148;344;4
148;345;4
148;346;4
148;347;4
148;348;4
148;349;4
148;350;4
148;351;4
148;352;4
148;353;4
148;354;4
148;355;4
148;356;4
148;357;4
148;358;4
148;359;4
148;360;4
148;361;4
148;362;4
148;363;4
148;364;4
148;365;4
148;366;4
148;367;4
148;368;12
148;369;12
148;370;12
148;371;12
148;372;12
148;373;12
148;374;12
148;375;12
148;376;12
148;377;12
148;378;12
148;379;12
148;380;12
148;381;12
148;382;12
148;383;12
148;384;12
148;385;21
148;386;21
148;387;21
148;388;21
148;389;21
148;390;21
148;391;21
148;392;21
148;393;21
148;394;21
148;395;21
148;396;21
148;397;21
148;398;21
148;399;21
148;400;21
148;401;21
148;402;21
148;403;21
148;404;21
148;405;21
148;406;21
148;407;21
148;408;21
148;409;21
148;410;21
148;411;41
148;412;41
148;413;41
148;414;41
148;415;41
148;416;41
148;417;41
148;418;41
148;419;41
148;420;14
148;421;14
148;422;14
148;423;14
148;424;14
148;425;14
148;426;14
148;427;14
148;428;14
148;429;14
148;430;14
148;431;14
148;432;14
148;433;14
148;434;14
148;435;14
148;436;14
148;437;14
148;438;14
148;439;14
148;440;48
148;441;48
148;442;48
148;443;48
148;444;48
148;445;48
148;446;48
148;447;48
148;448;48
148;449;48
148;450;48
148;451;48
148;452;3
148;453;3
148;454;3
148;455;3
148;456;3
148;457;3
148;458;3
148;459;3
148;460;22
148;461;22
148;462;22
148;463;22
148;464;22
148;465;22
148;466;22
148;467;22
148;468;36
148;469;36
148;470;36
148;471;36
148;472;36
148;473;36
148;474;36
148;475;36
148;476;36
148;477;36
148;478;36
148;479;36
148;480;36
148;481;36
148;482;36
148;483;36
148;484;36
148;485;36
148;486;47
148;487;47
148;488;47
148;489;47
148;490;47
148;491;47
148;492;47
148;493;47
148;494;47
148;495;47
148;496;47
148;497;47
148;498;47
148;499;47
149;0;2
149;1;2
149;2;2
149;3;2
149;4;2
149;5;2
149;6;2
149;7;2
149;8;2
149;9;2
149;10;2
149;11;2
149;12;2
149;13;2
149;14;2
149;15;2
149;16;2
149;17;2
149;18;2
149;19;2
149;20;2
149;21;2
149;22;2
149;23;2
149;24;2
149;25;2
149;26;2
149;27;2
149;28;2
149;29;2
149;30;2
149;31;2
149;32;2
149;33;2
149;34;2
149;35;2
149;36;2
149;37;2
149;38;2
149;39;2
149;40;42
149;41;42
149;42;42
149;43;42
149;44;42
149;45;42
149;46;42
149;47;42
149;48;42
149;49;42
149;50;42
149;51;42
149;52;42
149;53;42
149;54;42
149;55;42
149;56;42
149;57;42
149;58;42
149;59;42
149;60;42
149;61;42
149;62;42
149;63;42
149;64;42
149;65;42
149;66;40
149;67;40
149;68;40
149;69;40
149;70;40
149;71;27
149;72;27
149;73;27
149;74;27
149;75;27
149;76;27
149;77;27
149;78;27
149;79;27
149;80;27
149;81;27
149;82;27
149;83;27
149;84;27
149;85;50
149;86;50
149;87;50
149;88;50
149;89;50
149;90;50
149;91;50
149;92;50
149;93;50
149;94;50
149;95;50
149;96;50
149;97;50
149;98;50
149;99;50
149;100;50
149;101;50
149;102;50
149;103;50
149;104;50
149;105;50
149;106;50
149;107;50
149;108;50
149;109;50
149;110;50
149;111;50
149;112;50
149;113;45
149;114;45
149;115;45
149;116;45
149;117;45
149;118;45
149;119;45
149;120;45
149;121;45
149;122;45
149;123;45
149;124;45
149;125;45
149;126;45
149;127;45
149;128;45
149;129;45
149;130;45
149;131;45
149;132;45
149;133;45
149;134;45
149;135;45
149;136;45
149;137;45
149;138;45
149;139;45
149;140;45
149;141;45
149;142;45
149;143;45
149;144;45
149;145;45
149;146;34
149;147;34
149;148;34
149;149;34
149;150;34
149;151;34
149;152;34
149;153;34
149;154;34
149;155;34
149;156;34
149;157;34
149;158;34
149;159;34
149;160;34
149;161;34
149;162;34
149;163;34
149;164;32
149;165;32
149;166;32
149;167;32
149;168;32
149;169;32
149;170;32
149;171;32
149;172;32
149;173;32
149;174;32
149;175;32
149;176;32
149;177;32
149;178;32
149;179;32
149;180;32
149;181;32
149;182;32
149;183;32
149;184;32
149;185;32
149;186;32
149;187;32
149;188;32
149;189;5
149;190;5
149;191;5
149;192;5
149;193;5
149;194;5
149;195;5
149;196;5
149;197;5
149;198;5
149;199;5
149;200;33
149;201;33
149;202;33
149;203;33
149;204;33
149;205;33
149;206;33
149;207;33
149;208;33
149;209;33
149;210;33
149;211;33
149;212;33
149;213;33
149;214;47
149;215;47
149;216;47
149;217;47
149;218;47
149;219;47
149;220;47
149;221;47
149;222;47
149;223;47
149;224;47
149;225;47
149;226;47
149;227;47
149;228;47
149;229;47
149;230;47
149;231;47
149;232;47
149;233;47
149;234;47
149;235;47
149;236;47
149;237;47
149;238;47
149;239;47
149;240;47
149;241;47
149;242;47
149;243;47
149;244;47
149;245;47
149;246;47
149;247;47
149;248;47
149;249;11
149;250;11
149;251;11
149;252;11
149;253;11
149;254;11
149;255;11
149;256;11
149;257;32
149;258;32
149;259;32
149;260;32
149;261;32
149;262;32
149;263;32
149;264;32
149;265;32
149;266;32
149;267;32
149;268;32
149;269;32
149;270;32
149;271;32
149;272;32
149;273;32
149;274;32
149;275;32
149;276;32
149;277;32
149;278;32
149;279;32
149;280;32
149;281;32
149;282;32
149;283;32
149;284;32
149;285;32
149;286;32
149;287;32
149;288;32
149;289;27
149;290;27
149;291;27
149;292;27
149;293;27
149;294;27
149;295;27
149;296;27
149;297;27
149;298;27
149;299;27
149;300;27
149;301;27
149;302;27
149;303;27
149;304;27
149;305;27
149;306;27
149;307;27
149;308;27
149;309;27
149;310;27
149;311;27
149;312;27
149;313;27
149;314;27
149;315;27
149;316;27
149;317;27
149;318;27
149;319;27
149;320;27
149;321;27
149;322;27
149;323;27
149;324;27
149;325;27
149;326;27
149;327;27
149;328;27
149;329;27
149;330;27
149;331;27
149;332;4
149;333;4
149;334;4
149;335;4
149;336;4
149;337;4
149;338;4
149;339;4
149;340;4
149;341;4
149;342;4
149;343;4
149;344;4
149;345;4
149;346;4
149;347;4
149;348;4
149;349;4
149;350;4
149;351;4
149;352;4
149;353;4
149;354;4
149;355;4
149;356;4
149;357;4
149;358;4
149;359;4
149;360;4
149;361;4
149;362;4
149;363;4
149;364;4
149;365;4
149;366;4
149;367;4
149;368;12
149;369;12
149;370;12
149;371;12
149;372;12
149;373;12
149;374;12
149;375;12
149;376;12
149;377;12
149;378;12
149;379;12
149;380;12
149;381;12
149;382;12
149;383;12
149;384;12
149;385;12
149;386;21
149;387;21
149;388;21
149;389;21
149;390;21
149;391;21
149;392;21
149;393;21
149;394;21
149;395;21
149;396;21
149;397;21
149;398;21
149;399;21
149;400;21
149;401;21
149;402;21
149;403;21
149;404;21
149;405;21
149;406;21
149;407;21
149;408;21
149;409;21
149;410;21
149;411;21
149;412;41
149;413;41
149;414;41
149;415;41
149;416;41
149;417;41
149;418;41
149;419;14
149;420;14
149;421;14
149;422;14
149;423;14
149;424;14
149;425;14
149;426;14
149;427;14
149;428;14
149;429;14
149;430;14
149;431;14
149;432;14
149;433;14
149;434;14
149;435;14
149;436;14
149;437;14
149;438;14
149;439;14
149;440;14
149;441;48
149;442;48
149;443;48
149;444;48
149;445;48
149;446;48
149;447;48
149;448;48
149;449;48
149;450;48
149;451;3
149;452;3
149;453;3
149;454;3
149;455;3
149;456;3
149;457;3
149;458;3
149;459;3
149;460;22
149;461;22
149;462;22
149;463;22
149;464;22
149;465;22
149;466;22
149;467;22
149;468;22
149;469;36
149;470;36
149;471;36
149;472;36
149;473;36
149;474;36
149;475;36
149;476;36
149;477;36
149;478;36
149;479;36
149;480;36
149;481;36
149;482;36
149;483;36
149;484;36
149;485;36
149;486;36
149;487;36
149;488;47
149;489;47
149;490;47
149;491;47
149;492;47
149;493;47
149;494;47
149;495;47
149;496;47
149;497;47
149;498;47
149;499;47
150;0;2
150;1;2
150;2;2
150;3;2
150;4;2
150;5;2
150;6;2
150;7;2
150;8;2
150;9;2
150;10;2
150;11;2
150;12;2
150;13;2
150;14;2
150;15;2
150;16;2
150;17;2
150;18;2
150;19;2
150;20;2
150;21;2
150;22;2
150;23;2
150;24;2
150;25;2
150;26;2
150;27;2
150;28;2
150;29;2
150;30;2
150;31;2
150;32;2
150;33;2
150;34;2
150;35;2
150;36;2
150;37;2
150;38;2
150;39;2
150;40;42
150;41;42
150;42;42
150;43;42
150;44;42
150;45;42
150;46;42
150;47;42
150;48;42
150;49;42
150;50;42
150;51;42
150;52;42
150;53;42
150;54;42
150;55;42
150;56;42
150;57;42
150;58;42
150;59;42
150;60;42
150;61;42
150;62;42
150;63;42
150;64;42
150;65;42
150;66;42
150;67;42
150;68;40
150;69;40
150;70;40
150;71;27
150;72;27
150;73;27
150;74;27
150;75;27
150;76;27
150;77;27
150;78;27
150;79;27
150;80;27
150;81;27
150;82;27
150;83;27
150;84;27
150;85;27
150;86;27
150;87;50
150;88;50
150;89;50
150;90;50
150;91;50
150;92;50
150;93;50
150;94;50
150;95;50
150;96;50
150;97;50
150;98;50
150;99;50
150;100;50
150;101;50
150;102;50
150;103;50
150;104;50
150;105;50
150;106;50
150;107;50
150;108;50
150;109;50
150;110;50
150;111;50
150;112;50
150;113;45
150;114;45
150;115;45
150;116;45
150;117;45
150;118;45
150;119;45
150;120;45
150;121;45
150;122;45
150;123;45
150;124;45
150;125;45
150;126;45
150;127;45
150;128;45
150;129;45
150;130;45
150;131;45
150;132;45
150;133;45
150;134;45
150;135;45
150;136;45
150;137;45
150;138;45
150;139;45
150;140;45
150;141;45
150;142;45
150;143;45
150;144;45
150;145;45
150;146;34
150;147;34
150;148;34
150;149;34
150;150;34
150;151;34
150;152;34
150;153;34
150;154;34
150;155;34
150;156;34
150;157;34
150;158;34
150;159;34
150;160;34
150;161;34
150;162;34
150;163;34
150;164;32
150;165;32
150;166;32
150;167;32
150;168;32
150;169;32
150;170;32
150;171;32
150;172;32
150;173;32
150;174;32
150;175;32
150;176;32
150;177;32
150;178;32
150;179;32
150;180;32
150;181;32
150;182;32
150;183;32
150;184;32
150;185;32
150;186;32
150;187;32
150;188;32
150;189;32
150;190;5
150;191;5
150;192;5
150;193;5
150;194;5
150;195;5
150;196;5
150;197;5
150;198;5
150;199;33
150;200;33
150;201;33
150;202;33
150;203;33
150;204;33
150;205;33
150;206;33
150;207;33
150;208;33
150;209;33
150;210;33
150;211;33
150;212;33
150;213;33
150;214;47
150;215;47
150;216;47
150;217;47
150;218;47
150;219;47
150;220;47
150;221;47
150;222;47
150;223;47
150;224;47
150;225;47
150;226;47
150;227;47
150;228;47
150;229;47
150;230;47
150;231;47
150;232;47
150;233;47
150;234;47
150;235;47
150;236;47
150;237;47
150;238;47
150;239;47
150;240;47
150;241;47
150;242;47
150;243;47
150;244;47
150;245;47
150;246;47
150;247;47
150;248;47
150;249;11
150;250;11
150;251;11
150;252;11
150;253;11
150;254;11
150;255;11
150;256;11
150;257;11
150;258;11
150;259;32
150;260;32
150;261;32
150;262;32
150;263;32
150;264;32
150;265;32
150;266;32
150;267;32
150;268;32
150;269;32
150;270;32
150;271;32
150;272;32
150;273;32
150;274;32
150;275;32
150;276;32
150;277;32
150;278;32
150;279;32
150;280;32
150;281;32
150;282;32
150;283;32
150;284;32
150;285;32
150;286;32
150;287;32
150;288;32
150;289;32
150;290;27
150;291;27
150;292;27
150;293;27
150;294;27
150;295;27
150;296;27
150;297;27
150;298;27
150;299;27
150;300;27
150;301;27
150;302;27
150;303;27
150;304;27
150;305;27
150;306;27
150;307;27
150;308;27
150;309;27
150;310;27
150;311;27
150;312;27
150;313;27
150;314;27
150;315;27
150;316;27
150;317;27
150;318;27
150;319;27
150;320;27
150;321;27
150;322;27
150;323;27
150;324;27
150;325;27
150;326;27
150;327;27
150;328;27
150;329;27
150;330;27
150;331;27
150;332;27
150;333;4
150;334;4
150;335;4
150;336;4
150;337;4
150;338;4
150;339;4
150;340;4
150;341;4
150;342;4
150;343;4
150;344;4
150;345;4
150;346;4
150;347;4
150;348;4
150;349;4
150;350;4
150;351;4
150;352;4
150;353;4
150;354;4
150;355;4
150;356;4
150;357;4
150;358;4
150;359;4
150;360;4
150;361;4
150;362;4
150;363;4
150;364;4
150;365;4
150;366;4
150;367;4
150;368;12
150;369;12
150;370;12
150;371;12
150;372;12
150;373;12
150;374;12
150;375;12
150;376;12
150;377;12
150;378;12
150;379;12
150;380;12
150;381;12
150;382;12
150;383;12
150;384;12
150;385;12
150;386;12
150;387;21
150;388;21
150;389;21
150;390;21
150;391;21
150;392;21
150;393;21
150;394;21
150;395;21
150;396;21
150;397;21
150;398;21
150;399;21
150;400;21
150;401;21
150;402;21
150;403;21
150;404;21
150;405;21
150;406;21
150;407;21
150;408;21
150;409;21
150;410;21
150;411;21
150;412;21
150;413;41
150;414;41
150;415;41
150;416;41
150;417;41
150;418;14
150;419;14
150;420;14
150;421;14
150;422;14
150;423;14
150;424;14
150;425;14
150;426;14
150;427;14
150;428;14
150;429;14
150;430;14
150;431;14
150;432;14
150;433;14
150;434;14
150;435;14
150;436;14
150;437;14
150;438;14
150;439;14
150;440;14
150;441;14
150;442;14
150;443;48
150;444;48
150;445;48
150;446;48
150;447;48
150;448;48
150;449;48
150;450;3
150;451;3
150;452;3
150;453;3
150;454;3
150;455;3
150;456;3
150;457;3
150;458;3
150;459;3
150;460;3
150;461;22
150;462;22
150;463;22
150;464;22
150;465;22
150;466;22
150;467;22
150;468;22
150;469;22
150;470;36
150;471;36
150;472;36
150;473;36
150;474;36
150;475;36
150;476;36
150;477;36
150;478;36
150;479;36
150;480;36
150;481;36
150;482;36
150;483;36
150;484;36
150;485;36
150;486;36
150;487;36
150;488;36
150;489;36
150;490;47
150;491;47
150;492;47
150;493;47
150;494;47
150;495;47
150;496;47
150;497;47
150;498;47
150;499;47
151;0;2
151;1;2
151;2;2
151;3;2
151;4;2
151;5;2
151;6;2
151;7;2
151;8;2
151;9;2
151;10;2
151;11;2
151;12;2
151;13;2
151;14;2
151;15;2
151;16;2
151;17;2
151;18;2
151;19;2
151;20;2
151;21;2
151;22;2
151;23;2
151;24;2
151;25;2
151;26;2
151;27;2
151;28;2
151;29;2
151;30;2
151;31;2
151;32;2
151;33;2
151;34;2
151;35;2
151;36;2
151;37;2
151;38;2
151;39;2
151;40;42
151;41;42
151;42;42
151;43;42
151;44;42
151;45;42
151;46;42
151;47;42
151;48;42
151;49;42
151;50;42
151;51;42
151;52;42
151;53;42
151;54;42
151;55;42
151;56;42
151;57;42
151;58;42
151;59;42
151;60;42
151;61;42
151;62;42
151;63;42
151;64;42
151;65;42
151;66;42
151;67;42
151;68;42
151;69;42
151;70;42
151;71;27
151;72;27
151;73;27
151;74;27
151;75;27
151;76;27
151;77;27
151;78;27
151;79;27
151;80;27
151;81;27
151;82;27
151;83;27
151;84;27
151;85;27
151;86;27
151;87;27
151;88;27
151;89;50
151;90;50
151;91;50
151;92;50
151;93;50
151;94;50
151;95;50
151;96;50
151;97;50
151;98;50
151;99;50
151;100;50
151;101;50
151;102;50
151;103;50
151;104;50
151;105;50
151;106;50
151;107;50
151;108;50
151;109;50
151;110;50
151;111;50
151;112;50
151;113;50
151;114;45
151;115;45
151;116;45
151;117;45
151;118;45
151;119;45
151;120;45
151;121;45
151;122;45
151;123;45
151;124;45
151;125;45
151;126;45
151;127;45
151;128;45
151;129;45
151;130;45
151;131;45
151;132;45
151;133;45
151;134;45
151;135;45
151;136;45
151;137;45
151;138;45
151;139;45
151;140;45
151;141;45
151;142;45
151;143;45
151;144;45
151;145;45
151;146;45
151;147;34
151;148;34
151;149;34
151;150;34
151;151;34
151;152;34
151;153;34
151;154;34
151;155;34
151;156;34
151;157;34
151;158;34
151;159;34
151;160;34
151;161;34
151;162;34
151;163;34
151;164;34
151;165;32
151;166;32
151;167;32
151;168;32
151;169;32
151;170;32
151;171;32
151;172;32
151;173;32
151;174;32
151;175;32
151;176;32
151;177;32
151;178;32
151;179;32
151;180;32
151;181;32
151;182;32
151;183;32
151;184;32
151;185;32
151;186;32
151;187;32
151;188;32
151;189;32
151;190;32
151;191;33
151;192;33
151;193;33
151;194;33
151;195;33
151;196;33
151;197;33
151;198;33
151;199;33
151;200;33
151;201;33
151;202;33
151;203;33
151;204;33
151;205;33
151;206;33
151;207;33
151;208;33
151;209;33
151;210;33
151;211;33
151;212;33
151;213;33
151;214;33
151;215;47
151;216;47
151;217;47
151;218;47
151;219;47
151;220;47
151;221;47
151;222;47
151;223;47
151;224;47
151;225;47
151;226;47
151;227;47
151;228;47
151;229;47
151;230;47
151;231;47
151;232;47
151;233;47
151;234;47
151;235;47
151;236;47
151;237;47
151;238;47
151;239;47
151;240;47
151;241;47
151;242;47
151;243;47
151;244;47
151;245;47
151;246;47
151;247;47
151;248;47
151;249;47
151;250;11
151;251;11
151;252;11
151;253;11
151;254;11
151;255;11
151;256;11
151;257;11
151;258;11
151;259;11
151;260;11
151;261;32
151;262;32
151;263;32
151;264;32
151;265;32
151;266;32
151;267;32
151;268;32
151;269;32
151;270;32
151;271;32
151;272;32
151;273;32
151;274;32
151;275;32
151;276;32
151;277;32
151;278;32
151;279;32
151;280;32
151;281;32
151;282;32
151;283;32
151;284;32
151;285;32
151;286;32
151;287;32
151;288;32
151;289;32
151;290;27
151;291;27
151;292;27
151;293;27
151;294;27
151;295;27
151;296;27
151;297;27
151;298;27
151;299;27
151;300;27
151;301;27
151;302;27
151;303;27
151;304;27
151;305;27
151;306;27
151;307;27
151;308;27
151;309;27
151;310;27
151;311;27
151;312;27
151;313;27
151;314;27
151;315;27
151;316;27
151;317;27
151;318;27
151;319;27
151;320;27
151;321;27
151;322;27
151;323;27
151;324;27
151;325;27
151;326;27
151;327;27
151;328;27
151;329;27
151;330;27
151;331;27
151;332;27
151;333;41
151;334;41
151;335;41
151;336;41
151;337;41
151;338;41
151;339;41
151;340;41
151;341;41
151;342;41
151;343;41
151;344;41
151;345;4
151;346;4
151;347;4
151;348;4
151;349;4
151;350;4
151;351;4
151;352;4
151;353;4
151;354;4
151;355;4
151;356;4
151;357;4
151;358;4
151;359;4
151;360;4
151;361;4
151;362;4
151;363;4
151;364;4
151;365;4
151;366;4
151;367;4
151;368;12
151;369;12
151;370;12
151;371;12
151;372;12
151;373;12
151;374;12
151;375;12
151;376;12
151;377;12
151;378;12
151;379;12
151;380;12
151;381;12
151;382;12
151;383;12
151;384;12
151;385;12
151;386;12
151;387;12
151;388;21
151;389;21
151;390;21
151;391;21
151;392;21
151;393;21
151;394;21
151;395;21
151;396;21
151;397;21
151;398;21
151;399;21
151;400;21
151;401;21
151;402;21
151;403;21
151;404;21
151;405;21
151;406;21
151;407;21
151;408;21
151;409;21
151;410;21
151;411;21
151;412;21
151;413;21
151;414;41
151;415;41
151;416;41
151;417;14
151;418;14
151;419;14
151;420;14
151;421;14
151;422;14
151;423;14
151;424;14
151;425;14
151;426;14
151;427;14
151;428;14
151;429;14
151;430;14
151;431;14
151;432;14
151;433;14
151;434;14
151;435;14
151;436;14
151;437;14
151;438;14
151;439;14
151;440;14
151;441;14
151;442;14
151;443;14
151;444;14
151;445;48
151;446;48
151;447;48
151;448;48
151;449;3
151;450;3
151;451;3
151;452;3
151;453;3
151;454;3
151;455;3
151;456;3
151;457;3
151;458;3
151;459;3
151;460;3
151;461;22
151;462;22
151;463;22
151;464;22
151;465;22
151;466;22
151;467;22
151;468;22
151;469;22
151;470;22
151;471;36
151;472;36
151;473;36
151;474;36
151;475;36
151;476;36
151;477;36
151;478;36
151;479;36
151;480;36
151;481;36
151;482;36
151;483;36
151;484;36
151;485;36
151;486;36
151;487;36
151;488;36
151;489;36
151;490;36
151;491;36
151;492;47
151;493;47
151;494;47
151;495;47
151;496;47
151;497;47
151;498;47
151;499;47
152;0;2
152;1;2
152;2;2
152;3;2
152;4;2
152;5;2
152;6;2
152;7;2
152;8;2
152;9;2
152;10;2
152;11;2
152;12;2
152;13;2
152;14;2
152;15;2
152;16;2
152;17;2
152;18;2
152;19;2
152;20;2
152;21;2
152;22;2
152;23;2
152;24;2
152;25;2
152;26;2
152;27;2
152;28;2
152;29;2
152;30;2
152;31;2
152;32;2
152;33;2
152;34;2
152;35;2
152;36;2
152;37;2
152;38;2
152;39;2
152;40;42
152;41;42
152;42;42
152;43;42
152;44;42
152;45;42
152;46;42
152;47;42
152;48;42
152;49;42
152;50;42
152;51;42
152;52;42
152;53;42
152;54;42
152;55;42
152;56;42
152;57;42
152;58;42
152;59;42
152;60;42
152;61;42
152;62;42
152;63;42
152;64;42
152;65;42
152;66;42
152;67;42
152;68;42
152;69;42
152;70;42
152;71;27
152;72;27
152;73;27
152;74;27
152;75;27
152;76;27
152;77;27
152;78;27
152;79;27
152;80;27
152;81;27
152;82;27
152;83;27
152;84;27
152;85;27
152;86;27
152;87;27
152;88;27
152;89;27
152;90;27
152;91;27
152;92;50
152;93;50
152;94;50
152;95;50
152;96;50
152;97;50
152;98;50
152;99;50
152;100;50
152;101;50
152;102;50
152;103;50
152;104;50
152;105;50
152;106;50
152;107;50
152;108;50
152;109;50
152;110;50
152;111;50
152;112;50
152;113;50
152;114;45
152;115;45
152;116;45
152;117;45
152;118;45
152;119;45
152;120;45
152;121;45
152;122;45
152;123;45
152;124;45
152;125;45
152;126;45
152;127;45
152;128;45
152;129;45
152;130;45
152;131;45
152;132;45
152;133;45
152;134;45
152;135;45
152;136;45
152;137;45
152;138;45
152;139;45
152;140;45
152;141;45
152;142;45
152;143;45
152;144;45
152;145;45
152;146;45
152;147;34
152;148;34
152;149;34
152;150;34
152;151;34
152;152;34
152;153;34
152;154;34
152;155;34
152;156;34
152;157;34
152;158;34
152;159;34
152;160;34
152;161;34
152;162;34
152;163;34
152;164;34
152;165;32
152;166;32
152;167;32
152;168;32
152;169;32
152;170;32
152;171;32
152;172;32
152;173;32
152;174;32
152;175;32
152;176;32
152;177;32
152;178;32
152;179;32
152;180;32
152;181;32
152;182;32
152;183;32
152;184;32
152;185;32
152;186;32
152;187;32
152;188;32
152;189;32
152;190;32
152;191;33
152;192;33
152;193;33
152;194;33
152;195;33
152;196;33
152;197;33
152;198;33
152;199;33
152;200;33
152;201;33
152;202;33
152;203;33
152;204;33
152;205;33
152;206;33
152;207;33
152;208;33
152;209;33
152;210;33
152;211;33
152;212;33
152;213;33
152;214;33
152;215;33
152;216;47
152;217;47
152;218;47
152;219;47
152;220;47
152;221;47
152;222;47
152;223;47
152;224;47
152;225;47
152;226;47
152;227;47
152;228;47
152;229;47
152;230;47
152;231;47
152;232;47
152;233;47
152;234;47
152;235;47
152;236;47
152;237;47
152;238;47
152;239;47
152;240;47
152;241;47
152;242;47
152;243;47
152;244;47
152;245;47
152;246;47
152;247;47
152;248;47
152;249;47
152;250;11
152;251;11
152;252;11
152;253;11
152;254;11
152;255;11
152;256;11
152;257;11
152;258;11
152;259;11
152;260;11
152;261;11
152;262;32
152;263;32
152;264;32
152;265;32
152;266;32
152;267;32
152;268;32
152;269;32
152;270;32
152;271;32
152;272;32
152;273;32
152;274;32
152;275;32
152;276;32
152;277;32
152;278;32
152;279;32
152;280;32
152;281;32
152;282;32
152;283;32
152;284;32
152;285;32
152;286;32
152;287;32
152;288;32
152;289;32
152;290;32
152;291;27
152;292;27
152;293;27
152;294;27
152;295;27
152;296;27
152;297;27
152;298;27
152;299;27
152;300;27
152;301;27
152;302;27
152;303;27
152;304;27
152;305;27
152;306;27
152;307;27
152;308;27
152;309;27
152;310;27
152;311;27
152;312;27
152;313;27
152;314;27
152;315;27
152;316;27
152;317;27
152;318;27
152;319;27
152;320;27
152;321;27
152;322;27
152;323;27
152;324;27
152;325;27
152;326;27
152;327;27
152;328;27
152;329;27
152;330;27
152;331;27
152;332;27
152;333;41
152;334;41
152;335;41
152;336;41
152;337;41
152;338;41
152;339;41
152;340;41
152;341;41
152;342;41
152;343;41
152;344;41
152;345;41
152;346;41
152;347;4
152;348;4
152;349;4
152;350;4
152;351;4
152;352;4
152;353;4
152;354;4
152;355;4
152;356;4
152;357;4
152;358;4
152;359;4
152;360;4
152;361;4
152;362;4
152;363;4
152;364;4
152;365;4
152;366;4
152;367;4
152;368;12
152;369;12
152;370;12
152;371;12
152;372;12
152;373;12
152;374;12
152;375;12
152;376;12
152;377;12
152;378;12
152;379;12
152;380;12
152;381;12
152;382;12
152;383;12
152;384;12
152;385;12
152;386;12
152;387;12
152;388;12
152;389;21
152;390;21
152;391;21
152;392;21
152;393;21
152;394;21
152;395;21
152;396;21
152;397;21
152;398;21
152;399;21
152;400;21
152;401;21
152;402;21
152;403;21
152;404;21
152;405;21
152;406;21
152;407;21
152;408;21
152;409;21
152;410;21
152;411;21
152;412;21
152;413;21
152;414;21
152;415;41
152;416;14
152;417;14
152;418;14
152;419;14
152;420;14
152;421;14
152;422;14
152;423;14
152;424;14
152;425;14
152;426;14
152;427;14
152;428;14
152;429;14
152;430;14
152;431;14
152;432;14
152;433;14
152;434;14
152;435;14
152;436;14
152;437;14
152;438;14
152;439;14
152;440;14
152;441;14
152;442;14
152;443;14
152;444;14
152;445;14
152;446;14
152;447;48
152;448;3
152;449;3
152;450;3
152;451;3
152;452;3
152;453;3
152;454;3
152;455;3
152;456;3
152;457;3
152;458;3
152;459;3
152;460;3
152;461;3
152;462;22
152;463;22
152;464;22
152;465;22
152;466;22
152;467;22
152;468;22
152;469;22
152;470;22
152;471;22
152;472;36
152;473;36
152;474;36
152;475;36
152;476;36
152;477;36
152;478;36
152;479;36
152;480;36
152;481;36
152;482;36
152;483;36
152;484;36
152;485;36
152;486;36
152;487;36
152;488;36
152;489;36
152;490;36
152;491;36
152;492;36
152;493;36
152;494;47
152;495;47
152;496;47
152;497;47
152;498;47
152;499;47
153;0;2
153;1;2
153;2;2
153;3;2
153;4;2
153;5;2
153;6;2
153;7;2
153;8;2
153;9;2
153;10;2
153;11;2
153;12;2
153;13;2
153;14;2
153;15;2
153;16;2
153;17;2
153;18;2
153;19;2
153;20;2
153;21;2
153;22;2
153;23;2
153;24;2
153;25;2
153;26;2
153;27;2
153;28;2
153;29;2
153;30;2
153;31;2
153;32;2
153;33;2
153;34;2
153;35;2
153;36;2
153;37;2
153;38;2
153;39;2
153;40;42
153;41;42
153;42;42
153;43;42
153;44;42
153;45;42
153;46;42
153;47;42
153;48;42
153;49;42
153;50;42
153;51;42
153;52;42
153;53;42
153;54;42
153;55;42
153;56;42
153;57;42
153;58;42
153;59;42
153;60;42
153;61;42
153;62;42
153;63;42
153;64;42
153;65;42
153;66;42
153;67;42
153;68;42
153;69;42
153;70;42
153;71;42
153;72;27
153;73;27
153;74;27
153;75;27
153;76;27
153;77;27
153;78;27
153;79;27
153;80;27
153;81;27
153;82;27
153;83;27
153;84;27
153;85;27
153;86;27
153;87;27
153;88;27
153;89;27
153;90;27
153;91;27
153;92;27
153;93;27
153;94;50
153;95;50
153;96;50
153;97;50
153;98;50
153;99;50
153;100;50
153;101;50
153;102;50
153;103;50
153;104;50
153;105;50
153;106;50
153;107;50
153;108;50
153;109;50
153;110;50
153;111;50
153;112;50
153;113;50
153;114;50
153;115;45
153;116;45
153;117;45
153;118;45
153;119;45
153;120;45
153;121;45
153;122;45
153;123;45
153;124;45
153;125;45
153;126;45
153;127;45
153;128;45
153;129;45
153;130;45
153;131;45
153;132;45
153;133;45
153;134;45
153;135;45
153;136;45
153;137;45
153;138;45
153;139;45
153;140;45
153;141;45
153;142;45
153;143;45
153;144;45
153;145;45
153;146;45
153;147;45
153;148;34
153;149;34
153;150;34
153;151;34
153;152;34
153;153;34
153;154;34
153;155;34
153;156;34
153;157;34
153;158;34
153;159;34
153;160;34
153;161;34
153;162;34
153;163;34
153;164;34
153;165;34
153;166;32
153;167;32
153;168;32
153;169;32
153;170;32
153;171;32
153;172;32
153;173;32
153;174;32
153;175;32
153;176;32
153;177;32
153;178;32
153;179;32
153;180;32
153;181;32
153;182;32
153;183;32
153;184;32
153;185;32
153;186;32
153;187;32
153;188;32
153;189;32
153;190;32
153;191;33
153;192;33
153;193;33
153;194;33
153;195;33
153;196;33
153;197;33
153;198;33
153;199;33
153;200;33
153;201;33
153;202;33
153;203;33
153;204;33
153;205;33
153;206;33
153;207;33
153;208;33
153;209;33
153;210;33
153;211;33
153;212;33
153;213;33
153;214;33
153;215;33
153;216;33
153;217;47
153;218;47
153;219;47
153;220;47
153;221;47
153;222;47
153;223;47
153;224;47
153;225;47
153;226;47
153;227;47
153;228;47
153;229;47
153;230;47
153;231;47
153;232;47
153;233;47
153;234;47
153;235;47
153;236;47
153;237;47
153;238;47
153;239;47
153;240;47
153;241;47
153;242;47
153;243;47
153;244;47
153;245;47
153;246;47
153;247;47
153;248;47
153;249;47
153;250;11
153;251;11
153;252;11
153;253;11
153;254;11
153;255;11
153;256;11
153;257;11
153;258;11
153;259;11
153;260;11
153;261;11
153;262;11
153;263;11
153;264;32
153;265;32
153;266;32
153;267;32
153;268;32
153;269;32
153;270;32
153;271;32
153;272;32
153;273;32
153;274;32
153;275;32
153;276;32
153;277;32
153;278;32
153;279;32
153;280;32
153;281;32
153;282;32
153;283;32
153;284;32
153;285;32
153;286;32
153;287;32
153;288;32
153;289;32
153;290;32
153;291;27
153;292;27
153;293;27
153;294;27
153;295;27
153;296;27
153;297;27
153;298;27
153;299;27
153;300;27
153;301;27
153;302;27
153;303;27
153;304;27
153;305;27
153;306;27
153;307;27
153;308;27
153;309;27
153;310;27
153;311;27
153;312;27
153;313;27
153;314;27
153;315;27
153;316;27
153;317;27
153;318;27
153;319;27
153;320;27
153;321;27
153;322;27
153;323;27
153;324;27
153;325;27
153;326;27
153;327;27
153;328;27
153;329;27
153;330;27
153;331;27
153;332;27
153;333;41
153;334;41
153;335;41
153;336;41
153;337;41
153;338;41
153;339;41
153;340;41
153;341;41
153;342;41
153;343;41
153;344;41
153;345;41
153;346;41
153;347;41
153;348;41
153;349;4
153;350;4
153;351;4
153;352;4
153;353;4
153;354;4
153;355;4
153;356;4
153;357;4
153;358;4
153;359;4
153;360;4
153;361;4
153;362;4
153;363;4
153;364;4
153;365;4
153;366;4
153;367;4
153;368;12
153;369;12
153;370;12
153;371;12
153;372;12
153;373;12
153;374;12
153;375;12
153;376;12
153;377;12
153;378;12
153;379;12
153;380;12
153;381;12
153;382;12
153;383;12
153;384;12
153;385;12
153;386;12
153;387;12
153;388;12
153;389;12
153;390;21
153;391;21
153;392;21
153;393;21
153;394;21
153;395;21
153;396;21
153;397;21
153;398;21
153;399;21
153;400;21
153;401;21
153;402;21
153;403;21
153;404;21
153;405;21
153;406;21
153;407;21
153;408;21
153;409;21
153;410;21
153;411;21
153;412;21
153;413;21
153;414;21
153;415;21
153;416;14
153;417;14
153;418;14
153;419;14
153;420;14
153;421;14
153;422;14
153;423;14
153;424;14
153;425;14
153;426;14
153;427;14
153;428;14
153;429;14
153;430;14
153;431;14
153;432;14
153;433;14
153;434;14
153;435;14
153;436;14
153;437;14
153;438;14
153;439;14
153;440;14
153;441;14
153;442;14
153;443;14
153;444;14
153;445;14
153;446;14
153;447;14
153;448;3
153;449;3
153;450;3
153;451;3
153;452;3
153;453;3
153;454;3
153;455;3
153;456;3
153;457;3
153;458;3
153;459;3
153;460;3
153;461;3
153;462;22
153;463;22
153;464;22
153;465;22
153;466;22
153;467;22
153;468;22
153;469;22
153;470;22
153;471;22
153;472;22
153;473;36
153;474;36
153;475;36
153;476;36
153;477;36
153;478;36
153;479;36
153;480;36
153;481;36
153;482;36
153;483;36
153;484;36
153;485;36
153;486;36
153;487;36
153;488;36
153;489;36
153;490;36
153;491;36
153;492;36
153;493;36
153;494;36
153;495;47
153;496;47
153;497;47
153;498;47
153;499;47
154;0;2
154;1;2
154;2;2
154;3;2
154;4;2
154;5;2
154;6;2
154;7;2
154;8;2
154;9;2
154;10;2
154;11;2
154;12;2
154;13;2
154;14;2
154;15;2
154;16;2
154;17;2
154;18;2
154;19;2
154;20;2
154;21;2
154;22;2
154;23;2
154;24;2
154;25;2
154;26;2
154;27;2
154;28;2
154;29;2
154;30;2
154;31;2
154;32;2
154;33;2
154;34;2
154;35;2
154;36;2
154;37;2
154;38;2
154;39;2
154;40;42
154;41;42
154;42;42
154;43;42
154;44;42
154;45;42
154;46;42
154;47;42
154;48;42
154;49;42
154;50;42
154;51;42
154;52;42
154;53;42
154;54;42
154;55;42
154;56;42
154;57;42
154;58;42
154;59;42
154;60;42
154;61;42
154;62;42
154;63;42
154;64;42
154;65;42
154;66;42
154;67;42
154;68;42
154;69;42
154;70;42
154;71;42
154;72;27
154;73;27
154;74;27
154;75;27
154;76;27
154;77;27
154;78;27
154;79;27
154;80;27
154;81;27
154;82;27
154;83;27
154;84;27
154;85;27
154;86;27
154;87;27
154;88;27
154;89;27
154;90;27
154;91;27
154;92;27
154;93;27
154;94;27
154;95;27
154;96;50
154;97;50
154;98;50
154;99;50
154;100;50
154;101;50
154;102;50
154;103;50
154;104;50
154;105;50
154;106;50
154;107;50
154;108;50
154;109;50
154;110;50
154;111;50
154;112;50
154;113;50
154;114;50
154;115;45
154;116;45
154;117;45
154;118;45
154;119;45
154;120;45
154;121;45
154;122;45
154;123;45
154;124;45
154;125;45
154;126;45
154;127;45
154;128;45
154;129;45
154;130;45
154;131;45
154;132;45
154;133;45
154;134;45
154;135;45
154;136;45
154;137;45
154;138;45
154;139;45
154;140;45
154;141;45
154;142;45
154;143;45
154;144;45
154;145;45
154;146;45
154;147;45
154;148;34
154;149;34
154;150;34
154;151;34
154;152;34
154;153;34
154;154;34
154;155;34
154;156;34
154;157;34
154;158;34
154;159;34
154;160;34
154;161;34
154;162;34
154;163;34
154;164;34
154;165;34
154;166;32
154;167;32
154;168;32
154;169;32
154;170;32
154;171;32
154;172;32
154;173;32
154;174;32
154;175;32
154;176;32
154;177;32
154;178;32
154;179;32
154;180;32
154;181;32
154;182;32
154;183;32
154;184;32
154;185;32
154;186;32
154;187;32
154;188;32
154;189;32
154;190;32
154;191;33
154;192;33
154;193;33
154;194;33
154;195;33
154;196;33
154;197;33
154;198;33
154;199;33
154;200;33
154;201;33
154;202;33
154;203;33
154;204;33
154;205;33
154;206;33
154;207;33
154;208;33
154;209;33
154;210;33
154;211;33
154;212;33
154;213;33
154;214;33
154;215;33
154;216;33
154;217;33
154;218;47
154;219;47
154;220;47
154;221;47
154;222;47
154;223;47
154;224;47
154;225;47
154;226;47
154;227;47
154;228;47
154;229;47
154;230;47
154;231;47
154;232;47
154;233;47
154;234;47
154;235;47
154;236;47
154;237;47
154;238;47
154;239;47
154;240;47
154;241;47
154;242;47
154;243;47
154;244;47
154;245;47
154;246;47
154;247;47
154;248;47
154;249;47
154;250;11
154;251;11
154;252;11
154;253;11
154;254;11
154;255;11
154;256;11
154;257;11
154;258;11
154;259;11
154;260;11
154;261;11
154;262;11
154;263;11
154;264;11
154;265;11
154;266;32
154;267;32
154;268;32
154;269;32
154;270;32
154;271;32
154;272;32
154;273;32
154;274;32
154;275;32
154;276;32
154;277;32
154;278;32
154;279;32
154;280;32
154;281;32
154;282;32
154;283;32
154;284;32
154;285;32
154;286;32
154;287;32
154;288;32
154;289;32
154;290;32
154;291;32
154;292;27
154;293;27
154;294;27
154;295;27
154;296;27
154;297;27
154;298;27
154;299;27
154;300;27
154;301;27
154;302;27
154;303;27
154;304;27
154;305;27
154;306;27
154;307;27
154;308;27
154;309;27
154;310;27
154;311;27
154;312;27
154;313;27
154;314;27
154;315;27
154;316;27
154;317;27
154;318;27
154;319;27
154;320;27
154;321;27
154;322;27
154;323;27
154;324;27
154;325;27
154;326;27
154;327;27
154;328;27
154;329;27
154;330;27
154;331;27
154;332;27
154;333;41
154;334;41
154;335;41
154;336;41
154;337;41
154;338;41
154;339;41
154;340;41
154;341;41
154;342;41
154;343;41
154;344;41
154;345;41
154;346;41
154;347;41
154;348;41
154;349;41
154;350;41
154;351;4
154;352;4
154;353;4
154;354;4
154;355;4
154;356;4
154;357;4
154;358;4
154;359;4
154;360;4
154;361;4
154;362;4
154;363;4
154;364;4
154;365;4
154;366;4
154;367;4
154;368;12
154;369;12
154;370;12
154;371;12
154;372;12
154;373;12
154;374;12
154;375;12
154;376;12
154;377;12
154;378;12
154;379;12
154;380;12
154;381;12
154;382;12
154;383;12
154;384;12
154;385;12
154;386;12
154;387;12
154;388;12
154;389;12
154;390;12
154;391;21
154;392;21
154;393;21
154;394;21
154;395;21
154;396;21
154;397;21
154;398;21
154;399;21
154;400;21
154;401;21
154;402;21
154;403;21
154;404;21
154;405;21
154;406;21
154;407;21
154;408;21
154;409;21
154;410;21
154;411;21
154;412;21
154;413;21
154;414;21
154;415;21
154;416;14
154;417;14
154;418;14
154;419;14
154;420;14
154;421;14
154;422;14
154;423;14
154;424;14
154;425;14
154;426;14
154;427;14
154;428;14
154;429;14
154;430;14
154;431;14
154;432;14
154;433;14
154;434;14
154;435;14
154;436;14
154;437;14
154;438;14
154;439;14
154;440;14
154;441;14
154;442;14
154;443;14
154;444;14
154;445;14
154;446;14
154;447;14
154;448;14
154;449;3
154;450;3
154;451;3
154;452;3
154;453;3
154;454;3
154;455;3
154;456;3
154;457;3
154;458;3
154;459;3
154;460;3
154;461;3
154;462;3
154;463;22
154;464;22
154;465;22
154;466;22
154;467;22
154;468;22
154;469;22
154;470;22
154;471;22
154;472;22
154;473;22
154;474;36
154;475;36
154;476;36
154;477;36
154;478;36
154;479;36
154;480;36
154;481;36
154;482;36
154;483;36
154;484;36
154;485;36
154;486;36
154;487;36
154;488;36
154;489;36
154;490;36
154;491;36
154;492;36
154;493;36
154;494;36
154;495;36
154;496;47
154;497;47
154;498;47
154;499;47
155;0;2
155;1;2
155;2;2
155;3;2
155;4;2
155;5;2
155;6;2
155;7;2
155;8;2
155;9;2
155;10;2
155;11;2
155;12;2
155;13;2
155;14;2
155;15;2
155;16;2
155;17;2
155;18;2
155;19;2
155;20;2
155;21;2
155;22;2
155;23;2
155;24;2
155;25;2
155;26;2
155;27;2
155;28;2
155;29;2
155;30;2
155;31;2
155;32;2
155;33;2
155;34;2
155;35;2
155;36;2
155;37;2
155;38;2
155;39;2
155;40;42
155;41;42
155;42;42
155;43;42
155;44;42
155;45;42
155;46;42
155;47;42
155;48;42
155;49;42
155;50;42
155;51;42
155;52;42
155;53;42
155;54;42
155;55;42
155;56;42
155;57;42
155;58;42
155;59;42
155;60;42
155;61;42
155;62;42
155;63;42
155;64;42
155;65;42
155;66;42
155;67;42
155;68;42
155;69;42
155;70;42
155;71;42
155;72;17
155;73;27
155;74;27
155;75;27
155;76;27
155;77;27
155;78;27
155;79;27
155;80;27
155;81;27
155;82;27
155;83;27
155;84;27
155;85;27
155;86;27
155;87;27
155;88;27
155;89;27
155;90;27
155;91;27
155;92;27
155;93;27
155;94;27
155;95;27
155;96;27
155;97;27
155;98;50
155;99;50
155;100;50
155;101;50
155;102;50
155;103;50
155;104;50
155;105;50
155;106;50
155;107;50
155;108;50
155;109;50
155;110;50
155;111;50
155;112;50
155;113;50
155;114;50
155;115;50
155;116;45
155;117;45
155;118;45
155;119;45
155;120;45
155;121;45
155;122;45
155;123;45
155;124;45
155;125;45
155;126;45
155;127;45
155;128;45
155;129;45
155;130;45
155;131;45
155;132;45
155;133;45
155;134;45
155;135;45
155;136;45
155;137;45
155;138;45
155;139;45
155;140;45
155;141;45
155;142;45
155;143;45
155;144;45
155;145;45
155;146;45
155;147;45
155;148;45
155;149;34
155;150;34
155;151;34
155;152;34
155;153;34
155;154;34
155;155;34
155;156;34
155;157;34
155;158;34
155;159;34
155;160;34
155;161;34
155;162;34
155;163;34
155;164;34
155;165;34
155;166;34
155;167;32
155;168;32
155;169;32
155;170;32
155;171;32
155;172;32
155;173;32
155;174;32
155;175;32
155;176;32
155;177;32
155;178;32
155;179;32
155;180;32
155;181;32
155;182;32
155;183;32
155;184;32
155;185;32
155;186;32
155;187;32
155;188;32
155;189;32
155;190;32
155;191;33
155;192;33
155;193;33
155;194;33
155;195;33
155;196;33
155;197;33
155;198;33
155;199;33
155;200;33
155;201;33
155;202;33
155;203;33
155;204;33
155;205;33
155;206;33
155;207;33
155;208;33
155;209;33
155;210;33
155;211;33
155;212;33
155;213;33
155;214;33
155;215;33
155;216;33
155;217;33
155;218;33
155;219;47
155;220;47
155;221;47
155;222;47
155;223;47
155;224;47
155;225;47
155;226;47
155;227;47
155;228;47
155;229;47
155;230;47
155;231;47
155;232;47
155;233;47
155;234;47
155;235;47
155;236;47
155;237;47
155;238;47
155;239;47
155;240;47
155;241;47
155;242;47
155;243;47
155;244;47
155;245;47
155;246;47
155;247;47
155;248;47
155;249;47
155;250;11
155;251;11
155;252;11
155;253;11
155;254;11
155;255;11
155;256;11
155;257;11
155;258;11
155;259;11
155;260;11
155;261;11
155;262;11
155;263;11
155;264;11
155;265;11
155;266;11
155;267;11
155;268;32
155;269;32
155;270;32
155;271;32
155;272;32
155;273;32
155;274;32
155;275;32
155;276;32
155;277;32
155;278;32
155;279;32
155;280;32
155;281;32
155;282;32
155;283;32
155;284;32
155;285;32
155;286;32
155;287;32
155;288;32
155;289;32
155;290;32
155;291;32
155;292;27
155;293;27
155;294;27
155;295;27
155;296;27
155;297;27
155;298;27
155;299;27
155;300;27
155;301;27
155;302;27
155;303;27
155;304;27
155;305;27
155;306;27
155;307;27
155;308;27
155;309;27
155;310;27
155;311;27
155;312;27
155;313;27
155;314;27
155;315;27
155;316;27
155;317;27
155;318;27
155;319;27
155;320;27
155;321;27
155;322;27
155;323;27
155;324;27
155;325;27
155;326;27
155;327;27
155;328;27
155;329;27
155;330;27
155;331;27
155;332;37
155;333;41
155;334;41
155;335;41
155;336;41
155;337;41
155;338;41
155;339;41
155;340;41
155;341;41
155;342;41
155;343;41
155;344;41
155;345;41
155;346;41
155;347;41
155;348;41
155;349;41
155;350;41
155;351;41
155;352;41
155;353;41
155;354;41
155;355;41
155;356;41
155;357;41
155;358;41
155;359;41
155;360;4
155;361;4
155;362;4
155;363;4
155;364;4
155;365;4
155;366;4
155;367;4
155;368;12
155;369;12
155;370;12
155;371;12
155;372;12
155;373;12
155;374;12
155;375;12
155;376;12
155;377;12
155;378;12
155;379;12
155;380;12
155;381;12
155;382;12
155;383;12
155;384;12
155;385;12
155;386;12
155;387;12
155;388;12
155;389;12
155;390;12
155;391;12
155;392;12
155;393;21
155;394;21
155;395;21
155;396;21
155;397;21
155;398;21
155;399;21
155;400;21
155;401;21
155;402;21
155;403;21
155;404;21
155;405;21
155;406;21
155;407;21
155;408;21
155;409;21
155;410;21
155;411;21
155;412;21
155;413;21
155;414;21
155;415;21
155;416;14
155;417;14
155;418;14
155;419;14
155;420;14
155;421;14
155;422;14
155;423;14
155;424;14
155;425;14
155;426;14
155;427;14
155;428;14
155;429;14
155;430;14
155;431;14
155;432;14
155;433;14
155;434;14
155;435;14
155;436;14
155;437;14
155;438;14
155;439;14
155;440;14
155;441;14
155;442;14
155;443;14
155;444;14
155;445;14
155;446;14
155;447;14
155;448;14
155;449;3
155;450;3
155;451;3
155;452;3
155;453;3
155;454;3
155;455;3
155;456;3
155;457;3
155;458;3
155;459;3
155;460;3
155;461;3
155;462;3
155;463;22
155;464;22
155;465;22
155;466;22
155;467;22
155;468;22
155;469;22
155;470;22
155;471;22
155;472;22
155;473;22
155;474;22
155;475;36
155;476;36
155;477;36
155;478;36
155;479;36
155;480;36
155;481;36
155;482;36
155;483;36
155;484;36
155;485;36
155;486;36
155;487;36
155;488;36
155;489;36
155;490;36
155;491;36
155;492;36
155;493;36
155;494;36
155;495;36
155;496;36
155;497;47
155;498;47
155;499;47
156;0;2
156;1;2
156;2;2
156;3;2
156;4;2
156;5;2
156;6;2
156;7;2
156;8;2
156;9;2
156;10;2
156;11;2
156;12;2
156;13;2
156;14;2
156;15;2
156;16;2
156;17;2
156;18;2
156;19;2
156;20;2
156;21;2
156;22;2
156;23;2
156;24;2
156;25;2
156;26;2
156;27;2
156;28;2
156;29;2
156;30;2
156;31;2
156;32;2
156;33;2
156;34;2
156;35;2
156;36;2
156;37;2
156;38;2
156;39;2
156;40;42
156;41;42
156;42;42
156;43;42
156;44;42
156;45;42
156;46;42
156;47;42
156;48;42
156;49;42
156;50;42
156;51;42
156;52;42
156;53;42
156;54;42
156;55;42
156;56;42
156;57;42
156;58;42
156;59;42
156;60;42
156;61;42
156;62;42
156;63;42
156;64;42
156;65;42
156;66;42
156;67;42
156;68;42
156;69;42
156;70;42
156;71;42
156;72;17
156;73;17
156;74;27
156;75;27
156;76;27
156;77;27
156;78;27
156;79;27
156;80;27
156;81;27
156;82;27
156;83;27
156;84;27
156;85;27
156;86;27
156;87;27
156;88;27
156;89;27
156;90;27
156;91;27
156;92;27
156;93;27
156;94;27
156;95;27
156;96;27
156;97;27
156;98;27
156;99;27
156;100;50
156;101;50
156;102;50
156;103;50
156;104;50
156;105;50
156;106;50
156;107;50
156;108;50
156;109;50
156;110;50
156;111;50
156;112;50
156;113;50
156;114;50
156;115;50
156;116;45
156;117;45
156;118;45
156;119;45
156;120;45
156;121;45
156;122;45
156;123;45
156;124;45
156;125;45
156;126;45
156;127;45
156;128;45
156;129;45
156;130;45
156;131;45
156;132;45
156;133;45
156;134;45
156;135;45
156;136;45
156;137;45
156;138;45
156;139;45
156;140;45
156;141;45
156;142;45
156;143;45
156;144;45
156;145;45
156;146;45
156;147;45
156;148;45
156;149;34
156;150;34
156;151;34
156;152;34
156;153;34
156;154;34
156;155;34
156;156;34
156;157;34
156;158;34
156;159;34
156;160;34
156;161;34
156;162;34
156;163;34
156;164;34
156;165;34
156;166;34
156;167;32
156;168;32
156;169;32
156;170;32
156;171;32
156;172;32
156;173;32
156;174;32
156;175;32
156;176;32
156;177;32
156;178;32
156;179;32
156;180;32
156;181;32
156;182;32
156;183;32
156;184;32
156;185;32
156;186;32
156;187;32
156;188;32
156;189;32
156;190;32
156;191;33
156;192;33
156;193;33
156;194;33
156;195;33
156;196;33
156;197;33
156;198;33
156;199;33
156;200;33
156;201;33
156;202;33
156;203;33
156;204;33
156;205;33
156;206;33
156;207;33
156;208;33
156;209;33
156;210;33
156;211;33
156;212;33
156;213;33
156;214;33
156;215;33
156;216;33
156;217;33
156;218;33
156;219;33
156;220;47
156;221;47
156;222;47
156;223;47
156;224;47
156;225;47
156;226;47
156;227;47
156;228;47
156;229;47
156;230;47
156;231;47
156;232;47
156;233;47
156;234;47
156;235;47
156;236;47
156;237;47
156;238;47
156;239;47
156;240;47
156;241;47
156;242;47
156;243;47
156;244;47
156;245;47
156;246;47
156;247;47
156;248;47
156;249;47
156;250;11
156;251;11
156;252;11
156;253;11
156;254;11
156;255;11
156;256;11
156;257;11
156;258;11
156;259;11
156;260;11
156;261;11
156;262;11
156;263;11
156;264;11
156;265;11
156;266;11
156;267;11
156;268;11
156;269;11
156;270;32
156;271;32
156;272;32
156;273;32
156;274;32
156;275;32
156;276;32
156;277;32
156;278;32
156;279;32
156;280;32
156;281;32
156;282;32
156;283;32
156;284;32
156;285;32
156;286;32
156;287;32
156;288;32
156;289;31
156;290;31
156;291;31
156;292;31
156;293;21
156;294;21
156;295;21
156;296;21
156;297;21
156;298;21
156;299;21
156;300;27
156;301;27
156;302;27
156;303;27
156;304;27
156;305;27
156;306;27
156;307;27
156;308;27
156;309;27
156;310;27
156;311;27
156;312;27
156;313;27
156;314;27
156;315;27
156;316;27
156;317;27
156;318;27
156;319;27
156;320;27
156;321;27
156;322;27
156;323;27
156;324;27
156;325;27
156;326;27
156;327;27
156;328;27
156;329;27
156;330;27
156;331;37
156;332;37
156;333;37
156;334;41
156;335;41
156;336;41
156;337;41
156;338;41
156;339;41
156;340;41
156;341;41
156;342;41
156;343;41
156;344;41
156;345;41
156;346;41
156;347;41
156;348;41
156;349;41
156;350;41
156;351;41
156;352;41
156;353;41
156;354;41
156;355;41
156;356;41
156;357;41
156;358;41
156;359;41
156;360;41
156;361;41
156;362;4
156;363;4
156;364;4
156;365;4
156;366;4
156;367;4
156;368;12
156;369;12
156;370;12
156;371;12
156;372;12
156;373;12
156;374;12
156;375;12
156;376;12
156;377;12
156;378;12
156;379;12
156;380;12
156;381;12
156;382;12
156;383;12
156;384;12
156;385;12
156;386;12
156;387;12
156;388;12
156;389;12
156;390;12
156;391;12
156;392;12
156;393;12
156;394;12
156;395;21
156;396;21
156;397;21
156;398;21
156;399;21
156;400;21
156;401;21
156;402;21
156;403;21
156;404;21
156;405;21
156;406;21
156;407;21
156;408;21
156;409;21
156;410;21
156;411;21
156;412;21
156;413;21
156;414;21
156;415;21
156;416;21
156;417;14
156;418;14
156;419;14
156;420;14
156;421;14
156;422;14
156;423;14
156;424;14
156;425;14
156;426;14
156;427;14
156;428;14
156;429;14
156;430;14
156;431;14
156;432;14
156;433;14
156;434;14
156;435;14
156;436;14
156;437;14
156;438;14
156;439;14
156;440;14
156;441;14
156;442;14
156;443;14
156;444;14
156;445;14
156;446;14
156;447;14
156;448;14
156;449;3
156;450;3
156;451;3
156;452;3
156;453;3
156;454;3
156;455;3
156;456;3
156;457;3
156;458;3
156;459;3
156;460;3
156;461;3
156;462;3
156;463;3
156;464;22
156;465;22
156;466;22
156;467;22
156;468;22
156;469;22
156;470;22
156;471;22
156;472;22
156;473;22
156;474;22
156;475;22
156;476;36
156;477;36
156;478;36
156;479;36
156;480;36
156;481;36
156;482;36
156;483;36
156;484;36
156;485;36
156;486;36
156;487;36
156;488;36
156;489;36
156;490;36
156;491;36
156;492;36
156;493;36
156;494;36
156;495;36
156;496;36
156;497;36
156;498;47
156;499;47
157;0;2
157;1;2
157;2;2
157;3;2
157;4;2
157;5;2
157;6;2
157;7;2
157;8;2
157;9;2
157;10;2
157;11;2
157;12;2
157;13;2
157;14;2
157;15;2
157;16;2
157;17;2
157;18;2
157;19;2
157;20;2
157;21;2
157;22;2
157;23;2
157;24;2
157;25;2
157;26;2
157;27;2
157;28;2
157;29;2
157;30;2
157;31;2
157;32;2
157;33;2
157;34;2
157;35;2
157;36;2
157;37;2
157;38;2
157;39;2
157;40;42
157;41;42
157;42;42
157;43;42
157;44;42
157;45;42
157;46;42
157;47;42
157;48;42
157;49;42
157;50;42
157;51;42
157;52;42
157;53;42
157;54;42
157;55;42
157;56;42
157;57;42
157;58;42
157;59;42
157;60;42
157;61;42
157;62;42
157;63;42
157;64;42
157;65;42
157;66;42
157;67;42
157;68;42
157;69;42
157;70;42
157;71;42
157;72;17
157;73;17
157;74;17
157;75;27
157;76;27
157;77;27
157;78;27
157;79;27
157;80;27
157;81;27
157;82;27
157;83;27
157;84;27
157;85;27
157;86;27
157;87;27
157;88;27
157;89;27
157;90;27
157;91;27
157;92;27
157;93;27
157;94;27
157;95;27
157;96;27
157;97;27
157;98;27
157;99;27
157;100;27
157;101;27
157;102;50
157;103;50
157;104;50
157;105;50
157;106;50
157;107;50
157;108;50
157;109;50
157;110;50
157;111;50
157;112;50
157;113;50
157;114;50
157;115;50
157;116;50
157;117;45
157;118;45
157;119;45
157;120;45
157;121;45
157;122;45
157;123;45
157;124;45
157;125;45
157;126;45
157;127;45
157;128;45
157;129;45
157;130;45
157;131;45
157;132;45
157;133;45
157;134;45
157;135;45
157;136;45
157;137;45
157;138;45
157;139;45
157;140;45
157;141;45
157;142;45
157;143;45
157;144;45
157;145;45
157;146;45
157;147;45
157;148;45
157;149;45
157;150;34
157;151;34
157;152;34
157;153;34
157;154;34
157;155;34
157;156;34
157;157;34
157;158;34
157;159;34
157;160;34
157;161;34
157;162;34
157;163;34
157;164;34
157;165;34
157;166;34
157;167;32
157;168;32
157;169;32
157;170;32
157;171;32
157;172;32
157;173;32
157;174;32
157;175;32
157;176;32
157;177;32
157;178;32
157;179;32
157;180;32
157;181;32
157;182;32
157;183;32
157;184;32
157;185;32
157;186;32
157;187;32
157;188;32
157;189;32
157;190;32
157;191;33
157;192;33
157;193;33
157;194;33
157;195;33
157;196;33
157;197;33
157;198;33
157;199;33
157;200;33
157;201;33
157;202;33
157;203;33
157;204;33
157;205;33
157;206;33
157;207;33
157;208;33
157;209;33
157;210;33
157;211;33
157;212;33
157;213;33
157;214;33
157;215;33
157;216;33
157;217;33
157;218;33
157;219;33
157;220;33
157;221;47
157;222;47
157;223;47
157;224;47
157;225;47
157;226;47
157;227;47
157;228;47
157;229;47
157;230;47
157;231;47
157;232;47
157;233;47
157;234;47
157;235;47
157;236;47
157;237;47
157;238;47
157;239;47
157;240;47
157;241;47
157;242;47
157;243;47
157;244;47
157;245;47
157;246;47
157;247;47
157;248;47
157;249;47
157;250;11
157;251;11
157;252;11
157;253;11
157;254;11
157;255;11
157;256;11
157;257;11
157;258;11
157;259;11
157;260;11
157;261;11
157;262;11
157;263;11
157;264;11
157;265;11
157;266;11
157;267;11
157;268;11
157;269;11
157;270;11
157;271;11
157;272;32
157;273;32
157;274;32
157;275;32
157;276;32
157;277;32
157;278;32
157;279;32
157;280;32
157;281;32
157;282;32
157;283;32
157;284;32
157;285;32
157;286;32
157;287;32
157;288;31
157;289;31
157;290;31
157;291;31
157;292;31
157;293;21
157;294;21
157;295;21
157;296;21
157;297;21
157;298;21
157;299;21
157;300;21
157;301;21
157;302;27
157;303;27
157;304;27
157;305;27
157;306;27
157;307;27
157;308;27
157;309;27
157;310;27
157;311;27
157;312;27
157;313;27
157;314;27
157;315;27
157;316;27
157;317;27
157;318;27
157;319;27
157;320;27
157;321;27
157;322;27
157;323;27
157;324;27
157;325;27
157;326;27
157;327;27
157;328;27
157;329;27
157;330;37
157;331;37
157;332;37
157;333;37
157;334;37
157;335;41
157;336;41
157;337;41
157;338;41
157;339;41
157;340;41
157;341;41
157;342;41
157;343;41
157;344;41
157;345;41
157;346;41
157;347;41
157;348;41
157;349;41
157;350;41
157;351;41
157;352;41
157;353;41
157;354;41
157;355;41
157;356;41
157;357;41
157;358;41
157;359;41
157;360;41
157;361;41
157;362;41
157;363;41
157;364;4
157;365;4
157;366;4
157;367;4
157;368;12
157;369;12
157;370;12
157;371;12
157;372;12
157;373;12
157;374;12
157;375;12
157;376;12
157;377;12
157;378;12
157;379;12
157;380;12
157;381;12
157;382;12
157;383;12
157;384;12
157;385;12
157;386;12
157;387;12
157;388;12
157;389;12
157;390;12
157;391;12
157;392;12
157;393;12
157;394;12
157;395;12
157;396;12
157;397;21
157;398;21
157;399;21
157;400;21
157;401;21
157;402;21
157;403;21
157;404;21
157;405;21
157;406;21
157;407;21
157;408;21
157;409;21
157;410;21
157;411;21
157;412;21
157;413;21
157;414;21
157;415;21
157;416;21
157;417;14
157;418;14
157;419;14
157;420;14
157;421;14
157;422;14
157;423;14
157;424;14
157;425;14
157;426;14
157;427;14
157;428;14
157;429;14
157;430;14
157;431;14
157;432;14
157;433;14
157;434;14
157;435;14
157;436;14
157;437;14
157;438;14
157;439;14
157;440;14
157;441;14
157;442;14
157;443;14
157;444;14
157;445;14
157;446;14
157;447;14
157;448;14
157;449;3
157;450;3
157;451;3
157;452;3
157;453;3
157;454;3
157;455;3
157;456;3
157;457;3
157;458;3
157;459;3
157;460;3
157;461;3
157;462;3
157;463;3
157;464;22
157;465;22
157;466;22
157;467;22
157;468;22
157;469;22
157;470;22
157;471;22
157;472;22
157;473;22
157;474;22
157;475;22
157;476;22
157;477;36
157;478;36
157;479;36
157;480;36
157;481;36
157;482;36
157;483;36
157;484;36
157;485;36
157;486;36
157;487;36
157;488;36
157;489;36
157;490;36
157;491;36
157;492;36
157;493;36
157;494;36
157;495;36
157;496;36
157;497;36
157;498;36
157;499;47
158;0;2
158;1;2
158;2;2
158;3;2
158;4;2
158;5;2
158;6;2
158;7;2
158;8;2
158;9;2
158;10;2
158;11;2
158;12;2
158;13;2
158;14;2
158;15;2
158;16;2
158;17;2
158;18;2
158;19;2
158;20;2
158;21;2
158;22;2
158;23;2
158;24;2
158;25;2
158;26;2
158;27;2
158;28;2
158;29;2
158;30;2
158;31;2
158;32;2
158;33;2
158;34;2
158;35;2
158;36;2
158;37;2
158;38;2
158;39;2
158;40;42
158;41;42
158;42;42
158;43;42
158;44;42
158;45;42
158;46;42
158;47;42
158;48;42
158;49;42
158;50;42
158;51;42
158;52;42
158;53;42
158;54;42
158;55;42
158;56;42
158;57;42
158;58;42
158;59;42
158;60;42
158;61;42
158;62;42
158;63;42
158;64;42
158;65;42
158;66;42
158;67;42
158;68;42
158;69;42
158;70;42
158;71;42
158;72;17
158;73;17
158;74;17
158;75;17
158;76;27
158;77;27
158;78;27
158;79;27
158;80;27
158;81;27
158;82;27
158;83;27
158;84;27
158;85;27
158;86;27
158;87;27
158;88;27
158;89;27
158;90;27
158;91;27
158;92;27
158;93;27
158;94;27
158;95;27
158;96;27
158;97;27
158;98;27
158;99;27
158;100;27
158;101;27
158;102;27
158;103;27
158;104;50
158;105;50
158;106;50
158;107;50
158;108;50
158;109;50
158;110;50
158;111;50
158;112;50
158;113;50
158;114;50
158;115;50
158;116;50
158;117;45
158;118;45
158;119;45
158;120;45
158;121;45
158;122;45
158;123;45
158;124;45
158;125;45
158;126;45
158;127;45
158;128;45
158;129;45
158;130;45
158;131;45
158;132;45
158;133;45
158;134;45
158;135;45
158;136;45
158;137;45
158;138;45
158;139;45
158;140;45
158;141;45
158;142;45
158;143;45
158;144;45
158;145;45
158;146;45
158;147;45
158;148;45
158;149;45
158;150;34
158;151;34
158;152;34
158;153;34
158;154;34
158;155;34
158;156;34
158;157;34
158;158;34
158;159;34
158;160;34
158;161;34
158;162;34
158;163;34
158;164;34
158;165;34
158;166;34
158;167;32
158;168;32
158;169;32
158;170;32
158;171;32
158;172;32
158;173;32
158;174;32
158;175;32
158;176;32
158;177;32
158;178;32
158;179;32
158;180;32
158;181;32
158;182;32
158;183;32
158;184;32
158;185;32
158;186;32
158;187;32
158;188;32
158;189;32
158;190;32
158;191;33
158;192;33
158;193;33
158;194;33
158;195;33
158;196;33
158;197;33
158;198;33
158;199;33
158;200;33
158;201;33
158;202;33
158;203;33
158;204;33
158;205;33
158;206;33
158;207;33
158;208;33
158;209;33
158;210;33
158;211;33
158;212;33
158;213;33
158;214;33
158;215;33
158;216;33
158;217;33
158;218;33
158;219;33
158;220;33
158;221;33
158;222;47
158;223;47
158;224;47
158;225;47
158;226;47
158;227;47
158;228;47
158;229;47
158;230;47
158;231;47
158;232;47
158;233;47
158;234;47
158;235;47
158;236;47
158;237;47
158;238;47
158;239;47
158;240;47
158;241;47
158;242;47
158;243;47
158;244;47
158;245;47
158;246;47
158;247;47
158;248;47
158;249;47
158;250;11
158;251;11
158;252;11
158;253;11
158;254;11
158;255;11
158;256;11
158;257;11
158;258;11
158;259;11
158;260;11
158;261;11
158;262;11
158;263;11
158;264;11
158;265;11
158;266;11
158;267;11
158;268;11
158;269;11
158;270;11
158;271;11
158;272;11
158;273;11
158;274;32
158;275;32
158;276;32
158;277;32
158;278;32
158;279;32
158;280;32
158;281;32
158;282;32
158;283;32
158;284;32
158;285;32
158;286;32
158;287;31
158;288;31
158;289;31
158;290;31
158;291;31
158;292;31
158;293;31
158;294;21
158;295;21
158;296;21
158;297;21
158;298;21
158;299;21
158;300;21
158;301;21
158;302;21
158;303;21
158;304;27
158;305;27
158;306;27
158;307;27
158;308;27
158;309;27
158;310;27
158;311;27
158;312;27
158;313;27
158;314;27
158;315;27
158;316;27
158;317;27
158;318;27
158;319;27
158;320;27
158;321;27
158;322;27
158;323;27
158;324;27
158;325;27
158;326;27
158;327;27
158;328;27
158;329;37
158;330;37
158;331;37
158;332;37
158;333;37
158;334;37
158;335;37
158;336;41
158;337;41
158;338;41
158;339;41
158;340;41
158;341;41
158;342;41
158;343;41
158;344;41
158;345;41
158;346;41
158;347;41
158;348;41
158;349;41
158;350;41
158;351;41
158;352;41
158;353;41
158;354;41
158;355;41
158;356;41
158;357;41
158;358;41
158;359;41
158;360;41
158;361;41
158;362;41
158;363;41
158;364;41
158;365;41
158;366;4
158;367;4
158;368;12
158;369;12
158;370;12
158;371;12
158;372;12
158;373;12
158;374;12
158;375;12
158;376;12
158;377;12
158;378;12
158;379;12
158;380;12
158;381;12
158;382;12
158;383;12
158;384;12
158;385;12
158;386;12
158;387;12
158;388;12
158;389;12
158;390;12
158;391;12
158;392;12
158;393;12
158;394;12
158;395;12
158;396;12
158;397;12
158;398;12
158;399;21
158;400;21
158;401;21
158;402;21
158;403;21
158;404;21
158;405;21
158;406;21
158;407;21
158;408;21
158;409;21
158;410;21
158;411;21
158;412;21
158;413;21
158;414;21
158;415;21
158;416;21
158;417;21
158;418;14
158;419;14
158;420;14
158;421;14
158;422;14
158;423;14
158;424;14
158;425;14
158;426;14
158;427;14
158;428;14
158;429;14
158;430;14
158;431;14
158;432;14
158;433;14
158;434;14
158;435;14
158;436;14
158;437;14
158;438;14
158;439;14
158;440;14
158;441;14
158;442;14
158;443;14
158;444;14
158;445;14
158;446;14
158;447;14
158;448;14
158;449;3
158;450;3
158;451;3
158;452;3
158;453;3
158;454;3
158;455;3
158;456;3
158;457;3
158;458;3
158;459;3
158;460;3
158;461;3
158;462;3
158;463;3
158;464;3
158;465;22
158;466;22
158;467;22
158;468;22
158;469;22
158;470;22
158;471;22
158;472;22
158;473;22
158;474;22
158;475;22
158;476;22
158;477;22
158;478;36
158;479;36
158;480;36
158;481;36
158;482;36
158;483;36
158;484;36
158;485;36
158;486;36
158;487;36
158;488;36
158;489;36
158;490;36
158;491;36
158;492;36
158;493;36
158;494;36
158;495;36
158;496;36
158;497;36
158;498;36
158;499;36
159;0;2
159;1;2
159;2;2
159;3;2
159;4;2
159;5;2
159;6;2
159;7;2
159;8;2
159;9;2
159;10;2
159;11;2
159;12;2
159;13;2
159;14;2
159;15;2
159;16;2
159;17;2
159;18;2
159;19;2
159;20;2
159;21;2
159;22;2
159;23;2
159;24;2
159;25;2
159;26;2
159;27;2
159;28;2
159;29;2
159;30;2
159;31;2
159;32;2
159;33;2
159;34;2
159;35;2
159;36;2
159;37;2
159;38;2
159;39;2
159;40;42
159;41;42
159;42;42
159;43;42
159;44;42
159;45;42
159;46;42
159;47;42
159;48;42
159;49;42
159;50;42
159;51;42
159;52;42
159;53;42
159;54;42
159;55;42
159;56;42
159;57;42
159;58;42
159;59;42
159;60;42
159;61;42
159;62;42
159;63;42
159;64;42
159;65;42
159;66;42
159;67;42
159;68;42
159;69;42
159;70;42
159;71;42
159;72;17
159;73;17
159;74;17
159;75;17
159;76;17
159;77;27
159;78;27
159;79;27
159;80;27
159;81;27
159;82;27
159;83;27
159;84;27
159;85;27
159;86;27
159;87;27
159;88;27
159;89;27
159;90;27
159;91;27
159;92;27
159;93;27
159;94;27
159;95;27
159;96;27
159;97;27
159;98;27
159;99;27
159;100;27
159;101;27
159;102;27
159;103;27
159;104;27
159;105;27
159;106;50
159;107;50
159;108;50
159;109;50
159;110;50
159;111;50
159;112;50
159;113;50
159;114;50
159;115;50
159;116;50
159;117;50
159;118;45
159;119;45
159;120;45
159;121;45
159;122;45
159;123;45
159;124;45
159;125;45
159;126;45
159;127;45
159;128;45
159;129;45
159;130;45
159;131;45
159;132;45
159;133;45
159;134;45
159;135;45
159;136;45
159;137;45
159;138;45
159;139;45
159;140;45
159;141;45
159;142;45
159;143;45
159;144;45
159;145;45
159;146;45
159;147;45
159;148;45
159;149;45
159;150;45
159;151;34
159;152;34
159;153;34
159;154;34
159;155;34
159;156;34
159;157;34
159;158;34
159;159;34
159;160;34
159;161;34
159;162;34
159;163;34
159;164;34
159;165;34
159;166;34
159;167;32
159;168;32
159;169;32
159;170;32
159;171;32
159;172;32
159;173;32
159;174;32
159;175;32
159;176;32
159;177;32
159;178;32
159;179;32
159;180;32
159;181;32
159;182;32
159;183;32
159;184;32
159;185;32
159;186;32
159;187;32
159;188;32
159;189;32
159;190;32
159;191;33
159;192;33
159;193;33
159;194;33
159;195;33
159;196;33
159;197;33
159;198;33
159;199;33
159;200;33
159;201;33
159;202;33
159;203;33
159;204;33
159;205;33
159;206;33
159;207;33
159;208;33
159;209;33
159;210;33
159;211;33
159;212;33
159;213;33
159;214;33
159;215;33
159;216;33
159;217;33
159;218;33
159;219;33
159;220;33
159;221;33
159;222;33
159;223;47
159;224;47
159;225;47
159;226;47
159;227;47
159;228;47
159;229;47
159;230;47
159;231;47
159;232;47
159;233;47
159;234;47
159;235;47
159;236;47
159;237;47
159;238;47
159;239;47
159;240;47
159;241;47
159;242;47
159;243;47
159;244;47
159;245;47
159;246;47
159;247;47
159;248;47
159;249;47
159;250;11
159;251;11
159;252;11
159;253;11
159;254;11
159;255;11
159;256;11
159;257;11
159;258;11
159;259;11
159;260;11
159;261;11
159;262;11
159;263;11
159;264;11
159;265;11
159;266;11
159;267;11
159;268;11
159;269;11
159;270;11
159;271;11
159;272;11
159;273;11
159;274;11
159;275;11
159;276;32
159;277;32
159;278;32
159;279;32
159;280;32
159;281;32
159;282;32
159;283;32
159;284;32
159;285;32
159;286;31
159;287;31
159;288;31
159;289;31
159;290;31
159;291;31
159;292;31
159;293;31
159;294;21
159;295;21
159;296;21
159;297;21
159;298;21
159;299;21
159;300;21
159;301;21
159;302;21
159;303;21
159;304;21
159;305;21
159;306;27
159;307;27
159;308;27
159;309;27
159;310;27
159;311;27
159;312;27
159;313;27
159;314;27
159;315;27
159;316;27
159;317;27
159;318;27
159;319;27
159;320;27
159;321;27
159;322;27
159;323;27
159;324;27
159;325;27
159;326;27
159;327;27
159;328;37
159;329;37
159;330;37
159;331;37
159;332;37
159;333;37
159;334;37
159;335;37
159;336;37
159;337;41
159;338;41
159;339;41
159;340;41
159;341;41
159;342;41
159;343;41
159;344;41
159;345;41
159;346;41
159;347;41
159;348;41
159;349;41
159;350;41
159;351;41
159;352;41
159;353;41
159;354;41
159;355;41
159;356;41
159;357;41
159;358;41
159;359;41
159;360;41
159;361;41
159;362;41
159;363;41
159;364;41
159;365;41
159;366;41
159;367;41
159;368;12
159;369;12
159;370;12
159;371;12
159;372;12
159;373;12
159;374;12
159;375;12
159;376;12
159;377;12
159;378;12
159;379;12
159;380;12
159;381;12
159;382;12
159;383;12
159;384;12
159;385;12
159;386;12
159;387;12
159;388;12
159;389;12
159;390;12
159;391;12
159;392;12
159;393;12
159;394;12
159;395;12
159;396;12
159;397;12
159;398;12
159;399;12
159;400;12
159;401;21
159;402;21
159;403;21
159;404;21
159;405;21
159;406;21
159;407;21
159;408;21
159;409;21
159;410;21
159;411;21
159;412;21
159;413;21
159;414;21
159;415;21
159;416;21
159;417;21
159;418;14
159;419;14
159;420;14
159;421;14
159;422;14
159;423;14
159;424;14
159;425;14
159;426;14
159;427;14
159;428;14
159;429;14
159;430;14
159;431;14
159;432;14
159;433;14
159;434;14
159;435;14
159;436;14
159;437;14
159;438;14
159;439;14
159;440;14
159;441;14
159;442;14
159;443;14
159;444;14
159;445;14
159;446;14
159;447;14
159;448;14
159;449;3
159;450;3
159;451;3
159;452;3
159;453;3
159;454;3
159;455;3
159;456;3
159;457;3
159;458;3
159;459;3
159;460;3
159;461;3
159;462;3
159;463;3
159;464;3
159;465;22
159;466;22
159;467;22
159;468;22
159;469;22
159;470;22
159;471;22
159;472;22
159;473;22
159;474;22
159;475;22
159;476;22
159;477;22
159;478;22
159;479;36
159;480;36
159;481;36
159;482;36
159;483;36
159;484;36
159;485;36
159;486;36
159;487;36
159;488;36
159;489;36
159;490;36
159;491;5
159;492;5
159;493;5
159;494;5
159;495;5
159;496;5
159;497;5
159;498;5
159;499;5
160;0;2
160;1;2
160;2;2
160;3;2
160;4;2
160;5;2
160;6;2
160;7;2
160;8;2
160;9;2
160;10;2
160;11;2
160;12;2
160;13;2
160;14;2
160;15;2
160;16;2
160;17;2
160;18;2
160;19;2
160;20;2
160;21;2
160;22;2
160;23;2
160;24;2
160;25;2
160;26;2
160;27;2
160;28;2
160;29;2
160;30;2
160;31;2
160;32;2
160;33;2
160;34;2
160;35;2
160;36;2
160;37;2
160;38;2
160;39;2
160;40;42
160;41;42
160;42;42
160;43;42
160;44;42
160;45;42
160;46;42
160;47;42
160;48;42
160;49;42
160;50;42
160;51;42
160;52;42
160;53;42
160;54;42
160;55;42
160;56;42
160;57;42
160;58;42
160;59;42
160;60;42
160;61;42
160;62;42
160;63;42
160;64;42
160;65;42
160;66;42
160;67;42
160;68;42
160;69;42
160;70;42
160;71;42
160;72;17
160;73;17
160;74;17
160;75;17
160;76;17
160;77;17
160;78;27
160;79;27
160;80;27
160;81;27
160;82;27
160;83;27
160;84;27
160;85;27
160;86;27
160;87;27
160;88;27
160;89;27
160;90;27
160;91;27
160;92;27
160;93;27
160;94;27
160;95;27
160;96;27
160;97;27
160;98;27
160;99;27
160;100;27
160;101;27
160;102;27
160;103;27
160;104;27
160;105;27
160;106;27
160;107;27
160;108;50
160;109;50
160;110;50
160;111;50
160;112;50
160;113;50
160;114;50
160;115;50
160;116;50
160;117;50
160;118;45
160;119;45
160;120;45
160;121;45
160;122;45
160;123;45
160;124;45
160;125;45
160;126;45
160;127;45
160;128;45
160;129;45
160;130;45
160;131;45
160;132;45
160;133;45
160;134;45
160;135;45
160;136;45
160;137;45
160;138;45
160;139;45
160;140;45
160;141;45
160;142;45
160;143;45
160;144;45
160;145;45
160;146;45
160;147;45
160;148;45
160;149;45
160;150;45
160;151;34
160;152;34
160;153;34
160;154;34
160;155;34
160;156;34
160;157;34
160;158;34
160;159;34
160;160;34
160;161;34
160;162;34
160;163;34
160;164;34
160;165;34
160;166;34
160;167;32
160;168;32
160;169;32
160;170;32
160;171;32
160;172;32
160;173;32
160;174;32
160;175;32
160;176;32
160;177;32
160;178;32
160;179;32
160;180;32
160;181;32
160;182;32
160;183;32
160;184;32
160;185;32
160;186;32
160;187;32
160;188;32
160;189;32
160;190;32
160;191;33
160;192;33
160;193;33
160;194;33
160;195;33
160;196;33
160;197;33
160;198;33
160;199;33
160;200;33
160;201;33
160;202;33
160;203;33
160;204;33
160;205;33
160;206;33
160;207;33
160;208;33
160;209;33
160;210;33
160;211;33
160;212;33
160;213;33
160;214;33
160;215;33
160;216;33
160;217;33
160;218;33
160;219;33
160;220;33
160;221;33
160;222;33
160;223;33
160;224;47
160;225;47
160;226;47
160;227;47
160;228;47
160;229;47
160;230;47
160;231;47
160;232;47
160;233;47
160;234;47
160;235;47
160;236;47
160;237;47
160;238;47
160;239;47
160;240;47
160;241;47
160;242;47
160;243;47
160;244;47
160;245;47
160;246;47
160;247;47
160;248;47
160;249;47
160;250;11
160;251;11
160;252;11
160;253;11
160;254;11
160;255;11
160;256;11
160;257;11
160;258;11
160;259;11
160;260;11
160;261;11
160;262;11
160;263;11
160;264;11
160;265;11
160;266;11
160;267;11
160;268;11
160;269;11
160;270;11
160;271;11
160;272;11
160;273;11
160;274;11
160;275;11
160;276;11
160;277;11
160;278;32
160;279;32
160;280;32
160;281;32
160;282;32
160;283;32
160;284;32
160;285;31
160;286;31
160;287;31
160;288;31
160;289;31
160;290;31
160;291;31
160;292;31
160;293;31
160;294;31
160;295;21
160;296;21
160;297;21
160;298;21
160;299;21
160;300;21
160;301;21
160;302;21
160;303;21
160;304;21
160;305;21
160;306;21
160;307;21
160;308;21
160;309;21
160;310;21
160;311;21
160;312;21
160;313;21
160;314;21
160;315;21
160;316;21
160;317;21
160;318;21
160;319;21
160;320;21
160;321;21
160;322;21
160;323;27
160;324;27
160;325;27
160;326;27
160;327;37
160;328;37
160;329;37
160;330;37
160;331;37
160;332;37
160;333;37
160;334;37
160;335;37
160;336;37
160;337;37
160;338;41
160;339;41
160;340;41
160;341;41
160;342;41
160;343;41
160;344;41
160;345;41
160;346;41
160;347;41
160;348;41
160;349;41
160;350;41
160;351;41
160;352;41
160;353;41
160;354;41
160;355;41
160;356;41
160;357;41
160;358;41
160;359;41
160;360;41
160;361;41
160;362;41
160;363;41
160;364;41
160;365;41
160;366;41
160;367;41
160;368;41
160;369;12
160;370;12
160;371;12
160;372;12
160;373;12
160;374;12
160;375;12
160;376;12
160;377;12
160;378;12
160;379;12
160;380;12
160;381;12
160;382;12
160;383;12
160;384;12
160;385;12
160;386;12
160;387;12
160;388;12
160;389;12
160;390;12
160;391;12
160;392;12
160;393;12
160;394;12
160;395;12
160;396;12
160;397;12
160;398;12
160;399;12
160;400;12
160;401;12
160;402;12
160;403;21
160;404;21
160;405;21
160;406;21
160;407;21
160;408;21
160;409;21
160;410;21
160;411;21
160;412;21
160;413;21
160;414;21
160;415;21
160;416;21
160;417;21
160;418;21
160;419;14
160;420;14
160;421;14
160;422;14
160;423;14
160;424;14
160;425;14
160;426;14
160;427;14
160;428;14
160;429;14
160;430;14
160;431;14
160;432;14
160;433;14
160;434;14
160;435;14
160;436;14
160;437;14
160;438;14
160;439;14
160;440;14
160;441;14
160;442;14
160;443;14
160;444;14
160;445;14
160;446;14
160;447;14
160;448;14
160;449;14
160;450;3
160;451;3
160;452;3
160;453;3
160;454;3
160;455;3
160;456;3
160;457;3
160;458;3
160;459;3
160;460;3
160;461;3
160;462;3
160;463;3
160;464;3
160;465;22
160;466;22
160;467;22
160;468;22
160;469;22
160;470;22
160;471;22
160;472;22
160;473;22
160;474;22
160;475;22
160;476;22
160;477;22
160;478;22
160;479;22
160;480;36
160;481;36
160;482;36
160;483;36
160;484;36
160;485;36
160;486;36
160;487;36
160;488;36
160;489;36
160;490;5
160;491;5
160;492;5
160;493;5
160;494;5
160;495;5
160;496;5
160;497;5
160;498;5
160;499;5
161;0;2
161;1;2
161;2;2
161;3;2
161;4;2
161;5;2
161;6;2
161;7;2
161;8;2
161;9;2
161;10;2
161;11;2
161;12;2
161;13;2
161;14;2
161;15;2
161;16;2
161;17;2
161;18;2
161;19;2
161;20;2
161;21;2
161;22;2
161;23;2
161;24;2
161;25;2
161;26;2
161;27;2
161;28;2
161;29;2
161;30;2
161;31;2
161;32;2
161;33;2
161;34;2
161;35;2
161;36;2
161;37;2
161;38;2
161;39;2
161;40;42
161;41;42
161;42;42
161;43;42
161;44;42
161;45;42
161;46;42
161;47;42
161;48;42
161;49;42
161;50;42
161;51;42
161;52;42
161;53;42
161;54;42
161;55;42
161;56;42
161;57;42
161;58;42
161;59;42
161;60;42
161;61;42
161;62;42
161;63;42
161;64;42
161;65;42
161;66;42
161;67;42
161;68;42
161;69;42
161;70;42
161;71;42
161;72;17
161;73;17
161;74;17
161;75;17
161;76;17
161;77;17
161;78;17
161;79;27
161;80;27
161;81;27
161;82;27
161;83;27
161;84;27
161;85;27
161;86;27
161;87;27
161;88;27
161;89;27
161;90;27
161;91;27
161;92;27
161;93;27
161;94;27
161;95;27
161;96;27
161;97;27
161;98;27
161;99;27
161;100;27
161;101;27
161;102;27
161;103;27
161;104;27
161;105;27
161;106;27
161;107;27
161;108;27
161;109;27
161;110;50
161;111;50
161;112;50
161;113;50
161;114;50
161;115;50
161;116;50
161;117;50
161;118;50
161;119;45
161;120;45
161;121;45
161;122;45
161;123;45
161;124;45
161;125;45
161;126;45
161;127;45
161;128;45
161;129;45
161;130;45
161;131;45
161;132;45
161;133;45
161;134;45
161;135;45
161;136;45
161;137;45
161;138;45
161;139;45
161;140;45
161;141;45
161;142;45
161;143;45
161;144;45
161;145;45
161;146;45
161;147;45
161;148;45
161;149;45
161;150;45
161;151;45
161;152;34
161;153;34
161;154;34
161;155;34
161;156;34
161;157;34
161;158;34
161;159;34
161;160;34
161;161;34
161;162;34
161;163;34
161;164;34
161;165;34
161;166;34
161;167;32
161;168;32
161;169;32
161;170;32
161;171;32
161;172;32
161;173;32
161;174;32
161;175;32
161;176;32
161;177;32
161;178;32
161;179;32
161;180;32
161;181;32
161;182;32
161;183;32
161;184;32
161;185;32
161;186;32
161;187;32
161;188;32
161;189;32
161;190;32
161;191;33
161;192;33
161;193;33
161;194;33
161;195;33
161;196;33
161;197;33
161;198;33
161;199;33
161;200;33
161;201;33
161;202;33
161;203;33
161;204;33
161;205;33
161;206;33
161;207;33
161;208;33
161;209;33
161;210;33
161;211;33
161;212;33
161;213;33
161;214;33
161;215;33
161;216;33
161;217;33
161;218;33
161;219;33
161;220;33
161;221;33
161;222;33
161;223;33
161;224;33
161;225;47
161;226;47
161;227;47
161;228;47
161;229;47
161;230;47
161;231;47
161;232;47
161;233;47
161;234;47
161;235;47
161;236;47
161;237;47
161;238;47
161;239;47
161;240;47
161;241;47
161;242;47
161;243;47
161;244;47
161;245;47
161;246;47
161;247;47
161;248;47
161;249;47
161;250;11
161;251;11
161;252;11
161;253;11
161;254;11
161;255;11
161;256;11
161;257;11
161;258;11
161;259;11
161;260;11
161;261;11
161;262;11
161;263;11
161;264;11
161;265;11
161;266;11
161;267;11
161;268;11
161;269;11
161;270;11
161;271;11
161;272;11
161;273;11
161;274;11
161;275;11
161;276;11
161;277;11
161;278;11
161;279;11
161;280;32
161;281;32
161;282;32
161;283;32
161;284;31
161;285;31
161;286;31
161;287;31
161;288;31
161;289;31
161;290;31
161;291;31
161;292;31
161;293;31
161;294;31
161;295;21
161;296;21
161;297;21
161;298;21
161;299;21
161;300;21
161;301;21
161;302;21
161;303;21
161;304;21
161;305;21
161;306;21
161;307;21
161;308;21
161;309;21
161;310;21
161;311;21
161;312;21
161;313;21
161;314;21
161;315;21
161;316;21
161;317;21
161;318;21
161;319;21
161;320;21
161;321;21
161;322;21
161;323;21
161;324;37
161;325;37
161;326;37
161;327;37
161;328;37
161;329;37
161;330;37
161;331;37
161;332;37
161;333;37
161;334;37
161;335;37
161;336;37
161;337;37
161;338;37
161;339;41
161;340;41
161;341;41
161;342;41
161;343;41
161;344;41
161;345;41
161;346;41
161;347;41
161;348;41
161;349;41
161;350;41
161;351;41
161;352;41
161;353;41
161;354;41
161;355;41
161;356;41
161;357;41
161;358;41
161;359;41
161;360;41
161;361;41
161;362;41
161;363;41
161;364;41
161;365;41
161;366;41
161;367;41
161;368;41
161;369;12
161;370;12
161;371;12
161;372;12
161;373;12
161;374;12
161;375;12
161;376;12
161;377;12
161;378;12
161;379;12
161;380;12
161;381;12
161;382;12
161;383;12
161;384;12
161;385;12
161;386;12
161;387;12
161;388;12
161;389;12
161;390;12
161;391;12
161;392;12
161;393;12
161;394;12
161;395;12
161;396;12
161;397;12
161;398;12
161;399;12
161;400;12
161;401;12
161;402;12
161;403;12
161;404;12
161;405;21
161;406;21
161;407;21
161;408;21
161;409;21
161;410;21
161;411;21
161;412;21
161;413;21
161;414;21
161;415;21
161;416;21
161;417;21
161;418;21
161;419;14
161;420;14
161;421;14
161;422;14
161;423;14
161;424;14
161;425;14
161;426;14
161;427;14
161;428;14
161;429;14
161;430;14
161;431;14
161;432;14
161;433;14
161;434;14
161;435;14
161;436;14
161;437;14
161;438;14
161;439;14
161;440;14
161;441;14
161;442;14
161;443;14
161;444;14
161;445;14
161;446;14
161;447;14
161;448;14
161;449;14
161;450;3
161;451;3
161;452;3
161;453;3
161;454;3
161;455;3
161;456;3
161;457;3
161;458;3
161;459;3
161;460;3
161;461;3
161;462;3
161;463;3
161;464;3
161;465;3
161;466;22
161;467;22
161;468;22
161;469;22
161;470;22
161;471;22
161;472;22
161;473;22
161;474;22
161;475;22
161;476;22
161;477;22
161;478;22
161;479;22
161;480;22
161;481;36
161;482;36
161;483;36
161;484;36
161;485;36
161;486;36
161;487;36
161;488;36
161;489;5
161;490;5
161;491;5
161;492;5
161;493;5
161;494;5
161;495;5
161;496;5
161;497;5
161;498;5
161;499;5
162;0;2
162;1;2
162;2;2
162;3;2
162;4;2
162;5;2
162;6;2
162;7;2
162;8;2
162;9;2
162;10;2
162;11;2
162;12;2
162;13;2
162;14;2
162;15;2
162;16;2
162;17;2
162;18;2
162;19;2
162;20;2
162;21;2
162;22;2
162;23;2
162;24;2
162;25;2
162;26;2
162;27;2
162;28;2
162;29;2
162;30;2
162;31;2
162;32;2
162;33;2
162;34;2
162;35;2
162;36;2
162;37;2
162;38;2
162;39;42
162;40;42
162;41;42
162;42;42
162;43;42
162;44;42
162;45;42
162;46;42
162;47;42
162;48;42
162;49;42
162;50;42
162;51;42
162;52;42
162;53;42
162;54;42
162;55;42
162;56;42
162;57;42
162;58;42
162;59;42
162;60;42
162;61;42
162;62;42
162;63;42
162;64;42
162;65;42
162;66;42
162;67;42
162;68;42
162;69;42
162;70;42
162;71;42
162;72;17
162;73;17
162;74;17
162;75;17
162;76;17
162;77;17
162;78;17
162;79;17
162;80;27
162;81;27
162;82;27
162;83;27
162;84;27
162;85;27
162;86;27
162;87;27
162;88;27
162;89;27
162;90;27
162;91;27
162;92;27
162;93;27
162;94;27
162;95;27
162;96;27
162;97;27
162;98;27
162;99;27
162;100;27
162;101;27
162;102;27
162;103;27
162;104;27
162;105;27
162;106;27
162;107;27
162;108;27
162;109;27
162;110;27
162;111;27
162;112;50
162;113;50
162;114;50
162;115;50
162;116;50
162;117;50
162;118;50
162;119;45
162;120;45
162;121;45
162;122;45
162;123;45
162;124;45
162;125;45
162;126;45
162;127;45
162;128;45
162;129;45
162;130;45
162;131;45
162;132;45
162;133;45
162;134;45
162;135;45
162;136;45
162;137;45
162;138;45
162;139;45
162;140;45
162;141;45
162;142;45
162;143;45
162;144;45
162;145;45
162;146;45
162;147;45
162;148;45
162;149;45
162;150;45
162;151;45
162;152;34
162;153;34
162;154;34
162;155;34
162;156;34
162;157;34
162;158;34
162;159;34
162;160;34
162;161;34
162;162;34
162;163;34
162;164;34
162;165;34
162;166;34
162;167;32
162;168;32
162;169;32
162;170;32
162;171;32
162;172;32
162;173;32
162;174;32
162;175;32
162;176;32
162;177;32
162;178;32
162;179;32
162;180;32
162;181;32
162;182;32
162;183;32
162;184;32
162;185;32
162;186;32
162;187;32
162;188;32
162;189;32
162;190;32
162;191;33
162;192;33
162;193;33
162;194;33
162;195;33
162;196;33
162;197;33
162;198;33
162;199;33
162;200;33
162;201;33
162;202;33
162;203;33
162;204;33
162;205;33
162;206;33
162;207;33
162;208;33
162;209;33
162;210;33
162;211;33
162;212;33
162;213;33
162;214;33
162;215;33
162;216;33
162;217;33
162;218;33
162;219;33
162;220;33
162;221;33
162;222;33
162;223;33
162;224;33
162;225;33
162;226;47
162;227;47
162;228;47
162;229;47
162;230;47
162;231;47
162;232;47
162;233;47
162;234;47
162;235;47
162;236;47
162;237;47
162;238;47
162;239;47
162;240;47
162;241;47
162;242;47
162;243;47
162;244;47
162;245;47
162;246;47
162;247;47
162;248;47
162;249;47
162;250;11
162;251;11
162;252;11
162;253;11
162;254;11
162;255;11
162;256;11
162;257;11
162;258;11
162;259;11
162;260;11
162;261;11
162;262;11
162;263;11
162;264;11
162;265;11
162;266;11
162;267;11
162;268;11
162;269;11
162;270;11
162;271;11
162;272;11
162;273;11
162;274;11
162;275;11
162;276;11
162;277;11
162;278;11
162;279;11
162;280;11
162;281;32
162;282;32
162;283;31
162;284;31
162;285;31
162;286;31
162;287;31
162;288;31
162;289;31
162;290;31
162;291;31
162;292;31
162;293;31
162;294;31
162;295;31
162;296;21
162;297;21
162;298;21
162;299;21
162;300;21
162;301;21
162;302;21
162;303;21
162;304;21
162;305;21
162;306;21
162;307;21
162;308;21
162;309;21
162;310;21
162;311;21
162;312;21
162;313;21
162;314;21
162;315;21
162;316;21
162;317;21
162;318;21
162;319;21
162;320;21
162;321;21
162;322;21
162;323;21
162;324;37
162;325;37
162;326;37
162;327;37
162;328;37
162;329;37
162;330;37
162;331;37
162;332;37
162;333;37
162;334;37
162;335;37
162;336;37
162;337;37
162;338;37
162;339;37
162;340;41
162;341;41
162;342;41
162;343;41
162;344;41
162;345;41
162;346;41
162;347;41
162;348;41
162;349;41
162;350;41
162;351;41
162;352;41
162;353;41
162;354;41
162;355;41
162;356;41
162;357;41
162;358;41
162;359;41
162;360;41
162;361;41
162;362;41
162;363;41
162;364;41
162;365;41
162;366;41
162;367;41
162;368;41
162;369;41
162;370;12
162;371;12
162;372;12
162;373;12
162;374;12
162;375;12
162;376;12
162;377;12
162;378;12
162;379;12
162;380;12
162;381;12
162;382;12
162;383;12
162;384;12
162;385;12
162;386;12
162;387;12
162;388;12
162;389;12
162;390;12
162;391;12
162;392;12
162;393;12
162;394;12
162;395;12
162;396;12
162;397;12
162;398;12
162;399;12
162;400;12
162;401;12
162;402;12
162;403;12
162;404;12
162;405;12
162;406;21
162;407;21
162;408;21
162;409;21
162;410;21
162;411;21
162;412;21
162;413;21
162;414;21
162;415;21
162;416;21
162;417;21
162;418;21
162;419;21
162;420;14
162;421;14
162;422;14
162;423;14
162;424;14
162;425;14
162;426;14
162;427;14
162;428;14
162;429;14
162;430;14
162;431;14
162;432;14
162;433;14
162;434;14
162;435;14
162;436;14
162;437;14
162;438;14
162;439;14
162;440;14
162;441;14
162;442;14
162;443;14
162;444;14
162;445;14
162;446;14
162;447;14
162;448;14
162;449;14
162;450;14
162;451;3
162;452;3
162;453;3
162;454;3
162;455;3
162;456;3
162;457;3
162;458;3
162;459;3
162;460;3
162;461;3
162;462;3
162;463;3
162;464;3
162;465;3
162;466;22
162;467;22
162;468;22
162;469;22
162;470;22
162;471;22
162;472;22
162;473;22
162;474;22
162;475;22
162;476;22
162;477;22
162;478;22
162;479;22
162;480;22
162;481;22
162;482;5
162;483;5
162;484;5
162;485;5
162;486;5
162;487;5
162;488;5
162;489;5
162;490;5
162;491;5
162;492;5
162;493;5
162;494;5
162;495;5
162;496;5
162;497;5
162;498;5
162;499;5
163;0;2
163;1;2
163;2;2
163;3;2
163;4;2
163;5;2
163;6;2
163;7;2
163;8;2
163;9;2
163;10;2
163;11;2
163;12;2
163;13;2
163;14;2
163;15;2
163;16;2
163;17;2
163;18;2
163;19;2
163;20;2
163;21;2
163;22;2
163;23;2
163;24;2
163;25;2
163;26;2
163;27;2
163;28;2
163;29;2
163;30;2
163;31;2
163;32;2
163;33;2
163;34;2
163;35;2
163;36;2
163;37;2
163;38;42
163;39;42
163;40;42
163;41;42
163;42;42
163;43;42
163;44;42
163;45;42
163;46;42
163;47;42
163;48;42
163;49;42
163;50;42
163;51;42
163;52;42
163;53;42
163;54;42
163;55;42
163;56;42
163;57;42
163;58;42
163;59;42
163;60;42
163;61;42
163;62;42
163;63;42
163;64;42
163;65;42
163;66;42
163;67;42
163;68;42
163;69;42
163;70;42
163;71;42
163;72;17
163;73;17
163;74;17
163;75;17
163;76;17
163;77;17
163;78;17
163;79;17
163;80;17
163;81;27
163;82;27
163;83;27
163;84;27
163;85;27
163;86;27
163;87;27
163;88;27
163;89;27
163;90;27
163;91;27
163;92;27
163;93;27
163;94;27
163;95;27
163;96;27
163;97;27
163;98;27
163;99;27
163;100;27
163;101;27
163;102;27
163;103;27
163;104;27
163;105;27
163;106;27
163;107;27
163;108;27
163;109;27
163;110;27
163;111;27
163;112;27
163;113;27
163;114;27
163;115;27
163;116;27
163;117;27
163;118;27
163;119;27
163;120;45
163;121;45
163;122;45
163;123;45
163;124;45
163;125;45
163;126;45
163;127;45
163;128;45
163;129;45
163;130;45
163;131;45
163;132;45
163;133;45
163;134;45
163;135;45
163;136;45
163;137;45
163;138;45
163;139;45
163;140;45
163;141;45
163;142;45
163;143;45
163;144;45
163;145;45
163;146;45
163;147;45
163;148;45
163;149;45
163;150;45
163;151;45
163;152;45
163;153;34
163;154;34
163;155;34
163;156;34
163;157;34
163;158;34
163;159;34
163;160;34
163;161;34
163;162;34
163;163;34
163;164;34
163;165;34
163;166;34
163;167;32
163;168;32
163;169;32
163;170;32
163;171;32
163;172;32
163;173;32
163;174;32
163;175;32
163;176;32
163;177;32
163;178;32
163;179;32
163;180;32
163;181;32
163;182;32
163;183;32
163;184;32
163;185;32
163;186;32
163;187;32
163;188;32
163;189;32
163;190;32
163;191;33
163;192;33
163;193;33
163;194;33
163;195;33
163;196;33
163;197;33
163;198;33
163;199;33
163;200;33
163;201;33
163;202;33
163;203;33
163;204;33
163;205;33
163;206;33
163;207;33
163;208;33
163;209;33
163;210;33
163;211;33
163;212;33
163;213;33
163;214;33
163;215;33
163;216;33
163;217;33
163;218;33
163;219;33
163;220;33
163;221;33
163;222;33
163;223;33
163;224;33
163;225;33
163;226;33
163;227;47
163;228;47
163;229;47
163;230;47
163;231;47
163;232;47
163;233;47
163;234;47
163;235;47
163;236;47
163;237;47
163;238;47
163;239;47
163;240;47
163;241;47
163;242;47
163;243;47
163;244;47
163;245;47
163;246;47
163;247;47
163;248;47
163;249;47
163;250;47
163;251;11
163;252;11
163;253;11
163;254;11
163;255;11
163;256;11
163;257;11
163;258;11
163;259;11
163;260;11
163;261;11
163;262;11
163;263;11
163;264;11
163;265;11
163;266;11
163;267;11
163;268;11
163;269;11
163;270;11
163;271;11
163;272;11
163;273;11
163;274;11
163;275;11
163;276;11
163;277;11
163;278;11
163;279;11
163;280;31
163;281;31
163;282;31
163;283;31
163;284;31
163;285;31
163;286;31
163;287;31
163;288;31
163;289;31
163;290;31
163;291;31
163;292;31
163;293;31
163;294;31
163;295;31
163;296;21
163;297;21
163;298;21
163;299;21
163;300;21
163;301;21
163;302;21
163;303;21
163;304;21
163;305;21
163;306;21
163;307;21
163;308;21
163;309;21
163;310;21
163;311;21
163;312;21
163;313;21
163;314;21
163;315;21
163;316;21
163;317;21
163;318;21
163;319;21
163;320;21
163;321;21
163;322;21
163;323;21
163;324;21
163;325;37
163;326;37
163;327;37
163;328;37
163;329;37
163;330;37
163;331;37
163;332;37
163;333;37
163;334;37
163;335;37
163;336;37
163;337;37
163;338;37
163;339;37
163;340;37
163;341;41
163;342;41
163;343;41
163;344;41
163;345;41
163;346;41
163;347;41
163;348;41
163;349;41
163;350;41
163;351;41
163;352;41
163;353;41
163;354;41
163;355;41
163;356;41
163;357;41
163;358;41
163;359;41
163;360;41
163;361;41
163;362;41
163;363;41
163;364;41
163;365;41
163;366;41
163;367;41
163;368;41
163;369;41
163;370;41
163;371;12
163;372;12
163;373;12
163;374;12
163;375;12
163;376;12
163;377;12
163;378;12
163;379;12
163;380;12
163;381;12
163;382;12
163;383;12
163;384;12
163;385;12
163;386;12
163;387;12
163;388;12
163;389;12
163;390;12
163;391;12
163;392;12
163;393;12
163;394;12
163;395;12
163;396;12
163;397;12
163;398;12
163;399;12
163;400;12
163;401;12
163;402;12
163;403;12
163;404;12
163;405;12
163;406;12
163;407;21
163;408;21
163;409;21
163;410;21
163;411;21
163;412;21
163;413;21
163;414;21
163;415;21
163;416;21
163;417;21
163;418;21
163;419;21
163;420;14
163;421;14
163;422;14
163;423;14
163;424;14
163;425;14
163;426;14
163;427;14
163;428;14
163;429;14
163;430;14
163;431;14
163;432;14
163;433;14
163;434;14
163;435;14
163;436;14
163;437;14
163;438;14
163;439;14
163;440;14
163;441;14
163;442;14
163;443;14
163;444;14
163;445;14
163;446;14
163;447;14
163;448;14
163;449;14
163;450;14
163;451;3
163;452;3
163;453;3
163;454;3
163;455;3
163;456;3
163;457;3
163;458;3
163;459;3
163;460;3
163;461;3
163;462;3
163;463;3
163;464;3
163;465;3
163;466;3
163;467;22
163;468;22
163;469;22
163;470;22
163;471;22
163;472;22
163;473;22
163;474;22
163;475;22
163;476;22
163;477;22
163;478;22
163;479;22
163;480;22
163;481;22
163;482;5
163;483;5
163;484;5
163;485;5
163;486;5
163;487;5
163;488;5
163;489;5
163;490;5
163;491;5
163;492;5
163;493;5
163;494;5
163;495;5
163;496;5
163;497;5
163;498;5
163;499;5
164;0;2
164;1;2
164;2;2
164;3;2
164;4;2
164;5;2
164;6;2
164;7;2
164;8;2
164;9;2
164;10;2
164;11;2
164;12;2
164;13;2
164;14;2
164;15;2
164;16;2
164;17;2
164;18;2
164;19;2
164;20;2
164;21;2
164;22;2
164;23;2
164;24;2
164;25;2
164;26;2
164;27;2
164;28;2
164;29;2
164;30;2
164;31;2
164;32;2
164;33;2
164;34;2
164;35;2
164;36;2
164;37;42
164;38;42
164;39;42
164;40;42
164;41;42
164;42;42
164;43;42
164;44;42
164;45;42
164;46;42
164;47;42
164;48;42
164;49;42
164;50;42
164;51;42
164;52;42
164;53;42
164;54;42
164;55;42
164;56;42
164;57;42
164;58;42
164;59;42
164;60;42
164;61;42
164;62;42
164;63;42
164;64;42
164;65;42
164;66;42
164;67;42
164;68;42
164;69;42
164;70;42
164;71;42
164;72;17
164;73;17
164;74;17
164;75;17
164;76;17
164;77;17
164;78;17
164;79;17
164;80;17
164;81;17
164;82;27
164;83;27
164;84;27
164;85;27
164;86;27
164;87;27
164;88;27
164;89;27
164;90;27
164;91;27
164;92;27
164;93;27
164;94;27
164;95;27
164;96;27
164;97;27
164;98;27
164;99;27
164;100;27
164;101;27
164;102;27
164;103;27
164;104;27
164;105;27
164;106;27
164;107;27
164;108;27
164;109;27
164;110;27
164;111;27
164;112;27
164;113;27
164;114;27
164;115;27
164;116;27
164;117;27
164;118;27
164;119;27
164;120;45
164;121;45
164;122;45
164;123;45
164;124;45
164;125;45
164;126;45
164;127;45
164;128;45
164;129;45
164;130;45
164;131;45
164;132;45
164;133;45
164;134;45
164;135;45
164;136;45
164;137;45
164;138;45
164;139;45
164;140;45
164;141;45
164;142;45
164;143;45
164;144;45
164;145;45
164;146;45
164;147;45
164;148;45
164;149;45
164;150;45
164;151;45
164;152;45
164;153;34
164;154;34
164;155;34
164;156;34
164;157;34
164;158;34
164;159;34
164;160;34
164;161;34
164;162;34
164;163;34
164;164;34
164;165;34
164;166;34
164;167;32
164;168;32
164;169;32
164;170;32
164;171;32
164;172;32
164;173;32
164;174;32
164;175;32
164;176;32
164;177;32
164;178;32
164;179;32
164;180;32
164;181;32
164;182;32
164;183;32
164;184;32
164;185;32
164;186;32
164;187;32
164;188;32
164;189;32
164;190;32
164;191;33
164;192;33
164;193;33
164;194;33
164;195;33
164;196;33
164;197;33
164;198;33
164;199;33
164;200;33
164;201;33
164;202;33
164;203;33
164;204;33
164;205;33
164;206;33
164;207;33
164;208;33
164;209;33
164;210;33
164;211;33
164;212;33
164;213;33
164;214;33
164;215;33
164;216;33
164;217;33
164;218;33
164;219;33
164;220;33
164;221;33
164;222;33
164;223;33
164;224;33
164;225;33
164;226;33
164;227;33
164;228;47
164;229;47
164;230;47
164;231;47
164;232;47
164;233;47
164;234;47
164;235;47
164;236;47
164;237;47
164;238;47
164;239;47
164;240;47
164;241;47
164;242;47
164;243;47
164;244;47
164;245;47
164;246;47
164;247;47
164;248;47
164;249;47
164;250;47
164;251;11
164;252;11
164;253;11
164;254;11
164;255;11
164;256;11
164;257;11
164;258;11
164;259;11
164;260;11
164;261;11
164;262;11
164;263;11
164;264;11
164;265;11
164;266;11
164;267;11
164;268;11
164;269;11
164;270;11
164;271;11
164;272;11
164;273;11
164;274;11
164;275;11
164;276;11
164;277;11
164;278;11
164;279;31
164;280;31
164;281;31
164;282;31
164;283;31
164;284;31
164;285;31
164;286;31
164;287;31
164;288;31
164;289;31
164;290;31
164;291;31
164;292;31
164;293;31
164;294;31
164;295;31
164;296;31
164;297;21
164;298;21
164;299;21
164;300;21
164;301;21
164;302;21
164;303;21
164;304;21
164;305;21
164;306;21
164;307;21
164;308;21
164;309;21
164;310;21
164;311;21
164;312;21
164;313;21
164;314;21
164;315;21
164;316;21
164;317;21
164;318;21
164;319;21
164;320;21
164;321;21
164;322;21
164;323;21
164;324;21
164;325;37
164;326;37
164;327;37
164;328;37
164;329;37
164;330;37
164;331;37
164;332;37
164;333;37
164;334;37
164;335;37
164;336;37
164;337;37
164;338;37
164;339;37
164;340;37
164;341;37
164;342;41
164;343;41
164;344;41
164;345;41
164;346;41
164;347;41
164;348;41
164;349;41
164;350;41
164;351;41
164;352;41
164;353;41
164;354;41
164;355;41
164;356;41
164;357;41
164;358;41
164;359;41
164;360;41
164;361;41
164;362;41
164;363;41
164;364;41
164;365;41
164;366;41
164;367;41
164;368;41
164;369;41
164;370;41
164;371;41
164;372;12
164;373;12
164;374;12
164;375;12
164;376;12
164;377;12
164;378;12
164;379;12
164;380;12
164;381;12
164;382;12
164;383;12
164;384;12
164;385;12
164;386;12
164;387;12
164;388;12
164;389;12
164;390;12
164;391;12
164;392;12
164;393;12
164;394;12
164;395;12
164;396;12
164;397;12
164;398;12
164;399;12
164;400;12
164;401;12
164;402;12
164;403;12
164;404;12
164;405;12
164;406;12
164;407;12
164;408;21
164;409;21
164;410;21
164;411;21
164;412;21
164;413;21
164;414;21
164;415;21
164;416;21
164;417;21
164;418;21
164;419;21
164;420;21
164;421;14
164;422;14
164;423;14
164;424;14
164;425;14
164;426;14
164;427;14
164;428;14
164;429;14
164;430;14
164;431;14
164;432;14
164;433;14
164;434;14
164;435;14
164;436;14
164;437;14
164;438;14
164;439;14
164;440;14
164;441;14
164;442;14
164;443;14
164;444;14
164;445;14
164;446;14
164;447;14
164;448;14
164;449;14
164;450;14
164;451;14
164;452;3
164;453;3
164;454;3
164;455;3
164;456;3
164;457;3
164;458;3
164;459;3
164;460;3
164;461;3
164;462;3
164;463;3
164;464;3
164;465;3
164;466;3
164;467;22
164;468;22
164;469;22
164;470;22
164;471;22
164;472;22
164;473;22
164;474;22
164;475;22
164;476;22
164;477;22
164;478;22
164;479;22
164;480;22
164;481;22
164;482;5
164;483;5
164;484;5
164;485;5
164;486;5
164;487;5
164;488;5
164;489;5
164;490;5
164;491;5
164;492;5
164;493;5
164;494;5
164;495;5
164;496;5
164;497;5
164;498;5
164;499;5
165;0;21
165;1;21
165;2;2
165;3;2
165;4;2
165;5;2
165;6;2
165;7;2
165;8;2
165;9;2
165;10;2
165;11;2
165;12;2
165;13;2
165;14;2
165;15;2
165;16;2
165;17;2
165;18;2
165;19;2
165;20;2
165;21;2
165;22;2
165;23;2
165;24;2
165;25;2
165;26;2
165;27;2
165;28;2
165;29;2
165;30;2
165;31;2
165;32;2
165;33;2
165;34;2
165;35;2
165;36;42
165;37;42
165;38;42
165;39;42
165;40;42
165;41;42
165;42;42
165;43;42
165;44;42
165;45;42
165;46;42
165;47;42
165;48;42
165;49;42
165;50;42
165;51;42
165;52;42
165;53;42
165;54;42
165;55;42
165;56;42
165;57;42
165;58;42
165;59;42
165;60;42
165;61;42
165;62;42
165;63;42
165;64;42
165;65;42
165;66;42
165;67;42
165;68;42
165;69;42
165;70;42
165;71;42
165;72;17
165;73;17
165;74;17
165;75;17
165;76;17
165;77;17
165;78;17
165;79;17
165;80;17
165;81;17
165;82;17
165;83;27
165;84;27
165;85;27
165;86;27
165;87;27
165;88;27
165;89;27
165;90;27
165;91;27
165;92;27
165;93;27
165;94;27
165;95;27
165;96;27
165;97;27
165;98;27
165;99;27
165;100;27
165;101;27
165;102;27
165;103;27
165;104;27
165;105;27
165;106;27
165;107;27
165;108;27
165;109;27
165;110;27
165;111;27
165;112;27
165;113;27
165;114;27
165;115;27
165;116;27
165;117;27
165;118;27
165;119;27
165;120;27
165;121;45
165;122;45
165;123;45
165;124;45
165;125;45
165;126;45
165;127;45
165;128;45
165;129;45
165;130;45
165;131;45
165;132;45
165;133;45
165;134;45
165;135;45
165;136;45
165;137;45
165;138;45
165;139;45
165;140;45
165;141;45
165;142;45
165;143;45
165;144;45
165;145;45
165;146;45
165;147;45
165;148;45
165;149;45
165;150;45
165;151;45
165;152;45
165;153;45
165;154;34
165;155;34
165;156;34
165;157;34
165;158;34
165;159;34
165;160;34
165;161;34
165;162;34
165;163;34
165;164;34
165;165;34
165;166;34
165;167;32
165;168;32
165;169;32
165;170;32
165;171;32
165;172;32
165;173;32
165;174;32
165;175;32
165;176;32
165;177;32
165;178;32
165;179;32
165;180;32
165;181;32
165;182;32
165;183;32
165;184;32
165;185;32
165;186;32
165;187;32
165;188;32
165;189;32
165;190;32
165;191;33
165;192;33
165;193;33
165;194;33
165;195;33
165;196;33
165;197;33
165;198;33
165;199;33
165;200;33
165;201;33
165;202;33
165;203;33
165;204;33
165;205;33
165;206;33
165;207;33
165;208;33
165;209;33
165;210;33
165;211;33
165;212;33
165;213;33
165;214;33
165;215;33
165;216;33
165;217;33
165;218;33
165;219;33
165;220;33
165;221;33
165;222;33
165;223;33
165;224;33
165;225;33
165;226;33
165;227;33
165;228;33
165;229;47
165;230;47
165;231;47
165;232;47
165;233;47
165;234;47
165;235;47
165;236;47
165;237;47
165;238;47
165;239;47
165;240;47
165;241;47
165;242;47
165;243;47
165;244;47
165;245;47
165;246;47
165;247;47
165;248;47
165;249;47
165;250;47
165;251;47
165;252;11
165;253;11
165;254;11
165;255;11
165;256;11
165;257;11
165;258;11
165;259;11
165;260;11
165;261;11
165;262;11
165;263;11
165;264;11
165;265;11
165;266;11
165;267;11
165;268;11
165;269;11
165;270;11
165;271;11
165;272;11
165;273;11
165;274;11
165;275;11
165;276;44
165;277;44
165;278;44
165;279;31
165;280;31
165;281;31
165;282;31
165;283;31
165;284;31
165;285;31
165;286;31
165;287;31
165;288;31
165;289;31
165;290;31
165;291;31
165;292;31
165;293;31
165;294;31
165;295;31
165;296;31
165;297;21
165;298;21
165;299;21
165;300;21
165;301;21
165;302;21
165;303;21
165;304;21
165;305;21
165;306;21
165;307;21
165;308;21
165;309;21
165;310;21
165;311;21
165;312;21
165;313;21
165;314;21
165;315;21
165;316;21
165;317;21
165;318;21
165;319;21
165;320;21
165;321;21
165;322;21
165;323;21
165;324;21
165;325;30
165;326;37
165;327;37
165;328;37
165;329;37
165;330;37
165;331;37
165;332;37
165;333;37
165;334;37
165;335;37
165;336;37
165;337;37
165;338;37
165;339;37
165;340;37
165;341;37
165;342;37
165;343;41
165;344;41
165;345;41
165;346;41
165;347;41
165;348;41
165;349;41
165;350;41
165;351;41
165;352;41
165;353;41
165;354;41
165;355;41
165;356;41
165;357;41
165;358;41
165;359;41
165;360;41
165;361;41
165;362;41
165;363;41
165;364;41
165;365;41
165;366;41
165;367;41
165;368;41
165;369;41
165;370;41
165;371;41
165;372;41
165;373;12
165;374;12
165;375;12
165;376;12
165;377;12
165;378;12
165;379;12
165;380;12
165;381;12
165;382;12
165;383;12
165;384;12
165;385;12
165;386;12
165;387;12
165;388;12
165;389;12
165;390;12
165;391;12
165;392;12
165;393;12
165;394;12
165;395;12
165;396;12
165;397;12
165;398;12
165;399;12
165;400;12
165;401;12
165;402;12
165;403;12
165;404;12
165;405;12
165;406;12
165;407;12
165;408;12
165;409;21
165;410;21
165;411;21
165;412;21
165;413;21
165;414;21
165;415;21
165;416;21
165;417;21
165;418;21
165;419;21
165;420;21
165;421;14
165;422;14
165;423;14
165;424;14
165;425;14
165;426;14
165;427;14
165;428;14
165;429;14
165;430;14
165;431;14
165;432;14
165;433;14
165;434;14
165;435;14
165;436;14
165;437;14
165;438;14
165;439;14
165;440;14
165;441;14
165;442;14
165;443;14
165;444;14
165;445;14
165;446;14
165;447;14
165;448;14
165;449;14
165;450;14
165;451;14
165;452;3
165;453;3
165;454;3
165;455;3
165;456;3
165;457;3
165;458;3
165;459;3
165;460;3
165;461;3
165;462;3
165;463;3
165;464;3
165;465;3
165;466;3
165;467;3
165;468;22
165;469;22
165;470;22
165;471;22
165;472;22
165;473;22
165;474;22
165;475;22
165;476;22
165;477;22
165;478;22
165;479;22
165;480;22
165;481;22
165;482;5
165;483;5
165;484;5
165;485;5
165;486;5
165;487;5
165;488;5
165;489;5
165;490;5
165;491;5
165;492;5
165;493;5
165;494;5
165;495;5
165;496;5
165;497;5
165;498;5
165;499;5
166;0;21
166;1;21
166;2;21
166;3;21
166;4;2
166;5;2
166;6;2
166;7;2
166;8;2
166;9;2
166;10;2
166;11;2
166;12;2
166;13;2
166;14;2
166;15;2
166;16;2
166;17;2
166;18;2
166;19;2
166;20;2
166;21;2
166;22;2
166;23;2
166;24;2
166;25;2
166;26;2
166;27;2
166;28;2
166;29;2
166;30;2
166;31;2
166;32;2
166;33;2
166;34;2
166;35;42
166;36;42
166;37;42
166;38;42
166;39;42
166;40;42
166;41;42
166;42;42
166;43;42
166;44;42
166;45;42
166;46;42
166;47;42
166;48;42
166;49;42
166;50;42
166;51;42
166;52;42
166;53;42
166;54;42
166;55;42
166;56;42
166;57;42
166;58;42
166;59;42
166;60;42
166;61;42
166;62;42
166;63;42
166;64;42
166;65;42
166;66;42
166;67;42
166;68;42
166;69;42
166;70;42
166;71;42
166;72;42
166;73;17
166;74;17
166;75;17
166;76;17
166;77;17
166;78;17
166;79;17
166;80;17
166;81;17
166;82;17
166;83;17
166;84;27
166;85;27
166;86;27
166;87;27
166;88;27
166;89;27
166;90;27
166;91;27
166;92;27
166;93;27
166;94;27
166;95;27
166;96;27
166;97;27
166;98;27
166;99;27
166;100;27
166;101;27
166;102;27
166;103;27
166;104;27
166;105;27
166;106;27
166;107;27
166;108;27
166;109;27
166;110;27
166;111;27
166;112;27
166;113;27
166;114;27
166;115;27
166;116;27
166;117;27
166;118;27
166;119;27
166;120;27
166;121;45
166;122;45
166;123;45
166;124;45
166;125;45
166;126;45
166;127;45
166;128;45
166;129;45
166;130;45
166;131;45
166;132;45
166;133;45
166;134;45
166;135;45
166;136;45
166;137;45
166;138;45
166;139;45
166;140;45
166;141;45
166;142;45
166;143;45
166;144;45
166;145;45
166;146;45
166;147;45
166;148;45
166;149;45
166;150;45
166;151;45
166;152;45
166;153;45
166;154;45
166;155;34
166;156;34
166;157;34
166;158;34
166;159;34
166;160;34
166;161;34
166;162;34
166;163;34
166;164;34
166;165;34
166;166;34
166;167;32
166;168;32
166;169;32
166;170;32
166;171;32
166;172;32
166;173;32
166;174;32
166;175;32
166;176;32
166;177;32
166;178;32
166;179;32
166;180;32
166;181;32
166;182;32
166;183;32
166;184;32
166;185;32
166;186;32
166;187;32
166;188;32
166;189;32
166;190;32
166;191;33
166;192;33
166;193;33
166;194;33
166;195;33
166;196;33
166;197;33
166;198;33
166;199;33
166;200;33
166;201;33
166;202;33
166;203;33
166;204;33
166;205;33
166;206;33
166;207;33
166;208;33
166;209;33
166;210;33
166;211;33
166;212;33
166;213;33
166;214;33
166;215;33
166;216;33
166;217;33
166;218;33
166;219;33
166;220;33
166;221;33
166;222;33
166;223;33
166;224;33
166;225;33
166;226;33
166;227;33
166;228;33
166;229;33
166;230;47
166;231;47
166;232;47
166;233;47
166;234;47
166;235;47
166;236;47
166;237;47
166;238;47
166;239;47
166;240;47
166;241;47
166;242;47
166;243;47
166;244;47
166;245;47
166;246;47
166;247;47
166;248;47
166;249;47
166;250;47
166;251;47
166;252;11
166;253;11
166;254;11
166;255;11
166;256;11
166;257;11
166;258;11
166;259;11
166;260;11
166;261;11
166;262;11
166;263;11
166;264;11
166;265;11
166;266;11
166;267;11
166;268;11
166;269;11
166;270;11
166;271;11
166;272;11
166;273;11
166;274;11
166;275;44
166;276;44
166;277;44
166;278;44
166;279;31
166;280;31
166;281;31
166;282;31
166;283;31
166;284;31
166;285;31
166;286;31
166;287;31
166;288;31
166;289;31
166;290;31
166;291;31
166;292;31
166;293;31
166;294;31
166;295;31
166;296;31
166;297;31
166;298;21
166;299;21
166;300;21
166;301;21
166;302;21
166;303;21
166;304;21
166;305;21
166;306;21
166;307;21
166;308;21
166;309;21
166;310;21
166;311;21
166;312;21
166;313;21
166;314;21
166;315;21
166;316;21
166;317;21
166;318;21
166;319;21
166;320;21
166;321;21
166;322;21
166;323;21
166;324;21
166;325;30
166;326;30
166;327;37
166;328;37
166;329;37
166;330;37
166;331;37
166;332;37
166;333;37
166;334;37
166;335;37
166;336;37
166;337;37
166;338;37
166;339;37
166;340;37
166;341;37
166;342;37
166;343;37
166;344;41
166;345;41
166;346;41
166;347;41
166;348;41
166;349;41
166;350;41
166;351;41
166;352;41
166;353;41
166;354;41
166;355;41
166;356;41
166;357;41
166;358;41
166;359;41
166;360;41
166;361;41
166;362;41
166;363;41
166;364;41
166;365;41
166;366;41
166;367;41
166;368;41
166;369;41
166;370;41
166;371;41
166;372;41
166;373;41
166;374;12
166;375;12
166;376;12
166;377;12
166;378;12
166;379;12
166;380;12
166;381;12
166;382;12
166;383;12
166;384;12
166;385;12
166;386;12
166;387;12
166;388;12
166;389;12
166;390;12
166;391;12
166;392;12
166;393;12
166;394;12
166;395;12
166;396;12
166;397;12
166;398;12
166;399;12
166;400;12
166;401;12
166;402;12
166;403;12
166;404;12
166;405;12
166;406;12
166;407;12
166;408;12
166;409;12
166;410;21
166;411;21
166;412;21
166;413;21
166;414;21
166;415;21
166;416;21
166;417;21
166;418;21
166;419;21
166;420;21
166;421;21
166;422;14
166;423;14
166;424;14
166;425;14
166;426;14
166;427;14
166;428;14
166;429;14
166;430;14
166;431;14
166;432;14
166;433;14
166;434;14
166;435;14
166;436;14
166;437;14
166;438;14
166;439;14
166;440;14
166;441;14
166;442;14
166;443;14
166;444;14
166;445;14
166;446;14
166;447;14
166;448;14
166;449;14
166;450;14
166;451;14
166;452;14
166;453;3
166;454;3
166;455;3
166;456;3
166;457;3
166;458;3
166;459;3
166;460;3
166;461;3
166;462;3
166;463;3
166;464;3
166;465;3
166;466;3
166;467;3
166;468;22
166;469;22
166;470;22
166;471;22
166;472;22
166;473;22
166;474;22
166;475;22
166;476;22
166;477;22
166;478;22
166;479;22
166;480;22
166;481;22
166;482;5
166;483;5
166;484;5
166;485;5
166;486;5
166;487;5
166;488;5
166;489;5
166;490;5
166;491;5
166;492;5
166;493;5
166;494;5
166;495;5
166;496;5
166;497;5
166;498;5
166;499;5
167;0;21
167;1;21
167;2;21
167;3;21
167;4;21
167;5;21
167;6;2
167;7;2
167;8;2
167;9;2
167;10;2
167;11;2
167;12;2
167;13;2
167;14;2
167;15;2
167;16;2
167;17;2
167;18;2
167;19;2
167;20;2
167;21;2
167;22;2
167;23;2
167;24;2
167;25;2
167;26;2
167;27;2
167;28;2
167;29;2
167;30;2
167;31;2
167;32;2
167;33;2
167;34;2
167;35;42
167;36;42
167;37;42
167;38;42
167;39;42
167;40;42
167;41;42
167;42;42
167;43;42
167;44;42
167;45;42
167;46;42
167;47;42
167;48;42
167;49;42
167;50;42
167;51;42
167;52;42
167;53;42
167;54;42
167;55;42
167;56;42
167;57;42
167;58;42
167;59;42
167;60;42
167;61;42
167;62;42
167;63;42
167;64;42
167;65;42
167;66;42
167;67;42
167;68;42
167;69;42
167;70;42
167;71;42
167;72;42
167;73;17
167;74;17
167;75;17
167;76;17
167;77;17
167;78;17
167;79;17
167;80;17
167;81;17
167;82;17
167;83;17
167;84;17
167;85;27
167;86;27
167;87;27
167;88;27
167;89;27
167;90;27
167;91;27
167;92;27
167;93;27
167;94;27
167;95;27
167;96;27
167;97;27
167;98;27
167;99;27
167;100;27
167;101;27
167;102;27
167;103;27
167;104;27
167;105;27
167;106;27
167;107;27
167;108;27
167;109;27
167;110;27
167;111;27
167;112;27
167;113;27
167;114;27
167;115;27
167;116;27
167;117;27
167;118;27
167;119;27
167;120;27
167;121;27
167;122;45
167;123;45
167;124;45
167;125;45
167;126;45
167;127;45
167;128;45
167;129;45
167;130;45
167;131;45
167;132;45
167;133;45
167;134;45
167;135;45
167;136;45
167;137;45
167;138;45
167;139;45
167;140;45
167;141;45
167;142;45
167;143;45
167;144;45
167;145;45
167;146;45
167;147;45
167;148;45
167;149;45
167;150;45
167;151;45
167;152;45
167;153;45
167;154;45
167;155;45
167;156;34
167;157;34
167;158;34
167;159;34
167;160;34
167;161;34
167;162;34
167;163;34
167;164;34
167;165;34
167;166;34
167;167;32
167;168;32
167;169;32
167;170;32
167;171;32
167;172;32
167;173;32
167;174;32
167;175;32
167;176;32
167;177;32
167;178;32
167;179;32
167;180;32
167;181;32
167;182;32
167;183;32
167;184;32
167;185;32
167;186;32
167;187;32
167;188;32
167;189;32
167;190;33
167;191;33
167;192;33
167;193;33
167;194;33
167;195;33
167;196;33
167;197;33
167;198;33
167;199;33
167;200;33
167;201;33
167;202;33
167;203;33
167;204;33
167;205;33
167;206;33
167;207;33
167;208;33
167;209;33
167;210;33
167;211;33
167;212;33
167;213;33
167;214;33
167;215;33
167;216;33
167;217;33
167;218;33
167;219;33
167;220;33
167;221;33
167;222;33
167;223;33
167;224;33
167;225;33
167;226;33
167;227;33
167;228;33
167;229;33
167;230;33
167;231;47
167;232;47
167;233;47
167;234;47
167;235;47
167;236;47
167;237;47
167;238;47
167;239;47
167;240;47
167;241;47
167;242;47
167;243;47
167;244;47
167;245;47
167;246;47
167;247;47
167;248;47
167;249;47
167;250;47
167;251;3
167;252;3
167;253;3
167;254;3
167;255;3
167;256;3
167;257;3
167;258;3
167;259;11
167;260;11
167;261;11
167;262;11
167;263;11
167;264;11
167;265;11
167;266;11
167;267;11
167;268;11
167;269;11
167;270;11
167;271;11
167;272;11
167;273;11
167;274;44
167;275;44
167;276;44
167;277;44
167;278;44
167;279;31
167;280;31
167;281;31
167;282;31
167;283;31
167;284;31
167;285;31
167;286;31
167;287;31
167;288;31
167;289;31
167;290;31
167;291;31
167;292;31
167;293;31
167;294;31
167;295;31
167;296;31
167;297;31
167;298;21
167;299;21
167;300;21
167;301;21
167;302;21
167;303;21
167;304;21
167;305;21
167;306;21
167;307;21
167;308;21
167;309;21
167;310;21
167;311;21
167;312;21
167;313;21
167;314;21
167;315;21
167;316;21
167;317;21
167;318;21
167;319;21
167;320;21
167;321;21
167;322;21
167;323;21
167;324;21
167;325;30
167;326;30
167;327;30
167;328;37
167;329;37
167;330;37
167;331;37
167;332;37
167;333;37
167;334;37
167;335;37
167;336;37
167;337;37
167;338;37
167;339;37
167;340;37
167;341;37
167;342;37
167;343;37
167;344;37
167;345;41
167;346;41
167;347;41
167;348;41
167;349;41
167;350;41
167;351;41
167;352;41
167;353;41
167;354;41
167;355;41
167;356;41
167;357;41
167;358;41
167;359;41
167;360;41
167;361;41
167;362;41
167;363;41
167;364;41
167;365;41
167;366;41
167;367;41
167;368;41
167;369;41
167;370;41
167;371;41
167;372;41
167;373;41
167;374;41
167;375;12
167;376;12
167;377;12
167;378;12
167;379;12
167;380;12
167;381;12
167;382;12
167;383;12
167;384;12
167;385;12
167;386;12
167;387;12
167;388;12
167;389;12
167;390;12
167;391;12
167;392;12
167;393;12
167;394;12
167;395;12
167;396;12
167;397;12
167;398;12
167;399;12
167;400;12
167;401;12
167;402;12
167;403;12
167;404;12
167;405;12
167;406;12
167;407;12
167;408;12
167;409;12
167;410;12
167;411;21
167;412;21
167;413;21
167;414;21
167;415;21
167;416;21
167;417;21
167;418;21
167;419;21
167;420;21
167;421;21
167;422;14
167;423;14
167;424;14
167;425;14
167;426;14
167;427;14
167;428;14
167;429;14
167;430;14
167;431;14
167;432;14
167;433;14
167;434;14
167;435;14
167;436;14
167;437;14
167;438;14
167;439;14
167;440;14
167;441;14
167;442;14
167;443;14
167;444;14
167;445;14
167;446;14
167;447;14
167;448;14
167;449;14
167;450;14
167;451;14
167;452;14
167;453;3
167;454;3
167;455;3
167;456;3
167;457;3
167;458;3
167;459;3
167;460;3
167;461;3
167;462;3
167;463;3
167;464;3
167;465;3
167;466;3
167;467;3
167;468;3
167;469;22
167;470;22
167;471;22
167;472;22
167;473;22
167;474;22
167;475;22
167;476;22
167;477;22
167;478;22
167;479;22
167;480;22
167;481;22
167;482;5
167;483;5
167;484;5
167;485;5
167;486;5
167;487;5
167;488;5
167;489;5
167;490;5
167;491;5
167;492;5
167;493;5
167;494;5
167;495;5
167;496;5
167;497;5
167;498;5
167;499;5
168;0;21
168;1;21
168;2;21
168;3;21
168;4;21
168;5;21
168;6;21
168;7;21
168;8;2
168;9;2
168;10;2
168;11;2
168;12;2
168;13;2
168;14;2
168;15;2
168;16;2
168;17;2
168;18;2
168;19;2
168;20;2
168;21;2
168;22;2
168;23;2
168;24;2
168;25;2
168;26;2
168;27;2
168;28;2
168;29;2
168;30;2
168;31;2
168;32;2
168;33;2
168;34;2
168;35;42
168;36;42
168;37;42
168;38;42
168;39;42
168;40;42
168;41;42
168;42;42
168;43;42
168;44;42
168;45;42
168;46;42
168;47;42
168;48;42
168;49;42
168;50;42
168;51;42
168;52;42
168;53;42
168;54;42
168;55;42
168;56;42
168;57;42
168;58;42
168;59;42
168;60;42
168;61;42
168;62;42
168;63;42
168;64;42
168;65;42
168;66;42
168;67;42
168;68;42
168;69;42
168;70;42
168;71;42
168;72;42
168;73;17
168;74;17
168;75;17
168;76;17
168;77;17
168;78;17
168;79;17
168;80;17
168;81;17
168;82;17
168;83;17
168;84;17
168;85;17
168;86;27
168;87;27
168;88;27
168;89;27
168;90;27
168;91;27
168;92;27
168;93;27
168;94;27
168;95;27
168;96;27
168;97;27
168;98;27
168;99;27
168;100;27
168;101;27
168;102;27
168;103;27
168;104;27
168;105;27
168;106;27
168;107;27
168;108;27
168;109;27
168;110;27
168;111;27
168;112;27
168;113;27
168;114;27
168;115;27
168;116;27
168;117;27
168;118;27
168;119;27
168;120;27
168;121;27
168;122;45
168;123;45
168;124;45
168;125;45
168;126;45
168;127;45
168;128;45
168;129;45
168;130;45
168;131;45
168;132;45
168;133;45
168;134;45
168;135;45
168;136;45
168;137;45
168;138;45
168;139;45
168;140;45
168;141;45
168;142;45
168;143;45
168;144;45
168;145;45
168;146;45
168;147;45
168;148;45
168;149;45
168;150;45
168;151;45
168;152;45
168;153;45
168;154;45
168;155;45
168;156;45
168;157;34
168;158;34
168;159;34
168;160;34
168;161;34
168;162;34
168;163;34
168;164;34
168;165;34
168;166;34
168;167;32
168;168;32
168;169;32
168;170;32
168;171;32
168;172;32
168;173;32
168;174;32
168;175;32
168;176;32
168;177;32
168;178;32
168;179;32
168;180;32
168;181;32
168;182;32
168;183;32
168;184;32
168;185;32
168;186;32
168;187;32
168;188;32
168;189;33
168;190;33
168;191;33
168;192;33
168;193;33
168;194;33
168;195;33
168;196;33
168;197;33
168;198;33
168;199;33
168;200;33
168;201;33
168;202;33
168;203;33
168;204;33
168;205;33
168;206;33
168;207;33
168;208;33
168;209;33
168;210;33
168;211;33
168;212;33
168;213;33
168;214;33
168;215;33
168;216;33
168;217;33
168;218;33
168;219;33
168;220;33
168;221;33
168;222;33
168;223;33
168;224;33
168;225;33
168;226;33
168;227;33
168;228;33
168;229;33
168;230;33
168;231;33
168;232;47
168;233;47
168;234;47
168;235;47
168;236;47
168;237;47
168;238;47
168;239;47
168;240;47
168;241;47
168;242;47
168;243;47
168;244;47
168;245;47
168;246;47
168;247;47
168;248;47
168;249;47
168;250;3
168;251;3
168;252;3
168;253;3
168;254;3
168;255;3
168;256;3
168;257;3
168;258;3
168;259;3
168;260;3
168;261;11
168;262;11
168;263;11
168;264;11
168;265;11
168;266;11
168;267;11
168;268;11
168;269;11
168;270;11
168;271;11
168;272;11
168;273;44
168;274;44
168;275;44
168;276;44
168;277;44
168;278;44
168;279;31
168;280;31
168;281;31
168;282;31
168;283;31
168;284;31
168;285;31
168;286;31
168;287;31
168;288;31
168;289;31
168;290;31
168;291;31
168;292;31
168;293;31
168;294;31
168;295;31
168;296;31
168;297;31
168;298;31
168;299;21
168;300;21
168;301;21
168;302;21
168;303;21
168;304;21
168;305;21
168;306;21
168;307;21
168;308;21
168;309;21
168;310;21
168;311;21
168;312;21
168;313;21
168;314;21
168;315;21
168;316;21
168;317;21
168;318;21
168;319;21
168;320;21
168;321;21
168;322;21
168;323;21
168;324;21
168;325;30
168;326;30
168;327;30
168;328;30
168;329;37
168;330;37
168;331;37
168;332;37
168;333;37
168;334;37
168;335;37
168;336;37
168;337;37
168;338;37
168;339;37
168;340;37
168;341;37
168;342;37
168;343;37
168;344;37
168;345;37
168;346;41
168;347;41
168;348;41
168;349;41
168;350;41
168;351;41
168;352;41
168;353;41
168;354;41
168;355;41
168;356;41
168;357;41
168;358;41
168;359;41
168;360;41
168;361;41
168;362;41
168;363;41
168;364;41
168;365;41
168;366;41
168;367;41
168;368;41
168;369;41
168;370;41
168;371;41
168;372;41
168;373;41
168;374;41
168;375;12
168;376;12
168;377;12
168;378;12
168;379;12
168;380;12
168;381;12
168;382;12
168;383;12
168;384;12
168;385;12
168;386;12
168;387;12
168;388;12
168;389;12
168;390;12
168;391;12
168;392;12
168;393;12
168;394;12
168;395;12
168;396;12
168;397;12
168;398;12
168;399;12
168;400;12
168;401;12
168;402;12
168;403;12
168;404;12
168;405;12
168;406;12
168;407;12
168;408;12
168;409;12
168;410;12
168;411;12
168;412;21
168;413;21
168;414;21
168;415;21
168;416;21
168;417;21
168;418;21
168;419;21
168;420;21
168;421;21
168;422;21
168;423;14
168;424;14
168;425;14
168;426;14
168;427;14
168;428;14
168;429;14
168;430;14
168;431;14
168;432;14
168;433;14
168;434;14
168;435;14
168;436;14
168;437;14
168;438;14
168;439;14
168;440;14
168;441;14
168;442;14
168;443;14
168;444;14
168;445;14
168;446;14
168;447;14
168;448;14
168;449;14
168;450;14
168;451;14
168;452;14
168;453;14
168;454;3
168;455;3
168;456;3
168;457;3
168;458;3
168;459;3
168;460;3
168;461;3
168;462;3
168;463;3
168;464;3
168;465;3
168;466;3
168;467;3
168;468;3
168;469;22
168;470;22
168;471;22
168;472;22
168;473;22
168;474;22
168;475;22
168;476;22
168;477;22
168;478;22
168;479;22
168;480;22
168;481;22
168;482;5
168;483;5
168;484;5
168;485;5
168;486;5
168;487;5
168;488;5
168;489;5
168;490;5
168;491;5
168;492;5
168;493;5
168;494;5
168;495;5
168;496;5
168;497;5
168;498;5
168;499;5
169;0;21
169;1;21
169;2;21
169;3;21
169;4;21
169;5;21
169;6;21
169;7;21
169;8;21
169;9;21
169;10;2
169;11;2
169;12;2
169;13;2
169;14;2
169;15;2
169;16;2
169;17;2
169;18;2
169;19;2
169;20;2
169;21;2
169;22;2
169;23;2
169;24;2
169;25;2
169;26;2
169;27;2
169;28;2
169;29;2
169;30;2
169;31;2
169;32;2
169;33;2
169;34;2
169;35;42
169;36;42
169;37;42
169;38;42
169;39;42
169;40;42
169;41;42
169;42;42
169;43;42
169;44;42
169;45;42
169;46;42
169;47;42
169;48;42
169;49;42
169;50;42
169;51;42
169;52;42
169;53;42
169;54;42
169;55;42
169;56;42
169;57;42
169;58;42
169;59;42
169;60;42
169;61;42
169;62;42
169;63;42
169;64;42
169;65;42
169;66;42
169;67;42
169;68;42
169;69;42
169;70;42
169;71;42
169;72;42
169;73;17
169;74;17
169;75;17
169;76;17
169;77;17
169;78;17
169;79;17
169;80;17
169;81;17
169;82;17
169;83;17
169;84;17
169;85;17
169;86;17
169;87;27
169;88;27
169;89;27
169;90;27
169;91;27
169;92;27
169;93;27
169;94;27
169;95;27
169;96;27
169;97;27
169;98;27
169;99;27
169;100;27
169;101;27
169;102;27
169;103;27
169;104;27
169;105;27
169;106;27
169;107;27
169;108;27
169;109;27
169;110;27
169;111;27
169;112;27
169;113;27
169;114;27
169;115;27
169;116;27
169;117;27
169;118;27
169;119;27
169;120;27
169;121;4
169;122;4
169;123;45
169;124;45
169;125;45
169;126;45
169;127;45
169;128;45
169;129;45
169;130;45
169;131;45
169;132;45
169;133;45
169;134;45
169;135;45
169;136;45
169;137;45
169;138;45
169;139;45
169;140;45
169;141;45
169;142;45
169;143;45
169;144;45
169;145;45
169;146;45
169;147;45
169;148;45
169;149;45
169;150;45
169;151;45
169;152;45
169;153;45
169;154;45
169;155;45
169;156;45
169;157;8
169;158;8
169;159;8
169;160;8
169;161;8
169;162;8
169;163;8
169;164;8
169;165;8
169;166;8
169;167;32
169;168;32
169;169;32
169;170;32
169;171;32
169;172;32
169;173;32
169;174;32
169;175;32
169;176;32
169;177;32
169;178;32
169;179;32
169;180;32
169;181;32
169;182;32
169;183;32
169;184;32
169;185;32
169;186;32
169;187;32
169;188;33
169;189;33
169;190;33
169;191;33
169;192;33
169;193;33
169;194;33
169;195;33
169;196;33
169;197;33
169;198;33
169;199;33
169;200;33
169;201;33
169;202;33
169;203;33
169;204;33
169;205;33
169;206;33
169;207;33
169;208;33
169;209;33
169;210;33
169;211;33
169;212;33
169;213;33
169;214;33
169;215;33
169;216;33
169;217;33
169;218;33
169;219;33
169;220;33
169;221;33
169;222;33
169;223;33
169;224;33
169;225;33
169;226;33
169;227;33
169;228;33
169;229;33
169;230;33
169;231;33
169;232;33
169;233;47
169;234;47
169;235;47
169;236;47
169;237;47
169;238;47
169;239;47
169;240;47
169;241;47
169;242;47
169;243;47
169;244;47
169;245;47
169;246;47
169;247;47
169;248;47
169;249;3
169;250;3
169;251;3
169;252;3
169;253;3
169;254;3
169;255;3
169;256;3
169;257;3
169;258;3
169;259;3
169;260;3
169;261;3
169;262;3
169;263;3
169;264;3
169;265;3
169;266;3
169;267;3
169;268;11
169;269;11
169;270;11
169;271;11
169;272;44
169;273;44
169;274;44
169;275;44
169;276;44
169;277;44
169;278;44
169;279;31
169;280;31
169;281;31
169;282;31
169;283;31
169;284;31
169;285;31
169;286;31
169;287;31
169;288;31
169;289;31
169;290;31
169;291;31
169;292;31
169;293;31
169;294;31
169;295;31
169;296;31
169;297;31
169;298;31
169;299;21
169;300;21
169;301;21
169;302;21
169;303;21
169;304;21
169;305;21
169;306;21
169;307;21
169;308;21
169;309;21
169;310;21
169;311;21
169;312;21
169;313;21
169;314;21
169;315;21
169;316;21
169;317;21
169;318;21
169;319;21
169;320;21
169;321;21
169;322;21
169;323;21
169;324;21
169;325;30
169;326;30
169;327;30
169;328;30
169;329;30
169;330;37
169;331;37
169;332;37
169;333;37
169;334;37
169;335;37
169;336;37
169;337;37
169;338;37
169;339;37
169;340;37
169;341;37
169;342;37
169;343;37
169;344;37
169;345;37
169;346;37
169;347;41
169;348;41
169;349;41
169;350;41
169;351;41
169;352;41
169;353;41
169;354;41
169;355;41
169;356;41
169;357;41
169;358;41
169;359;41
169;360;41
169;361;41
169;362;41
169;363;41
169;364;41
169;365;41
169;366;41
169;367;41
169;368;41
169;369;41
169;370;41
169;371;41
169;372;41
169;373;41
169;374;41
169;375;41
169;376;12
169;377;12
169;378;12
169;379;12
169;380;12
169;381;12
169;382;12
169;383;12
169;384;12
169;385;12
169;386;12
169;387;12
169;388;12
169;389;12
169;390;12
169;391;12
169;392;12
169;393;12
169;394;12
169;395;12
169;396;12
169;397;12
169;398;12
169;399;12
169;400;12
169;401;12
169;402;12
169;403;12
169;404;12
169;405;12
169;406;12
169;407;12
169;408;12
169;409;12
169;410;12
169;411;12
169;412;12
169;413;21
169;414;21
169;415;21
169;416;21
169;417;21
169;418;21
169;419;21
169;420;21
169;421;21
169;422;21
169;423;14
169;424;14
169;425;14
169;426;14
169;427;14
169;428;14
169;429;14
169;430;14
169;431;14
169;432;14
169;433;14
169;434;14
169;435;14
169;436;14
169;437;14
169;438;14
169;439;14
169;440;14
169;441;14
169;442;14
169;443;14
169;444;14
169;445;14
169;446;14
169;447;14
169;448;14
169;449;14
169;450;14
169;451;14
169;452;14
169;453;14
169;454;3
169;455;3
169;456;3
169;457;3
169;458;3
169;459;3
169;460;3
169;461;3
169;462;3
169;463;3
169;464;3
169;465;3
169;466;3
169;467;3
169;468;3
169;469;3
169;470;22
169;471;22
169;472;22
169;473;22
169;474;22
169;475;22
169;476;22
169;477;22
169;478;22
169;479;22
169;480;22
169;481;22
169;482;5
169;483;5
169;484;5
169;485;5
169;486;5
169;487;5
169;488;5
169;489;5
169;490;5
169;491;5
169;492;5
169;493;5
169;494;5
169;495;5
169;496;5
169;497;5
169;498;5
169;499;5
170;0;21
170;1;21
170;2;21
170;3;21
170;4;21
170;5;21
170;6;21
170;7;21
170;8;21
170;9;21
170;10;21
170;11;21
170;12;2
170;13;2
170;14;2
170;15;2
170;16;2
170;17;2
170;18;2
170;19;2
170;20;2
170;21;2
170;22;2
170;23;2
170;24;2
170;25;2
170;26;2
170;27;2
170;28;2
170;29;2
170;30;2
170;31;2
170;32;2
170;33;2
170;34;2
170;35;42
170;36;42
170;37;42
170;38;42
170;39;42
170;40;42
170;41;42
170;42;42
170;43;42
170;44;42
170;45;42
170;46;42
170;47;42
170;48;42
170;49;42
170;50;42
170;51;42
170;52;42
170;53;42
170;54;42
170;55;42
170;56;42
170;57;42
170;58;42
170;59;42
170;60;42
170;61;42
170;62;42
170;63;42
170;64;42
170;65;42
170;66;42
170;67;42
170;68;42
170;69;42
170;70;42
170;71;42
170;72;42
170;73;17
170;74;17
170;75;17
170;76;17
170;77;17
170;78;17
170;79;17
170;80;17
170;81;17
170;82;17
170;83;17
170;84;17
170;85;17
170;86;17
170;87;17
170;88;27
170;89;27
170;90;27
170;91;27
170;92;27
170;93;27
170;94;27
170;95;27
170;96;27
170;97;27
170;98;27
170;99;27
170;100;27
170;101;27
170;102;27
170;103;27
170;104;27
170;105;27
170;106;27
170;107;27
170;108;27
170;109;27
170;110;27
170;111;27
170;112;27
170;113;27
170;114;27
170;115;27
170;116;27
170;117;27
170;118;27
170;119;27
170;120;4
170;121;4
170;122;4
170;123;4
170;124;45
170;125;45
170;126;45
170;127;45
170;128;45
170;129;45
170;130;45
170;131;45
170;132;45
170;133;45
170;134;45
170;135;45
170;136;45
170;137;45
170;138;45
170;139;45
170;140;45
170;141;45
170;142;45
170;143;45
170;144;45
170;145;45
170;146;45
170;147;45
170;148;45
170;149;45
170;150;45
170;151;45
170;152;45
170;153;45
170;154;45
170;155;45
170;156;8
170;157;8
170;158;8
170;159;8
170;160;8
170;161;8
170;162;8
170;163;8
170;164;8
170;165;8
170;166;8
170;167;8
170;168;8
170;169;32
170;170;32
170;171;32
170;172;32
170;173;32
170;174;32
170;175;32
170;176;32
170;177;32
170;178;32
170;179;43
170;180;43
170;181;43
170;182;43
170;183;43
170;184;43
170;185;43
170;186;43
170;187;43
170;188;43
170;189;33
170;190;33
170;191;33
170;192;33
170;193;33
170;194;33
170;195;33
170;196;33
170;197;33
170;198;33
170;199;33
170;200;33
170;201;33
170;202;33
170;203;33
170;204;33
170;205;33
170;206;33
170;207;33
170;208;33
170;209;33
170;210;33
170;211;33
170;212;33
170;213;33
170;214;33
170;215;33
170;216;33
170;217;33
170;218;33
170;219;33
170;220;33
170;221;33
170;222;33
170;223;33
170;224;33
170;225;33
170;226;33
170;227;33
170;228;33
170;229;33
170;230;33
170;231;33
170;232;33
170;233;47
170;234;47
170;235;47
170;236;47
170;237;47
170;238;47
170;239;47
170;240;47
170;241;47
170;242;47
170;243;47
170;244;47
170;245;47
170;246;47
170;247;47
170;248;3
170;249;3
170;250;3
170;251;3
170;252;3
170;253;3
170;254;3
170;255;3
170;256;3
170;257;3
170;258;3
170;259;3
170;260;3
170;261;3
170;262;3
170;263;3
170;264;3
170;265;3
170;266;3
170;267;3
170;268;3
170;269;3
170;270;11
170;271;44
170;272;44
170;273;44
170;274;44
170;275;44
170;276;44
170;277;44
170;278;44
170;279;31
170;280;31
170;281;31
170;282;31
170;283;31
170;284;31
170;285;31
170;286;31
170;287;31
170;288;31
170;289;31
170;290;31
170;291;31
170;292;31
170;293;31
170;294;31
170;295;31
170;296;31
170;297;31
170;298;31
170;299;31
170;300;21
170;301;21
170;302;21
170;303;21
170;304;21
170;305;21
170;306;21
170;307;21
170;308;21
170;309;21
170;310;21
170;311;21
170;312;21
170;313;21
170;314;21
170;315;21
170;316;21
170;317;21
170;318;21
170;319;21
170;320;21
170;321;21
170;322;21
170;323;21
170;324;21
170;325;30
170;326;30
170;327;30
170;328;30
170;329;30
170;330;37
170;331;37
170;332;37
170;333;37
170;334;37
170;335;37
170;336;37
170;337;37
170;338;37
170;339;37
170;340;37
170;341;37
170;342;37
170;343;37
170;344;37
170;345;37
170;346;37
170;347;37
170;348;41
170;349;41
170;350;41
170;351;41
170;352;41
170;353;41
170;354;41
170;355;41
170;356;41
170;357;41
170;358;41
170;359;41
170;360;41
170;361;41
170;362;41
170;363;41
170;364;41
170;365;41
170;366;41
170;367;41
170;368;41
170;369;41
170;370;41
170;371;41
170;372;41
170;373;41
170;374;41
170;375;41
170;376;12
170;377;12
170;378;12
170;379;12
170;380;12
170;381;12
170;382;12
170;383;12
170;384;12
170;385;12
170;386;12
170;387;12
170;388;12
170;389;12
170;390;12
170;391;12
170;392;12
170;393;12
170;394;12
170;395;12
170;396;12
170;397;12
170;398;12
170;399;12
170;400;12
170;401;12
170;402;12
170;403;12
170;404;12
170;405;12
170;406;12
170;407;12
170;408;12
170;409;12
170;410;12
170;411;12
170;412;12
170;413;12
170;414;21
170;415;21
170;416;21
170;417;21
170;418;21
170;419;21
170;420;21
170;421;21
170;422;21
170;423;21
170;424;14
170;425;14
170;426;14
170;427;14
170;428;14
170;429;14
170;430;14
170;431;14
170;432;14
170;433;14
170;434;14
170;435;14
170;436;14
170;437;14
170;438;14
170;439;14
170;440;14
170;441;14
170;442;14
170;443;14
170;444;14
170;445;14
170;446;14
170;447;14
170;448;14
170;449;14
170;450;14
170;451;14
170;452;14
170;453;14
170;454;3
170;455;3
170;456;3
170;457;3
170;458;3
170;459;3
170;460;3
170;461;3
170;462;3
170;463;3
170;464;3
170;465;3
170;466;3
170;467;3
170;468;3
170;469;3
170;470;22
170;471;22
170;472;22
170;473;22
170;474;22
170;475;22
170;476;22
170;477;22
170;478;22
170;479;22
170;480;22
170;481;5
170;482;5
170;483;5
170;484;5
170;485;5
170;486;5
170;487;5
170;488;5
170;489;5
170;490;5
170;491;5
170;492;5
170;493;5
170;494;5
170;495;5
170;496;5
170;497;5
170;498;5
170;499;5
171;0;41
171;1;21
171;2;21
171;3;21
171;4;21
171;5;21
171;6;21
171;7;21
171;8;21
171;9;21
171;10;21
171;11;21
171;12;21
171;13;21
171;14;2
171;15;2
171;16;2
171;17;2
171;18;2
171;19;2
171;20;2
171;21;2
171;22;2
171;23;2
171;24;2
171;25;2
171;26;2
171;27;2
171;28;2
171;29;2
171;30;2
171;31;2
171;32;2
171;33;2
171;34;2
171;35;42
171;36;42
171;37;42
171;38;42
171;39;42
171;40;42
171;41;42
171;42;42
171;43;42
171;44;42
171;45;42
171;46;42
171;47;42
171;48;42
171;49;42
171;50;42
171;51;42
171;52;42
171;53;42
171;54;42
171;55;42
171;56;42
171;57;42
171;58;42
171;59;42
171;60;42
171;61;42
171;62;42
171;63;42
171;64;42
171;65;42
171;66;42
171;67;42
171;68;42
171;69;42
171;70;42
171;71;42
171;72;42
171;73;17
171;74;17
171;75;17
171;76;17
171;77;17
171;78;17
171;79;17
171;80;17
171;81;17
171;82;17
171;83;17
171;84;17
171;85;17
171;86;17
171;87;17
171;88;17
171;89;27
171;90;27
171;91;27
171;92;27
171;93;27
171;94;27
171;95;27
171;96;27
171;97;27
171;98;27
171;99;27
171;100;27
171;101;27
171;102;27
171;103;27
171;104;27
171;105;27
171;106;27
171;107;27
171;108;27
171;109;27
171;110;27
171;111;27
171;112;27
171;113;27
171;114;27
171;115;27
171;116;27
171;117;27
171;118;27
171;119;4
171;120;4
171;121;4
171;122;4
171;123;4
171;124;4
171;125;45
171;126;45
171;127;45
171;128;45
171;129;45
171;130;45
171;131;45
171;132;45
171;133;45
171;134;45
171;135;45
171;136;45
171;137;45
171;138;45
171;139;45
171;140;45
171;141;45
171;142;45
171;143;45
171;144;45
171;145;45
171;146;45
171;147;45
171;148;45
171;149;8
171;150;8
171;151;8
171;152;8
171;153;8
171;154;8
171;155;8
171;156;8
171;157;8
171;158;8
171;159;8
171;160;8
171;161;8
171;162;8
171;163;8
171;164;8
171;165;8
171;166;8
171;167;8
171;168;8
171;169;8
171;170;8
171;171;32
171;172;32
171;173;32
171;174;32
171;175;32
171;176;32
171;177;32
171;178;43
171;179;43
171;180;43
171;181;43
171;182;43
171;183;43
171;184;43
171;185;43
171;186;43
171;187;43
171;188;43
171;189;43
171;190;43
171;191;33
171;192;33
171;193;33
171;194;33
171;195;33
171;196;33
171;197;33
171;198;33
171;199;33
171;200;33
171;201;33
171;202;33
171;203;33
171;204;33
171;205;33
171;206;33
171;207;33
171;208;33
171;209;33
171;210;33
171;211;33
171;212;33
171;213;33
171;214;33
171;215;33
171;216;33
171;217;33
171;218;33
171;219;33
171;220;33
171;221;33
171;222;33
171;223;33
171;224;33
171;225;33
171;226;33
171;227;33
171;228;33
171;229;33
171;230;33
171;231;33
171;232;33
171;233;33
171;234;47
171;235;47
171;236;47
171;237;47
171;238;47
171;239;47
171;240;47
171;241;47
171;242;47
171;243;47
171;244;47
171;245;47
171;246;47
171;247;3
171;248;3
171;249;3
171;250;3
171;251;3
171;252;3
171;253;3
171;254;3
171;255;3
171;256;3
171;257;3
171;258;3
171;259;3
171;260;3
171;261;3
171;262;3
171;263;3
171;264;3
171;265;3
171;266;3
171;267;3
171;268;3
171;269;3
171;270;3
171;271;44
171;272;44
171;273;44
171;274;44
171;275;44
171;276;44
171;277;44
171;278;44
171;279;31
171;280;31
171;281;31
171;282;31
171;283;31
171;284;31
171;285;31
171;286;31
171;287;31
171;288;31
171;289;31
171;290;31
171;291;31
171;292;31
171;293;31
171;294;31
171;295;31
171;296;31
171;297;31
171;298;31
171;299;31
171;300;21
171;301;21
171;302;21
171;303;21
171;304;21
171;305;21
171;306;21
171;307;21
171;308;21
171;309;21
171;310;21
171;311;21
171;312;21
171;313;21
171;314;21
171;315;21
171;316;21
171;317;21
171;318;21
171;319;21
171;320;21
171;321;21
171;322;21
171;323;21
171;324;21
171;325;30
171;326;30
171;327;30
171;328;30
171;329;30
171;330;30
171;331;37
171;332;37
171;333;37
171;334;37
171;335;37
171;336;37
171;337;37
171;338;37
171;339;37
171;340;37
171;341;37
171;342;37
171;343;37
171;344;37
171;345;37
171;346;37
171;347;37
171;348;37
171;349;41
171;350;41
171;351;41
171;352;41
171;353;41
171;354;41
171;355;41
171;356;41
171;357;41
171;358;41
171;359;41
171;360;41
171;361;41
171;362;41
171;363;41
171;364;41
171;365;41
171;366;41
171;367;41
171;368;41
171;369;41
171;370;41
171;371;41
171;372;41
171;373;41
171;374;41
171;375;41
171;376;41
171;377;12
171;378;12
171;379;12
171;380;12
171;381;12
171;382;12
171;383;12
171;384;12
171;385;12
171;386;12
171;387;12
171;388;12
171;389;12
171;390;12
171;391;12
171;392;12
171;393;12
171;394;12
171;395;12
171;396;12
171;397;12
171;398;12
171;399;12
171;400;12
171;401;12
171;402;12
171;403;12
171;404;12
171;405;12
171;406;12
171;407;12
171;408;12
171;409;12
171;410;12
171;411;12
171;412;12
171;413;12
171;414;12
171;415;21
171;416;21
171;417;21
171;418;21
171;419;21
171;420;21
171;421;21
171;422;21
171;423;21
171;424;14
171;425;14
171;426;14
171;427;14
171;428;14
171;429;14
171;430;14
171;431;14
171;432;14
171;433;14
171;434;14
171;435;14
171;436;14
171;437;14
171;438;14
171;439;14
171;440;14
171;441;14
171;442;14
171;443;14
171;444;14
171;445;14
171;446;14
171;447;14
171;448;14
171;449;14
171;450;14
171;451;14
171;452;14
171;453;14
171;454;3
171;455;3
171;456;3
171;457;3
171;458;3
171;459;3
171;460;3
171;461;3
171;462;3
171;463;3
171;464;3
171;465;3
171;466;3
171;467;3
171;468;3
171;469;3
171;470;3
171;471;22
171;472;22
171;473;22
171;474;22
171;475;22
171;476;22
171;477;22
171;478;22
171;479;22
171;480;22
171;481;5
171;482;5
171;483;5
171;484;5
171;485;5
171;486;5
171;487;5
171;488;5
171;489;5
171;490;5
171;491;5
171;492;5
171;493;5
171;494;5
171;495;5
171;496;5
171;497;5
171;498;5
171;499;5
172;0;41
172;1;41
172;2;21
172;3;21
172;4;21
172;5;21
172;6;21
172;7;21
172;8;21
172;9;21
172;10;21
172;11;21
172;12;21
172;13;21
172;14;21
172;15;21
172;16;21
172;17;21
172;18;21
172;19;21
172;20;21
172;21;21
172;22;21
172;23;21
172;24;21
172;25;21
172;26;21
172;27;21
172;28;21
172;29;21
172;30;21
172;31;21
172;32;21
172;33;39
172;34;39
172;35;42
172;36;42
172;37;42
172;38;42
172;39;42
172;40;42
172;41;42
172;42;42
172;43;42
172;44;42
172;45;42
172;46;42
172;47;42
172;48;42
172;49;42
172;50;42
172;51;42
172;52;42
172;53;42
172;54;42
172;55;42
172;56;42
172;57;42
172;58;42
172;59;42
172;60;42
172;61;42
172;62;42
172;63;42
172;64;42
172;65;42
172;66;42
172;67;42
172;68;42
172;69;42
172;70;42
172;71;42
172;72;42
172;73;17
172;74;17
172;75;17
172;76;17
172;77;17
172;78;17
172;79;17
172;80;17
172;81;17
172;82;17
172;83;17
172;84;17
172;85;17
172;86;17
172;87;17
172;88;17
172;89;17
172;90;27
172;91;27
172;92;27
172;93;27
172;94;27
172;95;27
172;96;27
172;97;27
172;98;27
172;99;27
172;100;27
172;101;27
172;102;27
172;103;27
172;104;27
172;105;27
172;106;27
172;107;27
172;108;27
172;109;27
172;110;27
172;111;27
172;112;27
172;113;27
172;114;27
172;115;27
172;116;27
172;117;27
172;118;4
172;119;4
172;120;4
172;121;4
172;122;4
172;123;4
172;124;4
172;125;4
172;126;45
172;127;45
172;128;45
172;129;45
172;130;45
172;131;45
172;132;45
172;133;45
172;134;45
172;135;45
172;136;45
172;137;45
172;138;45
172;139;45
172;140;45
172;141;45
172;142;45
172;143;45
172;144;45
172;145;45
172;146;45
172;147;45
172;148;8
172;149;8
172;150;8
172;151;8
172;152;8
172;153;8
172;154;8
172;155;8
172;156;8
172;157;8
172;158;8
172;159;8
172;160;8
172;161;8
172;162;8
172;163;8
172;164;8
172;165;8
172;166;8
172;167;8
172;168;8
172;169;8
172;170;8
172;171;8
172;172;8
172;173;8
172;174;8
172;175;8
172;176;32
172;177;43
172;178;43
172;179;43
172;180;43
172;181;43
172;182;43
172;183;43
172;184;43
172;185;43
172;186;43
172;187;43
172;188;43
172;189;43
172;190;43
172;191;43
172;192;43
172;193;33
172;194;33
172;195;33
172;196;33
172;197;33
172;198;33
172;199;33
172;200;33
172;201;33
172;202;33
172;203;33
172;204;33
172;205;33
172;206;33
172;207;33
172;208;33
172;209;33
172;210;33
172;211;33
172;212;33
172;213;33
172;214;33
172;215;33
172;216;33
172;217;33
172;218;33
172;219;33
172;220;33
172;221;33
172;222;33
172;223;33
172;224;33
172;225;33
172;226;33
172;227;33
172;228;33
172;229;33
172;230;33
172;231;33
172;232;33
172;233;33
172;234;47
172;235;47
172;236;47
172;237;47
172;238;47
172;239;47
172;240;47
172;241;47
172;242;47
172;243;47
172;244;47
172;245;47
172;246;3
172;247;3
172;248;3
172;249;3
172;250;3
172;251;3
172;252;3
172;253;3
172;254;3
172;255;3
172;256;3
172;257;3
172;258;3
172;259;3
172;260;3
172;261;3
172;262;3
172;263;3
172;264;3
172;265;3
172;266;3
172;267;3
172;268;3
172;269;3
172;270;3
172;271;44
172;272;44
172;273;44
172;274;44
172;275;44
172;276;44
172;277;44
172;278;44
172;279;31
172;280;31
172;281;31
172;282;31
172;283;31
172;284;31
172;285;31
172;286;31
172;287;31
172;288;31
172;289;31
172;290;31
172;291;31
172;292;31
172;293;31
172;294;31
172;295;31
172;296;31
172;297;31
172;298;31
172;299;31
172;300;31
172;301;21
172;302;21
172;303;21
172;304;21
172;305;21
172;306;21
172;307;21
172;308;21
172;309;21
172;310;21
172;311;21
172;312;21
172;313;21
172;314;21
172;315;21
172;316;21
172;317;21
172;318;21
172;319;21
172;320;21
172;321;21
172;322;21
172;323;21
172;324;21
172;325;30
172;326;30
172;327;30
172;328;30
172;329;30
172;330;30
172;331;37
172;332;37
172;333;37
172;334;37
172;335;37
172;336;37
172;337;37
172;338;37
172;339;37
172;340;37
172;341;37
172;342;37
172;343;37
172;344;37
172;345;37
172;346;37
172;347;37
172;348;37
172;349;37
172;350;41
172;351;41
172;352;41
172;353;41
172;354;41
172;355;41
172;356;41
172;357;41
172;358;41
172;359;41
172;360;41
172;361;41
172;362;41
172;363;41
172;364;41
172;365;41
172;366;41
172;367;41
172;368;41
172;369;41
172;370;41
172;371;41
172;372;41
172;373;41
172;374;41
172;375;41
172;376;41
172;377;12
172;378;12
172;379;12
172;380;12
172;381;12
172;382;12
172;383;12
172;384;12
172;385;12
172;386;12
172;387;12
172;388;12
172;389;12
172;390;12
172;391;12
172;392;12
172;393;12
172;394;12
172;395;12
172;396;12
172;397;12
172;398;12
172;399;12
172;400;12
172;401;12
172;402;12
172;403;12
172;404;12
172;405;12
172;406;12
172;407;12
172;408;12
172;409;12
172;410;12
172;411;12
172;412;12
172;413;12
172;414;12
172;415;12
172;416;21
172;417;21
172;418;21
172;419;21
172;420;21
172;421;21
172;422;21
172;423;21
172;424;21
172;425;14
172;426;14
172;427;14
172;428;14
172;429;14
172;430;14
172;431;14
172;432;14
172;433;14
172;434;14
172;435;14
172;436;14
172;437;14
172;438;14
172;439;14
172;440;14
172;441;14
172;442;14
172;443;14
172;444;14
172;445;14
172;446;14
172;447;14
172;448;14
172;449;14
172;450;14
172;451;14
172;452;14
172;453;14
172;454;3
172;455;3
172;456;3
172;457;3
172;458;3
172;459;3
172;460;3
172;461;3
172;462;3
172;463;3
172;464;3
172;465;3
172;466;3
172;467;3
172;468;3
172;469;3
172;470;3
172;471;22
172;472;22
172;473;22
172;474;22
172;475;22
172;476;22
172;477;22
172;478;22
172;479;22
172;480;22
172;481;5
172;482;5
172;483;5
172;484;5
172;485;5
172;486;5
172;487;5
172;488;5
172;489;5
172;490;5
172;491;5
172;492;5
172;493;5
172;494;5
172;495;5
172;496;5
172;497;5
172;498;5
172;499;5
173;0;41
173;1;41
173;2;41
173;3;21
173;4;21
173;5;21
173;6;21
173;7;21
173;8;21
173;9;21
173;10;21
173;11;21
173;12;21
173;13;21
173;14;21
173;15;21
173;16;21
173;17;21
173;18;21
173;19;21
173;20;21
173;21;21
173;22;21
173;23;21
173;24;21
173;25;21
173;26;21
173;27;21
173;28;21
173;29;21
173;30;21
173;31;21
173;32;21
173;33;21
173;34;39
173;35;39
173;36;39
173;37;42
173;38;42
173;39;42
173;40;42
173;41;42
173;42;42
173;43;42
173;44;42
173;45;42
173;46;42
173;47;42
173;48;42
173;49;42
173;50;42
173;51;42
173;52;42
173;53;42
173;54;42
173;55;42
173;56;42
173;57;42
173;58;42
173;59;42
173;60;42
173;61;42
173;62;42
173;63;42
173;64;42
173;65;42
173;66;42
173;67;42
173;68;42
173;69;42
173;70;42
173;71;42
173;72;42
173;73;17
173;74;17
173;75;17
173;76;17
173;77;17
173;78;17
173;79;17
173;80;17
173;81;17
173;82;17
173;83;17
173;84;17
173;85;17
173;86;17
173;87;17
173;88;17
173;89;17
173;90;17
173;91;27
173;92;27
173;93;27
173;94;27
173;95;27
173;96;27
173;97;27
173;98;27
173;99;27
173;100;27
173;101;27
173;102;27
173;103;27
173;104;27
173;105;27
173;106;27
173;107;27
173;108;27
173;109;27
173;110;27
173;111;27
173;112;27
173;113;27
173;114;27
173;115;27
173;116;27
173;117;4
173;118;4
173;119;4
173;120;4
173;121;4
173;122;4
173;123;4
173;124;4
173;125;4
173;126;4
173;127;45
173;128;45
173;129;45
173;130;45
173;131;45
173;132;45
173;133;45
173;134;45
173;135;45
173;136;45
173;137;45
173;138;45
173;139;45
173;140;45
173;141;45
173;142;45
173;143;45
173;144;45
173;145;45
173;146;45
173;147;8
173;148;8
173;149;8
173;150;8
173;151;8
173;152;8
173;153;8
173;154;8
173;155;8
173;156;8
173;157;8
173;158;8
173;159;8
173;160;8
173;161;8
173;162;8
173;163;8
173;164;8
173;165;8
173;166;8
173;167;8
173;168;8
173;169;8
173;170;8
173;171;8
173;172;8
173;173;8
173;174;8
173;175;8
173;176;8
173;177;43
173;178;43
173;179;43
173;180;43
173;181;43
173;182;43
173;183;43
173;184;43
173;185;43
173;186;43
173;187;43
173;188;43
173;189;43
173;190;43
173;191;43
173;192;43
173;193;43
173;194;43
173;195;33
173;196;33
173;197;33
173;198;33
173;199;33
173;200;33
173;201;33
173;202;33
173;203;33
173;204;33
173;205;33
173;206;33
173;207;33
173;208;33
173;209;33
173;210;33
173;211;33
173;212;33
173;213;33
173;214;33
173;215;33
173;216;33
173;217;33
173;218;33
173;219;33
173;220;33
173;221;33
173;222;33
173;223;33
173;224;33
173;225;33
173;226;33
173;227;33
173;228;33
173;229;33
173;230;33
173;231;33
173;232;33
173;233;33
173;234;33
173;235;47
173;236;47
173;237;47
173;238;47
173;239;47
173;240;47
173;241;47
173;242;47
173;243;47
173;244;47
173;245;3
173;246;3
173;247;3
173;248;3
173;249;3
173;250;3
173;251;3
173;252;3
173;253;3
173;254;3
173;255;3
173;256;3
173;257;3
173;258;3
173;259;3
173;260;3
173;261;3
173;262;3
173;263;3
173;264;3
173;265;3
173;266;3
173;267;3
173;268;3
173;269;3
173;270;3
173;271;44
173;272;44
173;273;44
173;274;44
173;275;44
173;276;44
173;277;44
173;278;44
173;279;44
173;280;31
173;281;31
173;282;31
173;283;31
173;284;31
173;285;31
173;286;31
173;287;31
173;288;31
173;289;31
173;290;31
173;291;31
173;292;31
173;293;31
173;294;31
173;295;31
173;296;31
173;297;31
173;298;31
173;299;31
173;300;31
173;301;21
173;302;21
173;303;21
173;304;21
173;305;21
173;306;21
173;307;21
173;308;21
173;309;21
173;310;21
173;311;21
173;312;21
173;313;21
173;314;21
173;315;21
173;316;21
173;317;21
173;318;21
173;319;21
173;320;21
173;321;21
173;322;21
173;323;21
173;324;21
173;325;30
173;326;30
173;327;30
173;328;30
173;329;30
173;330;30
173;331;30
173;332;37
173;333;37
173;334;37
173;335;37
173;336;37
173;337;37
173;338;37
173;339;37
173;340;37
173;341;37
173;342;37
173;343;37
173;344;37
173;345;37
173;346;37
173;347;37
173;348;37
173;349;37
173;350;37
173;351;41
173;352;41
173;353;41
173;354;41
173;355;41
173;356;41
173;357;41
173;358;41
173;359;41
173;360;41
173;361;41
173;362;41
173;363;41
173;364;41
173;365;41
173;366;41
173;367;41
173;368;41
173;369;41
173;370;41
173;371;41
173;372;41
173;373;41
173;374;41
173;375;41
173;376;41
173;377;41
173;378;12
173;379;12
173;380;12
173;381;12
173;382;12
173;383;12
173;384;12
173;385;12
173;386;12
173;387;12
173;388;12
173;389;12
173;390;12
173;391;12
173;392;12
173;393;12
173;394;12
173;395;12
173;396;12
173;397;12
173;398;12
173;399;12
173;400;12
173;401;12
173;402;12
173;403;12
173;404;12
173;405;12
173;406;12
173;407;12
173;408;12
173;409;12
173;410;12
173;411;12
173;412;12
173;413;12
173;414;12
173;415;12
173;416;12
173;417;21
173;418;21
173;419;21
173;420;21
173;421;21
173;422;21
173;423;21
173;424;21
173;425;14
173;426;14
173;427;14
173;428;14
173;429;14
173;430;14
173;431;14
173;432;14
173;433;14
173;434;14
173;435;14
173;436;14
173;437;14
173;438;14
173;439;14
173;440;14
173;441;14
173;442;14
173;443;14
173;444;14
173;445;14
173;446;14
173;447;14
173;448;14
173;449;14
173;450;14
173;451;14
173;452;14
173;453;14
173;454;3
173;455;3
173;456;3
173;457;3
173;458;3
173;459;3
173;460;3
173;461;3
173;462;3
173;463;3
173;464;3
173;465;3
173;466;3
173;467;3
173;468;3
173;469;3
173;470;3
173;471;22
173;472;22
173;473;22
173;474;22
173;475;22
173;476;22
173;477;22
173;478;22
173;479;22
173;480;22
173;481;5
173;482;5
173;483;5
173;484;5
173;485;5
173;486;5
173;487;5
173;488;5
173;489;5
173;490;5
173;491;5
173;492;5
173;493;5
173;494;5
173;495;5
173;496;5
173;497;5
173;498;5
173;499;5
174;0;41
174;1;41
174;2;41
174;3;41
174;4;21
174;5;21
174;6;21
174;7;21
174;8;21
174;9;21
174;10;21
174;11;21
174;12;21
174;13;21
174;14;21
174;15;21
174;16;21
174;17;21
174;18;21
174;19;21
174;20;21
174;21;21
174;22;21
174;23;21
174;24;21
174;25;21
174;26;21
174;27;21
174;28;21
174;29;21
174;30;21
174;31;21
174;32;21
174;33;21
174;34;21
174;35;39
174;36;39
174;37;39
174;38;39
174;39;42
174;40;42
174;41;42
174;42;42
174;43;42
174;44;42
174;45;42
174;46;42
174;47;42
174;48;42
174;49;42
174;50;42
174;51;42
174;52;42
174;53;42
174;54;42
174;55;42
174;56;42
174;57;42
174;58;42
174;59;42
174;60;42
174;61;42
174;62;42
174;63;42
174;64;42
174;65;42
174;66;42
174;67;42
174;68;42
174;69;42
174;70;42
174;71;42
174;72;42
174;73;17
174;74;17
174;75;17
174;76;17
174;77;17
174;78;17
174;79;17
174;80;17
174;81;17
174;82;17
174;83;17
174;84;17
174;85;17
174;86;17
174;87;17
174;88;17
174;89;17
174;90;17
174;91;27
174;92;27
174;93;27
174;94;27
174;95;27
174;96;27
174;97;27
174;98;27
174;99;27
174;100;27
174;101;27
174;102;27
174;103;27
174;104;27
174;105;27
174;106;27
174;107;27
174;108;27
174;109;27
174;110;27
174;111;27
174;112;27
174;113;27
174;114;27
174;115;27
174;116;4
174;117;4
174;118;4
174;119;4
174;120;4
174;121;4
174;122;4
174;123;4
174;124;4
174;125;4
174;126;4
174;127;4
174;128;45
174;129;45
174;130;45
174;131;45
174;132;45
174;133;45
174;134;45
174;135;45
174;136;45
174;137;45
174;138;45
174;139;45
174;140;45
174;141;45
174;142;45
174;143;45
174;144;45
174;145;45
174;146;8
174;147;8
174;148;8
174;149;8
174;150;8
174;151;8
174;152;8
174;153;8
174;154;8
174;155;8
174;156;8
174;157;8
174;158;8
174;159;8
174;160;8
174;161;8
174;162;8
174;163;8
174;164;8
174;165;8
174;166;8
174;167;8
174;168;8
174;169;8
174;170;8
174;171;8
174;172;8
174;173;8
174;174;8
174;175;8
174;176;8
174;177;8
174;178;43
174;179;43
174;180;43
174;181;43
174;182;43
174;183;43
174;184;43
174;185;43
174;186;43
174;187;43
174;188;43
174;189;43
174;190;43
174;191;43
174;192;43
174;193;43
174;194;43
174;195;43
174;196;43
174;197;33
174;198;33
174;199;33
174;200;33
174;201;33
174;202;33
174;203;33
174;204;33
174;205;33
174;206;33
174;207;33
174;208;33
174;209;33
174;210;33
174;211;33
174;212;33
174;213;33
174;214;33
174;215;33
174;216;33
174;217;33
174;218;33
174;219;33
174;220;33
174;221;33
174;222;33
174;223;33
174;224;33
174;225;33
174;226;33
174;227;33
174;228;33
174;229;33
174;230;33
174;231;33
174;232;33
174;233;33
174;234;33
174;235;47
174;236;47
174;237;47
174;238;47
174;239;47
174;240;47
174;241;47
174;242;47
174;243;47
174;244;3
174;245;3
174;246;3
174;247;3
174;248;3
174;249;3
174;250;3
174;251;3
174;252;3
174;253;3
174;254;3
174;255;3
174;256;3
174;257;3
174;258;3
174;259;3
174;260;3
174;261;3
174;262;3
174;263;3
174;264;3
174;265;3
174;266;3
174;267;3
174;268;3
174;269;3
174;270;3
174;271;44
174;272;44
174;273;44
174;274;44
174;275;44
174;276;44
174;277;44
174;278;44
174;279;44
174;280;31
174;281;31
174;282;31
174;283;31
174;284;31
174;285;31
174;286;31
174;287;31
174;288;31
174;289;31
174;290;31
174;291;31
174;292;31
174;293;31
174;294;31
174;295;31
174;296;31
174;297;31
174;298;31
174;299;31
174;300;31
174;301;31
174;302;21
174;303;21
174;304;21
174;305;21
174;306;21
174;307;21
174;308;21
174;309;21
174;310;21
174;311;21
174;312;21
174;313;21
174;314;21
174;315;21
174;316;21
174;317;21
174;318;21
174;319;21
174;320;21
174;321;21
174;322;21
174;323;21
174;324;21
174;325;30
174;326;30
174;327;30
174;328;30
174;329;30
174;330;30
174;331;30
174;332;37
174;333;37
174;334;37
174;335;37
174;336;37
174;337;37
174;338;37
174;339;37
174;340;37
174;341;37
174;342;37
174;343;37
174;344;37
174;345;37
174;346;37
174;347;37
174;348;37
174;349;37
174;350;37
174;351;37
174;352;41
174;353;41
174;354;41
174;355;41
174;356;41
174;357;41
174;358;41
174;359;41
174;360;41
174;361;41
174;362;41
174;363;41
174;364;41
174;365;41
174;366;41
174;367;41
174;368;41
174;369;41
174;370;41
174;371;41
174;372;41
174;373;41
174;374;41
174;375;41
174;376;41
174;377;41
174;378;12
174;379;12
174;380;12
174;381;12
174;382;12
174;383;12
174;384;12
174;385;12
174;386;12
174;387;12
174;388;12
174;389;12
174;390;12
174;391;12
174;392;12
174;393;12
174;394;12
174;395;12
174;396;12
174;397;12
174;398;12
174;399;12
174;400;12
174;401;12
174;402;12
174;403;12
174;404;12
174;405;12
174;406;12
174;407;12
174;408;12
174;409;12
174;410;12
174;411;12
174;412;12
174;413;12
174;414;12
174;415;12
174;416;12
174;417;12
174;418;21
174;419;21
174;420;21
174;421;21
174;422;21
174;423;21
174;424;21
174;425;14
174;426;14
174;427;14
174;428;14
174;429;14
174;430;14
174;431;14
174;432;14
174;433;14
174;434;14
174;435;14
174;436;14
174;437;14
174;438;14
174;439;14
174;440;14
174;441;14
174;442;14
174;443;14
174;444;14
174;445;14
174;446;14
174;447;14
174;448;14
174;449;14
174;450;14
174;451;14
174;452;14
174;453;14
174;454;3
174;455;3
174;456;3
174;457;3
174;458;3
174;459;3
174;460;3
174;461;3
174;462;3
174;463;3
174;464;3
174;465;3
174;466;3
174;467;3
174;468;3
174;469;3
174;470;3
174;471;22
174;472;22
174;473;22
174;474;22
174;475;22
174;476;22
174;477;22
174;478;22
174;479;22
174;480;22
174;481;5
174;482;5
174;483;5
174;484;5
174;485;5
174;486;5
174;487;5
174;488;5
174;489;5
174;490;5
174;491;5
174;492;5
174;493;5
174;494;5
174;495;5
174;496;5
174;497;5
174;498;5
174;499;5
175;0;41
175;1;41
175;2;41
175;3;41
175;4;41
175;5;21
175;6;21
175;7;21
175;8;21
175;9;21
175;10;21
175;11;21
175;12;21
175;13;21
175;14;21
175;15;21
175;16;21
175;17;21
175;18;21
175;19;21
175;20;21
175;21;21
175;22;21
175;23;21
175;24;21
175;25;21
175;26;21
175;27;21
175;28;21
175;29;21
175;30;21
175;31;21
175;32;21
175;33;21
175;34;21
175;35;21
175;36;39
175;37;39
175;38;39
175;39;39
175;40;39
175;41;42
175;42;42
175;43;42
175;44;42
175;45;42
175;46;42
175;47;42
175;48;42
175;49;42
175;50;42
175;51;42
175;52;42
175;53;42
175;54;42
175;55;42
175;56;42
175;57;42
175;58;42
175;59;42
175;60;42
175;61;42
175;62;42
175;63;42
175;64;42
175;65;42
175;66;42
175;67;42
175;68;42
175;69;42
175;70;42
175;71;42
175;72;42
175;73;42
175;74;17
175;75;17
175;76;17
175;77;17
175;78;17
175;79;17
175;80;17
175;81;17
175;82;17
175;83;17
175;84;17
175;85;17
175;86;17
175;87;17
175;88;17
175;89;17
175;90;17
175;91;17
175;92;27
175;93;27
175;94;27
175;95;27
175;96;27
175;97;27
175;98;27
175;99;27
175;100;27
175;101;27
175;102;27
175;103;27
175;104;27
175;105;27
175;106;27
175;107;27
175;108;27
175;109;27
175;110;27
175;111;27
175;112;27
175;113;27
175;114;27
175;115;4
175;116;4
175;117;4
175;118;4
175;119;4
175;120;4
175;121;4
175;122;4
175;123;4
175;124;4
175;125;4
175;126;4
175;127;4
175;128;4
175;129;45
175;130;45
175;131;45
175;132;45
175;133;45
175;134;45
175;135;45
175;136;45
175;137;45
175;138;45
175;139;45
175;140;45
175;141;45
175;142;45
175;143;45
175;144;45
175;145;8
175;146;8
175;147;8
175;148;8
175;149;8
175;150;8
175;151;8
175;152;8
175;153;8
175;154;8
175;155;8
175;156;8
175;157;8
175;158;8
175;159;8
175;160;8
175;161;8
175;162;8
175;163;8
175;164;8
175;165;8
175;166;8
175;167;8
175;168;8
175;169;8
175;170;8
175;171;8
175;172;8
175;173;8
175;174;8
175;175;8
175;176;8
175;177;8
175;178;43
175;179;43
175;180;43
175;181;43
175;182;43
175;183;43
175;184;43
175;185;43
175;186;43
175;187;43
175;188;43
175;189;43
175;190;43
175;191;43
175;192;43
175;193;43
175;194;43
175;195;43
175;196;43
175;197;43
175;198;43
175;199;33
175;200;33
175;201;33
175;202;33
175;203;33
175;204;33
175;205;33
175;206;33
175;207;33
175;208;33
175;209;33
175;210;33
175;211;33
175;212;33
175;213;33
175;214;33
175;215;33
175;216;33
175;217;33
175;218;33
175;219;33
175;220;33
175;221;33
175;222;33
175;223;33
175;224;33
175;225;33
175;226;33
175;227;33
175;228;33
175;229;33
175;230;33
175;231;33
175;232;33
175;233;33
175;234;33
175;235;33
175;236;47
175;237;47
175;238;47
175;239;47
175;240;47
175;241;47
175;242;47
175;243;3
175;244;3
175;245;3
175;246;3
175;247;3
175;248;3
175;249;3
175;250;3
175;251;3
175;252;3
175;253;3
175;254;3
175;255;3
175;256;3
175;257;3
175;258;3
175;259;3
175;260;3
175;261;3
175;262;3
175;263;3
175;264;3
175;265;3
175;266;3
175;267;3
175;268;3
175;269;3
175;270;3
175;271;44
175;272;44
175;273;44
175;274;44
175;275;44
175;276;44
175;277;44
175;278;44
175;279;44
175;280;44
175;281;31
175;282;31
175;283;31
175;284;31
175;285;31
175;286;31
175;287;31
175;288;31
175;289;31
175;290;31
175;291;31
175;292;31
175;293;31
175;294;31
175;295;31
175;296;31
175;297;31
175;298;31
175;299;31
175;300;31
175;301;31
175;302;21
175;303;21
175;304;21
175;305;21
175;306;21
175;307;21
175;308;21
175;309;21
175;310;21
175;311;21
175;312;21
175;313;21
175;314;21
175;315;21
175;316;21
175;317;21
175;318;21
175;319;21
175;320;21
175;321;21
175;322;21
175;323;21
175;324;21
175;325;30
175;326;30
175;327;30
175;328;30
175;329;30
175;330;30
175;331;30
175;332;30
175;333;37
175;334;37
175;335;37
175;336;37
175;337;37
175;338;37
175;339;37
175;340;37
175;341;37
175;342;37
175;343;37
175;344;37
175;345;37
175;346;37
175;347;37
175;348;37
175;349;37
175;350;37
175;351;37
175;352;37
175;353;41
175;354;41
175;355;41
175;356;41
175;357;41
175;358;41
175;359;41
175;360;41
175;361;41
175;362;41
175;363;41
175;364;41
175;365;41
175;366;41
175;367;41
175;368;41
175;369;41
175;370;41
175;371;41
175;372;41
175;373;41
175;374;41
175;375;41
175;376;41
175;377;41
175;378;41
175;379;12
175;380;12
175;381;12
175;382;12
175;383;12
175;384;12
175;385;12
175;386;12
175;387;12
175;388;12
175;389;12
175;390;12
175;391;12
175;392;12
175;393;12
175;394;12
175;395;12
175;396;12
175;397;12
175;398;12
175;399;12
175;400;12
175;401;12
175;402;12
175;403;12
175;404;12
175;405;12
175;406;12
175;407;12
175;408;12
175;409;12
175;410;12
175;411;12
175;412;12
175;413;12
175;414;12
175;415;12
175;416;12
175;417;12
175;418;12
175;419;21
175;420;21
175;421;21
175;422;21
175;423;21
175;424;21
175;425;14
175;426;14
175;427;14
175;428;14
175;429;14
175;430;14
175;431;14
175;432;14
175;433;14
175;434;14
175;435;14
175;436;14
175;437;14
175;438;14
175;439;14
175;440;14
175;441;14
175;442;14
175;443;14
175;444;14
175;445;14
175;446;14
175;447;14
175;448;14
175;449;14
175;450;14
175;451;14
175;452;14
175;453;14
175;454;3
175;455;3
175;456;3
175;457;3
175;458;3
175;459;3
175;460;3
175;461;3
175;462;3
175;463;3
175;464;3
175;465;3
175;466;3
175;467;3
175;468;3
175;469;3
175;470;3
175;471;22
175;472;22
175;473;22
175;474;22
175;475;22
175;476;22
175;477;22
175;478;22
175;479;22
175;480;22
175;481;5
175;482;5
175;483;5
175;484;5
175;485;5
175;486;5
175;487;5
175;488;5
175;489;5
175;490;5
175;491;5
175;492;5
175;493;5
175;494;5
175;495;5
175;496;5
175;497;5
175;498;5
175;499;5
176;0;41
176;1;41
176;2;41
176;3;41
176;4;41
176;5;41
176;6;21
176;7;21
176;8;21
176;9;21
176;10;21
176;11;21
176;12;21
176;13;21
176;14;21
176;15;21
176;16;21
176;17;21
176;18;21
176;19;21
176;20;21
176;21;21
176;22;21
176;23;21
176;24;21
176;25;21
176;26;21
176;27;21
176;28;21
176;29;21
176;30;21
176;31;21
176;32;21
176;33;21
176;34;21
176;35;21
176;36;21
176;37;39
176;38;39
176;39;39
176;40;39
176;41;39
176;42;39
176;43;42
176;44;42
176;45;42
176;46;42
176;47;42
176;48;42
176;49;42
176;50;42
176;51;42
176;52;42
176;53;42
176;54;42
176;55;42
176;56;42
176;57;42
176;58;42
176;59;42
176;60;42
176;61;42
176;62;42
176;63;42
176;64;42
176;65;42
176;66;42
176;67;42
176;68;42
176;69;42
176;70;42
176;71;42
176;72;42
176;73;42
176;74;17
176;75;17
176;76;17
176;77;17
176;78;17
176;79;17
176;80;17
176;81;17
176;82;17
176;83;17
176;84;17
176;85;17
176;86;17
176;87;17
176;88;17
176;89;17
176;90;17
176;91;17
176;92;17
176;93;27
176;94;27
176;95;27
176;96;27
176;97;27
176;98;27
176;99;27
176;100;27
176;101;27
176;102;27
176;103;27
176;104;27
176;105;27
176;106;27
176;107;27
176;108;27
176;109;27
176;110;27
176;111;27
176;112;27
176;113;27
176;114;4
176;115;4
176;116;4
176;117;4
176;118;4
176;119;4
176;120;4
176;121;4
176;122;4
176;123;4
176;124;4
176;125;4
176;126;4
176;127;4
176;128;4
176;129;4
176;130;45
176;131;45
176;132;45
176;133;45
176;134;45
176;135;45
176;136;45
176;137;45
176;138;45
176;139;45
176;140;45
176;141;45
176;142;45
176;143;45
176;144;8
176;145;8
176;146;8
176;147;8
176;148;8
176;149;8
176;150;8
176;151;8
176;152;8
176;153;8
176;154;8
176;155;8
176;156;8
176;157;8
176;158;8
176;159;8
176;160;8
176;161;8
176;162;8
176;163;8
176;164;8
176;165;8
176;166;8
176;167;8
176;168;8
176;169;8
176;170;8
176;171;8
176;172;8
176;173;8
176;174;8
176;175;8
176;176;8
176;177;8
176;178;8
176;179;43
176;180;43
176;181;43
176;182;43
176;183;43
176;184;43
176;185;43
176;186;43
176;187;43
176;188;43
176;189;43
176;190;43
176;191;43
176;192;43
176;193;43
176;194;43
176;195;43
176;196;43
176;197;43
176;198;43
176;199;43
176;200;43
176;201;33
176;202;33
176;203;33
176;204;33
176;205;33
176;206;33
176;207;33
176;208;33
176;209;33
176;210;33
176;211;33
176;212;33
176;213;33
176;214;33
176;215;33
176;216;33
176;217;33
176;218;33
176;219;33
176;220;33
176;221;33
176;222;33
176;223;33
176;224;33
176;225;33
176;226;33
176;227;33
176;228;33
176;229;33
176;230;33
176;231;33
176;232;33
176;233;33
176;234;33
176;235;33
176;236;47
176;237;47
176;238;47
176;239;47
176;240;47
176;241;47
176;242;47
176;243;3
176;244;3
176;245;3
176;246;3
176;247;3
176;248;3
176;249;3
176;250;3
176;251;3
176;252;3
176;253;3
176;254;3
176;255;3
176;256;3
176;257;3
176;258;3
176;259;3
176;260;3
176;261;3
176;262;3
176;263;3
176;264;3
176;265;3
176;266;3
176;267;3
176;268;3
176;269;3
176;270;3
176;271;44
176;272;44
176;273;44
176;274;44
176;275;44
176;276;44
176;277;44
176;278;44
176;279;44
176;280;44
176;281;31
176;282;31
176;283;31
176;284;31
176;285;31
176;286;31
176;287;31
176;288;31
176;289;31
176;290;31
176;291;31
176;292;31
176;293;31
176;294;31
176;295;31
176;296;31
176;297;31
176;298;31
176;299;31
176;300;31
176;301;31
176;302;31
176;303;21
176;304;21
176;305;21
176;306;21
176;307;21
176;308;21
176;309;21
176;310;21
176;311;21
176;312;21
176;313;21
176;314;21
176;315;21
176;316;21
176;317;21
176;318;21
176;319;21
176;320;21
176;321;21
176;322;21
176;323;21
176;324;21
176;325;30
176;326;30
176;327;30
176;328;30
176;329;30
176;330;30
176;331;30
176;332;30
176;333;37
176;334;37
176;335;37
176;336;37
176;337;37
176;338;37
176;339;37
176;340;37
176;341;37
176;342;37
176;343;37
176;344;37
176;345;37
176;346;37
176;347;37
176;348;37
176;349;37
176;350;37
176;351;37
176;352;37
176;353;37
176;354;41
176;355;41
176;356;41
176;357;41
176;358;41
176;359;41
176;360;41
176;361;41
176;362;41
176;363;41
176;364;41
176;365;41
176;366;41
176;367;41
176;368;41
176;369;41
176;370;41
176;371;41
176;372;41
176;373;41
176;374;41
176;375;41
176;376;41
176;377;41
176;378;41
176;379;12
176;380;12
176;381;12
176;382;12
176;383;12
176;384;12
176;385;12
176;386;12
176;387;12
176;388;12
176;389;12
176;390;12
176;391;12
176;392;12
176;393;12
176;394;12
176;395;12
176;396;12
176;397;12
176;398;12
176;399;12
176;400;12
176;401;12
176;402;12
176;403;12
176;404;12
176;405;12
176;406;12
176;407;12
176;408;12
176;409;12
176;410;12
176;411;12
176;412;12
176;413;12
176;414;12
176;415;12
176;416;12
176;417;12
176;418;12
176;419;12
176;420;21
176;421;21
176;422;21
176;423;21
176;424;21
176;425;14
176;426;14
176;427;14
176;428;14
176;429;14
176;430;14
176;431;14
176;432;14
176;433;14
176;434;14
176;435;14
176;436;14
176;437;14
176;438;14
176;439;14
176;440;14
176;441;14
176;442;14
176;443;14
176;444;14
176;445;14
176;446;14
176;447;14
176;448;14
176;449;14
176;450;14
176;451;14
176;452;14
176;453;14
176;454;3
176;455;3
176;456;3
176;457;3
176;458;3
176;459;3
176;460;3
176;461;3
176;462;3
176;463;3
176;464;3
176;465;3
176;466;3
176;467;3
176;468;3
176;469;3
176;470;3
176;471;22
176;472;22
176;473;22
176;474;22
176;475;22
176;476;22
176;477;22
176;478;22
176;479;22
176;480;22
176;481;5
176;482;5
176;483;5
176;484;5
176;485;5
176;486;5
176;487;5
176;488;5
176;489;5
176;490;5
176;491;5
176;492;5
176;493;5
176;494;5
176;495;5
176;496;5
176;497;5
176;498;5
176;499;5
177;0;41
177;1;41
177;2;41
177;3;41
177;4;41
177;5;41
177;6;41
177;7;21
177;8;21
177;9;21
177;10;21
177;11;21
177;12;21
177;13;21
177;14;21
177;15;21
177;16;21
177;17;21
177;18;21
177;19;21
177;20;21
177;21;21
177;22;21
177;23;21
177;24;21
177;25;21
177;26;21
177;27;21
177;28;21
177;29;21
177;30;21
177;31;21
177;32;21
177;33;21
177;34;21
177;35;21
177;36;21
177;37;21
177;38;39
177;39;39
177;40;39
177;41;39
177;42;39
177;43;39
177;44;39
177;45;42
177;46;42
177;47;42
177;48;42
177;49;42
177;50;42
177;51;42
177;52;42
177;53;42
177;54;42
177;55;42
177;56;42
177;57;42
177;58;42
177;59;42
177;60;42
177;61;42
177;62;42
177;63;42
177;64;42
177;65;42
177;66;42
177;67;42
177;68;42
177;69;42
177;70;42
177;71;42
177;72;42
177;73;42
177;74;17
177;75;17
177;76;17
177;77;17
177;78;17
177;79;17
177;80;17
177;81;17
177;82;17
177;83;17
177;84;17
177;85;17
177;86;17
177;87;17
177;88;17
177;89;17
177;90;17
177;91;17
177;92;17
177;93;17
177;94;27
177;95;27
177;96;27
177;97;27
177;98;27
177;99;27
177;100;27
177;101;27
177;102;27
177;103;27
177;104;27
177;105;27
177;106;27
177;107;27
177;108;27
177;109;27
177;110;27
177;111;27
177;112;27
177;113;4
177;114;4
177;115;4
177;116;4
177;117;4
177;118;4
177;119;4
177;120;4
177;121;4
177;122;4
177;123;4
177;124;4
177;125;4
177;126;4
177;127;4
177;128;4
177;129;4
177;130;4
177;131;4
177;132;45
177;133;45
177;134;45
177;135;45
177;136;45
177;137;45
177;138;45
177;139;45
177;140;45
177;141;45
177;142;45
177;143;8
177;144;8
177;145;8
177;146;8
177;147;8
177;148;8
177;149;8
177;150;8
177;151;8
177;152;8
177;153;8
177;154;8
177;155;8
177;156;8
177;157;8
177;158;8
177;159;8
177;160;8
177;161;8
177;162;8
177;163;8
177;164;8
177;165;8
177;166;8
177;167;8
177;168;8
177;169;8
177;170;8
177;171;8
177;172;8
177;173;8
177;174;8
177;175;8
177;176;8
177;177;8
177;178;8
177;179;43
177;180;43
177;181;43
177;182;43
177;183;43
177;184;43
177;185;43
177;186;43
177;187;43
177;188;43
177;189;43
177;190;43
177;191;43
177;192;43
177;193;43
177;194;43
177;195;43
177;196;43
177;197;43
177;198;43
177;199;43
177;200;43
177;201;43
177;202;43
177;203;33
177;204;33
177;205;33
177;206;33
177;207;33
177;208;33
177;209;33
177;210;33
177;211;33
177;212;33
177;213;33
177;214;33
177;215;33
177;216;33
177;217;33
177;218;33
177;219;33
177;220;33
177;221;33
177;222;33
177;223;33
177;224;33
177;225;33
177;226;33
177;227;33
177;228;33
177;229;33
177;230;33
177;231;33
177;232;33
177;233;33
177;234;33
177;235;33
177;236;33
177;237;47
177;238;47
177;239;47
177;240;47
177;241;47
177;242;47
177;243;3
177;244;3
177;245;3
177;246;3
177;247;3
177;248;3
177;249;3
177;250;3
177;251;3
177;252;3
177;253;3
177;254;3
177;255;3
177;256;3
177;257;3
177;258;3
177;259;3
177;260;3
177;261;3
177;262;3
177;263;3
177;264;3
177;265;3
177;266;3
177;267;3
177;268;3
177;269;3
177;270;3
177;271;44
177;272;44
177;273;44
177;274;44
177;275;44
177;276;44
177;277;44
177;278;44
177;279;44
177;280;44
177;281;44
177;282;31
177;283;31
177;284;31
177;285;31
177;286;31
177;287;31
177;288;31
177;289;31
177;290;31
177;291;31
177;292;31
177;293;31
177;294;31
177;295;31
177;296;31
177;297;31
177;298;31
177;299;31
177;300;31
177;301;31
177;302;31
177;303;21
177;304;21
177;305;21
177;306;21
177;307;21
177;308;21
177;309;21
177;310;21
177;311;21
177;312;21
177;313;21
177;314;21
177;315;21
177;316;21
177;317;21
177;318;21
177;319;21
177;320;21
177;321;21
177;322;21
177;323;21
177;324;21
177;325;30
177;326;30
177;327;30
177;328;30
177;329;30
177;330;30
177;331;30
177;332;30
177;333;30
177;334;37
177;335;37
177;336;37
177;337;37
177;338;37
177;339;37
177;340;37
177;341;37
177;342;37
177;343;37
177;344;37
177;345;37
177;346;37
177;347;37
177;348;37
177;349;37
177;350;37
177;351;37
177;352;37
177;353;37
177;354;37
177;355;41
177;356;41
177;357;41
177;358;41
177;359;41
177;360;41
177;361;41
177;362;41
177;363;41
177;364;41
177;365;41
177;366;41
177;367;41
177;368;41
177;369;41
177;370;41
177;371;41
177;372;41
177;373;41
177;374;41
177;375;41
177;376;41
177;377;41
177;378;41
177;379;41
177;380;12
177;381;12
177;382;12
177;383;12
177;384;12
177;385;12
177;386;12
177;387;12
177;388;12
177;389;12
177;390;12
177;391;12
177;392;12
177;393;12
177;394;12
177;395;12
177;396;12
177;397;12
177;398;12
177;399;12
177;400;12
177;401;12
177;402;12
177;403;12
177;404;12
177;405;12
177;406;12
177;407;12
177;408;12
177;409;12
177;410;12
177;411;12
177;412;12
177;413;12
177;414;12
177;415;12
177;416;12
177;417;12
177;418;12
177;419;12
177;420;12
177;421;21
177;422;21
177;423;21
177;424;21
177;425;14
177;426;14
177;427;14
177;428;14
177;429;14
177;430;14
177;431;14
177;432;14
177;433;14
177;434;14
177;435;14
177;436;14
177;437;14
177;438;14
177;439;14
177;440;14
177;441;14
177;442;14
177;443;14
177;444;14
177;445;14
177;446;14
177;447;14
177;448;14
177;449;14
177;450;14
177;451;14
177;452;14
177;453;14
177;454;3
177;455;3
177;456;3
177;457;3
177;458;3
177;459;3
177;460;3
177;461;3
177;462;3
177;463;3
177;464;3
177;465;3
177;466;3
177;467;3
177;468;3
177;469;3
177;470;3
177;471;22
177;472;22
177;473;22
177;474;22
177;475;22
177;476;22
177;477;22
177;478;22
177;479;22
177;480;22
177;481;5
177;482;5
177;483;5
177;484;5
177;485;5
177;486;5
177;487;5
177;488;5
177;489;5
177;490;5
177;491;5
177;492;5
177;493;5
177;494;5
177;495;5
177;496;5
177;497;5
177;498;5
177;499;5
178;0;41
178;1;41
178;2;41
178;3;41
178;4;41
178;5;41
178;6;41
178;7;41
178;8;21
178;9;21
178;10;21
178;11;21
178;12;21
178;13;21
178;14;21
178;15;21
178;16;21
178;17;21
178;18;21
178;19;21
178;20;21
178;21;21
178;22;21
178;23;21
178;24;21
178;25;21
178;26;21
178;27;21
178;28;21
178;29;21
178;30;21
178;31;21
178;32;21
178;33;21
178;34;21
178;35;21
178;36;21
178;37;21
178;38;21
178;39;39
178;40;39
178;41;39
178;42;39
178;43;39
178;44;39
178;45;39
178;46;39
178;47;42
178;48;42
178;49;42
178;50;42
178;51;42
178;52;42
178;53;42
178;54;42
178;55;42
178;56;42
178;57;42
178;58;42
178;59;42
178;60;42
178;61;42
178;62;42
178;63;42
178;64;42
178;65;42
178;66;42
178;67;42
178;68;42
178;69;42
178;70;42
178;71;42
178;72;42
178;73;42
178;74;17
178;75;17
178;76;17
178;77;17
178;78;17
178;79;17
178;80;17
178;81;17
178;82;17
178;83;17
178;84;17
178;85;17
178;86;17
178;87;17
178;88;17
178;89;17
178;90;17
178;91;17
178;92;17
178;93;17
178;94;17
178;95;27
178;96;27
178;97;27
178;98;27
178;99;27
178;100;27
178;101;27
178;102;27
178;103;27
178;104;27
178;105;27
178;106;27
178;107;27
178;108;27
178;109;27
178;110;27
178;111;27
178;112;4
178;113;4
178;114;4
178;115;4
178;116;4
178;117;4
178;118;4
178;119;4
178;120;4
178;121;4
178;122;4
178;123;4
178;124;4
178;125;4
178;126;4
178;127;4
178;128;4
178;129;4
178;130;4
178;131;4
178;132;4
178;133;4
178;134;45
178;135;45
178;136;45
178;137;45
178;138;45
178;139;45
178;140;45
178;141;45
178;142;8
178;143;8
178;144;8
178;145;8
178;146;8
178;147;8
178;148;8
178;149;8
178;150;8
178;151;8
178;152;8
178;153;8
178;154;8
178;155;8
178;156;8
178;157;8
178;158;8
178;159;8
178;160;8
178;161;8
178;162;8
178;163;8
178;164;8
178;165;8
178;166;8
178;167;8
178;168;8
178;169;8
178;170;8
178;171;8
178;172;8
178;173;8
178;174;8
178;175;8
178;176;8
178;177;8
178;178;8
178;179;8
178;180;43
178;181;43
178;182;43
178;183;43
178;184;43
178;185;43
178;186;43
178;187;43
178;188;43
178;189;43
178;190;43
178;191;43
178;192;43
178;193;43
178;194;43
178;195;43
178;196;43
178;197;43
178;198;43
178;199;43
178;200;43
178;201;43
178;202;43
178;203;43
178;204;33
178;205;33
178;206;33
178;207;33
178;208;33
178;209;33
178;210;33
178;211;33
178;212;33
178;213;33
178;214;33
178;215;33
178;216;33
178;217;33
178;218;33
178;219;33
178;220;33
178;221;33
178;222;33
178;223;33
178;224;33
178;225;33
178;226;33
178;227;33
178;228;33
178;229;33
178;230;33
178;231;33
178;232;33
178;233;33
178;234;33
178;235;33
178;236;33
178;237;47
178;238;47
178;239;47
178;240;47
178;241;47
178;242;47
178;243;3
178;244;3
178;245;3
178;246;3
178;247;3
178;248;3
178;249;3
178;250;3
178;251;3
178;252;3
178;253;3
178;254;3
178;255;3
178;256;3
178;257;3
178;258;3
178;259;3
178;260;3
178;261;3
178;262;3
178;263;3
178;264;3
178;265;3
178;266;3
178;267;3
178;268;3
178;269;3
178;270;3
178;271;44
178;272;44
178;273;44
178;274;44
178;275;44
178;276;44
178;277;44
178;278;44
178;279;44
178;280;44
178;281;44
178;282;31
178;283;31
178;284;31
178;285;31
178;286;31
178;287;31
178;288;31
178;289;31
178;290;31
178;291;31
178;292;31
178;293;31
178;294;31
178;295;31
178;296;31
178;297;31
178;298;31
178;299;31
178;300;31
178;301;31
178;302;31
178;303;31
178;304;21
178;305;21
178;306;21
178;307;21
178;308;21
178;309;21
178;310;21
178;311;21
178;312;21
178;313;21
178;314;21
178;315;21
178;316;21
178;317;21
178;318;21
178;319;21
178;320;21
178;321;21
178;322;21
178;323;21
178;324;21
178;325;30
178;326;30
178;327;30
178;328;30
178;329;30
178;330;30
178;331;30
178;332;30
178;333;30
178;334;37
178;335;37
178;336;37
178;337;37
178;338;37
178;339;37
178;340;37
178;341;37
178;342;37
178;343;37
178;344;37
178;345;37
178;346;37
178;347;37
178;348;37
178;349;37
178;350;37
178;351;37
178;352;37
178;353;37
178;354;37
178;355;37
178;356;41
178;357;41
178;358;41
178;359;41
178;360;41
178;361;41
178;362;41
178;363;41
178;364;41
178;365;41
178;366;41
178;367;41
178;368;41
178;369;41
178;370;41
178;371;41
178;372;41
178;373;41
178;374;41
178;375;41
178;376;41
178;377;41
178;378;41
178;379;48
178;380;48
178;381;12
178;382;12
178;383;12
178;384;12
178;385;12
178;386;12
178;387;12
178;388;12
178;389;12
178;390;12
178;391;12
178;392;12
178;393;12
178;394;12
178;395;12
178;396;12
178;397;12
178;398;12
178;399;12
178;400;12
178;401;12
178;402;12
178;403;12
178;404;12
178;405;12
178;406;12
178;407;12
178;408;12
178;409;12
178;410;12
178;411;12
178;412;12
178;413;12
178;414;12
178;415;12
178;416;12
178;417;12
178;418;12
178;419;12
178;420;12
178;421;12
178;422;21
178;423;21
178;424;21
178;425;14
178;426;14
178;427;14
178;428;14
178;429;14
178;430;14
178;431;14
178;432;14
178;433;14
178;434;14
178;435;14
178;436;14
178;437;14
178;438;14
178;439;14
178;440;14
178;441;14
178;442;14
178;443;14
178;444;14
178;445;14
178;446;14
178;447;14
178;448;14
178;449;14
178;450;14
178;451;14
178;452;14
178;453;14
178;454;3
178;455;3
178;456;3
178;457;3
178;458;3
178;459;3
178;460;3
178;461;3
178;462;3
178;463;3
178;464;3
178;465;3
178;466;3
178;467;3
178;468;3
178;469;3
178;470;3
178;471;22
178;472;22
178;473;22
178;474;22
178;475;22
178;476;22
178;477;22
178;478;22
178;479;22
178;480;22
178;481;5
178;482;5
178;483;5
178;484;5
178;485;5
178;486;5
178;487;5
178;488;5
178;489;5
178;490;5
178;491;5
178;492;5
178;493;5
178;494;5
178;495;5
178;496;5
178;497;5
178;498;5
178;499;5
179;0;41
179;1;41
179;2;41
179;3;41
179;4;41
179;5;41
179;6;41
179;7;41
179;8;41
179;9;21
179;10;21
179;11;21
179;12;21
179;13;21
179;14;21
179;15;21
179;16;21
179;17;21
179;18;21
179;19;21
179;20;21
179;21;21
179;22;21
179;23;21
179;24;21
179;25;21
179;26;21
179;27;21
179;28;21
179;29;21
179;30;21
179;31;21
179;32;21
179;33;21
179;34;21
179;35;21
179;36;21
179;37;21
179;38;21
179;39;21
179;40;39
179;41;39
179;42;39
179;43;39
179;44;39
179;45;39
179;46;39
179;47;39
179;48;39
179;49;42
179;50;42
179;51;42
179;52;42
179;53;42
179;54;42
179;55;42
179;56;42
179;57;42
179;58;42
179;59;42
179;60;42
179;61;42
179;62;42
179;63;42
179;64;42
179;65;42
179;66;42
179;67;42
179;68;42
179;69;42
179;70;42
179;71;42
179;72;42
179;73;42
179;74;17
179;75;17
179;76;17
179;77;17
179;78;17
179;79;17
179;80;17
179;81;17
179;82;17
179;83;17
179;84;17
179;85;17
179;86;17
179;87;17
179;88;17
179;89;17
179;90;17
179;91;17
179;92;17
179;93;17
179;94;17
179;95;17
179;96;27
179;97;27
179;98;27
179;99;27
179;100;27
179;101;27
179;102;27
179;103;27
179;104;27
179;105;27
179;106;27
179;107;27
179;108;27
179;109;27
179;110;27
179;111;4
179;112;4
179;113;4
179;114;4
179;115;4
179;116;4
179;117;4
179;118;4
179;119;4
179;120;4
179;121;4
179;122;4
179;123;4
179;124;4
179;125;4
179;126;4
179;127;4
179;128;4
179;129;4
179;130;4
179;131;4
179;132;4
179;133;4
179;134;4
179;135;4
179;136;45
179;137;45
179;138;45
179;139;45
179;140;45
179;141;8
179;142;8
179;143;8
179;144;8
179;145;8
179;146;8
179;147;8
179;148;8
179;149;8
179;150;8
179;151;8
179;152;8
179;153;8
179;154;8
179;155;8
179;156;8
179;157;8
179;158;8
179;159;8
179;160;8
179;161;8
179;162;8
179;163;8
179;164;8
179;165;8
179;166;8
179;167;8
179;168;8
179;169;8
179;170;8
179;171;8
179;172;8
179;173;8
179;174;8
179;175;8
179;176;8
179;177;8
179;178;8
179;179;8
179;180;43
179;181;43
179;182;43
179;183;43
179;184;43
179;185;43
179;186;43
179;187;43
179;188;43
179;189;43
179;190;43
179;191;43
179;192;43
179;193;43
179;194;43
179;195;43
179;196;43
179;197;43
179;198;43
179;199;43
179;200;43
179;201;43
179;202;43
179;203;43
179;204;43
179;205;33
179;206;33
179;207;33
179;208;33
179;209;33
179;210;33
179;211;33
179;212;33
179;213;33
179;214;33
179;215;33
179;216;33
179;217;33
179;218;33
179;219;33
179;220;33
179;221;33
179;222;33
179;223;33
179;224;33
179;225;33
179;226;33
179;227;33
179;228;33
179;229;33
179;230;33
179;231;33
179;232;33
179;233;33
179;234;33
179;235;33
179;236;33
179;237;33
179;238;47
179;239;47
179;240;47
179;241;47
179;242;47
179;243;3
179;244;3
179;245;3
179;246;3
179;247;3
179;248;3
179;249;3
179;250;3
179;251;3
179;252;3
179;253;3
179;254;3
179;255;3
179;256;3
179;257;3
179;258;3
179;259;3
179;260;3
179;261;3
179;262;3
179;263;3
179;264;3
179;265;3
179;266;3
179;267;3
179;268;3
179;269;3
179;270;3
179;271;44
179;272;44
179;273;44
179;274;44
179;275;44
179;276;44
179;277;44
179;278;44
179;279;44
179;280;44
179;281;44
179;282;44
179;283;31
179;284;31
179;285;31
179;286;31
179;287;31
179;288;31
179;289;31
179;290;31
179;291;31
179;292;31
179;293;31
179;294;31
179;295;31
179;296;31
179;297;31
179;298;31
179;299;31
179;300;31
179;301;31
179;302;31
179;303;31
179;304;31
179;305;21
179;306;21
179;307;21
179;308;21
179;309;21
179;310;21
179;311;21
179;312;21
179;313;21
179;314;21
179;315;21
179;316;21
179;317;21
179;318;21
179;319;21
179;320;21
179;321;21
179;322;21
179;323;21
179;324;21
179;325;30
179;326;30
179;327;30
179;328;30
179;329;30
179;330;30
179;331;30
179;332;30
179;333;30
179;334;30
179;335;37
179;336;37
179;337;37
179;338;37
179;339;37
179;340;37
179;341;37
179;342;37
179;343;37
179;344;37
179;345;37
179;346;37
179;347;37
179;348;37
179;349;37
179;350;37
179;351;37
179;352;37
179;353;37
179;354;37
179;355;37
179;356;37
179;357;41
179;358;41
179;359;41
179;360;41
179;361;41
179;362;41
179;363;41
179;364;41
179;365;41
179;366;41
179;367;41
179;368;41
179;369;41
179;370;41
179;371;41
179;372;41
179;373;41
179;374;41
179;375;41
179;376;41
179;377;41
179;378;48
179;379;48
179;380;48
179;381;48
179;382;48
179;383;12
179;384;12
179;385;12
179;386;12
179;387;12
179;388;12
179;389;12
179;390;12
179;391;12
179;392;12
179;393;12
179;394;12
179;395;12
179;396;12
179;397;12
179;398;12
179;399;12
179;400;12
179;401;12
179;402;12
179;403;12
179;404;12
179;405;12
179;406;12
179;407;12
179;408;12
179;409;12
179;410;12
179;411;12
179;412;12
179;413;12
179;414;12
179;415;12
179;416;12
179;417;12
179;418;12
179;419;12
179;420;12
179;421;12
179;422;12
179;423;21
179;424;21
179;425;14
179;426;14
179;427;14
179;428;14
179;429;14
179;430;14
179;431;14
179;432;14
179;433;14
179;434;14
179;435;14
179;436;14
179;437;14
179;438;14
179;439;14
179;440;14
179;441;14
179;442;14
179;443;14
179;444;14
179;445;14
179;446;14
179;447;14
179;448;14
179;449;14
179;450;14
179;451;14
179;452;14
179;453;14
179;454;3
179;455;3
179;456;3
179;457;3
179;458;3
179;459;3
179;460;3
179;461;3
179;462;3
179;463;3
179;464;3
179;465;3
179;466;3
179;467;3
179;468;3
179;469;3
179;470;3
179;471;22
179;472;22
179;473;22
179;474;22
179;475;22
179;476;22
179;477;22
179;478;22
179;479;22
179;480;22
179;481;5
179;482;5
179;483;5
179;484;5
179;485;5
179;486;5
179;487;5
179;488;5
179;489;5
179;490;5
179;491;5
179;492;5
179;493;5
179;494;5
179;495;5
179;496;5
179;497;5
179;498;5
179;499;5
180;0;41
180;1;41
180;2;41
180;3;41
180;4;41
180;5;41
180;6;41
180;7;41
180;8;41
180;9;41
180;10;21
180;11;21
180;12;21
180;13;21
180;14;21
180;15;21
180;16;21
180;17;21
180;18;21
180;19;21
180;20;21
180;21;21
180;22;21
180;23;21
180;24;21
180;25;21
180;26;21
180;27;21
180;28;21
180;29;21
180;30;21
180;31;21
180;32;21
180;33;21
180;34;21
180;35;21
180;36;21
180;37;21
180;38;21
180;39;21
180;40;21
180;41;39
180;42;39
180;43;39
180;44;39
180;45;39
180;46;39
180;47;39
180;48;39
180;49;39
180;50;39
180;51;42
180;52;42
180;53;42
180;54;42
180;55;42
180;56;42
180;57;42
180;58;42
180;59;42
180;60;42
180;61;42
180;62;42
180;63;42
180;64;42
180;65;42
180;66;42
180;67;42
180;68;42
180;69;42
180;70;42
180;71;42
180;72;42
180;73;42
180;74;17
180;75;17
180;76;17
180;77;17
180;78;17
180;79;17
180;80;17
180;81;17
180;82;17
180;83;17
180;84;17
180;85;17
180;86;17
180;87;17
180;88;17
180;89;17
180;90;17
180;91;17
180;92;17
180;93;17
180;94;17
180;95;17
180;96;17
180;97;27
180;98;27
180;99;27
180;100;27
180;101;27
180;102;27
180;103;27
180;104;27
180;105;27
180;106;27
180;107;27
180;108;27
180;109;27
180;110;4
180;111;4
180;112;4
180;113;4
180;114;4
180;115;4
180;116;4
180;117;4
180;118;4
180;119;4
180;120;4
180;121;4
180;122;4
180;123;4
180;124;4
180;125;4
180;126;4
180;127;4
180;128;4
180;129;4
180;130;4
180;131;4
180;132;4
180;133;4
180;134;4
180;135;4
180;136;4
180;137;17
180;138;17
180;139;17
180;140;17
180;141;8
180;142;8
180;143;8
180;144;8
180;145;8
180;146;8
180;147;8
180;148;8
180;149;8
180;150;8
180;151;8
180;152;8
180;153;8
180;154;8
180;155;8
180;156;8
180;157;8
180;158;8
180;159;8
180;160;8
180;161;8
180;162;8
180;163;8
180;164;8
180;165;8
180;166;8
180;167;8
180;168;8
180;169;8
180;170;8
180;171;8
180;172;8
180;173;8
180;174;8
180;175;8
180;176;8
180;177;8
180;178;8
180;179;8
180;180;8
180;181;43
180;182;43
180;183;43
180;184;43
180;185;43
180;186;43
180;187;43
180;188;43
180;189;43
180;190;43
180;191;43
180;192;43
180;193;43
180;194;43
180;195;43
180;196;43
180;197;43
180;198;43
180;199;43
180;200;43
180;201;43
180;202;43
180;203;43
180;204;43
180;205;43
180;206;33
180;207;33
180;208;33
180;209;33
180;210;33
180;211;33
180;212;33
180;213;33
180;214;33
180;215;33
180;216;33
180;217;33
180;218;33
180;219;33
180;220;33
180;221;33
180;222;33
180;223;33
180;224;33
180;225;33
180;226;33
180;227;33
180;228;33
180;229;33
180;230;33
180;231;33
180;232;33
180;233;33
180;234;33
180;235;33
180;236;33
180;237;33
180;238;33
180;239;47
180;240;47
180;241;47
180;242;47
180;243;3
180;244;3
180;245;3
180;246;3
180;247;3
180;248;3
180;249;3
180;250;3
180;251;3
180;252;3
180;253;3
180;254;3
180;255;3
180;256;3
180;257;3
180;258;3
180;259;3
180;260;3
180;261;3
180;262;3
180;263;3
180;264;3
180;265;3
180;266;3
180;267;3
180;268;3
180;269;3
180;270;3
180;271;44
180;272;44
180;273;44
180;274;44
180;275;44
180;276;44
180;277;44
180;278;44
180;279;44
180;280;44
180;281;44
180;282;44
180;283;31
180;284;31
180;285;31
180;286;31
180;287;31
180;288;31
180;289;31
180;290;31
180;291;31
180;292;31
180;293;31
180;294;31
180;295;31
180;296;31
180;297;31
180;298;31
180;299;31
180;300;31
180;301;31
180;302;31
180;303;31
180;304;31
180;305;31
180;306;21
180;307;21
180;308;21
180;309;21
180;310;21
180;311;21
180;312;21
180;313;21
180;314;21
180;315;21
180;316;21
180;317;21
180;318;21
180;319;21
180;320;21
180;321;21
180;322;21
180;323;21
180;324;21
180;325;30
180;326;30
180;327;30
180;328;30
180;329;30
180;330;30
180;331;30
180;332;30
180;333;30
180;334;30
180;335;37
180;336;37
180;337;37
180;338;37
180;339;37
180;340;37
180;341;37
180;342;37
180;343;37
180;344;37
180;345;37
180;346;37
180;347;37
180;348;37
180;349;37
180;350;37
180;351;37
180;352;37
180;353;37
180;354;37
180;355;37
180;356;37
180;357;37
180;358;41
180;359;41
180;360;41
180;361;41
180;362;41
180;363;41
180;364;41
180;365;41
180;366;41
180;367;41
180;368;41
180;369;41
180;370;41
180;371;41
180;372;41
180;373;41
180;374;41
180;375;41
180;376;41
180;377;48
180;378;48
180;379;48
180;380;48
180;381;48
180;382;48
180;383;48
180;384;12
180;385;12
180;386;12
180;387;12
180;388;12
180;389;12
180;390;12
180;391;12
180;392;12
180;393;12
180;394;12
180;395;12
180;396;12
180;397;12
180;398;12
180;399;12
180;400;12
180;401;12
180;402;12
180;403;12
180;404;12
180;405;12
180;406;12
180;407;12
180;408;12
180;409;12
180;410;12
180;411;12
180;412;12
180;413;12
180;414;12
180;415;12
180;416;12
180;417;12
180;418;12
180;419;12
180;420;12
180;421;12
180;422;12
180;423;12
180;424;26
180;425;26
180;426;26
180;427;26
180;428;26
180;429;26
180;430;26
180;431;26
180;432;26
180;433;26
180;434;14
180;435;14
180;436;14
180;437;14
180;438;14
180;439;14
180;440;14
180;441;14
180;442;14
180;443;14
180;444;14
180;445;14
180;446;14
180;447;14
180;448;14
180;449;14
180;450;14
180;451;14
180;452;14
180;453;14
180;454;3
180;455;3
180;456;3
180;457;3
180;458;3
180;459;3
180;460;3
180;461;3
180;462;3
180;463;3
180;464;3
180;465;3
180;466;3
180;467;3
180;468;3
180;469;3
180;470;3
180;471;22
180;472;22
180;473;22
180;474;22
180;475;22
180;476;22
180;477;22
180;478;22
180;479;22
180;480;22
180;481;5
180;482;5
180;483;5
180;484;5
180;485;5
180;486;5
180;487;5
180;488;5
180;489;5
180;490;5
180;491;5
180;492;5
180;493;5
180;494;5
180;495;5
180;496;5
180;497;5
180;498;5
180;499;5
181;0;41
181;1;41
181;2;41
181;3;41
181;4;41
181;5;41
181;6;41
181;7;41
181;8;41
181;9;41
181;10;41
181;11;21
181;12;21
181;13;21
181;14;21
181;15;21
181;16;21
181;17;21
181;18;21
181;19;21
181;20;21
181;21;21
181;22;21
181;23;21
181;24;21
181;25;21
181;26;21
181;27;21
181;28;21
181;29;21
181;30;21
181;31;21
181;32;21
181;33;21
181;34;21
181;35;21
181;36;21
181;37;21
181;38;21
181;39;21
181;40;21
181;41;21
181;42;39
181;43;39
181;44;39
181;45;39
181;46;39
181;47;39
181;48;39
181;49;39
181;50;39
181;51;39
181;52;39
181;53;42
181;54;42
181;55;42
181;56;42
181;57;42
181;58;42
181;59;42
181;60;42
181;61;42
181;62;42
181;63;42
181;64;42
181;65;42
181;66;42
181;67;42
181;68;42
181;69;42
181;70;42
181;71;42
181;72;42
181;73;42
181;74;17
181;75;17
181;76;17
181;77;17
181;78;17
181;79;17
181;80;17
181;81;17
181;82;17
181;83;17
181;84;17
181;85;17
181;86;17
181;87;17
181;88;17
181;89;17
181;90;17
181;91;17
181;92;17
181;93;17
181;94;17
181;95;17
181;96;17
181;97;17
181;98;27
181;99;27
181;100;27
181;101;27
181;102;27
181;103;27
181;104;4
181;105;4
181;106;4
181;107;4
181;108;4
181;109;4
181;110;4
181;111;4
181;112;4
181;113;4
181;114;4
181;115;4
181;116;4
181;117;4
181;118;4
181;119;4
181;120;4
181;121;4
181;122;4
181;123;4
181;124;4
181;125;4
181;126;4
181;127;4
181;128;4
181;129;4
181;130;4
181;131;4
181;132;4
181;133;4
181;134;4
181;135;4
181;136;4
181;137;17
181;138;17
181;139;17
181;140;17
181;141;17
181;142;8
181;143;8
181;144;8
181;145;8
181;146;8
181;147;8
181;148;8
181;149;8
181;150;8
181;151;8
181;152;8
181;153;8
181;154;8
181;155;8
181;156;8
181;157;8
181;158;8
181;159;8
181;160;8
181;161;8
181;162;8
181;163;8
181;164;8
181;165;8
181;166;8
181;167;8
181;168;8
181;169;8
181;170;8
181;171;8
181;172;8
181;173;8
181;174;8
181;175;8
181;176;8
181;177;8
181;178;8
181;179;8
181;180;8
181;181;43
181;182;43
181;183;43
181;184;43
181;185;43
181;186;43
181;187;43
181;188;43
181;189;43
181;190;43
181;191;43
181;192;43
181;193;43
181;194;43
181;195;43
181;196;43
181;197;43
181;198;43
181;199;43
181;200;43
181;201;43
181;202;43
181;203;43
181;204;43
181;205;43
181;206;43
181;207;33
181;208;33
181;209;33
181;210;33
181;211;33
181;212;33
181;213;33
181;214;33
181;215;33
181;216;33
181;217;33
181;218;33
181;219;33
181;220;33
181;221;33
181;222;33
181;223;33
181;224;33
181;225;33
181;226;33
181;227;33
181;228;33
181;229;33
181;230;33
181;231;33
181;232;33
181;233;33
181;234;33
181;235;33
181;236;33
181;237;33
181;238;33
181;239;33
181;240;47
181;241;47
181;242;47
181;243;3
181;244;3
181;245;3
181;246;3
181;247;3
181;248;3
181;249;3
181;250;3
181;251;3
181;252;3
181;253;3
181;254;3
181;255;3
181;256;3
181;257;3
181;258;3
181;259;3
181;260;3
181;261;3
181;262;3
181;263;3
181;264;3
181;265;3
181;266;3
181;267;3
181;268;3
181;269;3
181;270;3
181;271;44
181;272;44
181;273;44
181;274;44
181;275;44
181;276;44
181;277;44
181;278;44
181;279;44
181;280;44
181;281;44
181;282;44
181;283;31
181;284;31
181;285;31
181;286;31
181;287;31
181;288;31
181;289;31
181;290;31
181;291;31
181;292;31
181;293;31
181;294;31
181;295;31
181;296;31
181;297;31
181;298;31
181;299;31
181;300;31
181;301;31
181;302;31
181;303;31
181;304;31
181;305;31
181;306;31
181;307;21
181;308;21
181;309;21
181;310;21
181;311;21
181;312;21
181;313;21
181;314;21
181;315;21
181;316;21
181;317;21
181;318;21
181;319;21
181;320;21
181;321;21
181;322;21
181;323;21
181;324;21
181;325;30
181;326;30
181;327;30
181;328;30
181;329;30
181;330;30
181;331;30
181;332;30
181;333;30
181;334;30
181;335;30
181;336;37
181;337;37
181;338;37
181;339;37
181;340;37
181;341;37
181;342;37
181;343;37
181;344;37
181;345;37
181;346;37
181;347;37
181;348;37
181;349;37
181;350;37
181;351;37
181;352;37
181;353;37
181;354;37
181;355;37
181;356;37
181;357;37
181;358;37
181;359;41
181;360;41
181;361;41
181;362;41
181;363;41
181;364;41
181;365;41
181;366;41
181;367;41
181;368;41
181;369;41
181;370;41
181;371;41
181;372;41
181;373;41
181;374;41
181;375;41
181;376;48
181;377;48
181;378;48
181;379;48
181;380;48
181;381;48
181;382;48
181;383;48
181;384;48
181;385;48
181;386;12
181;387;12
181;388;12
181;389;12
181;390;12
181;391;12
181;392;12
181;393;12
181;394;12
181;395;12
181;396;12
181;397;12
181;398;12
181;399;12
181;400;12
181;401;12
181;402;12
181;403;12
181;404;12
181;405;12
181;406;12
181;407;12
181;408;12
181;409;12
181;410;12
181;411;12
181;412;12
181;413;12
181;414;12
181;415;12
181;416;12
181;417;12
181;418;12
181;419;12
181;420;12
181;421;12
181;422;12
181;423;12
181;424;26
181;425;26
181;426;26
181;427;26
181;428;26
181;429;26
181;430;26
181;431;26
181;432;26
181;433;26
181;434;26
181;435;26
181;436;14
181;437;14
181;438;14
181;439;14
181;440;14
181;441;14
181;442;14
181;443;14
181;444;14
181;445;14
181;446;14
181;447;14
181;448;14
181;449;14
181;450;14
181;451;14
181;452;14
181;453;14
181;454;3
181;455;3
181;456;3
181;457;3
181;458;3
181;459;3
181;460;3
181;461;3
181;462;3
181;463;3
181;464;3
181;465;3
181;466;3
181;467;3
181;468;3
181;469;3
181;470;3
181;471;22
181;472;22
181;473;22
181;474;22
181;475;22
181;476;22
181;477;22
181;478;22
181;479;22
181;480;22
181;481;5
181;482;5
181;483;5
181;484;5
181;485;5
181;486;5
181;487;5
181;488;5
181;489;5
181;490;5
181;491;5
181;492;5
181;493;5
181;494;5
181;495;5
181;496;5
181;497;5
181;498;5
181;499;5
182;0;41
182;1;41
182;2;41
182;3;41
182;4;41
182;5;41
182;6;41
182;7;41
182;8;41
182;9;41
182;10;41
182;11;41
182;12;21
182;13;21
182;14;21
182;15;21
182;16;21
182;17;21
182;18;21
182;19;21
182;20;21
182;21;21
182;22;21
182;23;21
182;24;21
182;25;21
182;26;21
182;27;21
182;28;21
182;29;21
182;30;21
182;31;21
182;32;21
182;33;21
182;34;21
182;35;21
182;36;21
182;37;21
182;38;21
182;39;21
182;40;21
182;41;21
182;42;21
182;43;39
182;44;39
182;45;39
182;46;39
182;47;39
182;48;39
182;49;39
182;50;39
182;51;39
182;52;39
182;53;39
182;54;39
182;55;42
182;56;42
182;57;42
182;58;42
182;59;42
182;60;42
182;61;42
182;62;42
182;63;42
182;64;42
182;65;42
182;66;42
182;67;42
182;68;42
182;69;42
182;70;42
182;71;42
182;72;42
182;73;42
182;74;17
182;75;17
182;76;17
182;77;17
182;78;17
182;79;17
182;80;17
182;81;17
182;82;17
182;83;17
182;84;17
182;85;17
182;86;17
182;87;17
182;88;17
182;89;17
182;90;17
182;91;17
182;92;17
182;93;17
182;94;17
182;95;17
182;96;17
182;97;17
182;98;17
182;99;27
182;100;27
182;101;27
182;102;27
182;103;4
182;104;4
182;105;4
182;106;4
182;107;4
182;108;4
182;109;4
182;110;4
182;111;4
182;112;4
182;113;4
182;114;4
182;115;4
182;116;4
182;117;4
182;118;4
182;119;4
182;120;4
182;121;4
182;122;4
182;123;4
182;124;4
182;125;4
182;126;4
182;127;4
182;128;4
182;129;4
182;130;4
182;131;4
182;132;4
182;133;4
182;134;4
182;135;4
182;136;4
182;137;17
182;138;17
182;139;17
182;140;17
182;141;17
182;142;17
182;143;8
182;144;8
182;145;8
182;146;8
182;147;8
182;148;8
182;149;8
182;150;8
182;151;8
182;152;8
182;153;8
182;154;8
182;155;8
182;156;8
182;157;8
182;158;8
182;159;8
182;160;8
182;161;8
182;162;8
182;163;8
182;164;8
182;165;8
182;166;8
182;167;8
182;168;8
182;169;8
182;170;8
182;171;8
182;172;8
182;173;8
182;174;8
182;175;8
182;176;8
182;177;8
182;178;8
182;179;8
182;180;8
182;181;8
182;182;43
182;183;43
182;184;43
182;185;43
182;186;43
182;187;43
182;188;43
182;189;43
182;190;43
182;191;43
182;192;43
182;193;43
182;194;43
182;195;43
182;196;43
182;197;43
182;198;43
182;199;43
182;200;43
182;201;43
182;202;43
182;203;43
182;204;43
182;205;43
182;206;43
182;207;43
182;208;33
182;209;33
182;210;33
182;211;33
182;212;33
182;213;33
182;214;33
182;215;33
182;216;33
182;217;33
182;218;33
182;219;33
182;220;33
182;221;33
182;222;33
182;223;33
182;224;33
182;225;33
182;226;33
182;227;33
182;228;33
182;229;33
182;230;33
182;231;33
182;232;33
182;233;33
182;234;33
182;235;33
182;236;33
182;237;33
182;238;33
182;239;33
182;240;33
182;241;33
182;242;33
182;243;33
182;244;3
182;245;3
182;246;3
182;247;3
182;248;3
182;249;3
182;250;3
182;251;3
182;252;3
182;253;3
182;254;3
182;255;3
182;256;3
182;257;3
182;258;3
182;259;3
182;260;3
182;261;3
182;262;3
182;263;3
182;264;3
182;265;3
182;266;3
182;267;3
182;268;3
182;269;3
182;270;3
182;271;44
182;272;44
182;273;44
182;274;44
182;275;44
182;276;44
182;277;44
182;278;44
182;279;44
182;280;44
182;281;44
182;282;44
182;283;31
182;284;31
182;285;31
182;286;31
182;287;31
182;288;31
182;289;31
182;290;31
182;291;31
182;292;31
182;293;31
182;294;31
182;295;31
182;296;31
182;297;31
182;298;31
182;299;31
182;300;31
182;301;31
182;302;31
182;303;31
182;304;31
182;305;31
182;306;31
182;307;31
182;308;21
182;309;21
182;310;21
182;311;21
182;312;21
182;313;21
182;314;21
182;315;21
182;316;21
182;317;21
182;318;21
182;319;21
182;320;21
182;321;21
182;322;21
182;323;21
182;324;21
182;325;30
182;326;30
182;327;30
182;328;30
182;329;30
182;330;30
182;331;30
182;332;30
182;333;30
182;334;30
182;335;30
182;336;30
182;337;37
182;338;37
182;339;37
182;340;37
182;341;37
182;342;37
182;343;37
182;344;37
182;345;37
182;346;37
182;347;37
182;348;37
182;349;37
182;350;37
182;351;37
182;352;37
182;353;37
182;354;37
182;355;37
182;356;37
182;357;37
182;358;37
182;359;41
182;360;41
182;361;41
182;362;41
182;363;41
182;364;41
182;365;41
182;366;48
182;367;48
182;368;48
182;369;48
182;370;48
182;371;48
182;372;48
182;373;48
182;374;48
182;375;48
182;376;48
182;377;48
182;378;48
182;379;48
182;380;48
182;381;48
182;382;48
182;383;48
182;384;48
182;385;48
182;386;48
182;387;48
182;388;12
182;389;12
182;390;12
182;391;12
182;392;12
182;393;12
182;394;12
182;395;12
182;396;12
182;397;12
182;398;12
182;399;12
182;400;12
182;401;12
182;402;12
182;403;12
182;404;12
182;405;12
182;406;12
182;407;12
182;408;12
182;409;12
182;410;12
182;411;12
182;412;12
182;413;12
182;414;12
182;415;12
182;416;12
182;417;12
182;418;12
182;419;12
182;420;12
182;421;12
182;422;12
182;423;12
182;424;26
182;425;26
182;426;26
182;427;26
182;428;26
182;429;26
182;430;26
182;431;26
182;432;26
182;433;26
182;434;26
182;435;26
182;436;26
182;437;26
182;438;14
182;439;14
182;440;14
182;441;14
182;442;14
182;443;14
182;444;14
182;445;14
182;446;14
182;447;14
182;448;14
182;449;14
182;450;14
182;451;14
182;452;14
182;453;14
182;454;3
182;455;3
182;456;3
182;457;3
182;458;3
182;459;3
182;460;3
182;461;3
182;462;3
182;463;3
182;464;3
182;465;3
182;466;3
182;467;3
182;468;3
182;469;3
182;470;3
182;471;22
182;472;22
182;473;22
182;474;22
182;475;22
182;476;22
182;477;22
182;478;22
182;479;22
182;480;22
182;481;5
182;482;5
182;483;5
182;484;5
182;485;5
182;486;5
182;487;5
182;488;5
182;489;5
182;490;5
182;491;5
182;492;5
182;493;5
182;494;5
182;495;5
182;496;5
182;497;5
182;498;5
182;499;5
183;0;41
183;1;41
183;2;41
183;3;41
183;4;41
183;5;41
183;6;41
183;7;41
183;8;41
183;9;41
183;10;41
183;11;41
183;12;41
183;13;21
183;14;21
183;15;21
183;16;21
183;17;21
183;18;21
183;19;21
183;20;21
183;21;21
183;22;21
183;23;21
183;24;21
183;25;21
183;26;21
183;27;21
183;28;21
183;29;21
183;30;21
183;31;21
183;32;21
183;33;21
183;34;21
183;35;21
183;36;21
183;37;21
183;38;21
183;39;21
183;40;21
183;41;21
183;42;21
183;43;39
183;44;39
183;45;39
183;46;39
183;47;39
183;48;39
183;49;39
183;50;39
183;51;39
183;52;39
183;53;39
183;54;39
183;55;39
183;56;39
183;57;42
183;58;42
183;59;42
183;60;42
183;61;42
183;62;42
183;63;42
183;64;42
183;65;42
183;66;42
183;67;42
183;68;42
183;69;42
183;70;42
183;71;42
183;72;42
183;73;42
183;74;17
183;75;17
183;76;17
183;77;17
183;78;17
183;79;17
183;80;17
183;81;17
183;82;17
183;83;17
183;84;17
183;85;17
183;86;17
183;87;17
183;88;17
183;89;17
183;90;17
183;91;17
183;92;17
183;93;17
183;94;17
183;95;17
183;96;17
183;97;17
183;98;17
183;99;17
183;100;27
183;101;27
183;102;4
183;103;4
183;104;4
183;105;4
183;106;4
183;107;4
183;108;4
183;109;4
183;110;4
183;111;4
183;112;4
183;113;4
183;114;4
183;115;4
183;116;4
183;117;4
183;118;4
183;119;4
183;120;4
183;121;4
183;122;4
183;123;4
183;124;4
183;125;4
183;126;4
183;127;4
183;128;4
183;129;4
183;130;4
183;131;4
183;132;4
183;133;4
183;134;4
183;135;4
183;136;4
183;137;4
183;138;17
183;139;17
183;140;17
183;141;17
183;142;17
183;143;17
183;144;8
183;145;8
183;146;8
183;147;8
183;148;8
183;149;8
183;150;8
183;151;8
183;152;8
183;153;8
183;154;8
183;155;8
183;156;8
183;157;8
183;158;8
183;159;8
183;160;8
183;161;8
183;162;8
183;163;8
183;164;8
183;165;8
183;166;8
183;167;8
183;168;8
183;169;8
183;170;8
183;171;8
183;172;8
183;173;8
183;174;8
183;175;8
183;176;8
183;177;8
183;178;8
183;179;8
183;180;8
183;181;8
183;182;43
183;183;43
183;184;43
183;185;43
183;186;43
183;187;43
183;188;43
183;189;43
183;190;43
183;191;43
183;192;43
183;193;43
183;194;43
183;195;43
183;196;43
183;197;43
183;198;43
183;199;43
183;200;43
183;201;43
183;202;43
183;203;43
183;204;43
183;205;43
183;206;43
183;207;43
183;208;43
183;209;33
183;210;33
183;211;33
183;212;33
183;213;33
183;214;33
183;215;33
183;216;33
183;217;33
183;218;33
183;219;33
183;220;33
183;221;33
183;222;33
183;223;33
183;224;33
183;225;33
183;226;33
183;227;33
183;228;33
183;229;33
183;230;33
183;231;33
183;232;33
183;233;33
183;234;33
183;235;33
183;236;33
183;237;33
183;238;33
183;239;33
183;240;33
183;241;33
183;242;33
183;243;33
183;244;33
183;245;33
183;246;3
183;247;3
183;248;3
183;249;3
183;250;3
183;251;3
183;252;3
183;253;3
183;254;3
183;255;3
183;256;3
183;257;3
183;258;3
183;259;3
183;260;3
183;261;3
183;262;3
183;263;3
183;264;3
183;265;3
183;266;3
183;267;3
183;268;3
183;269;3
183;270;3
183;271;44
183;272;44
183;273;44
183;274;44
183;275;44
183;276;44
183;277;44
183;278;44
183;279;44
183;280;44
183;281;44
183;282;44
183;283;44
183;284;31
183;285;31
183;286;31
183;287;31
183;288;31
183;289;31
183;290;31
183;291;31
183;292;31
183;293;31
183;294;31
183;295;31
183;296;31
183;297;31
183;298;31
183;299;31
183;300;31
183;301;31
183;302;31
183;303;31
183;304;31
183;305;31
183;306;31
183;307;31
183;308;21
183;309;21
183;310;21
183;311;21
183;312;21
183;313;21
183;314;21
183;315;21
183;316;21
183;317;21
183;318;21
183;319;21
183;320;21
183;321;21
183;322;21
183;323;21
183;324;21
183;325;30
183;326;30
183;327;30
183;328;30
183;329;30
183;330;30
183;331;30
183;332;30
183;333;30
183;334;30
183;335;30
183;336;30
183;337;37
183;338;37
183;339;37
183;340;37
183;341;37
183;342;37
183;343;37
183;344;37
183;345;37
183;346;37
183;347;37
183;348;37
183;349;37
183;350;37
183;351;37
183;352;37
183;353;37
183;354;37
183;355;37
183;356;37
183;357;37
183;358;37
183;359;37
183;360;41
183;361;41
183;362;41
183;363;41
183;364;41
183;365;48
183;366;48
183;367;48
183;368;48
183;369;48
183;370;48
183;371;48
183;372;48
183;373;48
183;374;48
183;375;48
183;376;48
183;377;48
183;378;48
183;379;48
183;380;48
183;381;48
183;382;48
183;383;48
183;384;48
183;385;48
183;386;48
183;387;48
183;388;48
183;389;48
183;390;12
183;391;12
183;392;12
183;393;12
183;394;12
183;395;12
183;396;12
183;397;12
183;398;12
183;399;12
183;400;12
183;401;12
183;402;12
183;403;12
183;404;12
183;405;12
183;406;12
183;407;12
183;408;12
183;409;12
183;410;12
183;411;12
183;412;12
183;413;12
183;414;12
183;415;12
183;416;12
183;417;12
183;418;12
183;419;12
183;420;12
183;421;12
183;422;12
183;423;12
183;424;26
183;425;26
183;426;26
183;427;26
183;428;26
183;429;26
183;430;26
183;431;26
183;432;26
183;433;26
183;434;26
183;435;26
183;436;26
183;437;26
183;438;26
183;439;26
183;440;26
183;441;26
183;442;26
183;443;26
183;444;26
183;445;26
183;446;26
183;447;26
183;448;26
183;449;26
183;450;26
183;451;26
183;452;26
183;453;26
183;454;3
183;455;3
183;456;3
183;457;3
183;458;3
183;459;3
183;460;3
183;461;3
183;462;3
183;463;3
183;464;3
183;465;3
183;466;3
183;467;3
183;468;3
183;469;3
183;470;3
183;471;22
183;472;22
183;473;22
183;474;22
183;475;22
183;476;22
183;477;22
183;478;22
183;479;22
183;480;22
183;481;5
183;482;5
183;483;5
183;484;5
183;485;5
183;486;5
183;487;5
183;488;5
183;489;5
183;490;5
183;491;5
183;492;5
183;493;5
183;494;5
183;495;5
183;496;5
183;497;5
183;498;5
183;499;5
184;0;41
184;1;41
184;2;41
184;3;41
184;4;41
184;5;41
184;6;41
184;7;41
184;8;41
184;9;41
184;10;41
184;11;41
184;12;41
184;13;41
184;14;21
184;15;21
184;16;21
184;17;21
184;18;21
184;19;21
184;20;21
184;21;21
184;22;21
184;23;21
184;24;21
184;25;21
184;26;21
184;27;21
184;28;21
184;29;21
184;30;21
184;31;21
184;32;21
184;33;21
184;34;21
184;35;21
184;36;21
184;37;21
184;38;21
184;39;21
184;40;21
184;41;21
184;42;21
184;43;21
184;44;39
184;45;39
184;46;39
184;47;39
184;48;39
184;49;39
184;50;39
184;51;39
184;52;39
184;53;39
184;54;39
184;55;39
184;56;39
184;57;39
184;58;39
184;59;42
184;60;42
184;61;42
184;62;42
184;63;42
184;64;42
184;65;42
184;66;42
184;67;42
184;68;42
184;69;42
184;70;42
184;71;42
184;72;42
184;73;42
184;74;17
184;75;17
184;76;17
184;77;17
184;78;17
184;79;17
184;80;17
184;81;17
184;82;17
184;83;17
184;84;17
184;85;17
184;86;17
184;87;17
184;88;17
184;89;17
184;90;17
184;91;17
184;92;17
184;93;17
184;94;17
184;95;17
184;96;17
184;97;17
184;98;17
184;99;17
184;100;17
184;101;4
184;102;4
184;103;4
184;104;4
184;105;4
184;106;4
184;107;4
184;108;4
184;109;4
184;110;4
184;111;4
184;112;4
184;113;4
184;114;4
184;115;4
184;116;4
184;117;4
184;118;4
184;119;4
184;120;4
184;121;4
184;122;4
184;123;4
184;124;4
184;125;4
184;126;4
184;127;4
184;128;4
184;129;4
184;130;4
184;131;4
184;132;4
184;133;4
184;134;4
184;135;4
184;136;4
184;137;4
184;138;17
184;139;17
184;140;17
184;141;17
184;142;17
184;143;17
184;144;17
184;145;8
184;146;8
184;147;8
184;148;8
184;149;8
184;150;8
184;151;8
184;152;8
184;153;8
184;154;8
184;155;8
184;156;8
184;157;8
184;158;8
184;159;8
184;160;8
184;161;8
184;162;8
184;163;8
184;164;8
184;165;8
184;166;8
184;167;8
184;168;8
184;169;8
184;170;8
184;171;8
184;172;8
184;173;8
184;174;8
184;175;8
184;176;8
184;177;8
184;178;8
184;179;8
184;180;8
184;181;8
184;182;8
184;183;43
184;184;43
184;185;43
184;186;43
184;187;43
184;188;43
184;189;43
184;190;43
184;191;43
184;192;43
184;193;43
184;194;43
184;195;43
184;196;43
184;197;43
184;198;43
184;199;43
184;200;43
184;201;43
184;202;43
184;203;43
184;204;43
184;205;43
184;206;43
184;207;43
184;208;43
184;209;43
184;210;33
184;211;33
184;212;33
184;213;33
184;214;33
184;215;33
184;216;33
184;217;33
184;218;33
184;219;33
184;220;33
184;221;33
184;222;33
184;223;33
184;224;33
184;225;33
184;226;33
184;227;33
184;228;33
184;229;33
184;230;33
184;231;33
184;232;33
184;233;33
184;234;33
184;235;33
184;236;33
184;237;33
184;238;33
184;239;33
184;240;33
184;241;33
184;242;33
184;243;33
184;244;33
184;245;33
184;246;33
184;247;33
184;248;3
184;249;3
184;250;3
184;251;3
184;252;3
184;253;3
184;254;3
184;255;3
184;256;3
184;257;3
184;258;3
184;259;3
184;260;3
184;261;3
184;262;3
184;263;3
184;264;3
184;265;3
184;266;3
184;267;3
184;268;3
184;269;3
184;270;3
184;271;44
184;272;44
184;273;44
184;274;44
184;275;44
184;276;44
184;277;44
184;278;44
184;279;44
184;280;44
184;281;44
184;282;44
184;283;44
184;284;31
184;285;31
184;286;31
184;287;31
184;288;31
184;289;31
184;290;31
184;291;31
184;292;31
184;293;31
184;294;31
184;295;31
184;296;31
184;297;31
184;298;31
184;299;31
184;300;31
184;301;31
184;302;31
184;303;31
184;304;31
184;305;31
184;306;31
184;307;31
184;308;31
184;309;21
184;310;21
184;311;21
184;312;21
184;313;21
184;314;21
184;315;21
184;316;21
184;317;21
184;318;21
184;319;21
184;320;21
184;321;21
184;322;21
184;323;21
184;324;21
184;325;30
184;326;30
184;327;30
184;328;30
184;329;30
184;330;30
184;331;30
184;332;30
184;333;30
184;334;30
184;335;30
184;336;30
184;337;30
184;338;37
184;339;37
184;340;37
184;341;37
184;342;37
184;343;37
184;344;37
184;345;37
184;346;37
184;347;37
184;348;37
184;349;37
184;350;37
184;351;37
184;352;37
184;353;37
184;354;37
184;355;37
184;356;37
184;357;37
184;358;37
184;359;37
184;360;37
184;361;41
184;362;41
184;363;41
184;364;48
184;365;48
184;366;48
184;367;48
184;368;48
184;369;48
184;370;48
184;371;48
184;372;48
184;373;48
184;374;48
184;375;48
184;376;48
184;377;48
184;378;48
184;379;48
184;380;48
184;381;48
184;382;48
184;383;48
184;384;48
184;385;48
184;386;48
184;387;48
184;388;48
184;389;48
184;390;48
184;391;48
184;392;12
184;393;12
184;394;12
184;395;12
184;396;12
184;397;12
184;398;12
184;399;12
184;400;12
184;401;12
184;402;12
184;403;12
184;404;12
184;405;12
184;406;12
184;407;12
184;408;12
184;409;12
184;410;12
184;411;12
184;412;12
184;413;12
184;414;12
184;415;12
184;416;12
184;417;12
184;418;12
184;419;12
184;420;12
184;421;12
184;422;12
184;423;12
184;424;26
184;425;26
184;426;26
184;427;26
184;428;26
184;429;26
184;430;26
184;431;26
184;432;26
184;433;26
184;434;26
184;435;26
184;436;26
184;437;26
184;438;26
184;439;26
184;440;26
184;441;26
184;442;26
184;443;26
184;444;26
184;445;26
184;446;26
184;447;26
184;448;26
184;449;26
184;450;26
184;451;26
184;452;26
184;453;26
184;454;26
184;455;26
184;456;3
184;457;3
184;458;3
184;459;3
184;460;3
184;461;3
184;462;3
184;463;3
184;464;3
184;465;3
184;466;3
184;467;3
184;468;3
184;469;3
184;470;3
184;471;22
184;472;22
184;473;22
184;474;22
184;475;22
184;476;22
184;477;22
184;478;22
184;479;22
184;480;22
184;481;5
184;482;5
184;483;5
184;484;5
184;485;5
184;486;5
184;487;5
184;488;5
184;489;5
184;490;5
184;491;5
184;492;5
184;493;5
184;494;5
184;495;5
184;496;5
184;497;5
184;498;5
184;499;5
185;0;41
185;1;41
185;2;41
185;3;41
185;4;41
185;5;41
185;6;41
185;7;41
185;8;41
185;9;41
185;10;41
185;11;41
185;12;41
185;13;41
185;14;41
185;15;21
185;16;21
185;17;21
185;18;21
185;19;21
185;20;21
185;21;21
185;22;21
185;23;21
185;24;21
185;25;21
185;26;21
185;27;21
185;28;21
185;29;21
185;30;21
185;31;21
185;32;21
185;33;21
185;34;21
185;35;21
185;36;21
185;37;21
185;38;21
185;39;21
185;40;21
185;41;21
185;42;21
185;43;21
185;44;39
185;45;39
185;46;39
185;47;39
185;48;39
185;49;39
185;50;39
185;51;39
185;52;39
185;53;39
185;54;39
185;55;39
185;56;39
185;57;39
185;58;39
185;59;39
185;60;39
185;61;15
185;62;15
185;63;15
185;64;15
185;65;15
185;66;15
185;67;15
185;68;15
185;69;15
185;70;15
185;71;15
185;72;15
185;73;15
185;74;17
185;75;17
185;76;17
185;77;17
185;78;17
185;79;17
185;80;17
185;81;17
185;82;17
185;83;17
185;84;17
185;85;17
185;86;17
185;87;17
185;88;17
185;89;17
185;90;17
185;91;17
185;92;17
185;93;17
185;94;17
185;95;17
185;96;17
185;97;17
185;98;17
185;99;17
185;100;17
185;101;4
185;102;4
185;103;4
185;104;4
185;105;4
185;106;4
185;107;4
185;108;4
185;109;4
185;110;4
185;111;4
185;112;4
185;113;4
185;114;4
185;115;4
185;116;4
185;117;4
185;118;4
185;119;4
185;120;4
185;121;4
185;122;4
185;123;4
185;124;4
185;125;4
185;126;4
185;127;4
185;128;4
185;129;4
185;130;4
185;131;4
185;132;4
185;133;4
185;134;4
185;135;4
185;136;4
185;137;4
185;138;4
185;139;17
185;140;17
185;141;17
185;142;17
185;143;17
185;144;17
185;145;17
185;146;8
185;147;8
185;148;8
185;149;8
185;150;8
185;151;8
185;152;8
185;153;8
185;154;8
185;155;8
185;156;8
185;157;8
185;158;8
185;159;8
185;160;8
185;161;8
185;162;8
185;163;8
185;164;8
185;165;8
185;166;8
185;167;8
185;168;8
185;169;8
185;170;8
185;171;8
185;172;8
185;173;8
185;174;8
185;175;8
185;176;8
185;177;8
185;178;8
185;179;8
185;180;8
185;181;8
185;182;8
185;183;43
185;184;43
185;185;43
185;186;43
185;187;43
185;188;43
185;189;43
185;190;43
185;191;43
185;192;43
185;193;43
185;194;43
185;195;43
185;196;43
185;197;43
185;198;43
185;199;43
185;200;43
185;201;43
185;202;43
185;203;43
185;204;43
185;205;43
185;206;43
185;207;43
185;208;43
185;209;43
185;210;43
185;211;33
185;212;33
185;213;33
185;214;33
185;215;33
185;216;33
185;217;33
185;218;33
185;219;33
185;220;33
185;221;33
185;222;33
185;223;33
185;224;33
185;225;33
185;226;33
185;227;33
185;228;33
185;229;33
185;230;33
185;231;33
185;232;33
185;233;33
185;234;33
185;235;33
185;236;33
185;237;33
185;238;33
185;239;33
185;240;33
185;241;33
185;242;33
185;243;33
185;244;33
185;245;33
185;246;33
185;247;33
185;248;33
185;249;33
185;250;3
185;251;3
185;252;3
185;253;3
185;254;3
185;255;3
185;256;3
185;257;3
185;258;3
185;259;3
185;260;3
185;261;3
185;262;3
185;263;3
185;264;3
185;265;3
185;266;3
185;267;3
185;268;3
185;269;3
185;270;3
185;271;44
185;272;44
185;273;44
185;274;44
185;275;44
185;276;44
185;277;44
185;278;44
185;279;44
185;280;44
185;281;44
185;282;44
185;283;44
185;284;44
185;285;31
185;286;31
185;287;31
185;288;31
185;289;31
185;290;31
185;291;31
185;292;31
185;293;31
185;294;31
185;295;31
185;296;31
185;297;31
185;298;31
185;299;31
185;300;31
185;301;31
185;302;31
185;303;31
185;304;31
185;305;31
185;306;31
185;307;31
185;308;31
185;309;21
185;310;21
185;311;21
185;312;21
185;313;21
185;314;21
185;315;21
185;316;21
185;317;21
185;318;21
185;319;21
185;320;21
185;321;21
185;322;21
185;323;21
185;324;21
185;325;30
185;326;30
185;327;30
185;328;30
185;329;30
185;330;30
185;331;30
185;332;30
185;333;30
185;334;30
185;335;30
185;336;30
185;337;30
185;338;37
185;339;37
185;340;37
185;341;37
185;342;37
185;343;37
185;344;37
185;345;37
185;346;37
185;347;37
185;348;37
185;349;37
185;350;37
185;351;37
185;352;37
185;353;37
185;354;37
185;355;37
185;356;37
185;357;37
185;358;37
185;359;37
185;360;37
185;361;37
185;362;41
185;363;48
185;364;48
185;365;48
185;366;48
185;367;48
185;368;48
185;369;48
185;370;48
185;371;48
185;372;48
185;373;48
185;374;48
185;375;48
185;376;48
185;377;48
185;378;48
185;379;48
185;380;48
185;381;48
185;382;48
185;383;48
185;384;48
185;385;48
185;386;48
185;387;48
185;388;48
185;389;48
185;390;48
185;391;48
185;392;48
185;393;48
185;394;12
185;395;12
185;396;12
185;397;12
185;398;12
185;399;12
185;400;12
185;401;12
185;402;12
185;403;12
185;404;12
185;405;12
185;406;12
185;407;12
185;408;12
185;409;12
185;410;12
185;411;12
185;412;12
185;413;12
185;414;12
185;415;12
185;416;12
185;417;12
185;418;12
185;419;12
185;420;12
185;421;12
185;422;12
185;423;12
185;424;26
185;425;26
185;426;26
185;427;26
185;428;26
185;429;26
185;430;26
185;431;26
185;432;26
185;433;26
185;434;26
185;435;26
185;436;26
185;437;26
185;438;26
185;439;26
185;440;26
185;441;26
185;442;26
185;443;26
185;444;26
185;445;26
185;446;26
185;447;26
185;448;26
185;449;26
185;450;26
185;451;26
185;452;26
185;453;26
185;454;26
185;455;26
185;456;26
185;457;26
185;458;26
185;459;26
185;460;26
185;461;26
185;462;26
185;463;26
185;464;26
185;465;26
185;466;3
185;467;3
185;468;3
185;469;3
185;470;3
185;471;22
185;472;22
185;473;22
185;474;22
185;475;22
185;476;22
185;477;22
185;478;22
185;479;22
185;480;22
185;481;5
185;482;5
185;483;5
185;484;5
185;485;5
185;486;5
185;487;5
185;488;5
185;489;5
185;490;5
185;491;5
185;492;5
185;493;5
185;494;5
185;495;5
185;496;5
185;497;5
185;498;5
185;499;5
186;0;41
186;1;41
186;2;41
186;3;41
186;4;41
186;5;41
186;6;41
186;7;41
186;8;41
186;9;41
186;10;41
186;11;41
186;12;41
186;13;41
186;14;41
186;15;41
186;16;21
186;17;21
186;18;21
186;19;21
186;20;21
186;21;21
186;22;21
186;23;21
186;24;21
186;25;21
186;26;21
186;27;21
186;28;21
186;29;21
186;30;21
186;31;21
186;32;21
186;33;21
186;34;21
186;35;21
186;36;21
186;37;21
186;38;21
186;39;21
186;40;21
186;41;21
186;42;21
186;43;21
186;44;21
186;45;39
186;46;39
186;47;39
186;48;39
186;49;39
186;50;39
186;51;39
186;52;39
186;53;39
186;54;39
186;55;39
186;56;39
186;57;39
186;58;39
186;59;39
186;60;39
186;61;39
186;62;15
186;63;15
186;64;15
186;65;15
186;66;15
186;67;15
186;68;15
186;69;15
186;70;15
186;71;15
186;72;15
186;73;15
186;74;15
186;75;15
186;76;17
186;77;17
186;78;17
186;79;17
186;80;17
186;81;17
186;82;17
186;83;17
186;84;17
186;85;17
186;86;17
186;87;17
186;88;17
186;89;17
186;90;17
186;91;17
186;92;17
186;93;17
186;94;17
186;95;17
186;96;17
186;97;17
186;98;17
186;99;17
186;100;17
186;101;4
186;102;4
186;103;4
186;104;4
186;105;4
186;106;4
186;107;4
186;108;4
186;109;4
186;110;4
186;111;4
186;112;4
186;113;4
186;114;4
186;115;4
186;116;4
186;117;4
186;118;4
186;119;4
186;120;4
186;121;4
186;122;4
186;123;4
186;124;4
186;125;4
186;126;4
186;127;4
186;128;4
186;129;4
186;130;4
186;131;4
186;132;4
186;133;4
186;134;4
186;135;4
186;136;4
186;137;4
186;138;4
186;139;17
186;140;17
186;141;17
186;142;17
186;143;17
186;144;17
186;145;17
186;146;17
186;147;8
186;148;8
186;149;8
186;150;8
186;151;8
186;152;8
186;153;8
186;154;8
186;155;8
186;156;8
186;157;8
186;158;8
186;159;8
186;160;8
186;161;8
186;162;8
186;163;8
186;164;8
186;165;8
186;166;8
186;167;8
186;168;8
186;169;8
186;170;8
186;171;8
186;172;8
186;173;8
186;174;8
186;175;8
186;176;8
186;177;8
186;178;8
186;179;8
186;180;8
186;181;8
186;182;8
186;183;8
186;184;43
186;185;43
186;186;43
186;187;43
186;188;43
186;189;43
186;190;43
186;191;43
186;192;43
186;193;43
186;194;43
186;195;43
186;196;43
186;197;43
186;198;43
186;199;43
186;200;43
186;201;43
186;202;43
186;203;43
186;204;43
186;205;43
186;206;43
186;207;43
186;208;43
186;209;43
186;210;43
186;211;43
186;212;43
186;213;33
186;214;33
186;215;33
186;216;33
186;217;33
186;218;33
186;219;33
186;220;33
186;221;33
186;222;33
186;223;33
186;224;33
186;225;33
186;226;33
186;227;33
186;228;33
186;229;33
186;230;33
186;231;33
186;232;33
186;233;33
186;234;33
186;235;33
186;236;33
186;237;33
186;238;33
186;239;33
186;240;33
186;241;33
186;242;33
186;243;33
186;244;33
186;245;33
186;246;33
186;247;33
186;248;33
186;249;33
186;250;33
186;251;33
186;252;3
186;253;3
186;254;3
186;255;3
186;256;3
186;257;3
186;258;3
186;259;3
186;260;3
186;261;3
186;262;3
186;263;3
186;264;3
186;265;3
186;266;3
186;267;3
186;268;3
186;269;3
186;270;3
186;271;44
186;272;44
186;273;44
186;274;44
186;275;44
186;276;44
186;277;44
186;278;44
186;279;44
186;280;44
186;281;44
186;282;44
186;283;44
186;284;44
186;285;31
186;286;31
186;287;31
186;288;31
186;289;31
186;290;31
186;291;31
186;292;31
186;293;31
186;294;31
186;295;31
186;296;31
186;297;31
186;298;31
186;299;31
186;300;31
186;301;31
186;302;31
186;303;31
186;304;31
186;305;31
186;306;31
186;307;31
186;308;31
186;309;31
186;310;21
186;311;21
186;312;21
186;313;21
186;314;21
186;315;21
186;316;21
186;317;21
186;318;21
186;319;21
186;320;21
186;321;21
186;322;21
186;323;21
186;324;21
186;325;30
186;326;30
186;327;30
186;328;30
186;329;30
186;330;30
186;331;30
186;332;30
186;333;30
186;334;30
186;335;30
186;336;30
186;337;30
186;338;30
186;339;37
186;340;37
186;341;37
186;342;37
186;343;37
186;344;37
186;345;37
186;346;37
186;347;37
186;348;37
186;349;37
186;350;37
186;351;37
186;352;37
186;353;37
186;354;37
186;355;37
186;356;37
186;357;37
186;358;37
186;359;37
186;360;37
186;361;37
186;362;37
186;363;28
186;364;48
186;365;48
186;366;48
186;367;48
186;368;48
186;369;48
186;370;48
186;371;48
186;372;48
186;373;48
186;374;48
186;375;48
186;376;48
186;377;48
186;378;48
186;379;48
186;380;48
186;381;48
186;382;48
186;383;48
186;384;48
186;385;48
186;386;48
186;387;48
186;388;48
186;389;48
186;390;48
186;391;48
186;392;48
186;393;48
186;394;48
186;395;48
186;396;12
186;397;12
186;398;12
186;399;12
186;400;12
186;401;12
186;402;12
186;403;12
186;404;12
186;405;12
186;406;12
186;407;12
186;408;12
186;409;12
186;410;12
186;411;12
186;412;12
186;413;12
186;414;12
186;415;12
186;416;12
186;417;12
186;418;12
186;419;12
186;420;12
186;421;12
186;422;12
186;423;12
186;424;26
186;425;26
186;426;26
186;427;26
186;428;26
186;429;26
186;430;26
186;431;26
186;432;26
186;433;26
186;434;26
186;435;26
186;436;26
186;437;26
186;438;26
186;439;26
186;440;26
186;441;26
186;442;26
186;443;26
186;444;26
186;445;26
186;446;26
186;447;26
186;448;26
186;449;26
186;450;26
186;451;26
186;452;26
186;453;26
186;454;26
186;455;26
186;456;26
186;457;26
186;458;26
186;459;26
186;460;26
186;461;26
186;462;26
186;463;26
186;464;26
186;465;26
186;466;26
186;467;26
186;468;3
186;469;3
186;470;3
186;471;22
186;472;22
186;473;22
186;474;22
186;475;22
186;476;22
186;477;22
186;478;22
186;479;22
186;480;22
186;481;5
186;482;5
186;483;5
186;484;5
186;485;5
186;486;5
186;487;5
186;488;5
186;489;5
186;490;5
186;491;5
186;492;5
186;493;5
186;494;5
186;495;5
186;496;5
186;497;5
186;498;5
186;499;5
187;0;41
187;1;41
187;2;41
187;3;41
187;4;41
187;5;41
187;6;41
187;7;41
187;8;41
187;9;41
187;10;41
187;11;41
187;12;41
187;13;41
187;14;41
187;15;41
187;16;41
187;17;21
187;18;21
187;19;21
187;20;21
187;21;21
187;22;21
187;23;21
187;24;21
187;25;21
187;26;21
187;27;21
187;28;21
187;29;21
187;30;21
187;31;21
187;32;21
187;33;21
187;34;21
187;35;21
187;36;21
187;37;21
187;38;21
187;39;21
187;40;21
187;41;21
187;42;21
187;43;21
187;44;21
187;45;39
187;46;39
187;47;39
187;48;39
187;49;39
187;50;39
187;51;39
187;52;39
187;53;39
187;54;39
187;55;39
187;56;39
187;57;39
187;58;39
187;59;39
187;60;39
187;61;39
187;62;39
187;63;15
187;64;15
187;65;15
187;66;15
187;67;15
187;68;15
187;69;15
187;70;15
187;71;15
187;72;15
187;73;15
187;74;15
187;75;15
187;76;15
187;77;15
187;78;17
187;79;17
187;80;17
187;81;17
187;82;17
187;83;17
187;84;17
187;85;17
187;86;17
187;87;17
187;88;17
187;89;17
187;90;17
187;91;17
187;92;17
187;93;17
187;94;17
187;95;17
187;96;17
187;97;17
187;98;17
187;99;17
187;100;17
187;101;4
187;102;4
187;103;4
187;104;4
187;105;4
187;106;4
187;107;4
187;108;4
187;109;4
187;110;4
187;111;4
187;112;4
187;113;4
187;114;4
187;115;4
187;116;4
187;117;4
187;118;4
187;119;4
187;120;4
187;121;4
187;122;4
187;123;4
187;124;4
187;125;4
187;126;4
187;127;4
187;128;4
187;129;4
187;130;4
187;131;4
187;132;4
187;133;4
187;134;4
187;135;4
187;136;4
187;137;4
187;138;4
187;139;4
187;140;17
187;141;17
187;142;17
187;143;17
187;144;17
187;145;17
187;146;17
187;147;17
187;148;8
187;149;8
187;150;8
187;151;8
187;152;8
187;153;8
187;154;8
187;155;8
187;156;8
187;157;8
187;158;8
187;159;8
187;160;8
187;161;8
187;162;8
187;163;8
187;164;8
187;165;8
187;166;8
187;167;8
187;168;8
187;169;8
187;170;8
187;171;8
187;172;8
187;173;8
187;174;8
187;175;8
187;176;8
187;177;8
187;178;8
187;179;8
187;180;8
187;181;8
187;182;8
187;183;8
187;184;43
187;185;43
187;186;43
187;187;43
187;188;43
187;189;43
187;190;43
187;191;43
187;192;43
187;193;43
187;194;43
187;195;43
187;196;43
187;197;43
187;198;43
187;199;43
187;200;43
187;201;43
187;202;43
187;203;43
187;204;43
187;205;43
187;206;43
187;207;43
187;208;43
187;209;43
187;210;43
187;211;43
187;212;43
187;213;43
187;214;43
187;215;33
187;216;33
187;217;33
187;218;33
187;219;33
187;220;33
187;221;33
187;222;33
187;223;33
187;224;33
187;225;33
187;226;33
187;227;33
187;228;33
187;229;33
187;230;33
187;231;33
187;232;33
187;233;33
187;234;33
187;235;33
187;236;33
187;237;33
187;238;33
187;239;33
187;240;33
187;241;33
187;242;33
187;243;33
187;244;33
187;245;33
187;246;33
187;247;33
187;248;33
187;249;33
187;250;33
187;251;33
187;252;33
187;253;3
187;254;3
187;255;3
187;256;3
187;257;3
187;258;3
187;259;3
187;260;3
187;261;3
187;262;3
187;263;3
187;264;3
187;265;3
187;266;3
187;267;3
187;268;3
187;269;37
187;270;37
187;271;37
187;272;44
187;273;44
187;274;44
187;275;44
187;276;44
187;277;44
187;278;44
187;279;44
187;280;44
187;281;44
187;282;44
187;283;44
187;284;44
187;285;44
187;286;31
187;287;31
187;288;31
187;289;31
187;290;31
187;291;31
187;292;31
187;293;31
187;294;31
187;295;31
187;296;31
187;297;31
187;298;31
187;299;31
187;300;31
187;301;31
187;302;31
187;303;31
187;304;31
187;305;31
187;306;31
187;307;31
187;308;31
187;309;31
187;310;21
187;311;21
187;312;21
187;313;21
187;314;21
187;315;21
187;316;21
187;317;21
187;318;21
187;319;21
187;320;21
187;321;21
187;322;21
187;323;21
187;324;21
187;325;30
187;326;30
187;327;30
187;328;30
187;329;30
187;330;30
187;331;30
187;332;30
187;333;30
187;334;30
187;335;30
187;336;30
187;337;30
187;338;30
187;339;37
187;340;37
187;341;37
187;342;37
187;343;37
187;344;37
187;345;37
187;346;37
187;347;37
187;348;37
187;349;37
187;350;37
187;351;37
187;352;37
187;353;37
187;354;37
187;355;37
187;356;37
187;357;37
187;358;37
187;359;37
187;360;37
187;361;37
187;362;7
187;363;28
187;364;28
187;365;48
187;366;48
187;367;48
187;368;48
187;369;48
187;370;48
187;371;48
187;372;48
187;373;48
187;374;48
187;375;48
187;376;48
187;377;48
187;378;48
187;379;48
187;380;48
187;381;48
187;382;48
187;383;48
187;384;48
187;385;48
187;386;48
187;387;48
187;388;48
187;389;48
187;390;48
187;391;48
187;392;48
187;393;48
187;394;48
187;395;48
187;396;48
187;397;48
187;398;12
187;399;12
187;400;12
187;401;12
187;402;12
187;403;12
187;404;12
187;405;12
187;406;12
187;407;12
187;408;12
187;409;12
187;410;12
187;411;12
187;412;12
187;413;12
187;414;12
187;415;12
187;416;12
187;417;12
187;418;12
187;419;12
187;420;12
187;421;12
187;422;12
187;423;12
187;424;26
187;425;26
187;426;26
187;427;26
187;428;26
187;429;26
187;430;26
187;431;26
187;432;26
187;433;26
187;434;26
187;435;26
187;436;26
187;437;26
187;438;26
187;439;26
187;440;26
187;441;26
187;442;26
187;443;26
187;444;26
187;445;26
187;446;26
187;447;26
187;448;26
187;449;26
187;450;26
187;451;26
187;452;26
187;453;26
187;454;26
187;455;26
187;456;26
187;457;26
187;458;26
187;459;26
187;460;26
187;461;26
187;462;26
187;463;26
187;464;26
187;465;26
187;466;26
187;467;26
187;468;26
187;469;26
187;470;3
187;471;22
187;472;22
187;473;22
187;474;22
187;475;22
187;476;22
187;477;22
187;478;22
187;479;22
187;480;22
187;481;5
187;482;5
187;483;5
187;484;5
187;485;5
187;486;5
187;487;5
187;488;5
187;489;5
187;490;5
187;491;5
187;492;5
187;493;5
187;494;5
187;495;5
187;496;5
187;497;5
187;498;5
187;499;5
188;0;41
188;1;41
188;2;41
188;3;41
188;4;41
188;5;41
188;6;41
188;7;41
188;8;41
188;9;41
188;10;41
188;11;41
188;12;41
188;13;41
188;14;41
188;15;41
188;16;41
188;17;21
188;18;21
188;19;21
188;20;21
188;21;21
188;22;21
188;23;21
188;24;21
188;25;21
188;26;21
188;27;21
188;28;21
188;29;21
188;30;21
188;31;21
188;32;21
188;33;21
188;34;21
188;35;21
188;36;21
188;37;21
188;38;21
188;39;21
188;40;21
188;41;21
188;42;21
188;43;21
188;44;21
188;45;21
188;46;39
188;47;39
188;48;39
188;49;39
188;50;39
188;51;39
188;52;39
188;53;39
188;54;39
188;55;39
188;56;39
188;57;39
188;58;39
188;59;39
188;60;39
188;61;39
188;62;39
188;63;39
188;64;15
188;65;15
188;66;15
188;67;15
188;68;15
188;69;15
188;70;15
188;71;15
188;72;15
188;73;15
188;74;15
188;75;15
188;76;15
188;77;15
188;78;15
188;79;15
188;80;17
188;81;17
188;82;17
188;83;17
188;84;17
188;85;17
188;86;17
188;87;17
188;88;17
188;89;17
188;90;17
188;91;17
188;92;17
188;93;17
188;94;17
188;95;17
188;96;17
188;97;17
188;98;17
188;99;17
188;100;17
188;101;4
188;102;4
188;103;4
188;104;4
188;105;4
188;106;4
188;107;4
188;108;4
188;109;4
188;110;4
188;111;4
188;112;4
188;113;4
188;114;4
188;115;4
188;116;4
188;117;4
188;118;4
188;119;4
188;120;4
188;121;4
188;122;4
188;123;4
188;124;4
188;125;4
188;126;4
188;127;4
188;128;4
188;129;4
188;130;4
188;131;4
188;132;4
188;133;4
188;134;4
188;135;4
188;136;4
188;137;4
188;138;4
188;139;4
188;140;17
188;141;17
188;142;17
188;143;17
188;144;17
188;145;17
188;146;17
188;147;17
188;148;17
188;149;8
188;150;8
188;151;8
188;152;8
188;153;8
188;154;8
188;155;8
188;156;8
188;157;8
188;158;8
188;159;8
188;160;8
188;161;8
188;162;8
188;163;8
188;164;8
188;165;8
188;166;8
188;167;8
188;168;8
188;169;8
188;170;8
188;171;8
188;172;8
188;173;8
188;174;8
188;175;8
188;176;8
188;177;8
188;178;8
188;179;8
188;180;8
188;181;8
188;182;8
188;183;8
188;184;8
188;185;43
188;186;43
188;187;43
188;188;43
188;189;43
188;190;43
188;191;43
188;192;43
188;193;43
188;194;43
188;195;43
188;196;43
188;197;43
188;198;43
188;199;43
188;200;43
188;201;43
188;202;43
188;203;43
188;204;43
188;205;43
188;206;43
188;207;43
188;208;43
188;209;43
188;210;43
188;211;43
188;212;43
188;213;43
188;214;43
188;215;43
188;216;43
188;217;33
188;218;33
188;219;33
188;220;33
188;221;33
188;222;33
188;223;33
188;224;33
188;225;33
188;226;33
188;227;33
188;228;33
188;229;33
188;230;33
188;231;33
188;232;33
188;233;33
188;234;33
188;235;33
188;236;33
188;237;33
188;238;33
188;239;33
188;240;33
188;241;33
188;242;33
188;243;33
188;244;33
188;245;33
188;246;33
188;247;33
188;248;33
188;249;33
188;250;33
188;251;33
188;252;33
188;253;33
188;254;3
188;255;3
188;256;3
188;257;3
188;258;3
188;259;3
188;260;3
188;261;3
188;262;3
188;263;3
188;264;3
188;265;3
188;266;3
188;267;3
188;268;37
188;269;37
188;270;37
188;271;37
188;272;37
188;273;37
188;274;44
188;275;44
188;276;44
188;277;44
188;278;44
188;279;44
188;280;44
188;281;44
188;282;44
188;283;44
188;284;44
188;285;44
188;286;31
188;287;31
188;288;31
188;289;31
188;290;31
188;291;31
188;292;31
188;293;31
188;294;31
188;295;31
188;296;31
188;297;31
188;298;31
188;299;31
188;300;31
188;301;31
188;302;31
188;303;31
188;304;31
188;305;31
188;306;31
188;307;31
188;308;31
188;309;8
188;310;8
188;311;8
188;312;21
188;313;21
188;314;21
188;315;21
188;316;21
188;317;21
188;318;21
188;319;21
188;320;21
188;321;21
188;322;21
188;323;21
188;324;21
188;325;30
188;326;30
188;327;30
188;328;30
188;329;30
188;330;30
188;331;30
188;332;30
188;333;30
188;334;30
188;335;30
188;336;30
188;337;30
188;338;30
188;339;30
188;340;37
188;341;37
188;342;37
188;343;37
188;344;37
188;345;37
188;346;37
188;347;37
188;348;37
188;349;37
188;350;37
188;351;37
188;352;37
188;353;37
188;354;37
188;355;37
188;356;37
188;357;37
188;358;37
188;359;37
188;360;37
188;361;7
188;362;7
188;363;7
188;364;28
188;365;28
188;366;48
188;367;48
188;368;48
188;369;48
188;370;48
188;371;48
188;372;48
188;373;48
188;374;48
188;375;48
188;376;48
188;377;48
188;378;48
188;379;48
188;380;48
188;381;48
188;382;48
188;383;48
188;384;48
188;385;48
188;386;48
188;387;48
188;388;48
188;389;48
188;390;48
188;391;48
188;392;48
188;393;48
188;394;48
188;395;48
188;396;48
188;397;48
188;398;48
188;399;48
188;400;12
188;401;12
188;402;12
188;403;12
188;404;12
188;405;12
188;406;12
188;407;12
188;408;12
188;409;12
188;410;12
188;411;12
188;412;12
188;413;12
188;414;12
188;415;12
188;416;12
188;417;12
188;418;12
188;419;12
188;420;12
188;421;12
188;422;12
188;423;12
188;424;26
188;425;26
188;426;26
188;427;26
188;428;26
188;429;26
188;430;26
188;431;26
188;432;26
188;433;26
188;434;26
188;435;26
188;436;26
188;437;26
188;438;26
188;439;26
188;440;26
188;441;26
188;442;26
188;443;26
188;444;26
188;445;26
188;446;26
188;447;26
188;448;26
188;449;26
188;450;26
188;451;26
188;452;26
188;453;26
188;454;26
188;455;26
188;456;26
188;457;26
188;458;26
188;459;26
188;460;26
188;461;26
188;462;26
188;463;26
188;464;26
188;465;26
188;466;26
188;467;26
188;468;26
188;469;26
188;470;26
188;471;26
188;472;22
188;473;22
188;474;22
188;475;22
188;476;22
188;477;22
188;478;22
188;479;22
188;480;22
188;481;5
188;482;5
188;483;5
188;484;5
188;485;5
188;486;5
188;487;5
188;488;5
188;489;5
188;490;5
188;491;5
188;492;5
188;493;5
188;494;5
188;495;5
188;496;5
188;497;5
188;498;5
188;499;5
189;0;41
189;1;41
189;2;41
189;3;41
189;4;41
189;5;41
189;6;41
189;7;41
189;8;41
189;9;41
189;10;41
189;11;41
189;12;41
189;13;41
189;14;41
189;15;41
189;16;41
189;17;41
189;18;21
189;19;21
189;20;21
189;21;21
189;22;21
189;23;21
189;24;21
189;25;21
189;26;21
189;27;21
189;28;21
189;29;21
189;30;21
189;31;21
189;32;21
189;33;21
189;34;21
189;35;21
189;36;21
189;37;21
189;38;21
189;39;21
189;40;21
189;41;21
189;42;21
189;43;21
189;44;21
189;45;21
189;46;39
189;47;39
189;48;39
189;49;39
189;50;39
189;51;39
189;52;39
189;53;39
189;54;39
189;55;39
189;56;39
189;57;39
189;58;39
189;59;39
189;60;39
189;61;39
189;62;39
189;63;39
189;64;39
189;65;15
189;66;15
189;67;15
189;68;15
189;69;15
189;70;15
189;71;15
189;72;15
189;73;15
189;74;15
189;75;15
189;76;15
189;77;15
189;78;15
189;79;15
189;80;15
189;81;15
189;82;15
189;83;15
189;84;17
189;85;17
189;86;17
189;87;17
189;88;17
189;89;17
189;90;17
189;91;17
189;92;17
189;93;17
189;94;17
189;95;17
189;96;17
189;97;17
189;98;17
189;99;17
189;100;17
189;101;4
189;102;4
189;103;4
189;104;4
189;105;4
189;106;4
189;107;4
189;108;4
189;109;4
189;110;4
189;111;4
189;112;4
189;113;4
189;114;4
189;115;4
189;116;4
189;117;4
189;118;4
189;119;4
189;120;4
189;121;4
189;122;4
189;123;4
189;124;4
189;125;4
189;126;4
189;127;4
189;128;4
189;129;4
189;130;4
189;131;4
189;132;4
189;133;4
189;134;4
189;135;4
189;136;4
189;137;4
189;138;4
189;139;4
189;140;4
189;141;17
189;142;17
189;143;17
189;144;17
189;145;17
189;146;17
189;147;17
189;148;17
189;149;17
189;150;8
189;151;8
189;152;8
189;153;8
189;154;8
189;155;8
189;156;8
189;157;8
189;158;8
189;159;8
189;160;8
189;161;8
189;162;8
189;163;8
189;164;8
189;165;8
189;166;8
189;167;8
189;168;8
189;169;8
189;170;8
189;171;8
189;172;8
189;173;8
189;174;8
189;175;8
189;176;8
189;177;8
189;178;8
189;179;8
189;180;8
189;181;8
189;182;8
189;183;8
189;184;8
189;185;43
189;186;43
189;187;43
189;188;43
189;189;43
189;190;43
189;191;43
189;192;43
189;193;43
189;194;43
189;195;43
189;196;43
189;197;43
189;198;43
189;199;43
189;200;43
189;201;43
189;202;43
189;203;43
189;204;43
189;205;43
189;206;43
189;207;43
189;208;43
189;209;43
189;210;43
189;211;43
189;212;43
189;213;43
189;214;43
189;215;43
189;216;43
189;217;43
189;218;43
189;219;33
189;220;33
189;221;33
189;222;33
189;223;33
189;224;33
189;225;33
189;226;33
189;227;33
189;228;33
189;229;33
189;230;33
189;231;33
189;232;33
189;233;33
189;234;33
189;235;33
189;236;33
189;237;33
189;238;33
189;239;33
189;240;33
189;241;33
189;242;33
189;243;33
189;244;33
189;245;33
189;246;33
189;247;33
189;248;33
189;249;33
189;250;33
189;251;33
189;252;33
189;253;33
189;254;33
189;255;3
189;256;3
189;257;3
189;258;3
189;259;3
189;260;3
189;261;3
189;262;3
189;263;3
189;264;3
189;265;3
189;266;3
189;267;37
189;268;37
189;269;37
189;270;37
189;271;37
189;272;37
189;273;37
189;274;37
189;275;37
189;276;44
189;277;44
189;278;44
189;279;44
189;280;44
189;281;44
189;282;44
189;283;44
189;284;44
189;285;44
189;286;44
189;287;31
189;288;31
189;289;31
189;290;31
189;291;31
189;292;31
189;293;31
189;294;31
189;295;31
189;296;31
189;297;31
189;298;31
189;299;31
189;300;31
189;301;31
189;302;31
189;303;31
189;304;31
189;305;31
189;306;31
189;307;31
189;308;8
189;309;8
189;310;8
189;311;8
189;312;8
189;313;8
189;314;21
189;315;21
189;316;21
189;317;21
189;318;21
189;319;21
189;320;21
189;321;21
189;322;21
189;323;21
189;324;21
189;325;30
189;326;30
189;327;30
189;328;30
189;329;30
189;330;30
189;331;30
189;332;30
189;333;30
189;334;30
189;335;30
189;336;30
189;337;30
189;338;30
189;339;30
189;340;37
189;341;37
189;342;37
189;343;37
189;344;37
189;345;37
189;346;37
189;347;37
189;348;37
189;349;37
189;350;37
189;351;37
189;352;37
189;353;37
189;354;37
189;355;37
189;356;37
189;357;37
189;358;37
189;359;37
189;360;7
189;361;7
189;362;7
189;363;7
189;364;7
189;365;28
189;366;28
189;367;48
189;368;48
189;369;48
189;370;48
189;371;48
189;372;48
189;373;48
189;374;48
189;375;48
189;376;48
189;377;48
189;378;48
189;379;48
189;380;48
189;381;48
189;382;48
189;383;48
189;384;48
189;385;48
189;386;48
189;387;48
189;388;48
189;389;48
189;390;48
189;391;48
189;392;48
189;393;48
189;394;48
189;395;48
189;396;48
189;397;48
189;398;48
189;399;48
189;400;48
189;401;48
189;402;12
189;403;12
189;404;12
189;405;12
189;406;12
189;407;12
189;408;12
189;409;12
189;410;12
189;411;12
189;412;12
189;413;12
189;414;12
189;415;12
189;416;12
189;417;12
189;418;12
189;419;12
189;420;12
189;421;12
189;422;12
189;423;12
189;424;26
189;425;26
189;426;26
189;427;26
189;428;26
189;429;26
189;430;26
189;431;26
189;432;26
189;433;26
189;434;26
189;435;26
189;436;26
189;437;26
189;438;26
189;439;26
189;440;26
189;441;26
189;442;26
189;443;26
189;444;26
189;445;26
189;446;26
189;447;26
189;448;26
189;449;26
189;450;26
189;451;26
189;452;26
189;453;26
189;454;26
189;455;26
189;456;26
189;457;26
189;458;26
189;459;26
189;460;26
189;461;26
189;462;26
189;463;26
189;464;26
189;465;26
189;466;26
189;467;26
189;468;26
189;469;26
189;470;26
189;471;26
189;472;26
189;473;22
189;474;22
189;475;22
189;476;22
189;477;22
189;478;22
189;479;22
189;480;22
189;481;5
189;482;5
189;483;5
189;484;5
189;485;5
189;486;5
189;487;5
189;488;5
189;489;5
189;490;5
189;491;5
189;492;5
189;493;5
189;494;5
189;495;5
189;496;5
189;497;5
189;498;5
189;499;5
190;0;41
190;1;41
190;2;41
190;3;41
190;4;41
190;5;41
190;6;41
190;7;41
190;8;41
190;9;41
190;10;41
190;11;41
190;12;41
190;13;41
190;14;41
190;15;41
190;16;41
190;17;41
190;18;21
190;19;21
190;20;21
190;21;21
190;22;21
190;23;21
190;24;21
190;25;21
190;26;21
190;27;21
190;28;21
190;29;21
190;30;21
190;31;21
190;32;21
190;33;21
190;34;21
190;35;21
190;36;21
190;37;21
190;38;21
190;39;21
190;40;21
190;41;21
190;42;21
190;43;21
190;44;21
190;45;21
190;46;21
190;47;39
190;48;39
190;49;39
190;50;39
190;51;39
190;52;39
190;53;39
190;54;39
190;55;39
190;56;39
190;57;39
190;58;39
190;59;39
190;60;39
190;61;39
190;62;39
190;63;39
190;64;39
190;65;39
190;66;15
190;67;15
190;68;15
190;69;15
190;70;15
190;71;15
190;72;15
190;73;15
190;74;15
190;75;15
190;76;15
190;77;15
190;78;15
190;79;15
190;80;15
190;81;15
190;82;15
190;83;15
190;84;15
190;85;15
190;86;17
190;87;17
190;88;17
190;89;17
190;90;17
190;91;17
190;92;17
190;93;17
190;94;17
190;95;17
190;96;17
190;97;17
190;98;17
190;99;17
190;100;17
190;101;4
190;102;4
190;103;4
190;104;4
190;105;4
190;106;4
190;107;4
190;108;4
190;109;4
190;110;4
190;111;4
190;112;4
190;113;4
190;114;4
190;115;4
190;116;4
190;117;4
190;118;4
190;119;4
190;120;4
190;121;4
190;122;4
190;123;4
190;124;4
190;125;4
190;126;4
190;127;4
190;128;4
190;129;4
190;130;4
190;131;4
190;132;4
190;133;4
190;134;4
190;135;4
190;136;4
190;137;4
190;138;4
190;139;4
190;140;4
190;141;17
190;142;17
190;143;17
190;144;17
190;145;17
190;146;17
190;147;17
190;148;17
190;149;17
190;150;17
190;151;8
190;152;8
190;153;8
190;154;8
190;155;8
190;156;8
190;157;8
190;158;8
190;159;8
190;160;8
190;161;8
190;162;8
190;163;8
190;164;8
190;165;8
190;166;8
190;167;8
190;168;8
190;169;8
190;170;8
190;171;8
190;172;8
190;173;8
190;174;8
190;175;8
190;176;8
190;177;8
190;178;8
190;179;8
190;180;8
190;181;8
190;182;8
190;183;8
190;184;8
190;185;8
190;186;43
190;187;43
190;188;43
190;189;43
190;190;43
190;191;43
190;192;43
190;193;43
190;194;43
190;195;43
190;196;43
190;197;43
190;198;43
190;199;43
190;200;43
190;201;43
190;202;43
190;203;43
190;204;43
190;205;43
190;206;43
190;207;43
190;208;43
190;209;43
190;210;43
190;211;43
190;212;43
190;213;43
190;214;43
190;215;43
190;216;43
190;217;43
190;218;43
190;219;43
190;220;43
190;221;33
190;222;33
190;223;33
190;224;33
190;225;33
190;226;33
190;227;33
190;228;33
190;229;33
190;230;33
190;231;33
190;232;33
190;233;33
190;234;33
190;235;33
190;236;33
190;237;33
190;238;33
190;239;33
190;240;33
190;241;33
190;242;33
190;243;33
190;244;33
190;245;33
190;246;33
190;247;33
190;248;33
190;249;33
190;250;33
190;251;33
190;252;33
190;253;33
190;254;33
190;255;33
190;256;37
190;257;37
190;258;37
190;259;37
190;260;37
190;261;37
190;262;37
190;263;37
190;264;37
190;265;37
190;266;37
190;267;37
190;268;37
190;269;37
190;270;37
190;271;37
190;272;37
190;273;37
190;274;37
190;275;37
190;276;37
190;277;37
190;278;37
190;279;37
190;280;37
190;281;37
190;282;37
190;283;44
190;284;44
190;285;44
190;286;44
190;287;31
190;288;31
190;289;31
190;290;31
190;291;31
190;292;31
190;293;31
190;294;31
190;295;31
190;296;31
190;297;31
190;298;31
190;299;31
190;300;31
190;301;31
190;302;31
190;303;31
190;304;31
190;305;31
190;306;31
190;307;8
190;308;8
190;309;8
190;310;8
190;311;8
190;312;8
190;313;8
190;314;8
190;315;8
190;316;21
190;317;21
190;318;21
190;319;21
190;320;21
190;321;21
190;322;21
190;323;21
190;324;21
190;325;30
190;326;30
190;327;30
190;328;30
190;329;30
190;330;30
190;331;30
190;332;30
190;333;30
190;334;30
190;335;30
190;336;30
190;337;30
190;338;30
190;339;30
190;340;30
190;341;37
190;342;37
190;343;37
190;344;37
190;345;37
190;346;37
190;347;37
190;348;37
190;349;37
190;350;37
190;351;37
190;352;37
190;353;37
190;354;37
190;355;37
190;356;37
190;357;37
190;358;37
190;359;37
190;360;7
190;361;7
190;362;7
190;363;7
190;364;7
190;365;7
190;366;28
190;367;28
190;368;48
190;369;48
190;370;48
190;371;48
190;372;48
190;373;48
190;374;48
190;375;48
190;376;48
190;377;48
190;378;48
190;379;48
190;380;48
190;381;48
190;382;48
190;383;48
190;384;48
190;385;48
190;386;48
190;387;48
190;388;48
190;389;48
190;390;48
190;391;48
190;392;48
190;393;48
190;394;48
190;395;48
190;396;48
190;397;48
190;398;48
190;399;48
190;400;48
190;401;48
190;402;48
190;403;48
190;404;12
190;405;12
190;406;12
190;407;12
190;408;12
190;409;12
190;410;12
190;411;12
190;412;12
190;413;12
190;414;12
190;415;12
190;416;12
190;417;12
190;418;12
190;419;12
190;420;12
190;421;12
190;422;12
190;423;12
190;424;26
190;425;26
190;426;26
190;427;26
190;428;26
190;429;26
190;430;26
190;431;26
190;432;26
190;433;26
190;434;26
190;435;26
190;436;26
190;437;26
190;438;26
190;439;26
190;440;26
190;441;26
190;442;26
190;443;26
190;444;26
190;445;26
190;446;26
190;447;26
190;448;26
190;449;26
190;450;26
190;451;26
190;452;26
190;453;26
190;454;26
190;455;26
190;456;26
190;457;26
190;458;26
190;459;26
190;460;26
190;461;26
190;462;26
190;463;26
190;464;26
190;465;26
190;466;26
190;467;26
190;468;26
190;469;26
190;470;26
190;471;26
190;472;26
190;473;26
190;474;26
190;475;22
190;476;22
190;477;22
190;478;22
190;479;22
190;480;22
190;481;5
190;482;5
190;483;5
190;484;5
190;485;5
190;486;5
190;487;5
190;488;5
190;489;5
190;490;5
190;491;5
190;492;5
190;493;5
190;494;5
190;495;5
190;496;5
190;497;5
190;498;5
190;499;5
191;0;41
191;1;41
191;2;41
191;3;41
191;4;41
191;5;41
191;6;41
191;7;41
191;8;41
191;9;41
191;10;41
191;11;41
191;12;41
191;13;41
191;14;41
191;15;41
191;16;41
191;17;41
191;18;51
191;19;21
191;20;21
191;21;21
191;22;21
191;23;21
191;24;21
191;25;21
191;26;21
191;27;21
191;28;21
191;29;21
191;30;21
191;31;21
191;32;21
191;33;21
191;34;21
191;35;21
191;36;21
191;37;21
191;38;21
191;39;21
191;40;21
191;41;21
191;42;21
191;43;21
191;44;21
191;45;21
191;46;21
191;47;39
191;48;39
191;49;39
191;50;39
191;51;39
191;52;39
191;53;39
191;54;39
191;55;39
191;56;39
191;57;39
191;58;39
191;59;39
191;60;39
191;61;39
191;62;39
191;63;39
191;64;39
191;65;39
191;66;39
191;67;15
191;68;15
191;69;15
191;70;15
191;71;15
191;72;15
191;73;15
191;74;15
191;75;15
191;76;15
191;77;15
191;78;15
191;79;15
191;80;15
191;81;15
191;82;15
191;83;15
191;84;15
191;85;15
191;86;15
191;87;15
191;88;17
191;89;17
191;90;17
191;91;17
191;92;17
191;93;17
191;94;17
191;95;17
191;96;17
191;97;17
191;98;17
191;99;17
191;100;17
191;101;4
191;102;4
191;103;4
191;104;4
191;105;4
191;106;4
191;107;4
191;108;4
191;109;4
191;110;4
191;111;4
191;112;4
191;113;4
191;114;4
191;115;4
191;116;4
191;117;4
191;118;4
191;119;4
191;120;4
191;121;4
191;122;4
191;123;4
191;124;4
191;125;4
191;126;4
191;127;4
191;128;4
191;129;4
191;130;4
191;131;4
191;132;4
191;133;4
191;134;4
191;135;4
191;136;4
191;137;4
191;138;4
191;139;4
191;140;4
191;141;4
191;142;17
191;143;17
191;144;17
191;145;17
191;146;17
191;147;17
191;148;17
191;149;17
191;150;17
191;151;17
191;152;8
191;153;8
191;154;8
191;155;8
191;156;8
191;157;8
191;158;8
191;159;8
191;160;8
191;161;8
191;162;8
191;163;8
191;164;8
191;165;8
191;166;8
191;167;8
191;168;8
191;169;8
191;170;8
191;171;8
191;172;8
191;173;8
191;174;8
191;175;8
191;176;8
191;177;8
191;178;8
191;179;8
191;180;8
191;181;8
191;182;8
191;183;8
191;184;8
191;185;8
191;186;43
191;187;43
191;188;43
191;189;43
191;190;43
191;191;43
191;192;43
191;193;43
191;194;43
191;195;43
191;196;43
191;197;43
191;198;43
191;199;43
191;200;43
191;201;43
191;202;43
191;203;43
191;204;43
191;205;43
191;206;43
191;207;43
191;208;43
191;209;43
191;210;43
191;211;43
191;212;43
191;213;43
191;214;43
191;215;43
191;216;43
191;217;43
191;218;43
191;219;43
191;220;43
191;221;43
191;222;43
191;223;33
191;224;33
191;225;33
191;226;33
191;227;33
191;228;33
191;229;33
191;230;33
191;231;33
191;232;33
191;233;33
191;234;33
191;235;33
191;236;33
191;237;33
191;238;33
191;239;33
191;240;33
191;241;33
191;242;33
191;243;33
191;244;33
191;245;33
191;246;33
191;247;33
191;248;33
191;249;33
191;250;33
191;251;33
191;252;33
191;253;33
191;254;33
191;255;33
191;256;37
191;257;37
191;258;37
191;259;37
191;260;37
191;261;37
191;262;37
191;263;37
191;264;37
191;265;37
191;266;37
191;267;37
191;268;37
191;269;37
191;270;37
191;271;37
191;272;37
191;273;37
191;274;37
191;275;37
191;276;37
191;277;37
191;278;37
191;279;37
191;280;37
191;281;37
191;282;37
191;283;37
191;284;37
191;285;44
191;286;44
191;287;44
191;288;31
191;289;31
191;290;31
191;291;31
191;292;31
191;293;31
191;294;31
191;295;31
191;296;31
191;297;31
191;298;31
191;299;31
191;300;31
191;301;31
191;302;31
191;303;31
191;304;31
191;305;31
191;306;31
191;307;8
191;308;8
191;309;8
191;310;8
191;311;8
191;312;8
191;313;8
191;314;8
191;315;8
191;316;8
191;317;8
191;318;21
191;319;21
191;320;21
191;321;21
191;322;21
191;323;21
191;324;21
191;325;30
191;326;30
191;327;30
191;328;30
191;329;30
191;330;30
191;331;30
191;332;30
191;333;30
191;334;30
191;335;30
191;336;30
191;337;30
191;338;30
191;339;30
191;340;30
191;341;37
191;342;37
191;343;37
191;344;37
191;345;37
191;346;37
191;347;37
191;348;37
191;349;37
191;350;37
191;351;37
191;352;37
191;353;37
191;354;37
191;355;37
191;356;37
191;357;37
191;358;37
191;359;37
191;360;7
191;361;7
191;362;7
191;363;7
191;364;7
191;365;7
191;366;7
191;367;28
191;368;28
191;369;48
191;370;48
191;371;48
191;372;48
191;373;48
191;374;48
191;375;48
191;376;48
191;377;48
191;378;48
191;379;48
191;380;48
191;381;48
191;382;48
191;383;48
191;384;48
191;385;48
191;386;48
191;387;48
191;388;48
191;389;48
191;390;48
191;391;48
191;392;48
191;393;48
191;394;48
191;395;48
191;396;48
191;397;48
191;398;48
191;399;48
191;400;48
191;401;48
191;402;48
191;403;48
191;404;48
191;405;48
191;406;12
191;407;12
191;408;12
191;409;12
191;410;12
191;411;12
191;412;12
191;413;12
191;414;12
191;415;12
191;416;12
191;417;12
191;418;12
191;419;12
191;420;12
191;421;12
191;422;12
191;423;12
191;424;26
191;425;26
191;426;26
191;427;26
191;428;26
191;429;26
191;430;26
191;431;26
191;432;26
191;433;26
191;434;26
191;435;26
191;436;26
191;437;26
191;438;26
191;439;26
191;440;26
191;441;26
191;442;26
191;443;26
191;444;26
191;445;26
191;446;26
191;447;26
191;448;26
191;449;26
191;450;26
191;451;26
191;452;26
191;453;26
191;454;26
191;455;26
191;456;26
191;457;26
191;458;26
191;459;26
191;460;26
191;461;26
191;462;26
191;463;26
191;464;26
191;465;26
191;466;26
191;467;26
191;468;26
191;469;26
191;470;26
191;471;26
191;472;26
191;473;26
191;474;26
191;475;26
191;476;26
191;477;22
191;478;22
191;479;22
191;480;22
191;481;5
191;482;5
191;483;5
191;484;5
191;485;5
191;486;5
191;487;5
191;488;5
191;489;5
191;490;5
191;491;5
191;492;5
191;493;5
191;494;5
191;495;5
191;496;5
191;497;5
191;498;5
191;499;5
192;0;41
192;1;41
192;2;41
192;3;41
192;4;41
192;5;41
192;6;41
192;7;41
192;8;41
192;9;41
192;10;41
192;11;41
192;12;41
192;13;41
192;14;41
192;15;41
192;16;41
192;17;41
192;18;51
192;19;51
192;20;21
192;21;21
192;22;21
192;23;21
192;24;21
192;25;21
192;26;21
192;27;21
192;28;21
192;29;21
192;30;21
192;31;21
192;32;21
192;33;21
192;34;21
192;35;21
192;36;21
192;37;21
192;38;21
192;39;21
192;40;21
192;41;21
192;42;21
192;43;21
192;44;21
192;45;21
192;46;21
192;47;21
192;48;39
192;49;39
192;50;39
192;51;39
192;52;39
192;53;39
192;54;39
192;55;39
192;56;39
192;57;39
192;58;39
192;59;39
192;60;39
192;61;39
192;62;39
192;63;39
192;64;39
192;65;39
192;66;39
192;67;39
192;68;15
192;69;15
192;70;15
192;71;15
192;72;15
192;73;15
192;74;15
192;75;15
192;76;15
192;77;15
192;78;15
192;79;15
192;80;15
192;81;15
192;82;15
192;83;15
192;84;15
192;85;15
192;86;15
192;87;15
192;88;15
192;89;15
192;90;17
192;91;17
192;92;17
192;93;17
192;94;17
192;95;17
192;96;17
192;97;17
192;98;17
192;99;17
192;100;17
192;101;4
192;102;4
192;103;4
192;104;4
192;105;4
192;106;4
192;107;4
192;108;4
192;109;4
192;110;4
192;111;4
192;112;4
192;113;4
192;114;4
192;115;4
192;116;4
192;117;4
192;118;4
192;119;4
192;120;4
192;121;4
192;122;4
192;123;4
192;124;4
192;125;4
192;126;4
192;127;4
192;128;4
192;129;4
192;130;4
192;131;4
192;132;4
192;133;4
192;134;4
192;135;4
192;136;4
192;137;4
192;138;4
192;139;4
192;140;4
192;141;4
192;142;17
192;143;17
192;144;17
192;145;17
192;146;17
192;147;17
192;148;17
192;149;17
192;150;17
192;151;17
192;152;17
192;153;8
192;154;8
192;155;8
192;156;8
192;157;8
192;158;8
192;159;8
192;160;8
192;161;8
192;162;8
192;163;8
192;164;8
192;165;8
192;166;8
192;167;8
192;168;8
192;169;8
192;170;8
192;171;8
192;172;8
192;173;8
192;174;8
192;175;8
192;176;8
192;177;8
192;178;8
192;179;8
192;180;8
192;181;8
192;182;8
192;183;8
192;184;8
192;185;8
192;186;8
192;187;43
192;188;43
192;189;43
192;190;43
192;191;43
192;192;43
192;193;43
192;194;43
192;195;43
192;196;43
192;197;43
192;198;43
192;199;43
192;200;43
192;201;43
192;202;43
192;203;43
192;204;43
192;205;43
192;206;43
192;207;43
192;208;43
192;209;43
192;210;43
192;211;43
192;212;43
192;213;43
192;214;43
192;215;43
192;216;43
192;217;43
192;218;43
192;219;43
192;220;43
192;221;43
192;222;43
192;223;43
192;224;43
192;225;33
192;226;33
192;227;19
192;228;19
192;229;19
192;230;33
192;231;33
192;232;33
192;233;33
192;234;33
192;235;33
192;236;33
192;237;33
192;238;33
192;239;33
192;240;33
192;241;33
192;242;33
192;243;33
192;244;33
192;245;33
192;246;33
192;247;33
192;248;33
192;249;33
192;250;33
192;251;33
192;252;33
192;253;33
192;254;33
192;255;33
192;256;33
192;257;37
192;258;37
192;259;37
192;260;37
192;261;37
192;262;37
192;263;37
192;264;37
192;265;37
192;266;37
192;267;37
192;268;37
192;269;37
192;270;37
192;271;37
192;272;37
192;273;37
192;274;37
192;275;37
192;276;37
192;277;37
192;278;37
192;279;37
192;280;37
192;281;37
192;282;37
192;283;37
192;284;37
192;285;37
192;286;37
192;287;44
192;288;31
192;289;31
192;290;31
192;291;31
192;292;31
192;293;31
192;294;31
192;295;31
192;296;31
192;297;31
192;298;31
192;299;31
192;300;31
192;301;31
192;302;31
192;303;31
192;304;31
192;305;31
192;306;31
192;307;8
192;308;8
192;309;8
192;310;8
192;311;8
192;312;8
192;313;8
192;314;8
192;315;8
192;316;8
192;317;8
192;318;8
192;319;8
192;320;21
192;321;21
192;322;21
192;323;21
192;324;21
192;325;30
192;326;30
192;327;30
192;328;30
192;329;30
192;330;30
192;331;30
192;332;30
192;333;30
192;334;30
192;335;30
192;336;30
192;337;30
192;338;30
192;339;30
192;340;30
192;341;30
192;342;37
192;343;37
192;344;37
192;345;37
192;346;37
192;347;37
192;348;37
192;349;37
192;350;37
192;351;37
192;352;37
192;353;37
192;354;37
192;355;37
192;356;37
192;357;37
192;358;37
192;359;37
192;360;7
192;361;7
192;362;7
192;363;7
192;364;7
192;365;7
192;366;7
192;367;7
192;368;28
192;369;28
192;370;48
192;371;48
192;372;48
192;373;48
192;374;48
192;375;48
192;376;48
192;377;48
192;378;48
192;379;48
192;380;48
192;381;48
192;382;48
192;383;48
192;384;48
192;385;48
192;386;48
192;387;48
192;388;48
192;389;48
192;390;48
192;391;48
192;392;48
192;393;48
192;394;48
192;395;48
192;396;48
192;397;48
192;398;48
192;399;48
192;400;48
192;401;48
192;402;48
192;403;48
192;404;48
192;405;48
192;406;48
192;407;48
192;408;12
192;409;12
192;410;12
192;411;12
192;412;12
192;413;12
192;414;12
192;415;12
192;416;12
192;417;12
192;418;12
192;419;12
192;420;12
192;421;12
192;422;12
192;423;12
192;424;26
192;425;26
192;426;26
192;427;26
192;428;26
192;429;26
192;430;26
192;431;26
192;432;26
192;433;26
192;434;26
192;435;26
192;436;26
192;437;26
192;438;26
192;439;26
192;440;26
192;441;26
192;442;26
192;443;26
192;444;26
192;445;26
192;446;26
192;447;26
192;448;26
192;449;26
192;450;26
192;451;26
192;452;26
192;453;26
192;454;26
192;455;26
192;456;26
192;457;26
192;458;26
192;459;26
192;460;26
192;461;26
192;462;26
192;463;26
192;464;26
192;465;26
192;466;26
192;467;26
192;468;26
192;469;26
192;470;26
192;471;26
192;472;26
192;473;26
192;474;26
192;475;26
192;476;26
192;477;26
192;478;26
192;479;22
192;480;22
192;481;5
192;482;5
192;483;5
192;484;5
192;485;5
192;486;5
192;487;5
192;488;5
192;489;5
192;490;5
192;491;5
192;492;5
192;493;5
192;494;5
192;495;5
192;496;5
192;497;5
192;498;5
192;499;5
193;0;41
193;1;41
193;2;41
193;3;41
193;4;41
193;5;41
193;6;41
193;7;41
193;8;41
193;9;41
193;10;41
193;11;41
193;12;41
193;13;41
193;14;41
193;15;41
193;16;41
193;17;41
193;18;51
193;19;51
193;20;51
193;21;21
193;22;21
193;23;21
193;24;21
193;25;21
193;26;21
193;27;21
193;28;21
193;29;21
193;30;21
193;31;21
193;32;21
193;33;21
193;34;21
193;35;21
193;36;21
193;37;21
193;38;21
193;39;21
193;40;21
193;41;21
193;42;21
193;43;21
193;44;21
193;45;21
193;46;21
193;47;21
193;48;39
193;49;39
193;50;39
193;51;39
193;52;39
193;53;39
193;54;39
193;55;39
193;56;39
193;57;39
193;58;39
193;59;39
193;60;39
193;61;39
193;62;39
193;63;39
193;64;39
193;65;39
193;66;39
193;67;39
193;68;39
193;69;15
193;70;15
193;71;15
193;72;15
193;73;15
193;74;15
193;75;15
193;76;15
193;77;15
193;78;15
193;79;15
193;80;15
193;81;15
193;82;15
193;83;15
193;84;15
193;85;15
193;86;15
193;87;15
193;88;15
193;89;15
193;90;15
193;91;15
193;92;17
193;93;17
193;94;17
193;95;17
193;96;17
193;97;17
193;98;17
193;99;17
193;100;17
193;101;4
193;102;4
193;103;4
193;104;4
193;105;4
193;106;4
193;107;4
193;108;4
193;109;4
193;110;4
193;111;4
193;112;4
193;113;4
193;114;4
193;115;4
193;116;4
193;117;4
193;118;4
193;119;4
193;120;4
193;121;4
193;122;4
193;123;4
193;124;4
193;125;4
193;126;4
193;127;4
193;128;4
193;129;4
193;130;4
193;131;4
193;132;4
193;133;4
193;134;4
193;135;4
193;136;4
193;137;4
193;138;4
193;139;4
193;140;4
193;141;4
193;142;4
193;143;17
193;144;17
193;145;17
193;146;17
193;147;17
193;148;17
193;149;17
193;150;17
193;151;17
193;152;17
193;153;17
193;154;8
193;155;8
193;156;8
193;157;8
193;158;8
193;159;8
193;160;8
193;161;8
193;162;8
193;163;8
193;164;8
193;165;8
193;166;8
193;167;8
193;168;8
193;169;8
193;170;8
193;171;8
193;172;8
193;173;8
193;174;8
193;175;8
193;176;8
193;177;8
193;178;8
193;179;8
193;180;8
193;181;8
193;182;8
193;183;8
193;184;8
193;185;8
193;186;8
193;187;43
193;188;43
193;189;43
193;190;43
193;191;43
193;192;43
193;193;43
193;194;43
193;195;43
193;196;43
193;197;43
193;198;43
193;199;43
193;200;43
193;201;43
193;202;43
193;203;43
193;204;43
193;205;43
193;206;43
193;207;43
193;208;43
193;209;43
193;210;43
193;211;43
193;212;43
193;213;43
193;214;43
193;215;43
193;216;43
193;217;43
193;218;43
193;219;43
193;220;43
193;221;43
193;222;43
193;223;43
193;224;43
193;225;43
193;226;19
193;227;19
193;228;19
193;229;19
193;230;19
193;231;33
193;232;33
193;233;33
193;234;33
193;235;33
193;236;33
193;237;33
193;238;33
193;239;33
193;240;33
193;241;33
193;242;33
193;243;33
193;244;33
193;245;33
193;246;33
193;247;33
193;248;33
193;249;33
193;250;33
193;251;33
193;252;33
193;253;33
193;254;33
193;255;33
193;256;33
193;257;37
193;258;37
193;259;37
193;260;37
193;261;37
193;262;37
193;263;37
193;264;37
193;265;37
193;266;37
193;267;37
193;268;37
193;269;37
193;270;37
193;271;37
193;272;37
193;273;37
193;274;37
193;275;37
193;276;37
193;277;37
193;278;37
193;279;37
193;280;37
193;281;37
193;282;37
193;283;37
193;284;37
193;285;37
193;286;37
193;287;37
193;288;37
193;289;31
193;290;31
193;291;31
193;292;31
193;293;31
193;294;31
193;295;31
193;296;31
193;297;31
193;298;31
193;299;31
193;300;31
193;301;31
193;302;31
193;303;31
193;304;31
193;305;31
193;306;31
193;307;8
193;308;8
193;309;8
193;310;8
193;311;8
193;312;8
193;313;8
193;314;8
193;315;8
193;316;8
193;317;8
193;318;8
193;319;8
193;320;8
193;321;8
193;322;8
193;323;8
193;324;8
193;325;30
193;326;30
193;327;30
193;328;30
193;329;30
193;330;30
193;331;30
193;332;30
193;333;30
193;334;30
193;335;30
193;336;30
193;337;30
193;338;30
193;339;30
193;340;30
193;341;30
193;342;37
193;343;37
193;344;37
193;345;37
193;346;37
193;347;37
193;348;37
193;349;37
193;350;37
193;351;37
193;352;37
193;353;37
193;354;37
193;355;37
193;356;37
193;357;37
193;358;37
193;359;37
193;360;7
193;361;7
193;362;7
193;363;7
193;364;7
193;365;7
193;366;7
193;367;7
193;368;7
193;369;28
193;370;28
193;371;48
193;372;48
193;373;48
193;374;48
193;375;48
193;376;48
193;377;48
193;378;48
193;379;48
193;380;48
193;381;48
193;382;48
193;383;48
193;384;48
193;385;48
193;386;48
193;387;48
193;388;48
193;389;48
193;390;48
193;391;48
193;392;48
193;393;48
193;394;48
193;395;48
193;396;48
193;397;48
193;398;48
193;399;48
193;400;48
193;401;48
193;402;48
193;403;48
193;404;48
193;405;48
193;406;48
193;407;48
193;408;48
193;409;48
193;410;12
193;411;12
193;412;12
193;413;12
193;414;12
193;415;12
193;416;12
193;417;12
193;418;12
193;419;12
193;420;12
193;421;12
193;422;12
193;423;12
193;424;26
193;425;26
193;426;26
193;427;26
193;428;26
193;429;26
193;430;26
193;431;26
193;432;26
193;433;26
193;434;26
193;435;26
193;436;26
193;437;26
193;438;26
193;439;26
193;440;26
193;441;26
193;442;26
193;443;26
193;444;26
193;445;26
193;446;26
193;447;26
193;448;26
193;449;26
193;450;26
193;451;26
193;452;26
193;453;26
193;454;26
193;455;26
193;456;26
193;457;26
193;458;26
193;459;26
193;460;26
193;461;26
193;462;26
193;463;26
193;464;26
193;465;26
193;466;26
193;467;26
193;468;26
193;469;26
193;470;26
193;471;26
193;472;26
193;473;26
193;474;26
193;475;26
193;476;26
193;477;26
193;478;26
193;479;26
193;480;26
193;481;5
193;482;5
193;483;5
193;484;5
193;485;5
193;486;5
193;487;5
193;488;5
193;489;5
193;490;5
193;491;5
193;492;5
193;493;5
193;494;5
193;495;5
193;496;5
193;497;5
193;498;5
193;499;5
194;0;41
194;1;41
194;2;41
194;3;41
194;4;41
194;5;41
194;6;41
194;7;41
194;8;41
194;9;41
194;10;41
194;11;41
194;12;41
194;13;41
194;14;41
194;15;41
194;16;41
194;17;41
194;18;51
194;19;51
194;20;51
194;21;51
194;22;21
194;23;21
194;24;21
194;25;21
194;26;21
194;27;21
194;28;21
194;29;21
194;30;21
194;31;21
194;32;21
194;33;21
194;34;21
194;35;21
194;36;21
194;37;21
194;38;21
194;39;21
194;40;21
194;41;21
194;42;21
194;43;21
194;44;21
194;45;21
194;46;21
194;47;21
194;48;21
194;49;39
194;50;39
194;51;39
194;52;39
194;53;39
194;54;39
194;55;39
194;56;39
194;57;39
194;58;39
194;59;39
194;60;39
194;61;39
194;62;39
194;63;39
194;64;39
194;65;39
194;66;39
194;67;39
194;68;39
194;69;15
194;70;15
194;71;15
194;72;15
194;73;15
194;74;15
194;75;15
194;76;15
194;77;15
194;78;15
194;79;15
194;80;15
194;81;15
194;82;15
194;83;15
194;84;15
194;85;15
194;86;15
194;87;15
194;88;15
194;89;15
194;90;15
194;91;15
194;92;15
194;93;15
194;94;17
194;95;17
194;96;17
194;97;17
194;98;17
194;99;17
194;100;17
194;101;4
194;102;4
194;103;4
194;104;4
194;105;4
194;106;4
194;107;4
194;108;4
194;109;4
194;110;4
194;111;4
194;112;4
194;113;4
194;114;4
194;115;4
194;116;4
194;117;4
194;118;4
194;119;4
194;120;4
194;121;4
194;122;4
194;123;4
194;124;4
194;125;4
194;126;4
194;127;4
194;128;4
194;129;4
194;130;4
194;131;4
194;132;4
194;133;4
194;134;4
194;135;4
194;136;4
194;137;4
194;138;4
194;139;4
194;140;4
194;141;4
194;142;4
194;143;17
194;144;17
194;145;17
194;146;17
194;147;17
194;148;17
194;149;17
194;150;17
194;151;17
194;152;17
194;153;17
194;154;17
194;155;8
194;156;8
194;157;8
194;158;8
194;159;8
194;160;8
194;161;8
194;162;8
194;163;8
194;164;8
194;165;8
194;166;8
194;167;8
194;168;8
194;169;8
194;170;8
194;171;8
194;172;8
194;173;8
194;174;8
194;175;8
194;176;8
194;177;8
194;178;8
194;179;8
194;180;8
194;181;8
194;182;8
194;183;8
194;184;8
194;185;8
194;186;8
194;187;8
194;188;43
194;189;43
194;190;43
194;191;43
194;192;43
194;193;43
194;194;43
194;195;43
194;196;43
194;197;43
194;198;43
194;199;43
194;200;43
194;201;43
194;202;43
194;203;43
194;204;43
194;205;43
194;206;43
194;207;43
194;208;43
194;209;43
194;210;43
194;211;43
194;212;43
194;213;43
194;214;43
194;215;43
194;216;43
194;217;43
194;218;43
194;219;43
194;220;43
194;221;43
194;222;43
194;223;43
194;224;43
194;225;43
194;226;32
194;227;19
194;228;19
194;229;19
194;230;19
194;231;19
194;232;33
194;233;33
194;234;33
194;235;33
194;236;33
194;237;33
194;238;33
194;239;33
194;240;33
194;241;33
194;242;33
194;243;33
194;244;33
194;245;33
194;246;33
194;247;33
194;248;33
194;249;33
194;250;33
194;251;33
194;252;33
194;253;33
194;254;33
194;255;33
194;256;33
194;257;33
194;258;37
194;259;37
194;260;37
194;261;37
194;262;37
194;263;37
194;264;37
194;265;37
194;266;37
194;267;37
194;268;37
194;269;37
194;270;37
194;271;37
194;272;37
194;273;37
194;274;37
194;275;37
194;276;37
194;277;37
194;278;37
194;279;37
194;280;37
194;281;37
194;282;37
194;283;37
194;284;37
194;285;37
194;286;37
194;287;37
194;288;37
194;289;37
194;290;31
194;291;31
194;292;31
194;293;31
194;294;31
194;295;31
194;296;31
194;297;31
194;298;31
194;299;31
194;300;31
194;301;31
194;302;31
194;303;31
194;304;31
194;305;31
194;306;31
194;307;8
194;308;8
194;309;8
194;310;8
194;311;8
194;312;8
194;313;8
194;314;8
194;315;8
194;316;8
194;317;8
194;318;8
194;319;8
194;320;8
194;321;8
194;322;8
194;323;8
194;324;8
194;325;8
194;326;30
194;327;30
194;328;30
194;329;30
194;330;30
194;331;30
194;332;30
194;333;30
194;334;30
194;335;30
194;336;30
194;337;30
194;338;30
194;339;30
194;340;30
194;341;30
194;342;30
194;343;37
194;344;37
194;345;37
194;346;37
194;347;37
194;348;37
194;349;37
194;350;37
194;351;37
194;352;37
194;353;37
194;354;37
194;355;37
194;356;37
194;357;37
194;358;37
194;359;37
194;360;7
194;361;7
194;362;7
194;363;7
194;364;7
194;365;7
194;366;7
194;367;7
194;368;7
194;369;7
194;370;28
194;371;28
194;372;48
194;373;48
194;374;48
194;375;48
194;376;48
194;377;48
194;378;48
194;379;48
194;380;48
194;381;48
194;382;48
194;383;48
194;384;48
194;385;48
194;386;48
194;387;48
194;388;48
194;389;48
194;390;48
194;391;48
194;392;48
194;393;48
194;394;48
194;395;48
194;396;48
194;397;48
194;398;48
194;399;48
194;400;48
194;401;48
194;402;48
194;403;48
194;404;48
194;405;48
194;406;48
194;407;48
194;408;48
194;409;48
194;410;48
194;411;48
194;412;12
194;413;12
194;414;12
194;415;12
194;416;12
194;417;12
194;418;12
194;419;12
194;420;12
194;421;12
194;422;12
194;423;12
194;424;26
194;425;26
194;426;26
194;427;26
194;428;26
194;429;26
194;430;26
194;431;26
194;432;26
194;433;26
194;434;26
194;435;26
194;436;26
194;437;26
194;438;26
194;439;26
194;440;26
194;441;26
194;442;26
194;443;26
194;444;26
194;445;26
194;446;26
194;447;26
194;448;26
194;449;26
194;450;26
194;451;26
194;452;26
194;453;26
194;454;26
194;455;26
194;456;26
194;457;26
194;458;26
194;459;26
194;460;26
194;461;26
194;462;26
194;463;26
194;464;26
194;465;26
194;466;26
194;467;26
194;468;26
194;469;26
194;470;26
194;471;26
194;472;26
194;473;26
194;474;26
194;475;26
194;476;26
194;477;26
194;478;26
194;479;26
194;480;26
194;481;26
194;482;5
194;483;5
194;484;5
194;485;5
194;486;5
194;487;5
194;488;5
194;489;5
194;490;5
194;491;5
194;492;5
194;493;5
194;494;5
194;495;5
194;496;5
194;497;5
194;498;5
194;499;5
195;0;41
195;1;41
195;2;41
195;3;41
195;4;41
195;5;41
195;6;41
195;7;41
195;8;41
195;9;41
195;10;41
195;11;41
195;12;41
195;13;41
195;14;41
195;15;41
195;16;41
195;17;41
195;18;51
195;19;51
195;20;51
195;21;51
195;22;51
195;23;21
195;24;21
195;25;21
195;26;21
195;27;21
195;28;21
195;29;21
195;30;21
195;31;21
195;32;21
195;33;21
195;34;21
195;35;21
195;36;21
195;37;21
195;38;21
195;39;21
195;40;21
195;41;21
195;42;21
195;43;21
195;44;21
195;45;21
195;46;21
195;47;21
195;48;21
195;49;39
195;50;39
195;51;39
195;52;39
195;53;39
195;54;39
195;55;39
195;56;39
195;57;39
195;58;39
195;59;39
195;60;39
195;61;39
195;62;39
195;63;39
195;64;39
195;65;39
195;66;39
195;67;39
195;68;39
195;69;39
195;70;15
195;71;15
195;72;15
195;73;15
195;74;15
195;75;15
195;76;15
195;77;15
195;78;15
195;79;15
195;80;15
195;81;15
195;82;15
195;83;15
195;84;15
195;85;15
195;86;15
195;87;15
195;88;15
195;89;15
195;90;15
195;91;15
195;92;15
195;93;15
195;94;15
195;95;15
195;96;17
195;97;17
195;98;17
195;99;17
195;100;4
195;101;4
195;102;4
195;103;4
195;104;4
195;105;4
195;106;4
195;107;4
195;108;4
195;109;4
195;110;4
195;111;4
195;112;4
195;113;4
195;114;4
195;115;4
195;116;4
195;117;4
195;118;4
195;119;4
195;120;4
195;121;4
195;122;4
195;123;4
195;124;4
195;125;4
195;126;4
195;127;4
195;128;4
195;129;4
195;130;4
195;131;4
195;132;4
195;133;4
195;134;4
195;135;4
195;136;4
195;137;4
195;138;4
195;139;4
195;140;4
195;141;4
195;142;4
195;143;4
195;144;17
195;145;17
195;146;17
195;147;17
195;148;17
195;149;17
195;150;17
195;151;17
195;152;17
195;153;17
195;154;17
195;155;17
195;156;8
195;157;8
195;158;8
195;159;8
195;160;8
195;161;8
195;162;8
195;163;8
195;164;8
195;165;8
195;166;8
195;167;8
195;168;8
195;169;8
195;170;8
195;171;8
195;172;8
195;173;8
195;174;8
195;175;8
195;176;8
195;177;8
195;178;8
195;179;8
195;180;8
195;181;8
195;182;8
195;183;8
195;184;8
195;185;8
195;186;8
195;187;8
195;188;8
195;189;43
195;190;43
195;191;43
195;192;43
195;193;43
195;194;43
195;195;43
195;196;43
195;197;43
195;198;43
195;199;43
195;200;43
195;201;43
195;202;43
195;203;43
195;204;43
195;205;43
195;206;43
195;207;43
195;208;43
195;209;43
195;210;43
195;211;43
195;212;43
195;213;43
195;214;43
195;215;43
195;216;43
195;217;43
195;218;43
195;219;43
195;220;43
195;221;43
195;222;43
195;223;43
195;224;43
195;225;32
195;226;32
195;227;32
195;228;19
195;229;19
195;230;19
195;231;19
195;232;19
195;233;33
195;234;33
195;235;33
195;236;33
195;237;33
195;238;33
195;239;33
195;240;33
195;241;33
195;242;33
195;243;33
195;244;33
195;245;33
195;246;33
195;247;33
195;248;33
195;249;33
195;250;33
195;251;33
195;252;33
195;253;33
195;254;33
195;255;33
195;256;33
195;257;33
195;258;37
195;259;37
195;260;37
195;261;37
195;262;37
195;263;37
195;264;37
195;265;37
195;266;37
195;267;37
195;268;37
195;269;37
195;270;37
195;271;37
195;272;37
195;273;37
195;274;37
195;275;37
195;276;37
195;277;37
195;278;37
195;279;37
195;280;37
195;281;37
195;282;37
195;283;37
195;284;37
195;285;37
195;286;37
195;287;37
195;288;37
195;289;37
195;290;37
195;291;37
195;292;31
195;293;31
195;294;31
195;295;31
195;296;31
195;297;31
195;298;31
195;299;31
195;300;31
195;301;31
195;302;31
195;303;31
195;304;31
195;305;31
195;306;31
195;307;8
195;308;8
195;309;8
195;310;8
195;311;8
195;312;8
195;313;8
195;314;8
195;315;8
195;316;8
195;317;8
195;318;8
195;319;8
195;320;8
195;321;8
195;322;8
195;323;8
195;324;8
195;325;8
195;326;8
195;327;30
195;328;30
195;329;30
195;330;30
195;331;30
195;332;30
195;333;30
195;334;30
195;335;30
195;336;30
195;337;30
195;338;30
195;339;30
195;340;30
195;341;30
195;342;30
195;343;37
195;344;37
195;345;37
195;346;37
195;347;37
195;348;37
195;349;37
195;350;37
195;351;37
195;352;37
195;353;37
195;354;37
195;355;37
195;356;37
195;357;37
195;358;37
195;359;37
195;360;7
195;361;7
195;362;7
195;363;7
195;364;7
195;365;7
195;366;7
195;367;7
195;368;7
195;369;7
195;370;7
195;371;28
195;372;28
195;373;48
195;374;48
195;375;48
195;376;48
195;377;48
195;378;48
195;379;48
195;380;48
195;381;48
195;382;48
195;383;48
195;384;48
195;385;48
195;386;48
195;387;48
195;388;48
195;389;48
195;390;48
195;391;48
195;392;48
195;393;48
195;394;48
195;395;48
195;396;48
195;397;48
195;398;48
195;399;48
195;400;48
195;401;48
195;402;48
195;403;48
195;404;48
195;405;48
195;406;48
195;407;48
195;408;48
195;409;48
195;410;48
195;411;48
195;412;48
195;413;48
195;414;12
195;415;12
195;416;12
195;417;12
195;418;12
195;419;12
195;420;12
195;421;12
195;422;12
195;423;12
195;424;26
195;425;26
195;426;26
195;427;26
195;428;26
195;429;26
195;430;26
195;431;26
195;432;26
195;433;26
195;434;26
195;435;26
195;436;26
195;437;26
195;438;26
195;439;26
195;440;26
195;441;26
195;442;26
195;443;26
195;444;26
195;445;26
195;446;26
195;447;26
195;448;26
195;449;26
195;450;26
195;451;26
195;452;26
195;453;26
195;454;26
195;455;26
195;456;26
195;457;26
195;458;26
195;459;26
195;460;26
195;461;26
195;462;26
195;463;26
195;464;26
195;465;26
195;466;26
195;467;26
195;468;26
195;469;26
195;470;26
195;471;26
195;472;26
195;473;26
195;474;26
195;475;26
195;476;26
195;477;26
195;478;26
195;479;26
195;480;26
195;481;26
195;482;26
195;483;5
195;484;5
195;485;5
195;486;5
195;487;5
195;488;5
195;489;5
195;490;5
195;491;5
195;492;5
195;493;5
195;494;5
195;495;5
195;496;5
195;497;5
195;498;5
195;499;5
196;0;41
196;1;41
196;2;41
196;3;41
196;4;41
196;5;41
196;6;41
196;7;41
196;8;41
196;9;41
196;10;41
196;11;41
196;12;41
196;13;41
196;14;41
196;15;41
196;16;41
196;17;41
196;18;51
196;19;51
196;20;51
196;21;51
196;22;51
196;23;51
196;24;21
196;25;21
196;26;21
196;27;21
196;28;21
196;29;21
196;30;21
196;31;21
196;32;21
196;33;21
196;34;21
196;35;21
196;36;21
196;37;21
196;38;21
196;39;21
196;40;21
196;41;21
196;42;21
196;43;21
196;44;21
196;45;21
196;46;21
196;47;21
196;48;21
196;49;21
196;50;39
196;51;39
196;52;39
196;53;39
196;54;39
196;55;39
196;56;39
196;57;39
196;58;39
196;59;39
196;60;39
196;61;39
196;62;39
196;63;39
196;64;39
196;65;39
196;66;39
196;67;39
196;68;39
196;69;39
196;70;15
196;71;15
196;72;15
196;73;15
196;74;15
196;75;15
196;76;15
196;77;15
196;78;15
196;79;15
196;80;15
196;81;15
196;82;15
196;83;15
196;84;15
196;85;15
196;86;15
196;87;15
196;88;15
196;89;15
196;90;15
196;91;15
196;92;15
196;93;15
196;94;15
196;95;15
196;96;15
196;97;15
196;98;17
196;99;4
196;100;4
196;101;4
196;102;4
196;103;4
196;104;4
196;105;4
196;106;4
196;107;4
196;108;4
196;109;4
196;110;4
196;111;4
196;112;4
196;113;4
196;114;4
196;115;4
196;116;4
196;117;4
196;118;4
196;119;4
196;120;4
196;121;4
196;122;4
196;123;4
196;124;4
196;125;4
196;126;4
196;127;4
196;128;4
196;129;4
196;130;4
196;131;4
196;132;4
196;133;4
196;134;4
196;135;4
196;136;4
196;137;4
196;138;4
196;139;4
196;140;4
196;141;4
196;142;4
196;143;4
196;144;17
196;145;17
196;146;17
196;147;17
196;148;17
196;149;17
196;150;17
196;151;17
196;152;17
196;153;17
196;154;17
196;155;17
196;156;17
196;157;17
196;158;8
196;159;8
196;160;8
196;161;8
196;162;8
196;163;8
196;164;8
196;165;8
196;166;8
196;167;8
196;168;8
196;169;8
196;170;8
196;171;8
196;172;8
196;173;8
196;174;8
196;175;8
196;176;8
196;177;8
196;178;8
196;179;8
196;180;8
196;181;8
196;182;8
196;183;8
196;184;8
196;185;8
196;186;8
196;187;8
196;188;8
196;189;8
196;190;43
196;191;43
196;192;43
196;193;43
196;194;43
196;195;43
196;196;43
196;197;43
196;198;43
196;199;43
196;200;43
196;201;43
196;202;43
196;203;43
196;204;43
196;205;43
196;206;43
196;207;43
196;208;43
196;209;43
196;210;43
196;211;43
196;212;43
196;213;43
196;214;43
196;215;43
196;216;43
196;217;43
196;218;43
196;219;43
196;220;43
196;221;43
196;222;43
196;223;43
196;224;32
196;225;32
196;226;32
196;227;32
196;228;19
196;229;19
196;230;19
196;231;19
196;232;19
196;233;19
196;234;33
196;235;33
196;236;33
196;237;33
196;238;33
196;239;33
196;240;33
196;241;33
196;242;33
196;243;33
196;244;33
196;245;33
196;246;33
196;247;33
196;248;33
196;249;33
196;250;33
196;251;33
196;252;33
196;253;33
196;254;33
196;255;33
196;256;33
196;257;33
196;258;33
196;259;37
196;260;37
196;261;37
196;262;37
196;263;37
196;264;37
196;265;37
196;266;37
196;267;37
196;268;37
196;269;37
196;270;37
196;271;37
196;272;37
196;273;37
196;274;37
196;275;37
196;276;37
196;277;37
196;278;37
196;279;37
196;280;37
196;281;37
196;282;37
196;283;37
196;284;37
196;285;37
196;286;37
196;287;37
196;288;37
196;289;37
196;290;37
196;291;37
196;292;37
196;293;37
196;294;31
196;295;31
196;296;31
196;297;31
196;298;31
196;299;31
196;300;31
196;301;31
196;302;31
196;303;31
196;304;31
196;305;31
196;306;31
196;307;8
196;308;8
196;309;8
196;310;8
196;311;8
196;312;8
196;313;8
196;314;8
196;315;8
196;316;8
196;317;8
196;318;8
196;319;8
196;320;8
196;321;8
196;322;8
196;323;8
196;324;8
196;325;8
196;326;8
196;327;8
196;328;30
196;329;30
196;330;30
196;331;30
196;332;30
196;333;30
196;334;30
196;335;30
196;336;30
196;337;30
196;338;30
196;339;30
196;340;30
196;341;30
196;342;30
196;343;30
196;344;37
196;345;37
196;346;37
196;347;37
196;348;37
196;349;37
196;350;37
196;351;37
196;352;37
196;353;37
196;354;37
196;355;37
196;356;37
196;357;37
196;358;37
196;359;37
196;360;7
196;361;7
196;362;7
196;363;7
196;364;7
196;365;7
196;366;7
196;367;7
196;368;7
196;369;7
196;370;7
196;371;7
196;372;28
196;373;28
196;374;48
196;375;48
196;376;48
196;377;48
196;378;48
196;379;48
196;380;48
196;381;48
196;382;48
196;383;48
196;384;48
196;385;48
196;386;48
196;387;48
196;388;48
196;389;48
196;390;48
196;391;48
196;392;48
196;393;48
196;394;48
196;395;48
196;396;48
196;397;48
196;398;48
196;399;48
196;400;48
196;401;48
196;402;48
196;403;48
196;404;48
196;405;48
196;406;48
196;407;48
196;408;48
196;409;48
196;410;48
196;411;48
196;412;48
196;413;48
196;414;48
196;415;48
196;416;12
196;417;12
196;418;12
196;419;12
196;420;12
196;421;12
196;422;12
196;423;12
196;424;26
196;425;26
196;426;26
196;427;26
196;428;26
196;429;26
196;430;26
196;431;26
196;432;26
196;433;26
196;434;26
196;435;26
196;436;26
196;437;26
196;438;26
196;439;26
196;440;26
196;441;26
196;442;26
196;443;26
196;444;26
196;445;26
196;446;26
196;447;26
196;448;26
196;449;26
196;450;26
196;451;26
196;452;26
196;453;26
196;454;26
196;455;26
196;456;26
196;457;26
196;458;26
196;459;26
196;460;26
196;461;26
196;462;26
196;463;26
196;464;26
196;465;26
196;466;26
196;467;26
196;468;26
196;469;26
196;470;26
196;471;26
196;472;26
196;473;26
196;474;26
196;475;26
196;476;26
196;477;26
196;478;26
196;479;26
196;480;26
196;481;26
196;482;26
196;483;26
196;484;5
196;485;5
196;486;5
196;487;5
196;488;5
196;489;5
196;490;5
196;491;5
196;492;5
196;493;5
196;494;5
196;495;5
196;496;5
196;497;5
196;498;5
196;499;5
197;0;41
197;1;41
197;2;41
197;3;41
197;4;41
197;5;41
197;6;41
197;7;41
197;8;41
197;9;41
197;10;41
197;11;41
197;12;41
197;13;41
197;14;41
197;15;41
197;16;41
197;17;41
197;18;41
197;19;51
197;20;51
197;21;51
197;22;51
197;23;51
197;24;51
197;25;21
197;26;21
197;27;21
197;28;21
197;29;21
197;30;21
197;31;21
197;32;21
197;33;21
197;34;21
197;35;21
197;36;21
197;37;21
197;38;21
197;39;21
197;40;21
197;41;21
197;42;21
197;43;21
197;44;21
197;45;21
197;46;21
197;47;21
197;48;21
197;49;21
197;50;39
197;51;39
197;52;39
197;53;39
197;54;39
197;55;39
197;56;39
197;57;39
197;58;39
197;59;39
197;60;39
197;61;39
197;62;39
197;63;39
197;64;39
197;65;39
197;66;39
197;67;39
197;68;39
197;69;39
197;70;39
197;71;15
197;72;15
197;73;15
197;74;15
197;75;15
197;76;15
197;77;15
197;78;15
197;79;15
197;80;15
197;81;15
197;82;15
197;83;15
197;84;15
197;85;15
197;86;15
197;87;15
197;88;15
197;89;15
197;90;15
197;91;15
197;92;15
197;93;15
197;94;15
197;95;15
197;96;15
197;97;15
197;98;17
197;99;17
197;100;4
197;101;4
197;102;4
197;103;4
197;104;4
197;105;4
197;106;4
197;107;4
197;108;4
197;109;4
197;110;4
197;111;4
197;112;4
197;113;4
197;114;4
197;115;4
197;116;4
197;117;4
197;118;4
197;119;4
197;120;4
197;121;4
197;122;4
197;123;4
197;124;4
197;125;4
197;126;4
197;127;4
197;128;4
197;129;4
197;130;4
197;131;4
197;132;4
197;133;4
197;134;4
197;135;4
197;136;4
197;137;4
197;138;4
197;139;4
197;140;4
197;141;4
197;142;4
197;143;4
197;144;4
197;145;17
197;146;17
197;147;17
197;148;17
197;149;17
197;150;17
197;151;17
197;152;17
197;153;17
197;154;17
197;155;17
197;156;17
197;157;17
197;158;17
197;159;17
197;160;8
197;161;8
197;162;8
197;163;8
197;164;8
197;165;8
197;166;8
197;167;8
197;168;8
197;169;8
197;170;8
197;171;8
197;172;8
197;173;8
197;174;8
197;175;8
197;176;8
197;177;8
197;178;8
197;179;8
197;180;8
197;181;8
197;182;8
197;183;8
197;184;8
197;185;8
197;186;8
197;187;8
197;188;8
197;189;8
197;190;43
197;191;43
197;192;43
197;193;43
197;194;43
197;195;43
197;196;43
197;197;43
197;198;43
197;199;43
197;200;43
197;201;43
197;202;43
197;203;43
197;204;43
197;205;43
197;206;43
197;207;43
197;208;43
197;209;43
197;210;43
197;211;43
197;212;43
197;213;43
197;214;43
197;215;43
197;216;43
197;217;43
197;218;43
197;219;43
197;220;43
197;221;43
197;222;43
197;223;32
197;224;32
197;225;32
197;226;32
197;227;32
197;228;32
197;229;19
197;230;19
197;231;19
197;232;19
197;233;19
197;234;19
197;235;33
197;236;33
197;237;33
197;238;33
197;239;33
197;240;33
197;241;33
197;242;33
197;243;33
197;244;33
197;245;33
197;246;33
197;247;33
197;248;33
197;249;33
197;250;33
197;251;33
197;252;33
197;253;33
197;254;33
197;255;33
197;256;33
197;257;33
197;258;33
197;259;37
197;260;37
197;261;37
197;262;37
197;263;37
197;264;37
197;265;37
197;266;37
197;267;37
197;268;37
197;269;37
197;270;37
197;271;37
197;272;37
197;273;37
197;274;37
197;275;37
197;276;37
197;277;37
197;278;37
197;279;37
197;280;37
197;281;37
197;282;37
197;283;37
197;284;37
197;285;37
197;286;37
197;287;37
197;288;37
197;289;37
197;290;37
197;291;37
197;292;37
197;293;37
197;294;37
197;295;37
197;296;31
197;297;31
197;298;31
197;299;31
197;300;31
197;301;31
197;302;31
197;303;31
197;304;31
197;305;31
197;306;31
197;307;8
197;308;8
197;309;8
197;310;8
197;311;8
197;312;8
197;313;8
197;314;8
197;315;8
197;316;8
197;317;8
197;318;8
197;319;8
197;320;8
197;321;8
197;322;8
197;323;8
197;324;8
197;325;8
197;326;8
197;327;8
197;328;8
197;329;30
197;330;30
197;331;30
197;332;30
197;333;30
197;334;30
197;335;30
197;336;30
197;337;30
197;338;30
197;339;30
197;340;30
197;341;30
197;342;30
197;343;30
197;344;30
197;345;37
197;346;37
197;347;37
197;348;37
197;349;37
197;350;37
197;351;37
197;352;37
197;353;37
197;354;37
197;355;37
197;356;37
197;357;37
197;358;37
197;359;37
197;360;7
197;361;7
197;362;7
197;363;7
197;364;7
197;365;7
197;366;7
197;367;7
197;368;7
197;369;7
197;370;7
197;371;7
197;372;7
197;373;28
197;374;28
197;375;48
197;376;48
197;377;48
197;378;48
197;379;48
197;380;48
197;381;48
197;382;48
197;383;48
197;384;48
197;385;48
197;386;48
197;387;48
197;388;48
197;389;48
197;390;48
197;391;48
197;392;48
197;393;48
197;394;48
197;395;48
197;396;48
197;397;48
197;398;48
197;399;48
197;400;48
197;401;48
197;402;48
197;403;48
197;404;48
197;405;48
197;406;48
197;407;48
197;408;48
197;409;48
197;410;48
197;411;48
197;412;48
197;413;48
197;414;48
197;415;48
197;416;48
197;417;48
197;418;12
197;419;12
197;420;12
197;421;12
197;422;12
197;423;12
197;424;26
197;425;26
197;426;26
197;427;26
197;428;26
197;429;26
197;430;26
197;431;26
197;432;26
197;433;26
197;434;26
197;435;26
197;436;26
197;437;26
197;438;26
197;439;26
197;440;26
197;441;26
197;442;26
197;443;26
197;444;26
197;445;26
197;446;26
197;447;26
197;448;26
197;449;26
197;450;26
197;451;26
197;452;26
197;453;26
197;454;26
197;455;26
197;456;26
197;457;26
197;458;26
197;459;26
197;460;26
197;461;26
197;462;26
197;463;26
197;464;26
197;465;26
197;466;26
197;467;26
197;468;26
197;469;26
197;470;26
197;471;26
197;472;26
197;473;26
197;474;26
197;475;26
197;476;26
197;477;26
197;478;26
197;479;26
197;480;26
197;481;26
197;482;26
197;483;26
197;484;26
197;485;5
197;486;5
197;487;5
197;488;5
197;489;5
197;490;5
197;491;5
197;492;5
197;493;5
197;494;5
197;495;5
197;496;5
197;497;5
197;498;5
197;499;5
198;0;41
198;1;41
198;2;41
198;3;41
198;4;41
198;5;41
198;6;41
198;7;41
198;8;41
198;9;41
198;10;41
198;11;41
198;12;41
198;13;41
198;14;41
198;15;41
198;16;41
198;17;41
198;18;41
198;19;51
198;20;51
198;21;51
198;22;51
198;23;51
198;24;51
198;25;51
198;26;21
198;27;21
198;28;21
198;29;21
198;30;21
198;31;21
198;32;21
198;33;21
198;34;21
198;35;21
198;36;21
198;37;21
198;38;21
198;39;21
198;40;21
198;41;21
198;42;21
198;43;21
198;44;21
198;45;21
198;46;21
198;47;21
198;48;21
198;49;21
198;50;21
198;51;39
198;52;39
198;53;39
198;54;39
198;55;39
198;56;39
198;57;39
198;58;39
198;59;39
198;60;39
198;61;39
198;62;39
198;63;39
198;64;39
198;65;39
198;66;39
198;67;39
198;68;39
198;69;39
198;70;39
198;71;15
198;72;15
198;73;15
198;74;15
198;75;15
198;76;15
198;77;15
198;78;15
198;79;15
198;80;15
198;81;15
198;82;15
198;83;15
198;84;15
198;85;15
198;86;15
198;87;15
198;88;15
198;89;15
198;90;15
198;91;15
198;92;15
198;93;15
198;94;15
198;95;15
198;96;15
198;97;15
198;98;17
198;99;17
198;100;17
198;101;4
198;102;4
198;103;4
198;104;4
198;105;4
198;106;4
198;107;4
198;108;4
198;109;4
198;110;4
198;111;4
198;112;4
198;113;4
198;114;4
198;115;4
198;116;4
198;117;4
198;118;4
198;119;4
198;120;4
198;121;4
198;122;4
198;123;4
198;124;4
198;125;4
198;126;4
198;127;4
198;128;4
198;129;4
198;130;4
198;131;4
198;132;4
198;133;4
198;134;4
198;135;4
198;136;4
198;137;4
198;138;4
198;139;4
198;140;4
198;141;4
198;142;4
198;143;4
198;144;4
198;145;17
198;146;17
198;147;17
198;148;17
198;149;17
198;150;17
198;151;17
198;152;17
198;153;17
198;154;17
198;155;17
198;156;17
198;157;17
198;158;17
198;159;17
198;160;17
198;161;17
198;162;8
198;163;8
198;164;8
198;165;8
198;166;8
198;167;8
198;168;8
198;169;8
198;170;8
198;171;8
198;172;8
198;173;8
198;174;8
198;175;8
198;176;8
198;177;8
198;178;8
198;179;8
198;180;8
198;181;8
198;182;8
198;183;8
198;184;8
198;185;8
198;186;8
198;187;8
198;188;8
198;189;8
198;190;8
198;191;43
198;192;43
198;193;43
198;194;43
198;195;43
198;196;43
198;197;43
198;198;43
198;199;43
198;200;43
198;201;43
198;202;43
198;203;43
198;204;43
198;205;43
198;206;43
198;207;43
198;208;43
198;209;43
198;210;43
198;211;43
198;212;43
198;213;43
198;214;43
198;215;43
198;216;43
198;217;43
198;218;43
198;219;43
198;220;43
198;221;43
198;222;32
198;223;32
198;224;32
198;225;32
198;226;32
198;227;32
198;228;32
198;229;19
198;230;19
198;231;19
198;232;19
198;233;19
198;234;19
198;235;19
198;236;33
198;237;33
198;238;33
198;239;33
198;240;33
198;241;33
198;242;33
198;243;33
198;244;33
198;245;33
198;246;33
198;247;33
198;248;33
198;249;33
198;250;33
198;251;33
198;252;33
198;253;33
198;254;33
198;255;33
198;256;33
198;257;33
198;258;33
198;259;33
198;260;37
198;261;37
198;262;37
198;263;37
198;264;37
198;265;37
198;266;37
198;267;37
198;268;37
198;269;37
198;270;37
198;271;37
198;272;37
198;273;37
198;274;37
198;275;37
198;276;37
198;277;37
198;278;37
198;279;37
198;280;37
198;281;37
198;282;37
198;283;37
198;284;37
198;285;37
198;286;37
198;287;37
198;288;37
198;289;37
198;290;37
198;291;37
198;292;37
198;293;37
198;294;37
198;295;37
198;296;37
198;297;37
198;298;31
198;299;31
198;300;31
198;301;31
198;302;31
198;303;31
198;304;31
198;305;31
198;306;31
198;307;8
198;308;8
198;309;8
198;310;8
198;311;8
198;312;8
198;313;8
198;314;8
198;315;8
198;316;8
198;317;8
198;318;8
198;319;8
198;320;8
198;321;8
198;322;8
198;323;8
198;324;8
198;325;8
198;326;8
198;327;8
198;328;8
198;329;8
198;330;8
198;331;30
198;332;30
198;333;30
198;334;30
198;335;30
198;336;30
198;337;30
198;338;30
198;339;30
198;340;30
198;341;30
198;342;30
198;343;30
198;344;30
198;345;30
198;346;37
198;347;37
198;348;37
198;349;37
198;350;37
198;351;37
198;352;37
198;353;37
198;354;37
198;355;37
198;356;37
198;357;37
198;358;37
198;359;7
198;360;7
198;361;7
198;362;7
198;363;7
198;364;7
198;365;7
198;366;7
198;367;7
198;368;7
198;369;7
198;370;7
198;371;7
198;372;7
198;373;7
198;374;28
198;375;28
198;376;48
198;377;48
198;378;48
198;379;48
198;380;48
198;381;48
198;382;48
198;383;48
198;384;48
198;385;48
198;386;48
198;387;48
198;388;48
198;389;48
198;390;48
198;391;48
198;392;48
198;393;48
198;394;48
198;395;48
198;396;48
198;397;48
198;398;48
198;399;48
198;400;48
198;401;48
198;402;48
198;403;48
198;404;48
198;405;48
198;406;48
198;407;48
198;408;48
198;409;48
198;410;48
198;411;48
198;412;48
198;413;48
198;414;48
198;415;48
198;416;48
198;417;48
198;418;48
198;419;48
198;420;12
198;421;12
198;422;12
198;423;12
198;424;26
198;425;26
198;426;26
198;427;26
198;428;26
198;429;26
198;430;26
198;431;26
198;432;26
198;433;26
198;434;26
198;435;26
198;436;26
198;437;26
198;438;26
198;439;26
198;440;26
198;441;26
198;442;26
198;443;26
198;444;26
198;445;26
198;446;26
198;447;26
198;448;26
198;449;26
198;450;26
198;451;26
198;452;26
198;453;26
198;454;26
198;455;26
198;456;26
198;457;26
198;458;26
198;459;26
198;460;26
198;461;26
198;462;26
198;463;26
198;464;26
198;465;26
198;466;26
198;467;26
198;468;26
198;469;26
198;470;26
198;471;26
198;472;26
198;473;26
198;474;26
198;475;26
198;476;26
198;477;26
198;478;26
198;479;26
198;480;26
198;481;26
198;482;26
198;483;26
198;484;26
198;485;26
198;486;5
198;487;5
198;488;5
198;489;5
198;490;5
198;491;5
198;492;5
198;493;5
198;494;5
198;495;5
198;496;5
198;497;5
198;498;5
198;499;5
199;0;41
199;1;41
199;2;41
199;3;41
199;4;41
199;5;41
199;6;41
199;7;41
199;8;41
199;9;41
199;10;41
199;11;41
199;12;41
199;13;41
199;14;41
199;15;41
199;16;41
199;17;41
199;18;41
199;19;41
199;20;51
199;21;51
199;22;51
199;23;51
199;24;51
199;25;51
199;26;51
199;27;21
199;28;21
199;29;21
199;30;21
199;31;21
199;32;21
199;33;21
199;34;21
199;35;21
199;36;21
199;37;21
199;38;21
199;39;21
199;40;21
199;41;21
199;42;21
199;43;21
199;44;21
199;45;21
199;46;21
199;47;21
199;48;21
199;49;21
199;50;21
199;51;39
199;52;39
199;53;39
199;54;39
199;55;39
199;56;39
199;57;39
199;58;39
199;59;39
199;60;39
199;61;39
199;62;39
199;63;39
199;64;39
199;65;39
199;66;39
199;67;39
199;68;39
199;69;39
199;70;39
199;71;39
199;72;15
199;73;15
199;74;15
199;75;15
199;76;15
199;77;15
199;78;15
199;79;15
199;80;15
199;81;15
199;82;15
199;83;15
199;84;15
199;85;15
199;86;15
199;87;15
199;88;15
199;89;15
199;90;15
199;91;15
199;92;15
199;93;15
199;94;15
199;95;15
199;96;15
199;97;15
199;98;17
199;99;17
199;100;17
199;101;17
199;102;17
199;103;4
199;104;4
199;105;4
199;106;4
199;107;4
199;108;4
199;109;4
199;110;4
199;111;4
199;112;4
199;113;4
199;114;4
199;115;4
199;116;4
199;117;4
199;118;4
199;119;4
199;120;4
199;121;4
199;122;4
199;123;4
199;124;4
199;125;4
199;126;4
199;127;4
199;128;4
199;129;4
199;130;4
199;131;4
199;132;4
199;133;4
199;134;4
199;135;4
199;136;4
199;137;4
199;138;4
199;139;4
199;140;4
199;141;4
199;142;4
199;143;4
199;144;4
199;145;17
199;146;17
199;147;17
199;148;17
199;149;17
199;150;17
199;151;17
199;152;17
199;153;17
199;154;17
199;155;17
199;156;17
199;157;17
199;158;17
199;159;17
199;160;17
199;161;17
199;162;17
199;163;17
199;164;8
199;165;8
199;166;8
199;167;8
199;168;8
199;169;8
199;170;8
199;171;8
199;172;8
199;173;8
199;174;8
199;175;8
199;176;8
199;177;8
199;178;8
199;179;8
199;180;8
199;181;8
199;182;8
199;183;8
199;184;8
199;185;8
199;186;8
199;187;8
199;188;8
199;189;8
199;190;8
199;191;43
199;192;43
199;193;43
199;194;43
199;195;43
199;196;43
199;197;43
199;198;43
199;199;43
199;200;43
199;201;43
199;202;43
199;203;43
199;204;43
199;205;43
199;206;43
199;207;43
199;208;43
199;209;43
199;210;43
199;211;43
199;212;43
199;213;43
199;214;43
199;215;43
199;216;43
199;217;43
199;218;43
199;219;43
199;220;43
199;221;32
199;222;32
199;223;32
199;224;32
199;225;32
199;226;32
199;227;32
199;228;32
199;229;32
199;230;19
199;231;19
199;232;19
199;233;19
199;234;19
199;235;19
199;236;19
199;237;33
199;238;33
199;239;33
199;240;33
199;241;33
199;242;33
199;243;33
199;244;33
199;245;33
199;246;33
199;247;33
199;248;33
199;249;33
199;250;33
199;251;33
199;252;33
199;253;33
199;254;33
199;255;33
199;256;33
199;257;33
199;258;33
199;259;33
199;260;33
199;261;37
199;262;37
199;263;37
199;264;37
199;265;37
199;266;37
199;267;37
199;268;37
199;269;37
199;270;37
199;271;37
199;272;37
199;273;37
199;274;37
199;275;37
199;276;37
199;277;37
199;278;37
199;279;37
199;280;37
199;281;37
199;282;37
199;283;37
199;284;37
199;285;37
199;286;37
199;287;37
199;288;37
199;289;37
199;290;37
199;291;37
199;292;37
199;293;37
199;294;37
199;295;37
199;296;37
199;297;37
199;298;37
199;299;31
199;300;31
199;301;31
199;302;31
199;303;31
199;304;31
199;305;31
199;306;31
199;307;8
199;308;8
199;309;8
199;310;8
199;311;8
199;312;8
199;313;8
199;314;8
199;315;8
199;316;8
199;317;8
199;318;8
199;319;8
199;320;8
199;321;8
199;322;8
199;323;8
199;324;8
199;325;8
199;326;8
199;327;8
199;328;8
199;329;8
199;330;8
199;331;8
199;332;8
199;333;30
199;334;30
199;335;30
199;336;30
199;337;30
199;338;30
199;339;30
199;340;30
199;341;30
199;342;30
199;343;30
199;344;30
199;345;30
199;346;30
199;347;37
199;348;37
199;349;37
199;350;37
199;351;37
199;352;37
199;353;37
199;354;37
199;355;37
199;356;37
199;357;37
199;358;7
199;359;7
199;360;7
199;361;7
199;362;7
199;363;7
199;364;7
199;365;7
199;366;7
199;367;7
199;368;7
199;369;7
199;370;7
199;371;7
199;372;7
199;373;7
199;374;7
199;375;28
199;376;28
199;377;28
199;378;48
199;379;48
199;380;48
199;381;48
199;382;48
199;383;48
199;384;48
199;385;48
199;386;48
199;387;48
199;388;48
199;389;48
199;390;48
199;391;48
199;392;48
199;393;48
199;394;48
199;395;48
199;396;48
199;397;48
199;398;48
199;399;48
199;400;48
199;401;48
199;402;48
199;403;48
199;404;48
199;405;48
199;406;48
199;407;48
199;408;48
199;409;48
199;410;48
199;411;48
199;412;48
199;413;48
199;414;48
199;415;48
199;416;48
199;417;48
199;418;48
199;419;48
199;420;48
199;421;12
199;422;12
199;423;12
199;424;26
199;425;26
199;426;26
199;427;26
199;428;26
199;429;26
199;430;26
199;431;26
199;432;26
199;433;26
199;434;26
199;435;26
199;436;26
199;437;26
199;438;26
199;439;26
199;440;26
199;441;26
199;442;26
199;443;26
199;444;26
199;445;26
199;446;26
199;447;26
199;448;26
199;449;26
199;450;26
199;451;26
199;452;26
199;453;26
199;454;26
199;455;26
199;456;26
199;457;26
199;458;26
199;459;26
199;460;26
199;461;26
199;462;26
199;463;26
199;464;26
199;465;26
199;466;26
199;467;26
199;468;26
199;469;26
199;470;26
199;471;26
199;472;26
199;473;26
199;474;26
199;475;26
199;476;26
199;477;26
199;478;26
199;479;26
199;480;26
199;481;26
199;482;26
199;483;26
199;484;26
199;485;26
199;486;26
199;487;5
199;488;5
199;489;5
199;490;5
199;491;5
199;492;5
199;493;5
199;494;5
199;495;5
199;496;5
199;497;5
199;498;5
199;499;5
200;0;41
200;1;41
200;2;41
200;3;41
200;4;41
200;5;41
200;6;41
200;7;41
200;8;41
200;9;41
200;10;41
200;11;41
200;12;41
200;13;41
200;14;41
200;15;41
200;16;41
200;17;41
200;18;41
200;19;41
200;20;51
200;21;51
200;22;51
200;23;51
200;24;51
200;25;51
200;26;51
200;27;51
200;28;21
200;29;21
200;30;21
200;31;21
200;32;21
200;33;21
200;34;21
200;35;21
200;36;21
200;37;21
200;38;21
200;39;21
200;40;21
200;41;21
200;42;21
200;43;21
200;44;21
200;45;21
200;46;21
200;47;21
200;48;21
200;49;21
200;50;21
200;51;21
200;52;39
200;53;39
200;54;39
200;55;39
200;56;39
200;57;39
200;58;39
200;59;39
200;60;39
200;61;39
200;62;39
200;63;39
200;64;39
200;65;39
200;66;39
200;67;39
200;68;39
200;69;39
200;70;39
200;71;39
200;72;15
200;73;15
200;74;15
200;75;15
200;76;15
200;77;15
200;78;15
200;79;15
200;80;15
200;81;15
200;82;15
200;83;15
200;84;15
200;85;15
200;86;15
200;87;15
200;88;15
200;89;15
200;90;15
200;91;15
200;92;15
200;93;15
200;94;15
200;95;15
200;96;15
200;97;15
200;98;17
200;99;17
200;100;17
200;101;17
200;102;17
200;103;17
200;104;17
200;105;4
200;106;4
200;107;4
200;108;4
200;109;4
200;110;4
200;111;4
200;112;4
200;113;4
200;114;4
200;115;4
200;116;4
200;117;4
200;118;4
200;119;4
200;120;4
200;121;4
200;122;4
200;123;4
200;124;4
200;125;4
200;126;4
200;127;4
200;128;4
200;129;4
200;130;4
200;131;4
200;132;4
200;133;4
200;134;4
200;135;4
200;136;4
200;137;4
200;138;4
200;139;4
200;140;4
200;141;4
200;142;4
200;143;4
200;144;4
200;145;17
200;146;17
200;147;17
200;148;17
200;149;17
200;150;17
200;151;17
200;152;17
200;153;17
200;154;17
200;155;17
200;156;17
200;157;17
200;158;17
200;159;17
200;160;17
200;161;17
200;162;17
200;163;17
200;164;17
200;165;17
200;166;8
200;167;8
200;168;8
200;169;8
200;170;8
200;171;8
200;172;8
200;173;8
200;174;8
200;175;8
200;176;8
200;177;8
200;178;8
200;179;8
200;180;8
200;181;8
200;182;8
200;183;8
200;184;8
200;185;8
200;186;8
200;187;8
200;188;8
200;189;8
200;190;8
200;191;8
200;192;43
200;193;43
200;194;43
200;195;43
200;196;43
200;197;43
200;198;43
200;199;43
200;200;43
200;201;43
200;202;43
200;203;43
200;204;43
200;205;43
200;206;43
200;207;43
200;208;43
200;209;43
200;210;43
200;211;43
200;212;43
200;213;43
200;214;43
200;215;43
200;216;43
200;217;43
200;218;43
200;219;43
200;220;32
200;221;32
200;222;32
200;223;32
200;224;32
200;225;32
200;226;32
200;227;32
200;228;32
200;229;32
200;230;19
200;231;19
200;232;19
200;233;19
200;234;19
200;235;19
200;236;19
200;237;19
200;238;33
200;239;33
200;240;33
200;241;33
200;242;33
200;243;33
200;244;33
200;245;33
200;246;33
200;247;33
200;248;33
200;249;33
200;250;33
200;251;33
200;252;33
200;253;33
200;254;33
200;255;33
200;256;33
200;257;33
200;258;33
200;259;33
200;260;33
200;261;33
200;262;37
200;263;37
200;264;37
200;265;37
200;266;37
200;267;37
200;268;37
200;269;37
200;270;37
200;271;37
200;272;37
200;273;37
200;274;37
200;275;37
200;276;37
200;277;37
200;278;37
200;279;37
200;280;37
200;281;37
200;282;37
200;283;37
200;284;37
200;285;37
200;286;37
200;287;37
200;288;37
200;289;37
200;290;37
200;291;37
200;292;37
200;293;37
200;294;37
200;295;37
200;296;37
200;297;37
200;298;37
200;299;37
200;300;31
200;301;31
200;302;31
200;303;31
200;304;31
200;305;31
200;306;31
200;307;8
200;308;8
200;309;8
200;310;8
200;311;8
200;312;8
200;313;8
200;314;8
200;315;8
200;316;8
200;317;8
200;318;8
200;319;8
200;320;8
200;321;8
200;322;8
200;323;8
200;324;8
200;325;8
200;326;8
200;327;8
200;328;8
200;329;8
200;330;8
200;331;8
200;332;8
200;333;8
200;334;8
200;335;30
200;336;30
200;337;30
200;338;30
200;339;30
200;340;30
200;341;30
200;342;30
200;343;30
200;344;30
200;345;30
200;346;30
200;347;30
200;348;37
200;349;37
200;350;37
200;351;37
200;352;37
200;353;37
200;354;37
200;355;37
200;356;37
200;357;7
200;358;7
200;359;7
200;360;7
200;361;7
200;362;7
200;363;7
200;364;7
200;365;7
200;366;7
200;367;7
200;368;7
200;369;7
200;370;7
200;371;7
200;372;7
200;373;7
200;374;7
200;375;7
200;376;28
200;377;28
200;378;28
200;379;28
200;380;48
200;381;48
200;382;48
200;383;48
200;384;48
200;385;48
200;386;48
200;387;48
200;388;48
200;389;48
200;390;48
200;391;48
200;392;48
200;393;48
200;394;48
200;395;48
200;396;48
200;397;48
200;398;48
200;399;48
200;400;48
200;401;48
200;402;48
200;403;48
200;404;48
200;405;48
200;406;48
200;407;48
200;408;48
200;409;48
200;410;48
200;411;48
200;412;48
200;413;48
200;414;48
200;415;48
200;416;48
200;417;48
200;418;48
200;419;48
200;420;48
200;421;48
200;422;12
200;423;12
200;424;26
200;425;26
200;426;26
200;427;26
200;428;26
200;429;26
200;430;26
200;431;26
200;432;26
200;433;26
200;434;26
200;435;26
200;436;26
200;437;26
200;438;26
200;439;26
200;440;26
200;441;26
200;442;26
200;443;26
200;444;26
200;445;26
200;446;26
200;447;26
200;448;26
200;449;26
200;450;26
200;451;26
200;452;26
200;453;26
200;454;26
200;455;26
200;456;26
200;457;26
200;458;26
200;459;26
200;460;26
200;461;26
200;462;26
200;463;26
200;464;26
200;465;26
200;466;26
200;467;26
200;468;26
200;469;26
200;470;26
200;471;26
200;472;26
200;473;26
200;474;26
200;475;26
200;476;26
200;477;26
200;478;26
200;479;26
200;480;26
200;481;26
200;482;26
200;483;26
200;484;26
200;485;26
200;486;26
200;487;26
200;488;5
200;489;5
200;490;5
200;491;5
200;492;5
200;493;5
200;494;5
200;495;5
200;496;5
200;497;5
200;498;5
200;499;5
201;0;41
201;1;41
201;2;41
201;3;41
201;4;41
201;5;41
201;6;41
201;7;41
201;8;41
201;9;41
201;10;41
201;11;41
201;12;41
201;13;41
201;14;41
201;15;41
201;16;41
201;17;41
201;18;41
201;19;41
201;20;41
201;21;51
201;22;51
201;23;51
201;24;51
201;25;51
201;26;51
201;27;51
201;28;51
201;29;21
201;30;21
201;31;21
201;32;21
201;33;21
201;34;21
201;35;21
201;36;21
201;37;21
201;38;21
201;39;21
201;40;21
201;41;21
201;42;21
201;43;21
201;44;21
201;45;21
201;46;21
201;47;21
201;48;21
201;49;21
201;50;21
201;51;21
201;52;39
201;53;39
201;54;39
201;55;39
201;56;39
201;57;39
201;58;39
201;59;39
201;60;39
201;61;39
201;62;39
201;63;39
201;64;39
201;65;39
201;66;39
201;67;39
201;68;39
201;69;39
201;70;39
201;71;39
201;72;39
201;73;15
201;74;15
201;75;15
201;76;15
201;77;15
201;78;15
201;79;15
201;80;15
201;81;15
201;82;15
201;83;15
201;84;15
201;85;15
201;86;15
201;87;15
201;88;15
201;89;15
201;90;15
201;91;15
201;92;15
201;93;15
201;94;15
201;95;15
201;96;15
201;97;15
201;98;17
201;99;17
201;100;17
201;101;17
201;102;17
201;103;17
201;104;17
201;105;17
201;106;17
201;107;4
201;108;4
201;109;4
201;110;4
201;111;4
201;112;4
201;113;4
201;114;4
201;115;4
201;116;4
201;117;4
201;118;4
201;119;4
201;120;4
201;121;4
201;122;4
201;123;4
201;124;4
201;125;4
201;126;4
201;127;4
201;128;4
201;129;4
201;130;4
201;131;4
201;132;4
201;133;4
201;134;4
201;135;4
201;136;4
201;137;4
201;138;4
201;139;4
201;140;4
201;141;4
201;142;4
201;143;4
201;144;4
201;145;17
201;146;17
201;147;17
201;148;17
201;149;17
201;150;17
201;151;17
201;152;17
201;153;17
201;154;17
201;155;17
201;156;17
201;157;17
201;158;17
201;159;17
201;160;17
201;161;17
201;162;17
201;163;17
201;164;17
201;165;17
201;166;17
201;167;17
201;168;8
201;169;8
201;170;8
201;171;8
201;172;8
201;173;8
201;174;8
201;175;8
201;176;8
201;177;8
201;178;8
201;179;8
201;180;8
201;181;8
201;182;8
201;183;8
201;184;8
201;185;8
201;186;8
201;187;8
201;188;8
201;189;8
201;190;8
201;191;8
201;192;43
201;193;43
201;194;43
201;195;43
201;196;43
201;197;43
201;198;43
201;199;43
201;200;43
201;201;43
201;202;43
201;203;43
201;204;43
201;205;43
201;206;43
201;207;43
201;208;43
201;209;43
201;210;43
201;211;43
201;212;43
201;213;43
201;214;43
201;215;43
201;216;43
201;217;43
201;218;43
201;219;32
201;220;32
201;221;32
201;222;32
201;223;32
201;224;32
201;225;32
201;226;32
201;227;32
201;228;32
201;229;32
201;230;32
201;231;19
201;232;19
201;233;19
201;234;19
201;235;19
201;236;19
201;237;19
201;238;19
201;239;33
201;240;33
201;241;33
201;242;33
201;243;33
201;244;33
201;245;33
201;246;33
201;247;33
201;248;33
201;249;33
201;250;33
201;251;33
201;252;33
201;253;33
201;254;33
201;255;33
201;256;33
201;257;33
201;258;33
201;259;33
201;260;33
201;261;33
201;262;33
201;263;37
201;264;37
201;265;37
201;266;37
201;267;37
201;268;37
201;269;37
201;270;37
201;271;37
201;272;37
201;273;37
201;274;37
201;275;37
201;276;37
201;277;37
201;278;37
201;279;37
201;280;37
201;281;37
201;282;37
201;283;37
201;284;37
201;285;37
201;286;37
201;287;37
201;288;37
201;289;37
201;290;37
201;291;37
201;292;37
201;293;37
201;294;37
201;295;37
201;296;37
201;297;37
201;298;37
201;299;37
201;300;37
201;301;31
201;302;31
201;303;31
201;304;31
201;305;31
201;306;8
201;307;8
201;308;8
201;309;8
201;310;8
201;311;8
201;312;8
201;313;8
201;314;8
201;315;8
201;316;8
201;317;8
201;318;8
201;319;8
201;320;8
201;321;8
201;322;8
201;323;8
201;324;8
201;325;8
201;326;8
201;327;8
201;328;8
201;329;8
201;330;8
201;331;8
201;332;8
201;333;8
201;334;8
201;335;8
201;336;8
201;337;30
201;338;30
201;339;30
201;340;30
201;341;30
201;342;30
201;343;30
201;344;30
201;345;30
201;346;30
201;347;30
201;348;30
201;349;37
201;350;37
201;351;37
201;352;37
201;353;37
201;354;37
201;355;37
201;356;7
201;357;7
201;358;7
201;359;7
201;360;7
201;361;7
201;362;7
201;363;7
201;364;7
201;365;7
201;366;7
201;367;7
201;368;7
201;369;7
201;370;7
201;371;7
201;372;7
201;373;7
201;374;7
201;375;7
201;376;28
201;377;28
201;378;28
201;379;28
201;380;28
201;381;28
201;382;48
201;383;48
201;384;48
201;385;48
201;386;48
201;387;48
201;388;48
201;389;48
201;390;48
201;391;48
201;392;48
201;393;48
201;394;48
201;395;48
201;396;48
201;397;48
201;398;48
201;399;48
201;400;48
201;401;48
201;402;48
201;403;48
201;404;48
201;405;48
201;406;48
201;407;48
201;408;48
201;409;48
201;410;48
201;411;48
201;412;48
201;413;48
201;414;48
201;415;48
201;416;48
201;417;48
201;418;48
201;419;48
201;420;48
201;421;48
201;422;48
201;423;12
201;424;26
201;425;26
201;426;26
201;427;26
201;428;26
201;429;26
201;430;26
201;431;26
201;432;26
201;433;26
201;434;26
201;435;26
201;436;26
201;437;26
201;438;26
201;439;26
201;440;26
201;441;26
201;442;26
201;443;26
201;444;26
201;445;26
201;446;26
201;447;26
201;448;26
201;449;26
201;450;26
201;451;26
201;452;26
201;453;26
201;454;26
201;455;26
201;456;26
201;457;26
201;458;26
201;459;26
201;460;26
201;461;26
201;462;26
201;463;26
201;464;26
201;465;26
201;466;26
201;467;26
201;468;26
201;469;26
201;470;26
201;471;26
201;472;26
201;473;26
201;474;26
201;475;26
201;476;26
201;477;26
201;478;26
201;479;26
201;480;26
201;481;26
201;482;26
201;483;26
201;484;26
201;485;26
201;486;26
201;487;26
201;488;26
201;489;5
201;490;5
201;491;5
201;492;5
201;493;5
201;494;5
201;495;5
201;496;5
201;497;5
201;498;5
201;499;5
202;0;41
202;1;41
202;2;41
202;3;41
202;4;41
202;5;41
202;6;41
202;7;41
202;8;41
202;9;41
202;10;41
202;11;41
202;12;41
202;13;41
202;14;41
202;15;41
202;16;41
202;17;41
202;18;41
202;19;41
202;20;41
202;21;51
202;22;51
202;23;51
202;24;51
202;25;51
202;26;51
202;27;51
202;28;51
202;29;51
202;30;21
202;31;21
202;32;21
202;33;21
202;34;21
202;35;21
202;36;21
202;37;21
202;38;21
202;39;21
202;40;21
202;41;21
202;42;21
202;43;21
202;44;21
202;45;21
202;46;21
202;47;21
202;48;21
202;49;21
202;50;21
202;51;21
202;52;21
202;53;39
202;54;39
202;55;39
202;56;39
202;57;39
202;58;39
202;59;39
202;60;39
202;61;39
202;62;39
202;63;39
202;64;39
202;65;39
202;66;39
202;67;39
202;68;39
202;69;39
202;70;39
202;71;39
202;72;39
202;73;15
202;74;15
202;75;15
202;76;15
202;77;15
202;78;15
202;79;15
202;80;15
202;81;15
202;82;15
202;83;15
202;84;15
202;85;15
202;86;15
202;87;15
202;88;15
202;89;15
202;90;15
202;91;15
202;92;15
202;93;15
202;94;15
202;95;15
202;96;15
202;97;15
202;98;17
202;99;17
202;100;17
202;101;17
202;102;17
202;103;17
202;104;17
202;105;17
202;106;17
202;107;17
202;108;21
202;109;21
202;110;21
202;111;21
202;112;21
202;113;21
202;114;21
202;115;21
202;116;21
202;117;4
202;118;4
202;119;4
202;120;4
202;121;4
202;122;4
202;123;4
202;124;4
202;125;4
202;126;4
202;127;4
202;128;4
202;129;4
202;130;4
202;131;4
202;132;4
202;133;4
202;134;4
202;135;4
202;136;4
202;137;4
202;138;4
202;139;4
202;140;4
202;141;4
202;142;4
202;143;4
202;144;4
202;145;17
202;146;17
202;147;17
202;148;17
202;149;17
202;150;17
202;151;17
202;152;17
202;153;17
202;154;17
202;155;17
202;156;17
202;157;17
202;158;17
202;159;17
202;160;17
202;161;17
202;162;17
202;163;17
202;164;17
202;165;17
202;166;17
202;167;17
202;168;17
202;169;17
202;170;8
202;171;8
202;172;8
202;173;8
202;174;8
202;175;8
202;176;8
202;177;8
202;178;8
202;179;8
202;180;8
202;181;8
202;182;8
202;183;8
202;184;8
202;185;8
202;186;8
202;187;8
202;188;8
202;189;8
202;190;8
202;191;8
202;192;8
202;193;43
202;194;43
202;195;43
202;196;43
202;197;43
202;198;43
202;199;43
202;200;43
202;201;43
202;202;43
202;203;43
202;204;43
202;205;43
202;206;43
202;207;43
202;208;43
202;209;43
202;210;43
202;211;43
202;212;43
202;213;43
202;214;43
202;215;43
202;216;43
202;217;43
202;218;32
202;219;32
202;220;32
202;221;32
202;222;32
202;223;32
202;224;32
202;225;32
202;226;32
202;227;32
202;228;32
202;229;32
202;230;32
202;231;19
202;232;19
202;233;19
202;234;19
202;235;19
202;236;19
202;237;19
202;238;19
202;239;19
202;240;33
202;241;33
202;242;33
202;243;33
202;244;33
202;245;33
202;246;33
202;247;33
202;248;33
202;249;33
202;250;33
202;251;33
202;252;33
202;253;33
202;254;33
202;255;33
202;256;33
202;257;33
202;258;33
202;259;33
202;260;33
202;261;33
202;262;33
202;263;33
202;264;37
202;265;37
202;266;37
202;267;37
202;268;37
202;269;37
202;270;37
202;271;37
202;272;37
202;273;37
202;274;37
202;275;37
202;276;37
202;277;37
202;278;37
202;279;37
202;280;37
202;281;37
202;282;37
202;283;37
202;284;37
202;285;37
202;286;37
202;287;37
202;288;37
202;289;37
202;290;37
202;291;37
202;292;37
202;293;37
202;294;37
202;295;37
202;296;37
202;297;37
202;298;37
202;299;37
202;300;37
202;301;37
202;302;31
202;303;31
202;304;31
202;305;8
202;306;8
202;307;8
202;308;8
202;309;8
202;310;8
202;311;8
202;312;8
202;313;8
202;314;8
202;315;8
202;316;8
202;317;8
202;318;8
202;319;8
202;320;8
202;321;8
202;322;8
202;323;8
202;324;8
202;325;8
202;326;8
202;327;8
202;328;8
202;329;8
202;330;8
202;331;8
202;332;8
202;333;8
202;334;8
202;335;8
202;336;8
202;337;8
202;338;8
202;339;30
202;340;30
202;341;30
202;342;30
202;343;30
202;344;30
202;345;30
202;346;30
202;347;30
202;348;30
202;349;30
202;350;37
202;351;37
202;352;37
202;353;37
202;354;37
202;355;7
202;356;7
202;357;7
202;358;7
202;359;7
202;360;7
202;361;7
202;362;7
202;363;7
202;364;7
202;365;7
202;366;7
202;367;7
202;368;7
202;369;7
202;370;7
202;371;7
202;372;7
202;373;7
202;374;7
202;375;7
202;376;7
202;377;28
202;378;28
202;379;28
202;380;28
202;381;28
202;382;28
202;383;48
202;384;48
202;385;48
202;386;48
202;387;48
202;388;48
202;389;48
202;390;48
202;391;48
202;392;48
202;393;48
202;394;48
202;395;48
202;396;48
202;397;48
202;398;48
202;399;48
202;400;48
202;401;48
202;402;48
202;403;48
202;404;48
202;405;48
202;406;48
202;407;48
202;408;48
202;409;48
202;410;48
202;411;48
202;412;48
202;413;48
202;414;48
202;415;48
202;416;48
202;417;48
202;418;48
202;419;48
202;420;48
202;421;48
202;422;48
202;423;48
202;424;26
202;425;26
202;426;26
202;427;26
202;428;26
202;429;26
202;430;26
202;431;26
202;432;26
202;433;26
202;434;26
202;435;26
202;436;26
202;437;26
202;438;26
202;439;26
202;440;26
202;441;26
202;442;26
202;443;26
202;444;26
202;445;26
202;446;26
202;447;26
202;448;26
202;449;26
202;450;26
202;451;26
202;452;26
202;453;26
202;454;26
202;455;26
202;456;26
202;457;26
202;458;26
202;459;26
202;460;26
202;461;26
202;462;26
202;463;26
202;464;26
202;465;26
202;466;26
202;467;26
202;468;26
202;469;26
202;470;26
202;471;26
202;472;26
202;473;26
202;474;26
202;475;26
202;476;26
202;477;26
202;478;26
202;479;26
202;480;26
202;481;26
202;482;26
202;483;26
202;484;26
202;485;26
202;486;26
202;487;26
202;488;26
202;489;26
202;490;5
202;491;5
202;492;5
202;493;5
202;494;5
202;495;5
202;496;5
202;497;5
202;498;5
202;499;5
203;0;41
203;1;41
203;2;41
203;3;41
203;4;41
203;5;41
203;6;41
203;7;41
203;8;41
203;9;41
203;10;41
203;11;41
203;12;41
203;13;41
203;14;41
203;15;41
203;16;41
203;17;41
203;18;41
203;19;41
203;20;41
203;21;41
203;22;51
203;23;51
203;24;51
203;25;51
203;26;51
203;27;51
203;28;51
203;29;51
203;30;51
203;31;21
203;32;21
203;33;21
203;34;21
203;35;21
203;36;21
203;37;21
203;38;21
203;39;21
203;40;21
203;41;21
203;42;21
203;43;21
203;44;21
203;45;21
203;46;21
203;47;21
203;48;21
203;49;21
203;50;21
203;51;21
203;52;21
203;53;12
203;54;39
203;55;39
203;56;39
203;57;39
203;58;39
203;59;39
203;60;39
203;61;39
203;62;39
203;63;39
203;64;39
203;65;39
203;66;39
203;67;39
203;68;39
203;69;39
203;70;39
203;71;39
203;72;39
203;73;39
203;74;15
203;75;15
203;76;15
203;77;15
203;78;15
203;79;15
203;80;15
203;81;15
203;82;15
203;83;15
203;84;15
203;85;15
203;86;15
203;87;15
203;88;15
203;89;15
203;90;15
203;91;15
203;92;15
203;93;15
203;94;15
203;95;15
203;96;15
203;97;15
203;98;17
203;99;17
203;100;17
203;101;17
203;102;17
203;103;17
203;104;17
203;105;17
203;106;17
203;107;17
203;108;21
203;109;21
203;110;21
203;111;21
203;112;21
203;113;21
203;114;21
203;115;21
203;116;21
203;117;21
203;118;21
203;119;4
203;120;4
203;121;4
203;122;4
203;123;4
203;124;4
203;125;4
203;126;4
203;127;4
203;128;4
203;129;4
203;130;4
203;131;4
203;132;4
203;133;4
203;134;4
203;135;4
203;136;4
203;137;4
203;138;4
203;139;4
203;140;4
203;141;4
203;142;4
203;143;4
203;144;4
203;145;17
203;146;17
203;147;17
203;148;17
203;149;17
203;150;17
203;151;17
203;152;17
203;153;17
203;154;17
203;155;17
203;156;17
203;157;17
203;158;17
203;159;17
203;160;17
203;161;17
203;162;17
203;163;17
203;164;17
203;165;17
203;166;17
203;167;17
203;168;17
203;169;17
203;170;17
203;171;8
203;172;8
203;173;8
203;174;8
203;175;8
203;176;8
203;177;8
203;178;8
203;179;8
203;180;8
203;181;8
203;182;8
203;183;8
203;184;8
203;185;8
203;186;8
203;187;8
203;188;8
203;189;8
203;190;8
203;191;8
203;192;8
203;193;43
203;194;43
203;195;43
203;196;43
203;197;43
203;198;43
203;199;43
203;200;43
203;201;43
203;202;43
203;203;43
203;204;43
203;205;43
203;206;43
203;207;43
203;208;43
203;209;43
203;210;43
203;211;43
203;212;43
203;213;43
203;214;43
203;215;43
203;216;43
203;217;32
203;218;32
203;219;32
203;220;32
203;221;32
203;222;32
203;223;32
203;224;32
203;225;32
203;226;32
203;227;32
203;228;32
203;229;32
203;230;32
203;231;32
203;232;19
203;233;19
203;234;19
203;235;19
203;236;19
203;237;19
203;238;19
203;239;19
203;240;19
203;241;33
203;242;33
203;243;33
203;244;33
203;245;33
203;246;33
203;247;33
203;248;33
203;249;33
203;250;33
203;251;33
203;252;33
203;253;33
203;254;33
203;255;33
203;256;33
203;257;33
203;258;33
203;259;33
203;260;33
203;261;33
203;262;33
203;263;33
203;264;33
203;265;37
203;266;37
203;267;37
203;268;37
203;269;37
203;270;37
203;271;37
203;272;37
203;273;37
203;274;37
203;275;37
203;276;37
203;277;37
203;278;37
203;279;37
203;280;37
203;281;37
203;282;37
203;283;37
203;284;37
203;285;37
203;286;37
203;287;37
203;288;37
203;289;37
203;290;37
203;291;37
203;292;37
203;293;37
203;294;37
203;295;37
203;296;37
203;297;37
203;298;37
203;299;37
203;300;37
203;301;37
203;302;37
203;303;31
203;304;8
203;305;8
203;306;8
203;307;8
203;308;8
203;309;8
203;310;8
203;311;8
203;312;8
203;313;8
203;314;8
203;315;8
203;316;8
203;317;8
203;318;8
203;319;8
203;320;8
203;321;8
203;322;8
203;323;8
203;324;8
203;325;8
203;326;8
203;327;8
203;328;8
203;329;8
203;330;8
203;331;8
203;332;8
203;333;8
203;334;8
203;335;8
203;336;8
203;337;8
203;338;8
203;339;8
203;340;8
203;341;30
203;342;30
203;343;30
203;344;30
203;345;30
203;346;30
203;347;30
203;348;30
203;349;30
203;350;30
203;351;37
203;352;37
203;353;37
203;354;7
203;355;7
203;356;7
203;357;7
203;358;7
203;359;7
203;360;7
203;361;7
203;362;7
203;363;7
203;364;7
203;365;7
203;366;7
203;367;7
203;368;7
203;369;7
203;370;7
203;371;7
203;372;7
203;373;7
203;374;7
203;375;7
203;376;7
203;377;28
203;378;28
203;379;28
203;380;28
203;381;28
203;382;28
203;383;28
203;384;28
203;385;48
203;386;48
203;387;48
203;388;48
203;389;48
203;390;48
203;391;48
203;392;48
203;393;48
203;394;48
203;395;48
203;396;48
203;397;48
203;398;48
203;399;48
203;400;48
203;401;48
203;402;48
203;403;48
203;404;48
203;405;48
203;406;48
203;407;48
203;408;48
203;409;48
203;410;48
203;411;48
203;412;48
203;413;48
203;414;48
203;415;48
203;416;48
203;417;48
203;418;48
203;419;48
203;420;48
203;421;48
203;422;48
203;423;48
203;424;26
203;425;26
203;426;26
203;427;26
203;428;26
203;429;26
203;430;26
203;431;26
203;432;26
203;433;26
203;434;26
203;435;26
203;436;26
203;437;26
203;438;26
203;439;26
203;440;26
203;441;26
203;442;26
203;443;26
203;444;26
203;445;26
203;446;26
203;447;26
203;448;26
203;449;26
203;450;26
203;451;26
203;452;26
203;453;26
203;454;26
203;455;26
203;456;26
203;457;26
203;458;26
203;459;26
203;460;26
203;461;26
203;462;26
203;463;26
203;464;26
203;465;26
203;466;26
203;467;26
203;468;26
203;469;26
203;470;26
203;471;26
203;472;26
203;473;26
203;474;26
203;475;26
203;476;26
203;477;26
203;478;26
203;479;26
203;480;26
203;481;26
203;482;26
203;483;26
203;484;26
203;485;26
203;486;26
203;487;26
203;488;26
203;489;26
203;490;26
203;491;5
203;492;5
203;493;5
203;494;5
203;495;5
203;496;5
203;497;5
203;498;5
203;499;5
204;0;28
204;1;41
204;2;41
204;3;41
204;4;41
204;5;41
204;6;41
204;7;41
204;8;41
204;9;41
204;10;41
204;11;41
204;12;41
204;13;41
204;14;41
204;15;41
204;16;41
204;17;41
204;18;41
204;19;41
204;20;41
204;21;41
204;22;51
204;23;51
204;24;51
204;25;51
204;26;51
204;27;51
204;28;51
204;29;51
204;30;51
204;31;51
204;32;21
204;33;21
204;34;21
204;35;21
204;36;21
204;37;21
204;38;21
204;39;21
204;40;21
204;41;21
204;42;21
204;43;21
204;44;21
204;45;21
204;46;21
204;47;21
204;48;21
204;49;21
204;50;21
204;51;21
204;52;21
204;53;12
204;54;12
204;55;39
204;56;39
204;57;39
204;58;39
204;59;39
204;60;39
204;61;39
204;62;39
204;63;39
204;64;39
204;65;39
204;66;39
204;67;39
204;68;39
204;69;39
204;70;39
204;71;39
204;72;39
204;73;39
204;74;39
204;75;15
204;76;15
204;77;15
204;78;15
204;79;15
204;80;15
204;81;15
204;82;15
204;83;15
204;84;15
204;85;15
204;86;15
204;87;15
204;88;15
204;89;15
204;90;15
204;91;15
204;92;15
204;93;15
204;94;5
204;95;5
204;96;5
204;97;5
204;98;17
204;99;17
204;100;17
204;101;17
204;102;17
204;103;17
204;104;17
204;105;17
204;106;17
204;107;17
204;108;17
204;109;21
204;110;21
204;111;21
204;112;21
204;113;21
204;114;21
204;115;21
204;116;21
204;117;21
204;118;21
204;119;21
204;120;21
204;121;4
204;122;4
204;123;4
204;124;4
204;125;4
204;126;4
204;127;4
204;128;4
204;129;4
204;130;4
204;131;4
204;132;4
204;133;4
204;134;4
204;135;4
204;136;4
204;137;4
204;138;4
204;139;4
204;140;4
204;141;4
204;142;4
204;143;4
204;144;4
204;145;17
204;146;17
204;147;17
204;148;17
204;149;17
204;150;17
204;151;17
204;152;17
204;153;17
204;154;17
204;155;17
204;156;17
204;157;17
204;158;17
204;159;17
204;160;17
204;161;17
204;162;17
204;163;17
204;164;17
204;165;17
204;166;17
204;167;17
204;168;17
204;169;17
204;170;17
204;171;17
204;172;8
204;173;8
204;174;8
204;175;8
204;176;8
204;177;8
204;178;8
204;179;8
204;180;8
204;181;8
204;182;8
204;183;8
204;184;8
204;185;8
204;186;8
204;187;8
204;188;8
204;189;8
204;190;8
204;191;8
204;192;8
204;193;8
204;194;43
204;195;43
204;196;43
204;197;43
204;198;43
204;199;43
204;200;43
204;201;43
204;202;43
204;203;43
204;204;43
204;205;43
204;206;43
204;207;43
204;208;43
204;209;43
204;210;43
204;211;43
204;212;43
204;213;43
204;214;43
204;215;43
204;216;32
204;217;32
204;218;32
204;219;32
204;220;32
204;221;32
204;222;32
204;223;32
204;224;32
204;225;32
204;226;32
204;227;32
204;228;32
204;229;32
204;230;32
204;231;32
204;232;19
204;233;19
204;234;19
204;235;19
204;236;19
204;237;19
204;238;19
204;239;19
204;240;19
204;241;19
204;242;33
204;243;33
204;244;33
204;245;33
204;246;33
204;247;33
204;248;33
204;249;33
204;250;33
204;251;33
204;252;33
204;253;33
204;254;33
204;255;33
204;256;33
204;257;33
204;258;33
204;259;33
204;260;33
204;261;33
204;262;33
204;263;33
204;264;33
204;265;33
204;266;37
204;267;37
204;268;37
204;269;37
204;270;37
204;271;37
204;272;37
204;273;37
204;274;37
204;275;37
204;276;37
204;277;37
204;278;37
204;279;37
204;280;37
204;281;37
204;282;37
204;283;37
204;284;37
204;285;37
204;286;37
204;287;37
204;288;37
204;289;37
204;290;37
204;291;37
204;292;37
204;293;37
204;294;37
204;295;37
204;296;37
204;297;37
204;298;37
204;299;37
204;300;37
204;301;37
204;302;38
204;303;38
204;304;8
204;305;8
204;306;8
204;307;8
204;308;8
204;309;8
204;310;8
204;311;8
204;312;8
204;313;8
204;314;8
204;315;8
204;316;8
204;317;8
204;318;8
204;319;8
204;320;8
204;321;8
204;322;8
204;323;8
204;324;8
204;325;8
204;326;8
204;327;8
204;328;8
204;329;8
204;330;8
204;331;8
204;332;8
204;333;8
204;334;8
204;335;8
204;336;8
204;337;8
204;338;8
204;339;8
204;340;8
204;341;8
204;342;8
204;343;30
204;344;30
204;345;30
204;346;30
204;347;30
204;348;30
204;349;30
204;350;30
204;351;30
204;352;37
204;353;7
204;354;7
204;355;7
204;356;7
204;357;7
204;358;7
204;359;7
204;360;7
204;361;7
204;362;7
204;363;7
204;364;7
204;365;7
204;366;7
204;367;7
204;368;7
204;369;7
204;370;7
204;371;7
204;372;7
204;373;7
204;374;7
204;375;7
204;376;7
204;377;7
204;378;28
204;379;28
204;380;28
204;381;28
204;382;28
204;383;28
204;384;28
204;385;28
204;386;28
204;387;48
204;388;48
204;389;48
204;390;48
204;391;48
204;392;48
204;393;48
204;394;48
204;395;48
204;396;48
204;397;48
204;398;48
204;399;48
204;400;48
204;401;48
204;402;48
204;403;48
204;404;48
204;405;48
204;406;48
204;407;48
204;408;48
204;409;48
204;410;48
204;411;48
204;412;48
204;413;48
204;414;48
204;415;48
204;416;48
204;417;48
204;418;48
204;419;48
204;420;48
204;421;48
204;422;48
204;423;48
204;424;26
204;425;26
204;426;26
204;427;26
204;428;26
204;429;26
204;430;26
204;431;26
204;432;26
204;433;26
204;434;26
204;435;26
204;436;26
204;437;26
204;438;26
204;439;26
204;440;26
204;441;26
204;442;26
204;443;26
204;444;26
204;445;26
204;446;26
204;447;26
204;448;26
204;449;26
204;450;26
204;451;26
204;452;26
204;453;26
204;454;26
204;455;26
204;456;26
204;457;26
204;458;26
204;459;26
204;460;26
204;461;26
204;462;26
204;463;26
204;464;26
204;465;26
204;466;26
204;467;26
204;468;26
204;469;26
204;470;26
204;471;26
204;472;26
204;473;26
204;474;26
204;475;26
204;476;26
204;477;26
204;478;26
204;479;26
204;480;26
204;481;26
204;482;26
204;483;26
204;484;26
204;485;26
204;486;26
204;487;26
204;488;26
204;489;26
204;490;26
204;491;26
204;492;5
204;493;5
204;494;5
204;495;5
204;496;5
204;497;5
204;498;5
204;499;5
205;0;28
205;1;28
205;2;41
205;3;41
205;4;41
205;5;41
205;6;41
205;7;41
205;8;41
205;9;41
205;10;41
205;11;41
205;12;41
205;13;41
205;14;41
205;15;41
205;16;41
205;17;41
205;18;41
205;19;41
205;20;41
205;21;41
205;22;41
205;23;51
205;24;51
205;25;51
205;26;51
205;27;51
205;28;51
205;29;51
205;30;51
205;31;51
205;32;51
205;33;21
205;34;21
205;35;21
205;36;21
205;37;21
205;38;21
205;39;21
205;40;21
205;41;21
205;42;21
205;43;21
205;44;21
205;45;21
205;46;21
205;47;21
205;48;21
205;49;21
205;50;21
205;51;21
205;52;21
205;53;12
205;54;12
205;55;12
205;56;39
205;57;39
205;58;39
205;59;39
205;60;39
205;61;39
205;62;39
205;63;39
205;64;39
205;65;39
205;66;39
205;67;39
205;68;39
205;69;39
205;70;39
205;71;39
205;72;39
205;73;39
205;74;39
205;75;39
205;76;15
205;77;15
205;78;15
205;79;15
205;80;15
205;81;15
205;82;15
205;83;15
205;84;15
205;85;15
205;86;15
205;87;15
205;88;15
205;89;15
205;90;15
205;91;15
205;92;15
205;93;5
205;94;5
205;95;5
205;96;5
205;97;5
205;98;17
205;99;17
205;100;17
205;101;17
205;102;17
205;103;17
205;104;17
205;105;17
205;106;17
205;107;17
205;108;17
205;109;21
205;110;21
205;111;21
205;112;21
205;113;21
205;114;21
205;115;21
205;116;21
205;117;21
205;118;21
205;119;21
205;120;21
205;121;21
205;122;21
205;123;21
205;124;21
205;125;21
205;126;21
205;127;4
205;128;4
205;129;4
205;130;4
205;131;4
205;132;4
205;133;4
205;134;4
205;135;4
205;136;4
205;137;4
205;138;4
205;139;4
205;140;4
205;141;4
205;142;4
205;143;4
205;144;4
205;145;17
205;146;17
205;147;17
205;148;17
205;149;17
205;150;17
205;151;17
205;152;17
205;153;17
205;154;17
205;155;17
205;156;17
205;157;17
205;158;17
205;159;17
205;160;17
205;161;17
205;162;17
205;163;17
205;164;17
205;165;17
205;166;17
205;167;17
205;168;17
205;169;17
205;170;17
205;171;17
205;172;17
205;173;8
205;174;8
205;175;8
205;176;8
205;177;8
205;178;8
205;179;8
205;180;8
205;181;8
205;182;8
205;183;8
205;184;8
205;185;8
205;186;8
205;187;8
205;188;8
205;189;8
205;190;8
205;191;8
205;192;8
205;193;8
205;194;43
205;195;43
205;196;43
205;197;43
205;198;43
205;199;43
205;200;43
205;201;43
205;202;43
205;203;43
205;204;43
205;205;43
205;206;43
205;207;43
205;208;43
205;209;43
205;210;43
205;211;43
205;212;43
205;213;43
205;214;43
205;215;32
205;216;32
205;217;32
205;218;32
205;219;32
205;220;32
205;221;32
205;222;32
205;223;32
205;224;32
205;225;32
205;226;32
205;227;32
205;228;32
205;229;32
205;230;32
205;231;32
205;232;32
205;233;19
205;234;19
205;235;19
205;236;19
205;237;19
205;238;19
205;239;19
205;240;19
205;241;19
205;242;19
205;243;33
205;244;33
205;245;33
205;246;33
205;247;33
205;248;33
205;249;33
205;250;33
205;251;33
205;252;33
205;253;33
205;254;33
205;255;33
205;256;33
205;257;33
205;258;33
205;259;33
205;260;33
205;261;33
205;262;33
205;263;33
205;264;33
205;265;33
205;266;33
205;267;37
205;268;37
205;269;37
205;270;37
205;271;37
205;272;37
205;273;37
205;274;37
205;275;37
205;276;37
205;277;37
205;278;37
205;279;37
205;280;37
205;281;37
205;282;37
205;283;37
205;284;37
205;285;37
205;286;37
205;287;37
205;288;37
205;289;37
205;290;37
205;291;37
205;292;37
205;293;37
205;294;37
205;295;37
205;296;37
205;297;37
205;298;37
205;299;37
205;300;37
205;301;38
205;302;38
205;303;38
205;304;38
205;305;8
205;306;8
205;307;8
205;308;8
205;309;8
205;310;8
205;311;8
205;312;8
205;313;8
205;314;8
205;315;8
205;316;8
205;317;8
205;318;8
205;319;8
205;320;8
205;321;8
205;322;8
205;323;8
205;324;8
205;325;8
205;326;8
205;327;8
205;328;8
205;329;8
205;330;8
205;331;8
205;332;8
205;333;8
205;334;8
205;335;8
205;336;8
205;337;8
205;338;8
205;339;8
205;340;8
205;341;8
205;342;8
205;343;8
205;344;8
205;345;30
205;346;30
205;347;30
205;348;30
205;349;30
205;350;30
205;351;30
205;352;30
205;353;7
205;354;7
205;355;7
205;356;7
205;357;7
205;358;7
205;359;7
205;360;7
205;361;7
205;362;7
205;363;7
205;364;7
205;365;7
205;366;7
205;367;7
205;368;7
205;369;7
205;370;7
205;371;7
205;372;7
205;373;7
205;374;7
205;375;7
205;376;7
205;377;7
205;378;7
205;379;28
205;380;28
205;381;28
205;382;28
205;383;28
205;384;28
205;385;28
205;386;28
205;387;28
205;388;48
205;389;48
205;390;48
205;391;48
205;392;48
205;393;48
205;394;48
205;395;48
205;396;48
205;397;48
205;398;48
205;399;48
205;400;48
205;401;48
205;402;48
205;403;48
205;404;48
205;405;48
205;406;48
205;407;48
205;408;48
205;409;48
205;410;48
205;411;48
205;412;48
205;413;48
205;414;48
205;415;48
205;416;48
205;417;48
205;418;48
205;419;48
205;420;48
205;421;48
205;422;48
205;423;48
205;424;26
205;425;26
205;426;26
205;427;26
205;428;26
205;429;26
205;430;26
205;431;26
205;432;26
205;433;26
205;434;26
205;435;26
205;436;26
205;437;26
205;438;26
205;439;26
205;440;26
205;441;26
205;442;26
205;443;26
205;444;26
205;445;26
205;446;26
205;447;26
205;448;26
205;449;26
205;450;26
205;451;26
205;452;26
205;453;26
205;454;26
205;455;26
205;456;26
205;457;26
205;458;26
205;459;26
205;460;26
205;461;26
205;462;26
205;463;26
205;464;26
205;465;26
205;466;26
205;467;26
205;468;26
205;469;26
205;470;26
205;471;26
205;472;26
205;473;26
205;474;26
205;475;26
205;476;26
205;477;26
205;478;26
205;479;26
205;480;26
205;481;26
205;482;26
205;483;26
205;484;26
205;485;26
205;486;26
205;487;26
205;488;26
205;489;26
205;490;26
205;491;26
205;492;26
205;493;26
205;494;5
205;495;5
205;496;5
205;497;5
205;498;5
205;499;5
206;0;28
206;1;28
206;2;28
206;3;41
206;4;41
206;5;41
206;6;41
206;7;41
206;8;41
206;9;41
206;10;41
206;11;41
206;12;41
206;13;41
206;14;41
206;15;41
206;16;41
206;17;41
206;18;41
206;19;41
206;20;41
206;21;41
206;22;41
206;23;51
206;24;51
206;25;51
206;26;51
206;27;51
206;28;51
206;29;51
206;30;51
206;31;51
206;32;51
206;33;51
206;34;21
206;35;21
206;36;21
206;37;21
206;38;21
206;39;21
206;40;21
206;41;21
206;42;21
206;43;21
206;44;21
206;45;21
206;46;21
206;47;21
206;48;21
206;49;21
206;50;21
206;51;21
206;52;21
206;53;21
206;54;12
206;55;12
206;56;12
206;57;39
206;58;39
206;59;39
206;60;39
206;61;39
206;62;39
206;63;39
206;64;39
206;65;39
206;66;39
206;67;39
206;68;39
206;69;39
206;70;39
206;71;39
206;72;39
206;73;39
206;74;39
206;75;39
206;76;39
206;77;15
206;78;15
206;79;15
206;80;15
206;81;15
206;82;15
206;83;15
206;84;15
206;85;15
206;86;15
206;87;15
206;88;15
206;89;15
206;90;15
206;91;15
206;92;5
206;93;5
206;94;5
206;95;5
206;96;5
206;97;5
206;98;17
206;99;17
206;100;17
206;101;17
206;102;17
206;103;17
206;104;17
206;105;17
206;106;17
206;107;17
206;108;17
206;109;17
206;110;21
206;111;21
206;112;21
206;113;21
206;114;21
206;115;21
206;116;21
206;117;21
206;118;21
206;119;21
206;120;21
206;121;21
206;122;21
206;123;21
206;124;21
206;125;21
206;126;21
206;127;21
206;128;21
206;129;4
206;130;4
206;131;4
206;132;4
206;133;4
206;134;4
206;135;4
206;136;4
206;137;4
206;138;4
206;139;4
206;140;4
206;141;4
206;142;4
206;143;4
206;144;4
206;145;17
206;146;17
206;147;17
206;148;17
206;149;17
206;150;17
206;151;17
206;152;17
206;153;17
206;154;17
206;155;17
206;156;17
206;157;17
206;158;17
206;159;17
206;160;17
206;161;17
206;162;17
206;163;17
206;164;17
206;165;17
206;166;17
206;167;17
206;168;17
206;169;17
206;170;17
206;171;17
206;172;17
206;173;17
206;174;8
206;175;8
206;176;8
206;177;8
206;178;8
206;179;8
206;180;8
206;181;8
206;182;8
206;183;8
206;184;8
206;185;8
206;186;8
206;187;8
206;188;8
206;189;8
206;190;8
206;191;8
206;192;8
206;193;8
206;194;8
206;195;43
206;196;43
206;197;43
206;198;43
206;199;43
206;200;43
206;201;43
206;202;43
206;203;43
206;204;43
206;205;43
206;206;43
206;207;43
206;208;43
206;209;43
206;210;43
206;211;43
206;212;43
206;213;43
206;214;43
206;215;32
206;216;32
206;217;32
206;218;32
206;219;32
206;220;32
206;221;32
206;222;32
206;223;32
206;224;32
206;225;32
206;226;32
206;227;32
206;228;32
206;229;32
206;230;32
206;231;32
206;232;32
206;233;19
206;234;19
206;235;19
206;236;19
206;237;19
206;238;19
206;239;19
206;240;19
206;241;19
206;242;19
206;243;19
206;244;33
206;245;33
206;246;33
206;247;33
206;248;33
206;249;33
206;250;33
206;251;33
206;252;33
206;253;33
206;254;33
206;255;33
206;256;33
206;257;33
206;258;33
206;259;33
206;260;33
206;261;33
206;262;33
206;263;33
206;264;33
206;265;33
206;266;33
206;267;33
206;268;37
206;269;37
206;270;37
206;271;37
206;272;37
206;273;37
206;274;37
206;275;37
206;276;37
206;277;37
206;278;37
206;279;37
206;280;37
206;281;37
206;282;37
206;283;37
206;284;37
206;285;37
206;286;37
206;287;37
206;288;37
206;289;37
206;290;37
206;291;37
206;292;37
206;293;37
206;294;37
206;295;37
206;296;37
206;297;37
206;298;37
206;299;37
206;300;38
206;301;38
206;302;38
206;303;38
206;304;38
206;305;38
206;306;8
206;307;8
206;308;8
206;309;8
206;310;8
206;311;8
206;312;8
206;313;8
206;314;8
206;315;8
206;316;8
206;317;8
206;318;8
206;319;8
206;320;8
206;321;8
206;322;8
206;323;8
206;324;8
206;325;8
206;326;8
206;327;8
206;328;8
206;329;8
206;330;8
206;331;8
206;332;8
206;333;8
206;334;8
206;335;8
206;336;8
206;337;8
206;338;8
206;339;8
206;340;8
206;341;8
206;342;8
206;343;8
206;344;8
206;345;8
206;346;8
206;347;30
206;348;30
206;349;30
206;350;30
206;351;30
206;352;30
206;353;7
206;354;7
206;355;7
206;356;7
206;357;7
206;358;7
206;359;7
206;360;7
206;361;7
206;362;7
206;363;7
206;364;7
206;365;7
206;366;7
206;367;7
206;368;7
206;369;7
206;370;7
206;371;7
206;372;7
206;373;7
206;374;7
206;375;7
206;376;7
206;377;7
206;378;7
206;379;28
206;380;28
206;381;28
206;382;28
206;383;28
206;384;28
206;385;28
206;386;28
206;387;28
206;388;28
206;389;48
206;390;48
206;391;48
206;392;48
206;393;48
206;394;48
206;395;48
206;396;48
206;397;48
206;398;48
206;399;48
206;400;48
206;401;48
206;402;48
206;403;48
206;404;48
206;405;48
206;406;48
206;407;48
206;408;48
206;409;48
206;410;48
206;411;48
206;412;48
206;413;48
206;414;48
206;415;48
206;416;48
206;417;48
206;418;48
206;419;48
206;420;48
206;421;48
206;422;48
206;423;48
206;424;26
206;425;26
206;426;26
206;427;26
206;428;26
206;429;26
206;430;26
206;431;26
206;432;26
206;433;26
206;434;26
206;435;26
206;436;26
206;437;26
206;438;26
206;439;26
206;440;26
206;441;26
206;442;26
206;443;26
206;444;26
206;445;26
206;446;26
206;447;26
206;448;26
206;449;26
206;450;26
206;451;26
206;452;26
206;453;26
206;454;26
206;455;26
206;456;26
206;457;26
206;458;26
206;459;26
206;460;26
206;461;26
206;462;26
206;463;26
206;464;26
206;465;26
206;466;26
206;467;26
206;468;26
206;469;26
206;470;26
206;471;26
206;472;26
206;473;26
206;474;26
206;475;26
206;476;26
206;477;26
206;478;26
206;479;26
206;480;26
206;481;26
206;482;26
206;483;26
206;484;26
206;485;26
206;486;26
206;487;26
206;488;26
206;489;26
206;490;26
206;491;26
206;492;26
206;493;26
206;494;26
206;495;26
206;496;5
206;497;5
206;498;5
206;499;5
207;0;28
207;1;28
207;2;28
207;3;28
207;4;41
207;5;41
207;6;41
207;7;41
207;8;41
207;9;41
207;10;41
207;11;41
207;12;41
207;13;41
207;14;41
207;15;41
207;16;41
207;17;41
207;18;41
207;19;41
207;20;41
207;21;41
207;22;41
207;23;41
207;24;51
207;25;51
207;26;51
207;27;51
207;28;51
207;29;51
207;30;51
207;31;51
207;32;51
207;33;51
207;34;51
207;35;21
207;36;21
207;37;21
207;38;21
207;39;21
207;40;21
207;41;21
207;42;21
207;43;21
207;44;21
207;45;21
207;46;21
207;47;21
207;48;21
207;49;21
207;50;21
207;51;21
207;52;21
207;53;21
207;54;12
207;55;12
207;56;12
207;57;12
207;58;39
207;59;39
207;60;39
207;61;39
207;62;39
207;63;39
207;64;39
207;65;39
207;66;39
207;67;39
207;68;39
207;69;39
207;70;39
207;71;39
207;72;39
207;73;39
207;74;39
207;75;39
207;76;39
207;77;39
207;78;15
207;79;15
207;80;15
207;81;15
207;82;15
207;83;15
207;84;15
207;85;15
207;86;15
207;87;15
207;88;15
207;89;15
207;90;15
207;91;5
207;92;5
207;93;5
207;94;5
207;95;5
207;96;5
207;97;5
207;98;17
207;99;17
207;100;17
207;101;17
207;102;17
207;103;17
207;104;17
207;105;17
207;106;17
207;107;17
207;108;17
207;109;17
207;110;21
207;111;21
207;112;21
207;113;21
207;114;21
207;115;21
207;116;21
207;117;21
207;118;21
207;119;21
207;120;21
207;121;21
207;122;21
207;123;21
207;124;21
207;125;21
207;126;21
207;127;21
207;128;21
207;129;21
207;130;21
207;131;21
207;132;21
207;133;21
207;134;21
207;135;21
207;136;21
207;137;21
207;138;21
207;139;21
207;140;21
207;141;21
207;142;21
207;143;21
207;144;21
207;145;21
207;146;17
207;147;17
207;148;17
207;149;17
207;150;17
207;151;17
207;152;17
207;153;17
207;154;17
207;155;17
207;156;17
207;157;17
207;158;17
207;159;17
207;160;17
207;161;17
207;162;17
207;163;17
207;164;17
207;165;17
207;166;17
207;167;17
207;168;17
207;169;17
207;170;17
207;171;17
207;172;17
207;173;17
207;174;17
207;175;8
207;176;8
207;177;8
207;178;8
207;179;8
207;180;8
207;181;8
207;182;8
207;183;8
207;184;8
207;185;8
207;186;8
207;187;8
207;188;8
207;189;8
207;190;8
207;191;8
207;192;8
207;193;8
207;194;8
207;195;43
207;196;43
207;197;43
207;198;43
207;199;43
207;200;43
207;201;43
207;202;43
207;203;43
207;204;43
207;205;43
207;206;43
207;207;43
207;208;43
207;209;43
207;210;43
207;211;43
207;212;43
207;213;43
207;214;32
207;215;32
207;216;32
207;217;32
207;218;32
207;219;32
207;220;32
207;221;32
207;222;32
207;223;32
207;224;32
207;225;32
207;226;32
207;227;32
207;228;32
207;229;32
207;230;32
207;231;32
207;232;32
207;233;32
207;234;19
207;235;19
207;236;19
207;237;19
207;238;19
207;239;19
207;240;19
207;241;19
207;242;19
207;243;19
207;244;19
207;245;33
207;246;33
207;247;33
207;248;33
207;249;33
207;250;33
207;251;33
207;252;33
207;253;33
207;254;33
207;255;33
207;256;33
207;257;33
207;258;33
207;259;33
207;260;33
207;261;33
207;262;33
207;263;33
207;264;33
207;265;33
207;266;33
207;267;33
207;268;33
207;269;37
207;270;37
207;271;37
207;272;37
207;273;37
207;274;37
207;275;37
207;276;37
207;277;37
207;278;37
207;279;37
207;280;37
207;281;37
207;282;37
207;283;37
207;284;37
207;285;37
207;286;37
207;287;37
207;288;37
207;289;37
207;290;37
207;291;37
207;292;37
207;293;37
207;294;37
207;295;37
207;296;37
207;297;37
207;298;37
207;299;38
207;300;38
207;301;38
207;302;38
207;303;38
207;304;38
207;305;38
207;306;38
207;307;8
207;308;8
207;309;8
207;310;8
207;311;8
207;312;8
207;313;8
207;314;8
207;315;8
207;316;8
207;317;8
207;318;8
207;319;8
207;320;8
207;321;8
207;322;8
207;323;8
207;324;8
207;325;8
207;326;8
207;327;8
207;328;8
207;329;8
207;330;8
207;331;8
207;332;8
207;333;8
207;334;8
207;335;8
207;336;8
207;337;8
207;338;8
207;339;8
207;340;8
207;341;8
207;342;8
207;343;8
207;344;8
207;345;8
207;346;8
207;347;8
207;348;8
207;349;30
207;350;30
207;351;30
207;352;30
207;353;7
207;354;7
207;355;7
207;356;7
207;357;7
207;358;7
207;359;7
207;360;7
207;361;7
207;362;7
207;363;7
207;364;7
207;365;7
207;366;7
207;367;7
207;368;7
207;369;7
207;370;7
207;371;7
207;372;7
207;373;7
207;374;7
207;375;7
207;376;7
207;377;7
207;378;7
207;379;7
207;380;28
207;381;28
207;382;28
207;383;28
207;384;28
207;385;28
207;386;28
207;387;28
207;388;28
207;389;28
207;390;48
207;391;48
207;392;48
207;393;48
207;394;48
207;395;48
207;396;48
207;397;48
207;398;48
207;399;48
207;400;48
207;401;48
207;402;48
207;403;48
207;404;48
207;405;48
207;406;48
207;407;48
207;408;48
207;409;48
207;410;48
207;411;48
207;412;48
207;413;48
207;414;48
207;415;48
207;416;48
207;417;48
207;418;48
207;419;48
207;420;48
207;421;48
207;422;48
207;423;48
207;424;26
207;425;26
207;426;26
207;427;26
207;428;26
207;429;26
207;430;26
207;431;26
207;432;26
207;433;26
207;434;26
207;435;26
207;436;26
207;437;26
207;438;26
207;439;26
207;440;26
207;441;26
207;442;26
207;443;26
207;444;26
207;445;26
207;446;26
207;447;26
207;448;26
207;449;26
207;450;26
207;451;26
207;452;26
207;453;26
207;454;26
207;455;26
207;456;26
207;457;26
207;458;26
207;459;26
207;460;26
207;461;26
207;462;26
207;463;26
207;464;26
207;465;26
207;466;26
207;467;26
207;468;26
207;469;26
207;470;26
207;471;26
207;472;26
207;473;26
207;474;26
207;475;26
207;476;26
207;477;26
207;478;26
207;479;26
207;480;26
207;481;26
207;482;26
207;483;26
207;484;26
207;485;26
207;486;26
207;487;26
207;488;26
207;489;26
207;490;26
207;491;26
207;492;26
207;493;26
207;494;26
207;495;26
207;496;26
207;497;26
207;498;5
207;499;5
208;0;28
208;1;28
208;2;28
208;3;28
208;4;28
208;5;41
208;6;41
208;7;41
208;8;41
208;9;41
208;10;41
208;11;41
208;12;41
208;13;41
208;14;41
208;15;41
208;16;41
208;17;41
208;18;41
208;19;41
208;20;41
208;21;41
208;22;41
208;23;41
208;24;51
208;25;51
208;26;51
208;27;51
208;28;51
208;29;51
208;30;51
208;31;51
208;32;51
208;33;51
208;34;51
208;35;51
208;36;51
208;37;21
208;38;21
208;39;21
208;40;21
208;41;21
208;42;21
208;43;21
208;44;21
208;45;21
208;46;21
208;47;21
208;48;21
208;49;21
208;50;21
208;51;21
208;52;21
208;53;21
208;54;12
208;55;12
208;56;12
208;57;12
208;58;12
208;59;12
208;60;39
208;61;39
208;62;39
208;63;39
208;64;39
208;65;39
208;66;39
208;67;39
208;68;39
208;69;39
208;70;39
208;71;39
208;72;39
208;73;39
208;74;39
208;75;39
208;76;39
208;77;39
208;78;15
208;79;15
208;80;15
208;81;15
208;82;15
208;83;15
208;84;15
208;85;15
208;86;15
208;87;15
208;88;15
208;89;15
208;90;5
208;91;5
208;92;5
208;93;5
208;94;5
208;95;5
208;96;5
208;97;5
208;98;17
208;99;17
208;100;17
208;101;17
208;102;17
208;103;17
208;104;17
208;105;17
208;106;17
208;107;17
208;108;17
208;109;17
208;110;17
208;111;21
208;112;21
208;113;21
208;114;21
208;115;21
208;116;21
208;117;21
208;118;21
208;119;21
208;120;21
208;121;21
208;122;21
208;123;21
208;124;21
208;125;21
208;126;21
208;127;21
208;128;21
208;129;21
208;130;21
208;131;21
208;132;21
208;133;21
208;134;21
208;135;21
208;136;21
208;137;21
208;138;21
208;139;21
208;140;21
208;141;21
208;142;21
208;143;21
208;144;21
208;145;21
208;146;17
208;147;17
208;148;17
208;149;17
208;150;17
208;151;17
208;152;17
208;153;17
208;154;17
208;155;17
208;156;17
208;157;17
208;158;17
208;159;17
208;160;17
208;161;17
208;162;17
208;163;17
208;164;17
208;165;17
208;166;17
208;167;17
208;168;17
208;169;17
208;170;17
208;171;17
208;172;17
208;173;17
208;174;17
208;175;17
208;176;17
208;177;8
208;178;8
208;179;8
208;180;8
208;181;8
208;182;8
208;183;8
208;184;8
208;185;8
208;186;8
208;187;8
208;188;8
208;189;34
208;190;34
208;191;34
208;192;34
208;193;34
208;194;34
208;195;34
208;196;43
208;197;43
208;198;43
208;199;43
208;200;43
208;201;43
208;202;43
208;203;43
208;204;43
208;205;43
208;206;43
208;207;43
208;208;43
208;209;43
208;210;43
208;211;43
208;212;43
208;213;32
208;214;32
208;215;32
208;216;32
208;217;32
208;218;32
208;219;32
208;220;32
208;221;32
208;222;32
208;223;32
208;224;32
208;225;32
208;226;32
208;227;32
208;228;32
208;229;32
208;230;32
208;231;32
208;232;32
208;233;32
208;234;19
208;235;19
208;236;19
208;237;19
208;238;19
208;239;19
208;240;19
208;241;19
208;242;19
208;243;19
208;244;19
208;245;19
208;246;33
208;247;33
208;248;33
208;249;33
208;250;33
208;251;33
208;252;33
208;253;33
208;254;33
208;255;33
208;256;33
208;257;33
208;258;33
208;259;33
208;260;33
208;261;33
208;262;33
208;263;33
208;264;33
208;265;33
208;266;33
208;267;33
208;268;33
208;269;33
208;270;37
208;271;37
208;272;37
208;273;37
208;274;37
208;275;37
208;276;37
208;277;37
208;278;37
208;279;37
208;280;37
208;281;37
208;282;37
208;283;37
208;284;37
208;285;37
208;286;37
208;287;37
208;288;37
208;289;37
208;290;37
208;291;37
208;292;37
208;293;37
208;294;37
208;295;37
208;296;37
208;297;37
208;298;38
208;299;38
208;300;38
208;301;38
208;302;38
208;303;38
208;304;38
208;305;38
208;306;38
208;307;38
208;308;38
208;309;8
208;310;8
208;311;8
208;312;8
208;313;8
208;314;8
208;315;8
208;316;8
208;317;8
208;318;8
208;319;8
208;320;8
208;321;8
208;322;8
208;323;8
208;324;8
208;325;8
208;326;8
208;327;8
208;328;8
208;329;8
208;330;8
208;331;8
208;332;8
208;333;8
208;334;8
208;335;8
208;336;8
208;337;8
208;338;8
208;339;8
208;340;8
208;341;8
208;342;8
208;343;8
208;344;8
208;345;8
208;346;8
208;347;8
208;348;8
208;349;8
208;350;30
208;351;30
208;352;30
208;353;7
208;354;7
208;355;7
208;356;7
208;357;7
208;358;7
208;359;7
208;360;7
208;361;7
208;362;7
208;363;7
208;364;7
208;365;7
208;366;7
208;367;7
208;368;7
208;369;7
208;370;7
208;371;7
208;372;7
208;373;7
208;374;7
208;375;7
208;376;7
208;377;7
208;378;7
208;379;7
208;380;28
208;381;28
208;382;28
208;383;28
208;384;28
208;385;28
208;386;28
208;387;28
208;388;28
208;389;28
208;390;28
208;391;48
208;392;48
208;393;48
208;394;48
208;395;48
208;396;48
208;397;48
208;398;48
208;399;48
208;400;48
208;401;48
208;402;48
208;403;48
208;404;48
208;405;48
208;406;48
208;407;48
208;408;48
208;409;48
208;410;48
208;411;48
208;412;48
208;413;48
208;414;48
208;415;48
208;416;48
208;417;48
208;418;48
208;419;48
208;420;48
208;421;48
208;422;48
208;423;48
208;424;26
208;425;26
208;426;26
208;427;26
208;428;26
208;429;26
208;430;26
208;431;26
208;432;26
208;433;26
208;434;26
208;435;26
208;436;26
208;437;26
208;438;26
208;439;26
208;440;26
208;441;26
208;442;26
208;443;26
208;444;26
208;445;26
208;446;26
208;447;26
208;448;26
208;449;26
208;450;26
208;451;26
208;452;26
208;453;26
208;454;26
208;455;26
208;456;26
208;457;26
208;458;26
208;459;26
208;460;26
208;461;26
208;462;26
208;463;26
208;464;26
208;465;26
208;466;26
208;467;26
208;468;26
208;469;26
208;470;26
208;471;26
208;472;26
208;473;26
208;474;26
208;475;26
208;476;26
208;477;26
208;478;26
208;479;26
208;480;26
208;481;26
208;482;26
208;483;26
208;484;26
208;485;26
208;486;26
208;487;26
208;488;26
208;489;26
208;490;26
208;491;26
208;492;26
208;493;26
208;494;26
208;495;26
208;496;26
208;497;26
208;498;26
208;499;26
209;0;28
209;1;28
209;2;28
209;3;28
209;4;28
209;5;28
209;6;41
209;7;41
209;8;41
209;9;41
209;10;41
209;11;41
209;12;41
209;13;41
209;14;41
209;15;41
209;16;41
209;17;41
209;18;41
209;19;41
209;20;41
209;21;41
209;22;41
209;23;41
209;24;41
209;25;51
209;26;51
209;27;51
209;28;51
209;29;51
209;30;51
209;31;51
209;32;51
209;33;51
209;34;51
209;35;51
209;36;51
209;37;51
209;38;21
209;39;21
209;40;21
209;41;21
209;42;21
209;43;21
209;44;21
209;45;21
209;46;21
209;47;21
209;48;21
209;49;21
209;50;21
209;51;21
209;52;21
209;53;21
209;54;12
209;55;12
209;56;12
209;57;12
209;58;12
209;59;12
209;60;12
209;61;12
209;62;39
209;63;39
209;64;39
209;65;39
209;66;39
209;67;39
209;68;39
209;69;39
209;70;39
209;71;39
209;72;39
209;73;39
209;74;39
209;75;39
209;76;39
209;77;39
209;78;39
209;79;15
209;80;15
209;81;15
209;82;15
209;83;15
209;84;15
209;85;15
209;86;15
209;87;15
209;88;15
209;89;5
209;90;5
209;91;5
209;92;5
209;93;5
209;94;5
209;95;5
209;96;5
209;97;5
209;98;17
209;99;17
209;100;17
209;101;17
209;102;17
209;103;17
209;104;17
209;105;17
209;106;17
209;107;17
209;108;17
209;109;17
209;110;17
209;111;21
209;112;21
209;113;21
209;114;21
209;115;21
209;116;21
209;117;21
209;118;21
209;119;21
209;120;21
209;121;21
209;122;21
209;123;21
209;124;21
209;125;21
209;126;21
209;127;21
209;128;21
209;129;21
209;130;21
209;131;21
209;132;21
209;133;21
209;134;21
209;135;21
209;136;21
209;137;21
209;138;21
209;139;21
209;140;21
209;141;21
209;142;21
209;143;21
209;144;21
209;145;21
209;146;21
209;147;17
209;148;17
209;149;17
209;150;17
209;151;17
209;152;17
209;153;17
209;154;17
209;155;17
209;156;17
209;157;17
209;158;17
209;159;17
209;160;17
209;161;17
209;162;17
209;163;17
209;164;17
209;165;17
209;166;17
209;167;17
209;168;17
209;169;17
209;170;17
209;171;17
209;172;17
209;173;17
209;174;17
209;175;17
209;176;17
209;177;17
209;178;34
209;179;34
209;180;34
209;181;34
209;182;34
209;183;34
209;184;34
209;185;34
209;186;34
209;187;34
209;188;34
209;189;34
209;190;34
209;191;34
209;192;34
209;193;34
209;194;34
209;195;34
209;196;34
209;197;43
209;198;43
209;199;43
209;200;43
209;201;43
209;202;43
209;203;43
209;204;43
209;205;43
209;206;43
209;207;43
209;208;43
209;209;43
209;210;43
209;211;43
209;212;32
209;213;32
209;214;32
209;215;32
209;216;32
209;217;32
209;218;32
209;219;32
209;220;32
209;221;32
209;222;32
209;223;32
209;224;32
209;225;32
209;226;32
209;227;32
209;228;32
209;229;32
209;230;32
209;231;32
209;232;32
209;233;32
209;234;32
209;235;19
209;236;19
209;237;19
209;238;19
209;239;19
209;240;19
209;241;19
209;242;19
209;243;19
209;244;19
209;245;19
209;246;19
209;247;33
209;248;33
209;249;33
209;250;33
209;251;33
209;252;33
209;253;33
209;254;33
209;255;33
209;256;33
209;257;33
209;258;33
209;259;33
209;260;33
209;261;33
209;262;33
209;263;33
209;264;33
209;265;33
209;266;33
209;267;33
209;268;33
209;269;33
209;270;33
209;271;37
209;272;37
209;273;37
209;274;37
209;275;37
209;276;37
209;277;37
209;278;37
209;279;37
209;280;37
209;281;37
209;282;37
209;283;37
209;284;37
209;285;37
209;286;37
209;287;37
209;288;37
209;289;37
209;290;37
209;291;37
209;292;37
209;293;37
209;294;37
209;295;37
209;296;37
209;297;38
209;298;38
209;299;38
209;300;38
209;301;38
209;302;38
209;303;38
209;304;38
209;305;38
209;306;38
209;307;38
209;308;38
209;309;38
209;310;8
209;311;8
209;312;8
209;313;8
209;314;8
209;315;8
209;316;8
209;317;8
209;318;8
209;319;8
209;320;8
209;321;8
209;322;8
209;323;8
209;324;8
209;325;8
209;326;8
209;327;8
209;328;8
209;329;8
209;330;8
209;331;8
209;332;8
209;333;8
209;334;8
209;335;8
209;336;8
209;337;8
209;338;8
209;339;8
209;340;8
209;341;8
209;342;8
209;343;8
209;344;8
209;345;8
209;346;8
209;347;8
209;348;8
209;349;8
209;350;8
209;351;30
209;352;30
209;353;7
209;354;7
209;355;7
209;356;7
209;357;7
209;358;7
209;359;7
209;360;7
209;361;7
209;362;7
209;363;7
209;364;7
209;365;7
209;366;7
209;367;7
209;368;7
209;369;7
209;370;7
209;371;7
209;372;7
209;373;7
209;374;7
209;375;7
209;376;7
209;377;7
209;378;7
209;379;7
209;380;7
209;381;28
209;382;28
209;383;28
209;384;28
209;385;28
209;386;28
209;387;28
209;388;28
209;389;28
209;390;28
209;391;28
209;392;48
209;393;48
209;394;48
209;395;48
209;396;48
209;397;48
209;398;48
209;399;48
209;400;48
209;401;48
209;402;48
209;403;48
209;404;48
209;405;48
209;406;48
209;407;48
209;408;48
209;409;48
209;410;48
209;411;48
209;412;48
209;413;48
209;414;48
209;415;48
209;416;48
209;417;48
209;418;48
209;419;48
209;420;48
209;421;48
209;422;48
209;423;48
209;424;26
209;425;26
209;426;26
209;427;26
209;428;26
209;429;26
209;430;26
209;431;26
209;432;26
209;433;26
209;434;26
209;435;26
209;436;26
209;437;26
209;438;26
209;439;26
209;440;26
209;441;26
209;442;26
209;443;26
209;444;26
209;445;26
209;446;26
209;447;26
209;448;26
209;449;26
209;450;26
209;451;26
209;452;26
209;453;26
209;454;26
209;455;26
209;456;26
209;457;26
209;458;26
209;459;26
209;460;26
209;461;26
209;462;26
209;463;26
209;464;26
209;465;26
209;466;26
209;467;26
209;468;26
209;469;26
209;470;26
209;471;26
209;472;26
209;473;26
209;474;26
209;475;26
209;476;26
209;477;26
209;478;26
209;479;26
209;480;26
209;481;26
209;482;26
209;483;26
209;484;26
209;485;26
209;486;26
209;487;26
209;488;26
209;489;26
209;490;26
209;491;26
209;492;26
209;493;26
209;494;26
209;495;26
209;496;26
209;497;26
209;498;26
209;499;26
210;0;28
210;1;28
210;2;28
210;3;28
210;4;28
210;5;28
210;6;28
210;7;41
210;8;41
210;9;41
210;10;41
210;11;41
210;12;41
210;13;41
210;14;41
210;15;41
210;16;41
210;17;41
210;18;41
210;19;41
210;20;41
210;21;41
210;22;41
210;23;41
210;24;41
210;25;51
210;26;51
210;27;51
210;28;51
210;29;51
210;30;51
210;31;51
210;32;51
210;33;51
210;34;51
210;35;51
210;36;51
210;37;51
210;38;51
210;39;21
210;40;21
210;41;21
210;42;21
210;43;21
210;44;21
210;45;21
210;46;21
210;47;21
210;48;21
210;49;21
210;50;21
210;51;21
210;52;21
210;53;21
210;54;12
210;55;12
210;56;12
210;57;12
210;58;12
210;59;12
210;60;12
210;61;12
210;62;12
210;63;12
210;64;39
210;65;39
210;66;39
210;67;39
210;68;39
210;69;39
210;70;39
210;71;39
210;72;39
210;73;39
210;74;39
210;75;39
210;76;39
210;77;39
210;78;39
210;79;15
210;80;15
210;81;15
210;82;15
210;83;15
210;84;15
210;85;15
210;86;15
210;87;15
210;88;5
210;89;5
210;90;5
210;91;5
210;92;5
210;93;5
210;94;5
210;95;5
210;96;5
210;97;5
210;98;17
210;99;17
210;100;17
210;101;17
210;102;17
210;103;17
210;104;17
210;105;17
210;106;17
210;107;17
210;108;17
210;109;17
210;110;17
210;111;17
210;112;21
210;113;21
210;114;21
210;115;21
210;116;21
210;117;21
210;118;21
210;119;21
210;120;21
210;121;21
210;122;21
210;123;21
210;124;21
210;125;21
210;126;21
210;127;21
210;128;21
210;129;21
210;130;21
210;131;21
210;132;21
210;133;21
210;134;21
210;135;21
210;136;21
210;137;21
210;138;21
210;139;21
210;140;21
210;141;21
210;142;21
210;143;21
210;144;21
210;145;21
210;146;21
210;147;17
210;148;17
210;149;17
210;150;17
210;151;17
210;152;17
210;153;17
210;154;17
210;155;17
210;156;17
210;157;17
210;158;17
210;159;17
210;160;17
210;161;17
210;162;17
210;163;17
210;164;17
210;165;17
210;166;17
210;167;17
210;168;17
210;169;17
210;170;17
210;171;17
210;172;17
210;173;17
210;174;17
210;175;17
210;176;17
210;177;17
210;178;34
210;179;34
210;180;34
210;181;34
210;182;34
210;183;34
210;184;34
210;185;34
210;186;34
210;187;34
210;188;34
210;189;34
210;190;34
210;191;34
210;192;34
210;193;34
210;194;34
210;195;34
210;196;34
210;197;34
210;198;43
210;199;43
210;200;43
210;201;43
210;202;43
210;203;43
210;204;43
210;205;43
210;206;43
210;207;43
210;208;43
210;209;43
210;210;43
210;211;32
210;212;32
210;213;32
210;214;32
210;215;32
210;216;32
210;217;32
210;218;32
210;219;32
210;220;32
210;221;32
210;222;32
210;223;32
210;224;32
210;225;32
210;226;32
210;227;32
210;228;32
210;229;32
210;230;32
210;231;32
210;232;32
210;233;32
210;234;32
210;235;19
210;236;19
210;237;19
210;238;19
210;239;19
210;240;19
210;241;19
210;242;19
210;243;19
210;244;19
210;245;19
210;246;19
210;247;19
210;248;33
210;249;33
210;250;33
210;251;33
210;252;33
210;253;33
210;254;33
210;255;33
210;256;33
210;257;33
210;258;33
210;259;33
210;260;33
210;261;33
210;262;33
210;263;33
210;264;33
210;265;33
210;266;33
210;267;33
210;268;33
210;269;33
210;270;33
210;271;33
210;272;37
210;273;37
210;274;37
210;275;37
210;276;37
210;277;37
210;278;37
210;279;37
210;280;37
210;281;37
210;282;37
210;283;37
210;284;37
210;285;37
210;286;37
210;287;37
210;288;37
210;289;37
210;290;37
210;291;37
210;292;37
210;293;37
210;294;37
210;295;37
210;296;38
210;297;38
210;298;38
210;299;38
210;300;38
210;301;38
210;302;38
210;303;38
210;304;38
210;305;38
210;306;38
210;307;38
210;308;38
210;309;38
210;310;38
210;311;8
210;312;8
210;313;8
210;314;8
210;315;8
210;316;8
210;317;8
210;318;8
210;319;8
210;320;8
210;321;8
210;322;8
210;323;8
210;324;8
210;325;8
210;326;8
210;327;8
210;328;8
210;329;8
210;330;8
210;331;8
210;332;8
210;333;8
210;334;8
210;335;8
210;336;8
210;337;8
210;338;8
210;339;8
210;340;8
210;341;8
210;342;8
210;343;8
210;344;8
210;345;8
210;346;8
210;347;8
210;348;8
210;349;8
210;350;8
210;351;8
210;352;30
210;353;7
210;354;7
210;355;7
210;356;7
210;357;7
210;358;7
210;359;7
210;360;7
210;361;7
210;362;7
210;363;7
210;364;7
210;365;7
210;366;7
210;367;7
210;368;7
210;369;7
210;370;7
210;371;7
210;372;7
210;373;7
210;374;7
210;375;7
210;376;7
210;377;7
210;378;7
210;379;7
210;380;7
210;381;28
210;382;28
210;383;28
210;384;28
210;385;28
210;386;28
210;387;28
210;388;28
210;389;28
210;390;28
210;391;28
210;392;28
210;393;48
210;394;48
210;395;48
210;396;48
210;397;48
210;398;48
210;399;48
210;400;48
210;401;48
210;402;48
210;403;48
210;404;48
210;405;48
210;406;48
210;407;48
210;408;48
210;409;48
210;410;48
210;411;48
210;412;48
210;413;48
210;414;48
210;415;48
210;416;48
210;417;48
210;418;48
210;419;48
210;420;48
210;421;48
210;422;48
210;423;48
210;424;26
210;425;26
210;426;26
210;427;26
210;428;26
210;429;26
210;430;26
210;431;26
210;432;26
210;433;26
210;434;26
210;435;26
210;436;26
210;437;26
210;438;26
210;439;26
210;440;26
210;441;26
210;442;26
210;443;26
210;444;26
210;445;26
210;446;26
210;447;26
210;448;26
210;449;26
210;450;26
210;451;26
210;452;26
210;453;26
210;454;26
210;455;26
210;456;26
210;457;26
210;458;26
210;459;26
210;460;26
210;461;26
210;462;26
210;463;26
210;464;26
210;465;26
210;466;26
210;467;26
210;468;26
210;469;26
210;470;26
210;471;26
210;472;26
210;473;26
210;474;26
210;475;26
210;476;26
210;477;26
210;478;26
210;479;26
210;480;26
210;481;26
210;482;26
210;483;26
210;484;26
210;485;26
210;486;26
210;487;26
210;488;26
210;489;26
210;490;26
210;491;26
210;492;26
210;493;26
210;494;26
210;495;26
210;496;26
210;497;26
210;498;26
210;499;26
211;0;28
211;1;28
211;2;28
211;3;28
211;4;28
211;5;28
211;6;28
211;7;28
211;8;41
211;9;41
211;10;41
211;11;41
211;12;41
211;13;41
211;14;41
211;15;41
211;16;41
211;17;41
211;18;41
211;19;41
211;20;41
211;21;41
211;22;41
211;23;41
211;24;41
211;25;41
211;26;51
211;27;51
211;28;51
211;29;51
211;30;51
211;31;51
211;32;51
211;33;51
211;34;51
211;35;51
211;36;51
211;37;51
211;38;51
211;39;51
211;40;21
211;41;21
211;42;21
211;43;21
211;44;21
211;45;21
211;46;21
211;47;21
211;48;21
211;49;21
211;50;21
211;51;21
211;52;21
211;53;21
211;54;12
211;55;12
211;56;12
211;57;12
211;58;12
211;59;12
211;60;12
211;61;12
211;62;12
211;63;12
211;64;12
211;65;12
211;66;39
211;67;39
211;68;39
211;69;39
211;70;39
211;71;39
211;72;39
211;73;39
211;74;39
211;75;39
211;76;39
211;77;39
211;78;39
211;79;39
211;80;15
211;81;15
211;82;15
211;83;15
211;84;15
211;85;15
211;86;15
211;87;5
211;88;5
211;89;5
211;90;5
211;91;5
211;92;5
211;93;5
211;94;5
211;95;5
211;96;5
211;97;5
211;98;5
211;99;17
211;100;17
211;101;17
211;102;17
211;103;17
211;104;17
211;105;17
211;106;17
211;107;17
211;108;17
211;109;17
211;110;17
211;111;17
211;112;21
211;113;21
211;114;21
211;115;21
211;116;21
211;117;21
211;118;21
211;119;21
211;120;21
211;121;21
211;122;21
211;123;21
211;124;21
211;125;21
211;126;21
211;127;21
211;128;21
211;129;21
211;130;21
211;131;21
211;132;21
211;133;21
211;134;21
211;135;21
211;136;21
211;137;21
211;138;21
211;139;21
211;140;21
211;141;21
211;142;21
211;143;21
211;144;21
211;145;21
211;146;21
211;147;21
211;148;17
211;149;17
211;150;17
211;151;17
211;152;17
211;153;17
211;154;17
211;155;17
211;156;17
211;157;17
211;158;17
211;159;17
211;160;17
211;161;17
211;162;17
211;163;17
211;164;17
211;165;17
211;166;17
211;167;17
211;168;17
211;169;17
211;170;17
211;171;17
211;172;17
211;173;17
211;174;17
211;175;17
211;176;17
211;177;17
211;178;34
211;179;34
211;180;34
211;181;34
211;182;34
211;183;34
211;184;34
211;185;34
211;186;34
211;187;34
211;188;34
211;189;34
211;190;34
211;191;34
211;192;34
211;193;34
211;194;34
211;195;34
211;196;34
211;197;34
211;198;34
211;199;43
211;200;43
211;201;43
211;202;43
211;203;43
211;204;43
211;205;43
211;206;24
211;207;24
211;208;24
211;209;24
211;210;32
211;211;32
211;212;32
211;213;32
211;214;32
211;215;32
211;216;32
211;217;32
211;218;32
211;219;32
211;220;32
211;221;32
211;222;32
211;223;32
211;224;32
211;225;32
211;226;32
211;227;32
211;228;32
211;229;32
211;230;32
211;231;32
211;232;32
211;233;32
211;234;32
211;235;32
211;236;19
211;237;19
211;238;19
211;239;19
211;240;19
211;241;19
211;242;19
211;243;19
211;244;19
211;245;19
211;246;19
211;247;19
211;248;19
211;249;33
211;250;33
211;251;33
211;252;33
211;253;33
211;254;33
211;255;33
211;256;33
211;257;33
211;258;33
211;259;33
211;260;33
211;261;33
211;262;33
211;263;33
211;264;33
211;265;33
211;266;33
211;267;33
211;268;33
211;269;33
211;270;33
211;271;33
211;272;33
211;273;37
211;274;37
211;275;37
211;276;37
211;277;37
211;278;37
211;279;37
211;280;37
211;281;37
211;282;37
211;283;37
211;284;37
211;285;37
211;286;37
211;287;37
211;288;37
211;289;37
211;290;37
211;291;37
211;292;37
211;293;37
211;294;37
211;295;38
211;296;38
211;297;38
211;298;38
211;299;38
211;300;38
211;301;38
211;302;38
211;303;38
211;304;38
211;305;38
211;306;38
211;307;38
211;308;38
211;309;38
211;310;38
211;311;38
211;312;8
211;313;8
211;314;8
211;315;8
211;316;8
211;317;8
211;318;8
211;319;8
211;320;8
211;321;8
211;322;8
211;323;8
211;324;8
211;325;8
211;326;8
211;327;8
211;328;8
211;329;8
211;330;8
211;331;8
211;332;8
211;333;8
211;334;8
211;335;8
211;336;8
211;337;8
211;338;8
211;339;8
211;340;8
211;341;8
211;342;8
211;343;8
211;344;8
211;345;8
211;346;8
211;347;8
211;348;8
211;349;8
211;350;8
211;351;8
211;352;13
211;353;13
211;354;7
211;355;7
211;356;7
211;357;7
211;358;7
211;359;7
211;360;7
211;361;7
211;362;7
211;363;7
211;364;7
211;365;7
211;366;7
211;367;7
211;368;7
211;369;7
211;370;7
211;371;7
211;372;7
211;373;7
211;374;7
211;375;7
211;376;7
211;377;7
211;378;7
211;379;7
211;380;7
211;381;7
211;382;28
211;383;28
211;384;28
211;385;28
211;386;28
211;387;28
211;388;28
211;389;28
211;390;28
211;391;28
211;392;28
211;393;28
211;394;48
211;395;48
211;396;48
211;397;48
211;398;48
211;399;48
211;400;48
211;401;48
211;402;48
211;403;48
211;404;48
211;405;48
211;406;48
211;407;48
211;408;48
211;409;48
211;410;48
211;411;48
211;412;48
211;413;48
211;414;48
211;415;48
211;416;48
211;417;48
211;418;48
211;419;48
211;420;48
211;421;48
211;422;48
211;423;48
211;424;26
211;425;26
211;426;26
211;427;26
211;428;26
211;429;26
211;430;26
211;431;26
211;432;26
211;433;26
211;434;26
211;435;26
211;436;26
211;437;26
211;438;26
211;439;26
211;440;26
211;441;26
211;442;26
211;443;26
211;444;26
211;445;26
211;446;26
211;447;26
211;448;26
211;449;26
211;450;26
211;451;26
211;452;26
211;453;26
211;454;26
211;455;26
211;456;26
211;457;26
211;458;26
211;459;26
211;460;26
211;461;26
211;462;26
211;463;26
211;464;26
211;465;26
211;466;26
211;467;26
211;468;26
211;469;26
211;470;26
211;471;26
211;472;26
211;473;26
211;474;26
211;475;26
211;476;26
211;477;26
211;478;26
211;479;26
211;480;26
211;481;26
211;482;26
211;483;26
211;484;26
211;485;26
211;486;26
211;487;26
211;488;26
211;489;26
211;490;26
211;491;26
211;492;26
211;493;26
211;494;26
211;495;26
211;496;26
211;497;26
211;498;26
211;499;26
212;0;28
212;1;28
212;2;28
212;3;28
212;4;28
212;5;28
212;6;28
212;7;28
212;8;28
212;9;41
212;10;41
212;11;41
212;12;41
212;13;41
212;14;41
212;15;41
212;16;41
212;17;41
212;18;41
212;19;41
212;20;41
212;21;41
212;22;41
212;23;41
212;24;41
212;25;41
212;26;51
212;27;51
212;28;51
212;29;51
212;30;51
212;31;51
212;32;51
212;33;51
212;34;51
212;35;51
212;36;51
212;37;51
212;38;51
212;39;51
212;40;51
212;41;21
212;42;21
212;43;21
212;44;21
212;45;21
212;46;21
212;47;21
212;48;21
212;49;21
212;50;21
212;51;21
212;52;21
212;53;21
212;54;12
212;55;12
212;56;12
212;57;12
212;58;12
212;59;12
212;60;12
212;61;12
212;62;12
212;63;12
212;64;12
212;65;12
212;66;12
212;67;39
212;68;39
212;69;39
212;70;39
212;71;39
212;72;39
212;73;39
212;74;39
212;75;39
212;76;39
212;77;39
212;78;39
212;79;39
212;80;15
212;81;15
212;82;15
212;83;15
212;84;15
212;85;15
212;86;5
212;87;5
212;88;5
212;89;5
212;90;5
212;91;5
212;92;5
212;93;5
212;94;5
212;95;5
212;96;5
212;97;5
212;98;5
212;99;17
212;100;17
212;101;17
212;102;17
212;103;17
212;104;17
212;105;17
212;106;17
212;107;17
212;108;17
212;109;17
212;110;17
212;111;17
212;112;17
212;113;21
212;114;21
212;115;21
212;116;21
212;117;21
212;118;21
212;119;21
212;120;21
212;121;21
212;122;21
212;123;21
212;124;21
212;125;21
212;126;21
212;127;21
212;128;21
212;129;21
212;130;21
212;131;21
212;132;21
212;133;21
212;134;21
212;135;21
212;136;21
212;137;21
212;138;21
212;139;21
212;140;21
212;141;21
212;142;21
212;143;21
212;144;21
212;145;21
212;146;21
212;147;21
212;148;17
212;149;17
212;150;17
212;151;17
212;152;17
212;153;17
212;154;17
212;155;17
212;156;17
212;157;17
212;158;17
212;159;17
212;160;17
212;161;17
212;162;17
212;163;17
212;164;17
212;165;17
212;166;17
212;167;17
212;168;17
212;169;17
212;170;17
212;171;17
212;172;17
212;173;17
212;174;17
212;175;17
212;176;17
212;177;17
212;178;34
212;179;34
212;180;34
212;181;34
212;182;34
212;183;34
212;184;34
212;185;34
212;186;34
212;187;34
212;188;34
212;189;34
212;190;34
212;191;34
212;192;34
212;193;34
212;194;34
212;195;34
212;196;34
212;197;34
212;198;34
212;199;34
212;200;43
212;201;43
212;202;43
212;203;43
212;204;43
212;205;24
212;206;24
212;207;24
212;208;24
212;209;24
212;210;24
212;211;32
212;212;32
212;213;32
212;214;32
212;215;32
212;216;32
212;217;32
212;218;32
212;219;32
212;220;32
212;221;32
212;222;32
212;223;32
212;224;32
212;225;32
212;226;32
212;227;32
212;228;32
212;229;32
212;230;32
212;231;32
212;232;32
212;233;32
212;234;32
212;235;32
212;236;19
212;237;19
212;238;19
212;239;19
212;240;19
212;241;19
212;242;19
212;243;19
212;244;19
212;245;19
212;246;19
212;247;19
212;248;19
212;249;19
212;250;33
212;251;33
212;252;33
212;253;33
212;254;33
212;255;33
212;256;33
212;257;33
212;258;33
212;259;33
212;260;33
212;261;33
212;262;33
212;263;33
212;264;33
212;265;33
212;266;33
212;267;33
212;268;33
212;269;33
212;270;33
212;271;33
212;272;33
212;273;33
212;274;37
212;275;37
212;276;37
212;277;37
212;278;37
212;279;37
212;280;37
212;281;37
212;282;37
212;283;37
212;284;37
212;285;37
212;286;37
212;287;37
212;288;37
212;289;37
212;290;37
212;291;37
212;292;37
212;293;37
212;294;38
212;295;38
212;296;38
212;297;38
212;298;38
212;299;38
212;300;38
212;301;38
212;302;38
212;303;38
212;304;38
212;305;38
212;306;38
212;307;38
212;308;38
212;309;38
212;310;38
212;311;38
212;312;38
212;313;8
212;314;8
212;315;8
212;316;8
212;317;8
212;318;8
212;319;8
212;320;8
212;321;8
212;322;8
212;323;8
212;324;8
212;325;8
212;326;8
212;327;8
212;328;8
212;329;8
212;330;8
212;331;8
212;332;8
212;333;8
212;334;8
212;335;8
212;336;8
212;337;8
212;338;8
212;339;8
212;340;8
212;341;8
212;342;8
212;343;8
212;344;8
212;345;18
212;346;18
212;347;18
212;348;18
212;349;18
212;350;18
212;351;18
212;352;13
212;353;13
212;354;13
212;355;13
212;356;7
212;357;7
212;358;7
212;359;7
212;360;7
212;361;7
212;362;7
212;363;7
212;364;7
212;365;7
212;366;7
212;367;7
212;368;7
212;369;7
212;370;7
212;371;7
212;372;7
212;373;7
212;374;7
212;375;7
212;376;7
212;377;7
212;378;7
212;379;7
212;380;7
212;381;7
212;382;7
212;383;28
212;384;28
212;385;28
212;386;28
212;387;28
212;388;28
212;389;28
212;390;28
212;391;28
212;392;28
212;393;28
212;394;28
212;395;48
212;396;48
212;397;48
212;398;48
212;399;48
212;400;48
212;401;48
212;402;48
212;403;48
212;404;48
212;405;48
212;406;48
212;407;48
212;408;48
212;409;48
212;410;48
212;411;48
212;412;48
212;413;48
212;414;48
212;415;48
212;416;48
212;417;48
212;418;48
212;419;48
212;420;48
212;421;48
212;422;48
212;423;48
212;424;26
212;425;26
212;426;26
212;427;26
212;428;26
212;429;26
212;430;26
212;431;26
212;432;26
212;433;26
212;434;26
212;435;26
212;436;26
212;437;26
212;438;26
212;439;26
212;440;26
212;441;26
212;442;26
212;443;26
212;444;26
212;445;26
212;446;26
212;447;26
212;448;26
212;449;26
212;450;26
212;451;26
212;452;26
212;453;26
212;454;26
212;455;26
212;456;26
212;457;26
212;458;26
212;459;26
212;460;26
212;461;26
212;462;26
212;463;26
212;464;26
212;465;26
212;466;26
212;467;26
212;468;26
212;469;26
212;470;26
212;471;26
212;472;26
212;473;26
212;474;26
212;475;26
212;476;26
212;477;26
212;478;26
212;479;26
212;480;26
212;481;26
212;482;26
212;483;26
212;484;26
212;485;26
212;486;26
212;487;26
212;488;26
212;489;26
212;490;26
212;491;26
212;492;26
212;493;26
212;494;26
212;495;26
212;496;26
212;497;26
212;498;26
212;499;26
213;0;28
213;1;28
213;2;28
213;3;28
213;4;28
213;5;28
213;6;28
213;7;28
213;8;28
213;9;28
213;10;41
213;11;41
213;12;41
213;13;41
213;14;41
213;15;41
213;16;41
213;17;41
213;18;41
213;19;41
213;20;41
213;21;41
213;22;41
213;23;41
213;24;41
213;25;41
213;26;41
213;27;51
213;28;51
213;29;51
213;30;51
213;31;51
213;32;51
213;33;51
213;34;51
213;35;51
213;36;51
213;37;51
213;38;51
213;39;51
213;40;51
213;41;51
213;42;21
213;43;21
213;44;21
213;45;21
213;46;21
213;47;21
213;48;21
213;49;21
213;50;21
213;51;21
213;52;21
213;53;21
213;54;12
213;55;12
213;56;12
213;57;12
213;58;12
213;59;12
213;60;12
213;61;12
213;62;12
213;63;12
213;64;12
213;65;12
213;66;12
213;67;12
213;68;39
213;69;39
213;70;39
213;71;39
213;72;39
213;73;39
213;74;39
213;75;39
213;76;39
213;77;39
213;78;39
213;79;39
213;80;39
213;81;15
213;82;15
213;83;15
213;84;15
213;85;5
213;86;5
213;87;5
213;88;5
213;89;5
213;90;5
213;91;5
213;92;5
213;93;5
213;94;5
213;95;5
213;96;5
213;97;5
213;98;5
213;99;5
213;100;17
213;101;17
213;102;17
213;103;17
213;104;17
213;105;17
213;106;17
213;107;17
213;108;17
213;109;17
213;110;17
213;111;17
213;112;17
213;113;17
213;114;21
213;115;21
213;116;21
213;117;21
213;118;21
213;119;21
213;120;21
213;121;21
213;122;21
213;123;21
213;124;21
213;125;21
213;126;21
213;127;21
213;128;21
213;129;21
213;130;21
213;131;21
213;132;21
213;133;21
213;134;21
213;135;21
213;136;21
213;137;21
213;138;21
213;139;21
213;140;21
213;141;21
213;142;21
213;143;21
213;144;21
213;145;21
213;146;21
213;147;21
213;148;17
213;149;17
213;150;17
213;151;17
213;152;17
213;153;17
213;154;17
213;155;17
213;156;17
213;157;17
213;158;17
213;159;17
213;160;17
213;161;17
213;162;17
213;163;17
213;164;17
213;165;17
213;166;17
213;167;17
213;168;17
213;169;17
213;170;17
213;171;17
213;172;17
213;173;17
213;174;17
213;175;17
213;176;17
213;177;17
213;178;17
213;179;34
213;180;34
213;181;34
213;182;34
213;183;34
213;184;34
213;185;34
213;186;34
213;187;34
213;188;34
213;189;34
213;190;34
213;191;34
213;192;34
213;193;34
213;194;34
213;195;34
213;196;34
213;197;34
213;198;34
213;199;34
213;200;34
213;201;43
213;202;43
213;203;43
213;204;24
213;205;24
213;206;24
213;207;24
213;208;24
213;209;24
213;210;24
213;211;24
213;212;32
213;213;32
213;214;32
213;215;32
213;216;32
213;217;32
213;218;32
213;219;32
213;220;32
213;221;32
213;222;32
213;223;32
213;224;32
213;225;32
213;226;32
213;227;32
213;228;32
213;229;32
213;230;32
213;231;32
213;232;32
213;233;32
213;234;32
213;235;32
213;236;32
213;237;19
213;238;19
213;239;19
213;240;19
213;241;19
213;242;19
213;243;19
213;244;19
213;245;19
213;246;19
213;247;19
213;248;19
213;249;19
213;250;19
213;251;33
213;252;33
213;253;33
213;254;33
213;255;33
213;256;33
213;257;33
213;258;33
213;259;33
213;260;33
213;261;33
213;262;33
213;263;33
213;264;33
213;265;33
213;266;33
213;267;33
213;268;33
213;269;33
213;270;33
213;271;33
213;272;33
213;273;33
213;274;37
213;275;37
213;276;37
213;277;37
213;278;37
213;279;37
213;280;37
213;281;37
213;282;37
213;283;37
213;284;37
213;285;37
213;286;37
213;287;37
213;288;37
213;289;37
213;290;37
213;291;37
213;292;37
213;293;38
213;294;38
213;295;38
213;296;38
213;297;38
213;298;38
213;299;38
213;300;38
213;301;38
213;302;38
213;303;38
213;304;38
213;305;38
213;306;38
213;307;38
213;308;38
213;309;38
213;310;38
213;311;38
213;312;38
213;313;38
213;314;8
213;315;8
213;316;8
213;317;8
213;318;8
213;319;8
213;320;8
213;321;8
213;322;8
213;323;8
213;324;8
213;325;8
213;326;8
213;327;8
213;328;8
213;329;8
213;330;8
213;331;8
213;332;8
213;333;8
213;334;8
213;335;8
213;336;8
213;337;8
213;338;8
213;339;8
213;340;8
213;341;8
213;342;8
213;343;8
213;344;18
213;345;18
213;346;18
213;347;18
213;348;18
213;349;18
213;350;18
213;351;18
213;352;13
213;353;13
213;354;13
213;355;13
213;356;13
213;357;7
213;358;7
213;359;7
213;360;7
213;361;7
213;362;7
213;363;7
213;364;7
213;365;7
213;366;7
213;367;7
213;368;7
213;369;7
213;370;7
213;371;7
213;372;7
213;373;7
213;374;7
213;375;7
213;376;7
213;377;7
213;378;7
213;379;7
213;380;7
213;381;7
213;382;7
213;383;7
213;384;28
213;385;28
213;386;28
213;387;28
213;388;28
213;389;28
213;390;28
213;391;28
213;392;28
213;393;28
213;394;28
213;395;28
213;396;48
213;397;48
213;398;48
213;399;48
213;400;48
213;401;48
213;402;48
213;403;48
213;404;48
213;405;48
213;406;48
213;407;48
213;408;48
213;409;48
213;410;48
213;411;48
213;412;48
213;413;48
213;414;48
213;415;48
213;416;48
213;417;48
213;418;48
213;419;48
213;420;48
213;421;48
213;422;48
213;423;48
213;424;48
213;425;26
213;426;26
213;427;26
213;428;26
213;429;26
213;430;26
213;431;26
213;432;26
213;433;26
213;434;26
213;435;26
213;436;26
213;437;26
213;438;26
213;439;26
213;440;26
213;441;26
213;442;26
213;443;26
213;444;26
213;445;26
213;446;26
213;447;26
213;448;26
213;449;26
213;450;26
213;451;26
213;452;26
213;453;26
213;454;26
213;455;26
213;456;26
213;457;26
213;458;26
213;459;26
213;460;26
213;461;26
213;462;26
213;463;26
213;464;26
213;465;26
213;466;26
213;467;26
213;468;26
213;469;26
213;470;26
213;471;26
213;472;26
213;473;26
213;474;26
213;475;26
213;476;26
213;477;26
213;478;26
213;479;26
213;480;26
213;481;26
213;482;26
213;483;26
213;484;26
213;485;26
213;486;26
213;487;26
213;488;26
213;489;26
213;490;26
213;491;26
213;492;26
213;493;26
213;494;26
213;495;26
213;496;26
213;497;26
213;498;26
213;499;26
214;0;28
214;1;28
214;2;28
214;3;28
214;4;28
214;5;28
214;6;28
214;7;28
214;8;28
214;9;28
214;10;28
214;11;28
214;12;41
214;13;41
214;14;41
214;15;41
214;16;41
214;17;41
214;18;41
214;19;41
214;20;41
214;21;41
214;22;41
214;23;41
214;24;41
214;25;41
214;26;41
214;27;51
214;28;51
214;29;51
214;30;51
214;31;51
214;32;51
214;33;51
214;34;51
214;35;51
214;36;51
214;37;51
214;38;51
214;39;51
214;40;51
214;41;51
214;42;51
214;43;51
214;44;21
214;45;21
214;46;21
214;47;21
214;48;21
214;49;21
214;50;21
214;51;21
214;52;21
214;53;21
214;54;12
214;55;12
214;56;12
214;57;12
214;58;12
214;59;12
214;60;12
214;61;12
214;62;12
214;63;12
214;64;12
214;65;12
214;66;12
214;67;12
214;68;12
214;69;39
214;70;39
214;71;39
214;72;39
214;73;39
214;74;39
214;75;39
214;76;39
214;77;39
214;78;39
214;79;39
214;80;39
214;81;15
214;82;15
214;83;15
214;84;5
214;85;5
214;86;5
214;87;5
214;88;5
214;89;5
214;90;5
214;91;5
214;92;5
214;93;5
214;94;5
214;95;5
214;96;5
214;97;5
214;98;5
214;99;5
214;100;17
214;101;17
214;102;17
214;103;17
214;104;17
214;105;17
214;106;17
214;107;17
214;108;17
214;109;17
214;110;17
214;111;17
214;112;17
214;113;17
214;114;17
214;115;21
214;116;21
214;117;21
214;118;21
214;119;21
214;120;21
214;121;21
214;122;21
214;123;21
214;124;21
214;125;21
214;126;21
214;127;21
214;128;21
214;129;21
214;130;21
214;131;21
214;132;21
214;133;21
214;134;21
214;135;21
214;136;21
214;137;21
214;138;21
214;139;21
214;140;21
214;141;21
214;142;21
214;143;21
214;144;21
214;145;21
214;146;21
214;147;21
214;148;17
214;149;17
214;150;17
214;151;17
214;152;17
214;153;17
214;154;17
214;155;17
214;156;17
214;157;17
214;158;17
214;159;17
214;160;17
214;161;17
214;162;17
214;163;17
214;164;17
214;165;17
214;166;17
214;167;17
214;168;17
214;169;17
214;170;17
214;171;17
214;172;17
214;173;17
214;174;17
214;175;17
214;176;17
214;177;17
214;178;17
214;179;34
214;180;34
214;181;34
214;182;34
214;183;34
214;184;34
214;185;34
214;186;34
214;187;34
214;188;34
214;189;34
214;190;34
214;191;34
214;192;34
214;193;34
214;194;34
214;195;34
214;196;34
214;197;34
214;198;34
214;199;34
214;200;34
214;201;34
214;202;43
214;203;24
214;204;24
214;205;24
214;206;24
214;207;24
214;208;24
214;209;24
214;210;24
214;211;24
214;212;24
214;213;32
214;214;32
214;215;32
214;216;32
214;217;32
214;218;32
214;219;32
214;220;32
214;221;32
214;222;32
214;223;32
214;224;32
214;225;32
214;226;32
214;227;32
214;228;32
214;229;32
214;230;32
214;231;32
214;232;32
214;233;32
214;234;32
214;235;32
214;236;32
214;237;19
214;238;19
214;239;19
214;240;19
214;241;19
214;242;19
214;243;19
214;244;19
214;245;19
214;246;19
214;247;19
214;248;19
214;249;19
214;250;19
214;251;19
214;252;33
214;253;33
214;254;33
214;255;33
214;256;33
214;257;33
214;258;33
214;259;33
214;260;33
214;261;33
214;262;33
214;263;33
214;264;33
214;265;33
214;266;33
214;267;33
214;268;33
214;269;33
214;270;33
214;271;33
214;272;33
214;273;33
214;274;33
214;275;37
214;276;37
214;277;37
214;278;37
214;279;37
214;280;37
214;281;37
214;282;37
214;283;37
214;284;37
214;285;37
214;286;37
214;287;37
214;288;37
214;289;37
214;290;37
214;291;37
214;292;38
214;293;38
214;294;38
214;295;38
214;296;38
214;297;38
214;298;38
214;299;38
214;300;38
214;301;38
214;302;38
214;303;38
214;304;38
214;305;38
214;306;38
214;307;38
214;308;38
214;309;38
214;310;38
214;311;38
214;312;38
214;313;38
214;314;38
214;315;8
214;316;8
214;317;8
214;318;8
214;319;8
214;320;8
214;321;8
214;322;8
214;323;8
214;324;8
214;325;8
214;326;8
214;327;8
214;328;8
214;329;8
214;330;8
214;331;8
214;332;8
214;333;8
214;334;8
214;335;8
214;336;8
214;337;8
214;338;8
214;339;8
214;340;8
214;341;8
214;342;8
214;343;18
214;344;18
214;345;18
214;346;18
214;347;18
214;348;18
214;349;18
214;350;18
214;351;18
214;352;13
214;353;13
214;354;13
214;355;13
214;356;13
214;357;13
214;358;7
214;359;7
214;360;7
214;361;7
214;362;7
214;363;7
214;364;7
214;365;7
214;366;7
214;367;7
214;368;7
214;369;7
214;370;7
214;371;7
214;372;7
214;373;7
214;374;7
214;375;7
214;376;7
214;377;7
214;378;7
214;379;7
214;380;7
214;381;7
214;382;7
214;383;7
214;384;7
214;385;28
214;386;28
214;387;28
214;388;28
214;389;28
214;390;28
214;391;28
214;392;28
214;393;28
214;394;28
214;395;28
214;396;28
214;397;48
214;398;48
214;399;48
214;400;48
214;401;48
214;402;48
214;403;48
214;404;48
214;405;48
214;406;48
214;407;48
214;408;48
214;409;48
214;410;48
214;411;48
214;412;48
214;413;48
214;414;48
214;415;48
214;416;48
214;417;48
214;418;48
214;419;48
214;420;48
214;421;48
214;422;48
214;423;48
214;424;48
214;425;26
214;426;26
214;427;26
214;428;26
214;429;26
214;430;26
214;431;26
214;432;26
214;433;26
214;434;26
214;435;26
214;436;26
214;437;26
214;438;26
214;439;26
214;440;26
214;441;26
214;442;26
214;443;26
214;444;26
214;445;26
214;446;26
214;447;26
214;448;26
214;449;26
214;450;26
214;451;26
214;452;26
214;453;26
214;454;26
214;455;26
214;456;26
214;457;26
214;458;26
214;459;26
214;460;26
214;461;26
214;462;26
214;463;26
214;464;26
214;465;26
214;466;26
214;467;26
214;468;26
214;469;26
214;470;26
214;471;26
214;472;26
214;473;26
214;474;26
214;475;26
214;476;26
214;477;26
214;478;26
214;479;26
214;480;26
214;481;26
214;482;26
214;483;26
214;484;26
214;485;26
214;486;26
214;487;26
214;488;26
214;489;26
214;490;26
214;491;26
214;492;26
214;493;26
214;494;26
214;495;26
214;496;26
214;497;26
214;498;26
214;499;26
215;0;28
215;1;28
215;2;28
215;3;28
215;4;28
215;5;28
215;6;28
215;7;28
215;8;28
215;9;28
215;10;28
215;11;28
215;12;28
215;13;28
215;14;41
215;15;41
215;16;41
215;17;41
215;18;41
215;19;41
215;20;41
215;21;41
215;22;41
215;23;41
215;24;41
215;25;41
215;26;41
215;27;51
215;28;51
215;29;51
215;30;51
215;31;51
215;32;51
215;33;51
215;34;51
215;35;51
215;36;51
215;37;51
215;38;51
215;39;51
215;40;51
215;41;51
215;42;51
215;43;51
215;44;51
215;45;51
215;46;21
215;47;21
215;48;21
215;49;21
215;50;21
215;51;21
215;52;21
215;53;34
215;54;34
215;55;12
215;56;12
215;57;12
215;58;12
215;59;12
215;60;12
215;61;12
215;62;12
215;63;12
215;64;12
215;65;12
215;66;12
215;67;12
215;68;12
215;69;12
215;70;12
215;71;39
215;72;39
215;73;39
215;74;39
215;75;39
215;76;39
215;77;39
215;78;39
215;79;39
215;80;39
215;81;39
215;82;15
215;83;5
215;84;5
215;85;5
215;86;5
215;87;5
215;88;5
215;89;5
215;90;5
215;91;5
215;92;5
215;93;5
215;94;5
215;95;5
215;96;5
215;97;5
215;98;5
215;99;5
215;100;5
215;101;17
215;102;17
215;103;17
215;104;17
215;105;17
215;106;17
215;107;17
215;108;17
215;109;17
215;110;17
215;111;17
215;112;17
215;113;17
215;114;17
215;115;17
215;116;21
215;117;21
215;118;21
215;119;21
215;120;21
215;121;21
215;122;21
215;123;21
215;124;21
215;125;21
215;126;21
215;127;21
215;128;21
215;129;21
215;130;21
215;131;21
215;132;21
215;133;21
215;134;21
215;135;21
215;136;21
215;137;21
215;138;21
215;139;21
215;140;21
215;141;21
215;142;21
215;143;21
215;144;21
215;145;21
215;146;21
215;147;21
215;148;17
215;149;17
215;150;17
215;151;17
215;152;17
215;153;17
215;154;17
215;155;17
215;156;17
215;157;17
215;158;17
215;159;17
215;160;17
215;161;17
215;162;17
215;163;17
215;164;17
215;165;17
215;166;17
215;167;17
215;168;17
215;169;17
215;170;17
215;171;17
215;172;17
215;173;17
215;174;17
215;175;17
215;176;17
215;177;17
215;178;17
215;179;34
215;180;34
215;181;34
215;182;34
215;183;34
215;184;34
215;185;34
215;186;34
215;187;34
215;188;34
215;189;34
215;190;34
215;191;34
215;192;34
215;193;34
215;194;34
215;195;34
215;196;34
215;197;34
215;198;34
215;199;34
215;200;34
215;201;34
215;202;34
215;203;24
215;204;24
215;205;24
215;206;24
215;207;24
215;208;24
215;209;24
215;210;24
215;211;24
215;212;24
215;213;24
215;214;32
215;215;32
215;216;32
215;217;32
215;218;32
215;219;32
215;220;32
215;221;32
215;222;32
215;223;32
215;224;32
215;225;32
215;226;32
215;227;32
215;228;32
215;229;32
215;230;32
215;231;32
215;232;32
215;233;32
215;234;32
215;235;32
215;236;32
215;237;32
215;238;19
215;239;19
215;240;19
215;241;19
215;242;19
215;243;19
215;244;19
215;245;19
215;246;19
215;247;19
215;248;19
215;249;19
215;250;19
215;251;19
215;252;33
215;253;33
215;254;33
215;255;33
215;256;33
215;257;33
215;258;33
215;259;33
215;260;33
215;261;33
215;262;33
215;263;33
215;264;33
215;265;33
215;266;33
215;267;33
215;268;33
215;269;33
215;270;33
215;271;33
215;272;33
215;273;33
215;274;33
215;275;37
215;276;37
215;277;37
215;278;37
215;279;37
215;280;37
215;281;37
215;282;37
215;283;37
215;284;37
215;285;37
215;286;37
215;287;37
215;288;37
215;289;37
215;290;37
215;291;38
215;292;38
215;293;38
215;294;38
215;295;38
215;296;38
215;297;38
215;298;38
215;299;38
215;300;38
215;301;38
215;302;38
215;303;38
215;304;38
215;305;38
215;306;38
215;307;38
215;308;38
215;309;38
215;310;38
215;311;38
215;312;38
215;313;38
215;314;38
215;315;38
215;316;8
215;317;8
215;318;8
215;319;8
215;320;8
215;321;8
215;322;8
215;323;8
215;324;8
215;325;8
215;326;8
215;327;8
215;328;8
215;329;8
215;330;8
215;331;8
215;332;8
215;333;8
215;334;8
215;335;8
215;336;8
215;337;8
215;338;8
215;339;8
215;340;8
215;341;8
215;342;18
215;343;18
215;344;18
215;345;18
215;346;18
215;347;18
215;348;18
215;349;18
215;350;18
215;351;18
215;352;13
215;353;13
215;354;13
215;355;13
215;356;13
215;357;13
215;358;13
215;359;7
215;360;7
215;361;7
215;362;7
215;363;7
215;364;7
215;365;7
215;366;7
215;367;7
215;368;7
215;369;7
215;370;7
215;371;7
215;372;7
215;373;7
215;374;7
215;375;7
215;376;7
215;377;7
215;378;7
215;379;7
215;380;7
215;381;7
215;382;7
215;383;7
215;384;7
215;385;7
215;386;28
215;387;28
215;388;28
215;389;28
215;390;28
215;391;28
215;392;28
215;393;28
215;394;28
215;395;28
215;396;28
215;397;28
215;398;48
215;399;48
215;400;48
215;401;48
215;402;48
215;403;48
215;404;48
215;405;48
215;406;48
215;407;48
215;408;48
215;409;48
215;410;48
215;411;48
215;412;48
215;413;48
215;414;48
215;415;48
215;416;48
215;417;48
215;418;48
215;419;48
215;420;48
215;421;48
215;422;48
215;423;48
215;424;48
215;425;48
215;426;26
215;427;26
215;428;26
215;429;26
215;430;26
215;431;26
215;432;26
215;433;26
215;434;26
215;435;26
215;436;26
215;437;26
215;438;26
215;439;26
215;440;26
215;441;26
215;442;26
215;443;26
215;444;26
215;445;26
215;446;26
215;447;26
215;448;26
215;449;26
215;450;26
215;451;26
215;452;26
215;453;26
215;454;26
215;455;26
215;456;26
215;457;26
215;458;26
215;459;26
215;460;26
215;461;26
215;462;26
215;463;26
215;464;26
215;465;26
215;466;26
215;467;26
215;468;26
215;469;26
215;470;26
215;471;26
215;472;26
215;473;26
215;474;26
215;475;26
215;476;26
215;477;26
215;478;26
215;479;26
215;480;26
215;481;26
215;482;26
215;483;26
215;484;26
215;485;26
215;486;26
215;487;26
215;488;26
215;489;26
215;490;26
215;491;26
215;492;26
215;493;26
215;494;26
215;495;26
215;496;26
215;497;26
215;498;26
215;499;26
216;0;28
216;1;28
216;2;28
216;3;28
216;4;28
216;5;28
216;6;28
216;7;28
216;8;28
216;9;28
216;10;28
216;11;28
216;12;28
216;13;28
216;14;28
216;15;41
216;16;41
216;17;41
216;18;41
216;19;41
216;20;41
216;21;41
216;22;41
216;23;41
216;24;41
216;25;41
216;26;41
216;27;51
216;28;51
216;29;51
216;30;51
216;31;51
216;32;51
216;33;51
216;34;51
216;35;51
216;36;51
216;37;51
216;38;51
216;39;51
216;40;51
216;41;51
216;42;51
216;43;51
216;44;51
216;45;51
216;46;51
216;47;21
216;48;21
216;49;21
216;50;21
216;51;21
216;52;34
216;53;34
216;54;34
216;55;34
216;56;12
216;57;12
216;58;12
216;59;12
216;60;12
216;61;12
216;62;12
216;63;12
216;64;12
216;65;12
216;66;12
216;67;12
216;68;12
216;69;12
216;70;12
216;71;12
216;72;12
216;73;39
216;74;39
216;75;39
216;76;39
216;77;39
216;78;39
216;79;39
216;80;39
216;81;39
216;82;15
216;83;5
216;84;5
216;85;5
216;86;5
216;87;5
216;88;5
216;89;5
216;90;5
216;91;5
216;92;5
216;93;5
216;94;5
216;95;5
216;96;5
216;97;5
216;98;5
216;99;5
216;100;5
216;101;17
216;102;17
216;103;17
216;104;17
216;105;17
216;106;17
216;107;17
216;108;17
216;109;17
216;110;17
216;111;17
216;112;17
216;113;17
216;114;17
216;115;17
216;116;17
216;117;21
216;118;21
216;119;21
216;120;21
216;121;21
216;122;21
216;123;21
216;124;21
216;125;21
216;126;21
216;127;21
216;128;21
216;129;21
216;130;21
216;131;21
216;132;21
216;133;21
216;134;21
216;135;21
216;136;21
216;137;21
216;138;21
216;139;21
216;140;21
216;141;21
216;142;21
216;143;21
216;144;21
216;145;21
216;146;21
216;147;21
216;148;21
216;149;17
216;150;17
216;151;17
216;152;17
216;153;17
216;154;17
216;155;17
216;156;17
216;157;17
216;158;17
216;159;17
216;160;17
216;161;17
216;162;17
216;163;17
216;164;17
216;165;17
216;166;17
216;167;17
216;168;17
216;169;17
216;170;17
216;171;17
216;172;17
216;173;17
216;174;17
216;175;17
216;176;17
216;177;17
216;178;17
216;179;34
216;180;34
216;181;34
216;182;34
216;183;34
216;184;34
216;185;34
216;186;34
216;187;34
216;188;34
216;189;34
216;190;34
216;191;34
216;192;34
216;193;34
216;194;34
216;195;34
216;196;34
216;197;34
216;198;34
216;199;34
216;200;34
216;201;34
216;202;34
216;203;24
216;204;24
216;205;24
216;206;24
216;207;24
216;208;24
216;209;24
216;210;24
216;211;24
216;212;24
216;213;24
216;214;24
216;215;32
216;216;32
216;217;32
216;218;32
216;219;32
216;220;32
216;221;32
216;222;32
216;223;32
216;224;32
216;225;32
216;226;32
216;227;32
216;228;32
216;229;32
216;230;32
216;231;32
216;232;32
216;233;32
216;234;32
216;235;32
216;236;32
216;237;32
216;238;32
216;239;19
216;240;19
216;241;19
216;242;19
216;243;19
216;244;19
216;245;19
216;246;19
216;247;19
216;248;19
216;249;19
216;250;19
216;251;19
216;252;19
216;253;33
216;254;33
216;255;33
216;256;33
216;257;33
216;258;33
216;259;33
216;260;33
216;261;33
216;262;33
216;263;33
216;264;33
216;265;33
216;266;33
216;267;33
216;268;33
216;269;33
216;270;33
216;271;33
216;272;33
216;273;33
216;274;33
216;275;33
216;276;37
216;277;37
216;278;37
216;279;37
216;280;37
216;281;37
216;282;37
216;283;37
216;284;37
216;285;37
216;286;37
216;287;37
216;288;37
216;289;37
216;290;38
216;291;38
216;292;38
216;293;38
216;294;38
216;295;38
216;296;38
216;297;38
216;298;38
216;299;38
216;300;38
216;301;38
216;302;38
216;303;38
216;304;38
216;305;38
216;306;38
216;307;38
216;308;38
216;309;38
216;310;38
216;311;38
216;312;38
216;313;38
216;314;38
216;315;38
216;316;38
216;317;8
216;318;8
216;319;8
216;320;8
216;321;8
216;322;8
216;323;8
216;324;8
216;325;8
216;326;8
216;327;8
216;328;8
216;329;8
216;330;8
216;331;8
216;332;8
216;333;8
216;334;8
216;335;8
216;336;8
216;337;8
216;338;8
216;339;8
216;340;8
216;341;18
216;342;18
216;343;18
216;344;18
216;345;18
216;346;18
216;347;18
216;348;18
216;349;18
216;350;18
216;351;18
216;352;13
216;353;13
216;354;13
216;355;13
216;356;13
216;357;13
216;358;13
216;359;13
216;360;7
216;361;7
216;362;7
216;363;7
216;364;7
216;365;7
216;366;7
216;367;7
216;368;7
216;369;7
216;370;7
216;371;7
216;372;7
216;373;7
216;374;7
216;375;7
216;376;7
216;377;7
216;378;7
216;379;7
216;380;7
216;381;7
216;382;7
216;383;7
216;384;7
216;385;7
216;386;7
216;387;28
216;388;28
216;389;28
216;390;28
216;391;28
216;392;28
216;393;28
216;394;28
216;395;28
216;396;28
216;397;28
216;398;28
216;399;48
216;400;48
216;401;48
216;402;48
216;403;48
216;404;48
216;405;48
216;406;48
216;407;48
216;408;48
216;409;48
216;410;48
216;411;48
216;412;48
216;413;48
216;414;48
216;415;48
216;416;48
216;417;48
216;418;48
216;419;48
216;420;48
216;421;48
216;422;48
216;423;48
216;424;48
216;425;48
216;426;26
216;427;26
216;428;26
216;429;26
216;430;26
216;431;26
216;432;26
216;433;26
216;434;26
216;435;26
216;436;26
216;437;26
216;438;26
216;439;26
216;440;26
216;441;26
216;442;26
216;443;26
216;444;26
216;445;26
216;446;26
216;447;26
216;448;26
216;449;26
216;450;26
216;451;26
216;452;26
216;453;26
216;454;26
216;455;26
216;456;26
216;457;26
216;458;26
216;459;26
216;460;26
216;461;26
216;462;26
216;463;26
216;464;26
216;465;26
216;466;26
216;467;26
216;468;26
216;469;26
216;470;26
216;471;26
216;472;26
216;473;26
216;474;26
216;475;26
216;476;26
216;477;26
216;478;26
216;479;26
216;480;26
216;481;26
216;482;26
216;483;26
216;484;26
216;485;26
216;486;26
216;487;26
216;488;26
216;489;26
216;490;26
216;491;26
216;492;26
216;493;26
216;494;26
216;495;26
216;496;26
216;497;26
216;498;26
216;499;26
217;0;28
217;1;28
217;2;28
217;3;28
217;4;28
217;5;28
217;6;28
217;7;28
217;8;28
217;9;28
217;10;28
217;11;28
217;12;28
217;13;28
217;14;28
217;15;28
217;16;41
217;17;41
217;18;41
217;19;41
217;20;41
217;21;41
217;22;41
217;23;41
217;24;41
217;25;41
217;26;41
217;27;41
217;28;51
217;29;51
217;30;51
217;31;51
217;32;51
217;33;51
217;34;51
217;35;51
217;36;51
217;37;51
217;38;51
217;39;51
217;40;51
217;41;51
217;42;51
217;43;51
217;44;51
217;45;51
217;46;51
217;47;51
217;48;34
217;49;34
217;50;34
217;51;34
217;52;34
217;53;34
217;54;34
217;55;34
217;56;34
217;57;12
217;58;12
217;59;12
217;60;12
217;61;12
217;62;12
217;63;12
217;64;12
217;65;12
217;66;12
217;67;12
217;68;12
217;69;12
217;70;12
217;71;12
217;72;12
217;73;12
217;74;12
217;75;39
217;76;39
217;77;39
217;78;39
217;79;39
217;80;39
217;81;6
217;82;6
217;83;6
217;84;6
217;85;5
217;86;5
217;87;5
217;88;5
217;89;5
217;90;5
217;91;5
217;92;5
217;93;5
217;94;5
217;95;5
217;96;5
217;97;5
217;98;5
217;99;5
217;100;5
217;101;17
217;102;17
217;103;17
217;104;17
217;105;17
217;106;17
217;107;17
217;108;17
217;109;17
217;110;17
217;111;17
217;112;17
217;113;17
217;114;17
217;115;17
217;116;17
217;117;17
217;118;21
217;119;21
217;120;21
217;121;21
217;122;21
217;123;21
217;124;21
217;125;21
217;126;21
217;127;21
217;128;21
217;129;21
217;130;21
217;131;21
217;132;21
217;133;21
217;134;21
217;135;21
217;136;21
217;137;21
217;138;21
217;139;21
217;140;21
217;141;21
217;142;21
217;143;21
217;144;21
217;145;21
217;146;21
217;147;21
217;148;21
217;149;17
217;150;17
217;151;17
217;152;17
217;153;17
217;154;17
217;155;17
217;156;17
217;157;17
217;158;17
217;159;17
217;160;17
217;161;17
217;162;17
217;163;17
217;164;17
217;165;17
217;166;17
217;167;17
217;168;17
217;169;17
217;170;17
217;171;17
217;172;17
217;173;17
217;174;17
217;175;17
217;176;17
217;177;17
217;178;17
217;179;34
217;180;34
217;181;34
217;182;34
217;183;34
217;184;34
217;185;34
217;186;34
217;187;34
217;188;34
217;189;34
217;190;34
217;191;34
217;192;34
217;193;34
217;194;34
217;195;34
217;196;34
217;197;34
217;198;34
217;199;34
217;200;34
217;201;34
217;202;34
217;203;34
217;204;24
217;205;24
217;206;24
217;207;24
217;208;24
217;209;24
217;210;24
217;211;24
217;212;24
217;213;24
217;214;24
217;215;24
217;216;32
217;217;32
217;218;32
217;219;32
217;220;32
217;221;32
217;222;32
217;223;32
217;224;32
217;225;32
217;226;32
217;227;32
217;228;32
217;229;32
217;230;32
217;231;32
217;232;32
217;233;32
217;234;32
217;235;32
217;236;32
217;237;32
217;238;32
217;239;32
217;240;19
217;241;19
217;242;19
217;243;19
217;244;19
217;245;19
217;246;19
217;247;19
217;248;19
217;249;19
217;250;19
217;251;19
217;252;19
217;253;19
217;254;33
217;255;33
217;256;33
217;257;33
217;258;33
217;259;33
217;260;33
217;261;33
217;262;33
217;263;33
217;264;33
217;265;33
217;266;33
217;267;33
217;268;33
217;269;33
217;270;33
217;271;33
217;272;33
217;273;33
217;274;33
217;275;33
217;276;37
217;277;37
217;278;37
217;279;37
217;280;37
217;281;37
217;282;37
217;283;37
217;284;37
217;285;37
217;286;37
217;287;37
217;288;37
217;289;38
217;290;38
217;291;38
217;292;38
217;293;38
217;294;38
217;295;38
217;296;38
217;297;38
217;298;38
217;299;38
217;300;38
217;301;38
217;302;38
217;303;38
217;304;38
217;305;38
217;306;38
217;307;38
217;308;38
217;309;38
217;310;38
217;311;38
217;312;38
217;313;38
217;314;38
217;315;38
217;316;38
217;317;38
217;318;8
217;319;8
217;320;8
217;321;8
217;322;8
217;323;8
217;324;8
217;325;8
217;326;8
217;327;8
217;328;8
217;329;8
217;330;8
217;331;8
217;332;8
217;333;8
217;334;8
217;335;8
217;336;8
217;337;8
217;338;8
217;339;8
217;340;18
217;341;18
217;342;18
217;343;18
217;344;18
217;345;18
217;346;18
217;347;18
217;348;18
217;349;18
217;350;18
217;351;18
217;352;13
217;353;13
217;354;13
217;355;13
217;356;13
217;357;13
217;358;13
217;359;13
217;360;13
217;361;7
217;362;7
217;363;7
217;364;7
217;365;7
217;366;7
217;367;7
217;368;7
217;369;7
217;370;7
217;371;7
217;372;7
217;373;7
217;374;7
217;375;7
217;376;7
217;377;7
217;378;7
217;379;7
217;380;7
217;381;7
217;382;7
217;383;7
217;384;7
217;385;7
217;386;7
217;387;7
217;388;28
217;389;28
217;390;28
217;391;28
217;392;28
217;393;28
217;394;28
217;395;28
217;396;28
217;397;28
217;398;28
217;399;28
217;400;48
217;401;48
217;402;48
217;403;48
217;404;48
217;405;48
217;406;48
217;407;48
217;408;48
217;409;48
217;410;48
217;411;48
217;412;48
217;413;48
217;414;48
217;415;48
217;416;48
217;417;48
217;418;48
217;419;48
217;420;48
217;421;48
217;422;48
217;423;48
217;424;48
217;425;48
217;426;48
217;427;26
217;428;26
217;429;26
217;430;26
217;431;26
217;432;26
217;433;26
217;434;26
217;435;26
217;436;26
217;437;26
217;438;26
217;439;26
217;440;26
217;441;26
217;442;26
217;443;26
217;444;26
217;445;26
217;446;26
217;447;26
217;448;26
217;449;26
217;450;26
217;451;26
217;452;26
217;453;26
217;454;26
217;455;26
217;456;26
217;457;26
217;458;26
217;459;26
217;460;26
217;461;26
217;462;26
217;463;26
217;464;26
217;465;26
217;466;26
217;467;26
217;468;26
217;469;26
217;470;26
217;471;26
217;472;26
217;473;26
217;474;26
217;475;26
217;476;26
217;477;26
217;478;26
217;479;26
217;480;26
217;481;26
217;482;26
217;483;26
217;484;26
217;485;26
217;486;26
217;487;26
217;488;26
217;489;26
217;490;26
217;491;26
217;492;26
217;493;26
217;494;26
217;495;26
217;496;26
217;497;26
217;498;26
217;499;26
218;0;28
218;1;28
218;2;28
218;3;28
218;4;28
218;5;28
218;6;28
218;7;28
218;8;28
218;9;28
218;10;28
218;11;28
218;12;28
218;13;28
218;14;28
218;15;28
218;16;28
218;17;41
218;18;41
218;19;41
218;20;41
218;21;41
218;22;41
218;23;41
218;24;41
218;25;41
218;26;41
218;27;41
218;28;51
218;29;51
218;30;51
218;31;51
218;32;51
218;33;51
218;34;51
218;35;51
218;36;51
218;37;51
218;38;51
218;39;51
218;40;51
218;41;51
218;42;51
218;43;51
218;44;51
218;45;51
218;46;51
218;47;51
218;48;34
218;49;34
218;50;34
218;51;34
218;52;34
218;53;34
218;54;34
218;55;34
218;56;34
218;57;34
218;58;12
218;59;12
218;60;12
218;61;12
218;62;12
218;63;12
218;64;12
218;65;12
218;66;12
218;67;12
218;68;12
218;69;12
218;70;12
218;71;12
218;72;12
218;73;12
218;74;12
218;75;12
218;76;39
218;77;39
218;78;39
218;79;39
218;80;6
218;81;6
218;82;6
218;83;6
218;84;6
218;85;6
218;86;6
218;87;5
218;88;5
218;89;5
218;90;5
218;91;5
218;92;5
218;93;5
218;94;5
218;95;5
218;96;5
218;97;5
218;98;5
218;99;5
218;100;5
218;101;17
218;102;17
218;103;17
218;104;17
218;105;17
218;106;17
218;107;17
218;108;17
218;109;17
218;110;17
218;111;17
218;112;17
218;113;17
218;114;17
218;115;17
218;116;17
218;117;17
218;118;17
218;119;21
218;120;21
218;121;21
218;122;21
218;123;21
218;124;21
218;125;21
218;126;21
218;127;21
218;128;21
218;129;21
218;130;21
218;131;21
218;132;21
218;133;21
218;134;21
218;135;21
218;136;21
218;137;21
218;138;21
218;139;21
218;140;21
218;141;21
218;142;21
218;143;21
218;144;21
218;145;21
218;146;21
218;147;21
218;148;21
218;149;21
218;150;17
218;151;17
218;152;17
218;153;17
218;154;17
218;155;17
218;156;17
218;157;17
218;158;17
218;159;17
218;160;17
218;161;17
218;162;17
218;163;17
218;164;17
218;165;17
218;166;17
218;167;17
218;168;17
218;169;17
218;170;17
218;171;17
218;172;17
218;173;17
218;174;39
218;175;39
218;176;39
218;177;39
218;178;39
218;179;39
218;180;34
218;181;34
218;182;34
218;183;34
218;184;34
218;185;34
218;186;34
218;187;34
218;188;34
218;189;34
218;190;34
218;191;34
218;192;34
218;193;34
218;194;34
218;195;34
218;196;34
218;197;34
218;198;34
218;199;34
218;200;34
218;201;34
218;202;34
218;203;34
218;204;24
218;205;24
218;206;24
218;207;24
218;208;24
218;209;24
218;210;24
218;211;24
218;212;24
218;213;24
218;214;24
218;215;24
218;216;24
218;217;24
218;218;32
218;219;32
218;220;32
218;221;32
218;222;32
218;223;32
218;224;32
218;225;32
218;226;32
218;227;32
218;228;32
218;229;32
218;230;32
218;231;32
218;232;32
218;233;32
218;234;32
218;235;32
218;236;32
218;237;32
218;238;32
218;239;32
218;240;32
218;241;19
218;242;19
218;243;19
218;244;19
218;245;19
218;246;19
218;247;19
218;248;19
218;249;19
218;250;19
218;251;19
218;252;19
218;253;19
218;254;19
218;255;33
218;256;33
218;257;33
218;258;33
218;259;33
218;260;33
218;261;33
218;262;33
218;263;33
218;264;33
218;265;33
218;266;33
218;267;33
218;268;33
218;269;33
218;270;33
218;271;33
218;272;33
218;273;33
218;274;33
218;275;33
218;276;33
218;277;37
218;278;37
218;279;37
218;280;37
218;281;37
218;282;37
218;283;37
218;284;37
218;285;37
218;286;37
218;287;37
218;288;38
218;289;38
218;290;38
218;291;38
218;292;38
218;293;38
218;294;38
218;295;38
218;296;38
218;297;38
218;298;38
218;299;38
218;300;38
218;301;38
218;302;38
218;303;38
218;304;38
218;305;38
218;306;38
218;307;38
218;308;38
218;309;38
218;310;38
218;311;38
218;312;38
218;313;38
218;314;38
218;315;38
218;316;38
218;317;38
218;318;38
218;319;8
218;320;8
218;321;8
218;322;8
218;323;8
218;324;8
218;325;8
218;326;8
218;327;8
218;328;8
218;329;8
218;330;8
218;331;8
218;332;8
218;333;8
218;334;8
218;335;8
218;336;8
218;337;8
218;338;8
218;339;18
218;340;18
218;341;18
218;342;18
218;343;18
218;344;18
218;345;18
218;346;18
218;347;18
218;348;18
218;349;18
218;350;18
218;351;18
218;352;13
218;353;13
218;354;13
218;355;13
218;356;13
218;357;13
218;358;13
218;359;13
218;360;13
218;361;13
218;362;7
218;363;7
218;364;7
218;365;7
218;366;7
218;367;7
218;368;7
218;369;7
218;370;7
218;371;7
218;372;7
218;373;7
218;374;7
218;375;7
218;376;7
218;377;7
218;378;7
218;379;7
218;380;7
218;381;7
218;382;7
218;383;7
218;384;7
218;385;7
218;386;7
218;387;7
218;388;7
218;389;28
218;390;28
218;391;28
218;392;28
218;393;28
218;394;28
218;395;28
218;396;28
218;397;28
218;398;28
218;399;28
218;400;28
218;401;48
218;402;48
218;403;48
218;404;48
218;405;48
218;406;48
218;407;48
218;408;48
218;409;48
218;410;48
218;411;48
218;412;48
218;413;48
218;414;48
218;415;48
218;416;48
218;417;48
218;418;48
218;419;48
218;420;48
218;421;48
218;422;48
218;423;48
218;424;48
218;425;48
218;426;48
218;427;26
218;428;26
218;429;26
218;430;26
218;431;26
218;432;26
218;433;26
218;434;26
218;435;26
218;436;26
218;437;26
218;438;26
218;439;26
218;440;26
218;441;26
218;442;26
218;443;26
218;444;26
218;445;26
218;446;26
218;447;26
218;448;26
218;449;26
218;450;26
218;451;26
218;452;26
218;453;26
218;454;26
218;455;26
218;456;26
218;457;26
218;458;26
218;459;26
218;460;26
218;461;26
218;462;26
218;463;26
218;464;26
218;465;26
218;466;26
218;467;26
218;468;26
218;469;26
218;470;26
218;471;26
218;472;26
218;473;26
218;474;26
218;475;26
218;476;26
218;477;26
218;478;26
218;479;26
218;480;26
218;481;26
218;482;26
218;483;26
218;484;26
218;485;26
218;486;26
218;487;26
218;488;26
218;489;26
218;490;26
218;491;26
218;492;26
218;493;26
218;494;26
218;495;26
218;496;26
218;497;26
218;498;26
218;499;26
219;0;28
219;1;28
219;2;28
219;3;28
219;4;28
219;5;28
219;6;28
219;7;28
219;8;28
219;9;28
219;10;28
219;11;28
219;12;28
219;13;28
219;14;28
219;15;28
219;16;28
219;17;28
219;18;28
219;19;41
219;20;41
219;21;41
219;22;41
219;23;41
219;24;41
219;25;41
219;26;41
219;27;41
219;28;41
219;29;51
219;30;51
219;31;51
219;32;51
219;33;51
219;34;51
219;35;51
219;36;51
219;37;51
219;38;51
219;39;51
219;40;51
219;41;51
219;42;51
219;43;51
219;44;51
219;45;51
219;46;51
219;47;51
219;48;34
219;49;34
219;50;34
219;51;34
219;52;34
219;53;34
219;54;34
219;55;34
219;56;34
219;57;34
219;58;34
219;59;12
219;60;12
219;61;12
219;62;12
219;63;12
219;64;12
219;65;12
219;66;12
219;67;12
219;68;12
219;69;12
219;70;12
219;71;12
219;72;12
219;73;12
219;74;12
219;75;12
219;76;12
219;77;39
219;78;39
219;79;6
219;80;6
219;81;6
219;82;6
219;83;6
219;84;6
219;85;6
219;86;6
219;87;6
219;88;6
219;89;5
219;90;5
219;91;5
219;92;5
219;93;5
219;94;5
219;95;5
219;96;5
219;97;5
219;98;5
219;99;5
219;100;5
219;101;17
219;102;17
219;103;17
219;104;17
219;105;17
219;106;17
219;107;17
219;108;17
219;109;17
219;110;17
219;111;17
219;112;17
219;113;17
219;114;17
219;115;17
219;116;17
219;117;17
219;118;17
219;119;17
219;120;21
219;121;21
219;122;21
219;123;21
219;124;21
219;125;21
219;126;21
219;127;21
219;128;21
219;129;21
219;130;21
219;131;21
219;132;21
219;133;21
219;134;21
219;135;21
219;136;21
219;137;21
219;138;21
219;139;21
219;140;21
219;141;21
219;142;21
219;143;21
219;144;21
219;145;21
219;146;21
219;147;21
219;148;21
219;149;21
219;150;39
219;151;39
219;152;39
219;153;39
219;154;39
219;155;39
219;156;39
219;157;39
219;158;39
219;159;39
219;160;39
219;161;39
219;162;39
219;163;39
219;164;39
219;165;39
219;166;39
219;167;39
219;168;39
219;169;39
219;170;39
219;171;39
219;172;39
219;173;39
219;174;39
219;175;39
219;176;39
219;177;39
219;178;39
219;179;39
219;180;34
219;181;34
219;182;34
219;183;34
219;184;34
219;185;34
219;186;34
219;187;34
219;188;34
219;189;34
219;190;34
219;191;34
219;192;34
219;193;34
219;194;34
219;195;34
219;196;34
219;197;34
219;198;34
219;199;34
219;200;34
219;201;34
219;202;34
219;203;34
219;204;34
219;205;24
219;206;24
219;207;24
219;208;24
219;209;24
219;210;24
219;211;24
219;212;24
219;213;24
219;214;24
219;215;24
219;216;24
219;217;24
219;218;24
219;219;24
219;220;32
219;221;32
219;222;32
219;223;32
219;224;32
219;225;32
219;226;32
219;227;32
219;228;32
219;229;32
219;230;32
219;231;32
219;232;32
219;233;32
219;234;32
219;235;32
219;236;32
219;237;32
219;238;32
219;239;32
219;240;32
219;241;19
219;242;19
219;243;19
219;244;19
219;245;19
219;246;19
219;247;19
219;248;19
219;249;19
219;250;19
219;251;19
219;252;19
219;253;19
219;254;19
219;255;19
219;256;33
219;257;33
219;258;33
219;259;33
219;260;33
219;261;33
219;262;33
219;263;33
219;264;33
219;265;33
219;266;33
219;267;33
219;268;33
219;269;33
219;270;33
219;271;33
219;272;33
219;273;33
219;274;33
219;275;33
219;276;33
219;277;37
219;278;37
219;279;37
219;280;37
219;281;37
219;282;37
219;283;37
219;284;37
219;285;37
219;286;37
219;287;38
219;288;38
219;289;38
219;290;38
219;291;38
219;292;38
219;293;38
219;294;38
219;295;38
219;296;38
219;297;38
219;298;38
219;299;38
219;300;38
219;301;38
219;302;38
219;303;38
219;304;38
219;305;38
219;306;38
219;307;38
219;308;38
219;309;38
219;310;38
219;311;38
219;312;38
219;313;38
219;314;38
219;315;38
219;316;38
219;317;38
219;318;38
219;319;38
219;320;8
219;321;8
219;322;8
219;323;8
219;324;8
219;325;8
219;326;8
219;327;8
219;328;8
219;329;8
219;330;8
219;331;8
219;332;8
219;333;8
219;334;8
219;335;8
219;336;8
219;337;8
219;338;18
219;339;18
219;340;18
219;341;18
219;342;18
219;343;18
219;344;18
219;345;18
219;346;18
219;347;18
219;348;18
219;349;18
219;350;18
219;351;18
219;352;13
219;353;13
219;354;13
219;355;13
219;356;13
219;357;13
219;358;13
219;359;13
219;360;13
219;361;13
219;362;38
219;363;7
219;364;7
219;365;7
219;366;7
219;367;7
219;368;7
219;369;7
219;370;7
219;371;7
219;372;7
219;373;7
219;374;7
219;375;7
219;376;7
219;377;7
219;378;7
219;379;7
219;380;7
219;381;7
219;382;7
219;383;7
219;384;7
219;385;7
219;386;7
219;387;7
219;388;7
219;389;7
219;390;28
219;391;28
219;392;28
219;393;28
219;394;28
219;395;28
219;396;28
219;397;28
219;398;28
219;399;28
219;400;28
219;401;28
219;402;48
219;403;48
219;404;48
219;405;48
219;406;48
219;407;48
219;408;48
219;409;48
219;410;48
219;411;48
219;412;48
219;413;48
219;414;48
219;415;48
219;416;48
219;417;48
219;418;48
219;419;48
219;420;48
219;421;48
219;422;48
219;423;48
219;424;48
219;425;48
219;426;48
219;427;48
219;428;26
219;429;26
219;430;26
219;431;26
219;432;26
219;433;26
219;434;26
219;435;26
219;436;26
219;437;26
219;438;26
219;439;26
219;440;26
219;441;26
219;442;26
219;443;26
219;444;26
219;445;26
219;446;26
219;447;26
219;448;26
219;449;26
219;450;26
219;451;26
219;452;26
219;453;26
219;454;26
219;455;26
219;456;26
219;457;26
219;458;26
219;459;26
219;460;26
219;461;26
219;462;26
219;463;26
219;464;26
219;465;26
219;466;26
219;467;26
219;468;26
219;469;26
219;470;26
219;471;26
219;472;26
219;473;26
219;474;26
219;475;26
219;476;26
219;477;26
219;478;26
219;479;26
219;480;26
219;481;26
219;482;26
219;483;26
219;484;26
219;485;26
219;486;26
219;487;26
219;488;26
219;489;26
219;490;26
219;491;26
219;492;26
219;493;26
219;494;26
219;495;26
219;496;26
219;497;26
219;498;26
219;499;26
220;0;28
220;1;28
220;2;28
220;3;28
220;4;28
220;5;28
220;6;28
220;7;28
220;8;28
220;9;28
220;10;28
220;11;28
220;12;28
220;13;28
220;14;28
220;15;28
220;16;28
220;17;28
220;18;28
220;19;28
220;20;41
220;21;41
220;22;41
220;23;41
220;24;41
220;25;41
220;26;41
220;27;41
220;28;41
220;29;51
220;30;51
220;31;51
220;32;51
220;33;51
220;34;51
220;35;51
220;36;51
220;37;51
220;38;51
220;39;51
220;40;51
220;41;51
220;42;51
220;43;51
220;44;51
220;45;51
220;46;51
220;47;51
220;48;34
220;49;34
220;50;34
220;51;34
220;52;34
220;53;34
220;54;34
220;55;34
220;56;34
220;57;34
220;58;34
220;59;34
220;60;12
220;61;12
220;62;12
220;63;12
220;64;12
220;65;12
220;66;12
220;67;12
220;68;12
220;69;12
220;70;12
220;71;12
220;72;12
220;73;12
220;74;12
220;75;12
220;76;12
220;77;12
220;78;6
220;79;6
220;80;6
220;81;6
220;82;6
220;83;6
220;84;6
220;85;6
220;86;6
220;87;6
220;88;6
220;89;6
220;90;6
220;91;5
220;92;5
220;93;5
220;94;5
220;95;5
220;96;5
220;97;5
220;98;5
220;99;5
220;100;5
220;101;17
220;102;17
220;103;17
220;104;17
220;105;17
220;106;17
220;107;17
220;108;17
220;109;17
220;110;17
220;111;17
220;112;17
220;113;17
220;114;17
220;115;17
220;116;17
220;117;17
220;118;17
220;119;17
220;120;17
220;121;21
220;122;21
220;123;21
220;124;21
220;125;21
220;126;21
220;127;21
220;128;21
220;129;21
220;130;21
220;131;21
220;132;21
220;133;21
220;134;21
220;135;21
220;136;21
220;137;21
220;138;21
220;139;21
220;140;21
220;141;21
220;142;21
220;143;21
220;144;21
220;145;21
220;146;21
220;147;21
220;148;21
220;149;32
220;150;39
220;151;39
220;152;39
220;153;39
220;154;39
220;155;39
220;156;39
220;157;39
220;158;39
220;159;39
220;160;39
220;161;39
220;162;39
220;163;39
220;164;39
220;165;39
220;166;39
220;167;39
220;168;39
220;169;39
220;170;39
220;171;39
220;172;39
220;173;39
220;174;39
220;175;39
220;176;39
220;177;39
220;178;39
220;179;39
220;180;39
220;181;34
220;182;34
220;183;34
220;184;34
220;185;34
220;186;34
220;187;34
220;188;34
220;189;34
220;190;34
220;191;34
220;192;34
220;193;34
220;194;34
220;195;34
220;196;34
220;197;34
220;198;34
220;199;34
220;200;34
220;201;34
220;202;34
220;203;34
220;204;34
220;205;24
220;206;24
220;207;24
220;208;24
220;209;24
220;210;24
220;211;24
220;212;24
220;213;24
220;214;24
220;215;24
220;216;24
220;217;24
220;218;24
220;219;24
220;220;24
220;221;24
220;222;32
220;223;32
220;224;32
220;225;32
220;226;32
220;227;32
220;228;32
220;229;32
220;230;32
220;231;32
220;232;32
220;233;32
220;234;32
220;235;32
220;236;32
220;237;32
220;238;32
220;239;32
220;240;32
220;241;32
220;242;19
220;243;19
220;244;19
220;245;19
220;246;19
220;247;19
220;248;19
220;249;19
220;250;19
220;251;19
220;252;19
220;253;19
220;254;19
220;255;19
220;256;19
220;257;33
220;258;33
220;259;33
220;260;33
220;261;33
220;262;33
220;263;33
220;264;33
220;265;33
220;266;33
220;267;33
220;268;33
220;269;33
220;270;33
220;271;33
220;272;33
220;273;43
220;274;43
220;275;43
220;276;43
220;277;43
220;278;37
220;279;37
220;280;37
220;281;37
220;282;37
220;283;37
220;284;37
220;285;37
220;286;38
220;287;38
220;288;38
220;289;38
220;290;38
220;291;38
220;292;38
220;293;38
220;294;38
220;295;38
220;296;38
220;297;38
220;298;38
220;299;38
220;300;38
220;301;38
220;302;38
220;303;38
220;304;38
220;305;38
220;306;38
220;307;38
220;308;38
220;309;38
220;310;38
220;311;38
220;312;38
220;313;38
220;314;38
220;315;38
220;316;38
220;317;38
220;318;38
220;319;38
220;320;38
220;321;8
220;322;8
220;323;8
220;324;8
220;325;8
220;326;8
220;327;8
220;328;8
220;329;8
220;330;8
220;331;8
220;332;18
220;333;18
220;334;18
220;335;18
220;336;18
220;337;18
220;338;18
220;339;18
220;340;18
220;341;18
220;342;18
220;343;18
220;344;18
220;345;18
220;346;18
220;347;18
220;348;18
220;349;18
220;350;18
220;351;18
220;352;13
220;353;13
220;354;13
220;355;13
220;356;13
220;357;13
220;358;13
220;359;13
220;360;13
220;361;13
220;362;38
220;363;38
220;364;38
220;365;7
220;366;7
220;367;7
220;368;7
220;369;7
220;370;7
220;371;7
220;372;7
220;373;7
220;374;7
220;375;7
220;376;7
220;377;7
220;378;7
220;379;7
220;380;7
220;381;7
220;382;7
220;383;7
220;384;7
220;385;7
220;386;7
220;387;7
220;388;7
220;389;7
220;390;7
220;391;28
220;392;28
220;393;28
220;394;28
220;395;28
220;396;28
220;397;28
220;398;28
220;399;28
220;400;28
220;401;28
220;402;28
220;403;48
220;404;48
220;405;48
220;406;48
220;407;48
220;408;48
220;409;48
220;410;48
220;411;48
220;412;48
220;413;48
220;414;48
220;415;48
220;416;48
220;417;48
220;418;48
220;419;48
220;420;48
220;421;48
220;422;48
220;423;48
220;424;48
220;425;48
220;426;48
220;427;48
220;428;26
220;429;26
220;430;26
220;431;26
220;432;26
220;433;26
220;434;26
220;435;26
220;436;26
220;437;26
220;438;26
220;439;26
220;440;26
220;441;26
220;442;26
220;443;26
220;444;26
220;445;26
220;446;26
220;447;26
220;448;26
220;449;26
220;450;26
220;451;26
220;452;26
220;453;26
220;454;26
220;455;26
220;456;26
220;457;26
220;458;26
220;459;26
220;460;26
220;461;26
220;462;26
220;463;26
220;464;26
220;465;26
220;466;26
220;467;26
220;468;26
220;469;26
220;470;26
220;471;26
220;472;26
220;473;26
220;474;26
220;475;26
220;476;26
220;477;26
220;478;26
220;479;26
220;480;26
220;481;26
220;482;26
220;483;26
220;484;26
220;485;26
220;486;26
220;487;26
220;488;26
220;489;26
220;490;26
220;491;26
220;492;26
220;493;26
220;494;26
220;495;26
220;496;26
220;497;26
220;498;26
220;499;26
221;0;28
221;1;28
221;2;28
221;3;28
221;4;28
221;5;28
221;6;28
221;7;28
221;8;28
221;9;28
221;10;28
221;11;28
221;12;28
221;13;28
221;14;28
221;15;28
221;16;28
221;17;28
221;18;28
221;19;28
221;20;28
221;21;41
221;22;41
221;23;41
221;24;41
221;25;41
221;26;41
221;27;41
221;28;41
221;29;41
221;30;51
221;31;51
221;32;51
221;33;51
221;34;51
221;35;51
221;36;51
221;37;51
221;38;51
221;39;51
221;40;51
221;41;51
221;42;51
221;43;51
221;44;51
221;45;51
221;46;51
221;47;51
221;48;34
221;49;34
221;50;34
221;51;34
221;52;34
221;53;34
221;54;34
221;55;34
221;56;34
221;57;34
221;58;34
221;59;34
221;60;34
221;61;12
221;62;12
221;63;12
221;64;12
221;65;12
221;66;12
221;67;12
221;68;12
221;69;12
221;70;12
221;71;12
221;72;12
221;73;12
221;74;12
221;75;12
221;76;12
221;77;12
221;78;6
221;79;6
221;80;6
221;81;6
221;82;6
221;83;6
221;84;6
221;85;6
221;86;6
221;87;6
221;88;6
221;89;6
221;90;6
221;91;6
221;92;5
221;93;5
221;94;5
221;95;5
221;96;5
221;97;5
221;98;5
221;99;5
221;100;5
221;101;5
221;102;17
221;103;17
221;104;17
221;105;17
221;106;17
221;107;17
221;108;17
221;109;17
221;110;17
221;111;17
221;112;17
221;113;17
221;114;17
221;115;17
221;116;17
221;117;17
221;118;17
221;119;17
221;120;17
221;121;21
221;122;21
221;123;21
221;124;21
221;125;21
221;126;21
221;127;21
221;128;21
221;129;21
221;130;21
221;131;21
221;132;21
221;133;21
221;134;21
221;135;21
221;136;21
221;137;21
221;138;21
221;139;21
221;140;21
221;141;21
221;142;21
221;143;21
221;144;21
221;145;21
221;146;21
221;147;21
221;148;32
221;149;32
221;150;32
221;151;39
221;152;39
221;153;39
221;154;39
221;155;39
221;156;39
221;157;39
221;158;39
221;159;39
221;160;39
221;161;39
221;162;39
221;163;39
221;164;39
221;165;39
221;166;39
221;167;39
221;168;39
221;169;39
221;170;39
221;171;39
221;172;39
221;173;39
221;174;39
221;175;39
221;176;39
221;177;39
221;178;39
221;179;39
221;180;39
221;181;34
221;182;34
221;183;34
221;184;34
221;185;34
221;186;34
221;187;34
221;188;34
221;189;34
221;190;34
221;191;34
221;192;34
221;193;34
221;194;34
221;195;34
221;196;34
221;197;34
221;198;34
221;199;34
221;200;34
221;201;34
221;202;34
221;203;34
221;204;34
221;205;34
221;206;24
221;207;24
221;208;24
221;209;24
221;210;24
221;211;24
221;212;24
221;213;24
221;214;24
221;215;24
221;216;24
221;217;24
221;218;24
221;219;24
221;220;24
221;221;24
221;222;24
221;223;24
221;224;32
221;225;32
221;226;32
221;227;32
221;228;32
221;229;32
221;230;32
221;231;32
221;232;32
221;233;32
221;234;32
221;235;32
221;236;32
221;237;32
221;238;32
221;239;32
221;240;32
221;241;32
221;242;19
221;243;19
221;244;19
221;245;19
221;246;19
221;247;19
221;248;19
221;249;19
221;250;19
221;251;19
221;252;19
221;253;19
221;254;19
221;255;19
221;256;19
221;257;19
221;258;33
221;259;33
221;260;33
221;261;33
221;262;33
221;263;33
221;264;33
221;265;33
221;266;33
221;267;33
221;268;33
221;269;33
221;270;33
221;271;33
221;272;43
221;273;43
221;274;43
221;275;43
221;276;43
221;277;43
221;278;43
221;279;37
221;280;37
221;281;37
221;282;37
221;283;37
221;284;37
221;285;38
221;286;38
221;287;38
221;288;38
221;289;38
221;290;38
221;291;38
221;292;38
221;293;38
221;294;38
221;295;38
221;296;38
221;297;38
221;298;38
221;299;38
221;300;38
221;301;38
221;302;38
221;303;38
221;304;38
221;305;38
221;306;38
221;307;38
221;308;38
221;309;38
221;310;38
221;311;38
221;312;38
221;313;38
221;314;38
221;315;38
221;316;38
221;317;38
221;318;38
221;319;38
221;320;38
221;321;38
221;322;8
221;323;8
221;324;8
221;325;8
221;326;8
221;327;8
221;328;8
221;329;8
221;330;8
221;331;18
221;332;18
221;333;18
221;334;18
221;335;18
221;336;18
221;337;18
221;338;18
221;339;18
221;340;18
221;341;18
221;342;18
221;343;18
221;344;18
221;345;18
221;346;18
221;347;18
221;348;18
221;349;18
221;350;18
221;351;18
221;352;13
221;353;13
221;354;13
221;355;13
221;356;13
221;357;13
221;358;13
221;359;13
221;360;13
221;361;13
221;362;38
221;363;38
221;364;38
221;365;38
221;366;38
221;367;7
221;368;7
221;369;7
221;370;7
221;371;7
221;372;7
221;373;7
221;374;7
221;375;7
221;376;7
221;377;7
221;378;7
221;379;7
221;380;7
221;381;7
221;382;7
221;383;7
221;384;7
221;385;7
221;386;7
221;387;7
221;388;7
221;389;7
221;390;7
221;391;7
221;392;28
221;393;28
221;394;28
221;395;28
221;396;28
221;397;28
221;398;28
221;399;28
221;400;28
221;401;28
221;402;28
221;403;28
221;404;48
221;405;48
221;406;48
221;407;48
221;408;48
221;409;48
221;410;48
221;411;48
221;412;48
221;413;48
221;414;48
221;415;48
221;416;48
221;417;48
221;418;48
221;419;48
221;420;48
221;421;48
221;422;48
221;423;48
221;424;48
221;425;48
221;426;48
221;427;48
221;428;48
221;429;26
221;430;26
221;431;26
221;432;26
221;433;26
221;434;26
221;435;26
221;436;26
221;437;26
221;438;26
221;439;26
221;440;26
221;441;26
221;442;26
221;443;26
221;444;26
221;445;26
221;446;26
221;447;26
221;448;26
221;449;26
221;450;26
221;451;26
221;452;26
221;453;26
221;454;26
221;455;26
221;456;26
221;457;26
221;458;26
221;459;26
221;460;26
221;461;26
221;462;26
221;463;26
221;464;26
221;465;26
221;466;26
221;467;26
221;468;26
221;469;26
221;470;26
221;471;26
221;472;26
221;473;26
221;474;26
221;475;26
221;476;26
221;477;26
221;478;26
221;479;26
221;480;26
221;481;26
221;482;26
221;483;26
221;484;26
221;485;26
221;486;26
221;487;26
221;488;26
221;489;26
221;490;26
221;491;26
221;492;26
221;493;26
221;494;26
221;495;26
221;496;26
221;497;26
221;498;26
221;499;26
222;0;28
222;1;28
222;2;28
222;3;28
222;4;28
222;5;28
222;6;28
222;7;28
222;8;28
222;9;28
222;10;28
222;11;28
222;12;28
222;13;28
222;14;28
222;15;28
222;16;28
222;17;28
222;18;28
222;19;28
222;20;28
222;21;28
222;22;41
222;23;41
222;24;41
222;25;41
222;26;41
222;27;41
222;28;41
222;29;41
222;30;51
222;31;51
222;32;51
222;33;51
222;34;51
222;35;51
222;36;51
222;37;51
222;38;51
222;39;51
222;40;51
222;41;51
222;42;51
222;43;51
222;44;51
222;45;51
222;46;51
222;47;51
222;48;34
222;49;34
222;50;34
222;51;34
222;52;34
222;53;34
222;54;34
222;55;34
222;56;34
222;57;34
222;58;34
222;59;34
222;60;34
222;61;34
222;62;12
222;63;12
222;64;12
222;65;12
222;66;12
222;67;12
222;68;12
222;69;12
222;70;12
222;71;12
222;72;12
222;73;12
222;74;12
222;75;12
222;76;12
222;77;12
222;78;6
222;79;6
222;80;6
222;81;6
222;82;6
222;83;6
222;84;6
222;85;6
222;86;6
222;87;6
222;88;6
222;89;6
222;90;6
222;91;6
222;92;6
222;93;5
222;94;5
222;95;5
222;96;5
222;97;5
222;98;5
222;99;5
222;100;5
222;101;5
222;102;17
222;103;17
222;104;17
222;105;17
222;106;17
222;107;17
222;108;17
222;109;17
222;110;17
222;111;17
222;112;17
222;113;17
222;114;17
222;115;17
222;116;17
222;117;17
222;118;17
222;119;17
222;120;17
222;121;17
222;122;21
222;123;21
222;124;21
222;125;21
222;126;21
222;127;21
222;128;21
222;129;21
222;130;21
222;131;21
222;132;21
222;133;21
222;134;21
222;135;21
222;136;21
222;137;21
222;138;21
222;139;21
222;140;21
222;141;21
222;142;21
222;143;21
222;144;21
222;145;21
222;146;21
222;147;32
222;148;32
222;149;32
222;150;32
222;151;32
222;152;39
222;153;39
222;154;39
222;155;39
222;156;39
222;157;39
222;158;39
222;159;39
222;160;39
222;161;39
222;162;39
222;163;39
222;164;39
222;165;39
222;166;39
222;167;39
222;168;39
222;169;39
222;170;39
222;171;39
222;172;39
222;173;39
222;174;39
222;175;39
222;176;39
222;177;39
222;178;39
222;179;39
222;180;39
222;181;39
222;182;34
222;183;34
222;184;34
222;185;34
222;186;34
222;187;34
222;188;34
222;189;34
222;190;34
222;191;34
222;192;34
222;193;34
222;194;34
222;195;34
222;196;34
222;197;34
222;198;34
222;199;34
222;200;34
222;201;34
222;202;34
222;203;34
222;204;34
222;205;34
222;206;24
222;207;24
222;208;24
222;209;24
222;210;24
222;211;24
222;212;24
222;213;24
222;214;24
222;215;24
222;216;24
222;217;24
222;218;24
222;219;24
222;220;24
222;221;24
222;222;24
222;223;24
222;224;24
222;225;32
222;226;32
222;227;32
222;228;32
222;229;32
222;230;32
222;231;32
222;232;32
222;233;32
222;234;32
222;235;32
222;236;32
222;237;32
222;238;32
222;239;32
222;240;32
222;241;32
222;242;32
222;243;19
222;244;19
222;245;19
222;246;19
222;247;19
222;248;19
222;249;19
222;250;19
222;251;19
222;252;19
222;253;19
222;254;19
222;255;19
222;256;19
222;257;19
222;258;19
222;259;33
222;260;33
222;261;33
222;262;33
222;263;33
222;264;33
222;265;33
222;266;33
222;267;33
222;268;33
222;269;33
222;270;33
222;271;43
222;272;43
222;273;43
222;274;43
222;275;43
222;276;43
222;277;43
222;278;43
222;279;43
222;280;37
222;281;37
222;282;37
222;283;37
222;284;38
222;285;38
222;286;38
222;287;38
222;288;38
222;289;38
222;290;38
222;291;38
222;292;38
222;293;38
222;294;38
222;295;38
222;296;38
222;297;38
222;298;38
222;299;38
222;300;38
222;301;38
222;302;38
222;303;38
222;304;38
222;305;38
222;306;38
222;307;38
222;308;38
222;309;38
222;310;38
222;311;38
222;312;38
222;313;38
222;314;38
222;315;38
222;316;38
222;317;38
222;318;38
222;319;38
222;320;38
222;321;38
222;322;38
222;323;8
222;324;8
222;325;8
222;326;8
222;327;8
222;328;8
222;329;8
222;330;18
222;331;18
222;332;18
222;333;18
222;334;18
222;335;18
222;336;18
222;337;18
222;338;18
222;339;18
222;340;18
222;341;18
222;342;18
222;343;18
222;344;18
222;345;18
222;346;18
222;347;18
222;348;18
222;349;18
222;350;18
222;351;18
222;352;13
222;353;13
222;354;13
222;355;13
222;356;13
222;357;13
222;358;13
222;359;13
222;360;13
222;361;13
222;362;38
222;363;38
222;364;38
222;365;38
222;366;38
222;367;38
222;368;38
222;369;7
222;370;7
222;371;7
222;372;7
222;373;7
222;374;7
222;375;7
222;376;7
222;377;7
222;378;7
222;379;7
222;380;7
222;381;7
222;382;7
222;383;7
222;384;7
222;385;7
222;386;7
222;387;7
222;388;7
222;389;7
222;390;7
222;391;7
222;392;7
222;393;28
222;394;28
222;395;28
222;396;28
222;397;28
222;398;28
222;399;28
222;400;28
222;401;28
222;402;28
222;403;28
222;404;28
222;405;48
222;406;48
222;407;48
222;408;48
222;409;48
222;410;48
222;411;48
222;412;48
222;413;48
222;414;48
222;415;48
222;416;48
222;417;48
222;418;48
222;419;48
222;420;48
222;421;48
222;422;48
222;423;48
222;424;48
222;425;48
222;426;48
222;427;48
222;428;48
222;429;43
222;430;26
222;431;26
222;432;26
222;433;26
222;434;26
222;435;26
222;436;26
222;437;26
222;438;26
222;439;26
222;440;26
222;441;26
222;442;26
222;443;26
222;444;26
222;445;26
222;446;26
222;447;26
222;448;26
222;449;26
222;450;26
222;451;26
222;452;26
222;453;26
222;454;26
222;455;26
222;456;26
222;457;26
222;458;26
222;459;26
222;460;26
222;461;26
222;462;26
222;463;26
222;464;26
222;465;26
222;466;26
222;467;26
222;468;26
222;469;26
222;470;26
222;471;26
222;472;26
222;473;26
222;474;26
222;475;26
222;476;26
222;477;26
222;478;26
222;479;26
222;480;26
222;481;26
222;482;26
222;483;26
222;484;26
222;485;26
222;486;26
222;487;26
222;488;26
222;489;35
222;490;35
222;491;35
222;492;35
222;493;35
222;494;35
222;495;35
222;496;35
222;497;35
222;498;35
222;499;35
223;0;28
223;1;28
223;2;28
223;3;28
223;4;28
223;5;28
223;6;28
223;7;28
223;8;28
223;9;28
223;10;28
223;11;28
223;12;28
223;13;28
223;14;28
223;15;28
223;16;28
223;17;28
223;18;28
223;19;28
223;20;28
223;21;28
223;22;28
223;23;41
223;24;41
223;25;41
223;26;41
223;27;41
223;28;41
223;29;41
223;30;41
223;31;51
223;32;51
223;33;51
223;34;51
223;35;51
223;36;51
223;37;51
223;38;51
223;39;51
223;40;51
223;41;51
223;42;51
223;43;51
223;44;51
223;45;51
223;46;51
223;47;51
223;48;34
223;49;34
223;50;34
223;51;34
223;52;34
223;53;34
223;54;34
223;55;34
223;56;34
223;57;34
223;58;34
223;59;34
223;60;34
223;61;34
223;62;34
223;63;12
223;64;12
223;65;12
223;66;12
223;67;12
223;68;12
223;69;12
223;70;12
223;71;12
223;72;12
223;73;12
223;74;12
223;75;12
223;76;12
223;77;12
223;78;6
223;79;6
223;80;6
223;81;6
223;82;6
223;83;6
223;84;6
223;85;6
223;86;6
223;87;6
223;88;6
223;89;6
223;90;6
223;91;6
223;92;6
223;93;6
223;94;5
223;95;5
223;96;5
223;97;5
223;98;5
223;99;5
223;100;5
223;101;5
223;102;5
223;103;17
223;104;17
223;105;17
223;106;17
223;107;17
223;108;17
223;109;17
223;110;17
223;111;17
223;112;17
223;113;17
223;114;17
223;115;17
223;116;17
223;117;17
223;118;17
223;119;17
223;120;17
223;121;17
223;122;21
223;123;21
223;124;21
223;125;21
223;126;21
223;127;21
223;128;21
223;129;21
223;130;21
223;131;21
223;132;21
223;133;21
223;134;21
223;135;21
223;136;21
223;137;21
223;138;21
223;139;21
223;140;21
223;141;21
223;142;21
223;143;21
223;144;21
223;145;21
223;146;32
223;147;32
223;148;32
223;149;32
223;150;32
223;151;32
223;152;32
223;153;39
223;154;39
223;155;39
223;156;39
223;157;39
223;158;39
223;159;39
223;160;39
223;161;39
223;162;39
223;163;39
223;164;39
223;165;39
223;166;39
223;167;39
223;168;39
223;169;39
223;170;39
223;171;39
223;172;39
223;173;39
223;174;39
223;175;39
223;176;39
223;177;39
223;178;39
223;179;39
223;180;39
223;181;39
223;182;34
223;183;34
223;184;34
223;185;34
223;186;34
223;187;34
223;188;34
223;189;34
223;190;34
223;191;34
223;192;34
223;193;34
223;194;34
223;195;34
223;196;34
223;197;34
223;198;34
223;199;34
223;200;34
223;201;34
223;202;34
223;203;34
223;204;34
223;205;34
223;206;34
223;207;24
223;208;24
223;209;24
223;210;24
223;211;24
223;212;24
223;213;24
223;214;24
223;215;24
223;216;24
223;217;24
223;218;24
223;219;24
223;220;24
223;221;24
223;222;24
223;223;24
223;224;24
223;225;24
223;226;32
223;227;32
223;228;32
223;229;32
223;230;32
223;231;32
223;232;32
223;233;32
223;234;32
223;235;32
223;236;32
223;237;32
223;238;32
223;239;32
223;240;32
223;241;32
223;242;32
223;243;19
223;244;19
223;245;19
223;246;19
223;247;19
223;248;19
223;249;19
223;250;19
223;251;19
223;252;19
223;253;19
223;254;19
223;255;19
223;256;19
223;257;19
223;258;19
223;259;19
223;260;33
223;261;33
223;262;33
223;263;33
223;264;33
223;265;33
223;266;33
223;267;33
223;268;33
223;269;33
223;270;43
223;271;43
223;272;43
223;273;43
223;274;43
223;275;43
223;276;43
223;277;43
223;278;43
223;279;43
223;280;43
223;281;37
223;282;37
223;283;38
223;284;38
223;285;38
223;286;38
223;287;38
223;288;38
223;289;38
223;290;38
223;291;38
223;292;38
223;293;38
223;294;38
223;295;38
223;296;38
223;297;38
223;298;38
223;299;38
223;300;38
223;301;38
223;302;38
223;303;38
223;304;38
223;305;38
223;306;38
223;307;38
223;308;38
223;309;38
223;310;38
223;311;38
223;312;38
223;313;38
223;314;38
223;315;38
223;316;38
223;317;38
223;318;38
223;319;38
223;320;38
223;321;38
223;322;38
223;323;38
223;324;8
223;325;8
223;326;8
223;327;8
223;328;8
223;329;18
223;330;18
223;331;18
223;332;18
223;333;18
223;334;18
223;335;18
223;336;18
223;337;18
223;338;18
223;339;18
223;340;18
223;341;18
223;342;18
223;343;18
223;344;18
223;345;18
223;346;18
223;347;18
223;348;18
223;349;18
223;350;18
223;351;18
223;352;13
223;353;13
223;354;13
223;355;13
223;356;13
223;357;13
223;358;13
223;359;13
223;360;13
223;361;13
223;362;38
223;363;38
223;364;38
223;365;38
223;366;38
223;367;38
223;368;38
223;369;38
223;370;7
223;371;7
223;372;7
223;373;7
223;374;7
223;375;7
223;376;7
223;377;7
223;378;7
223;379;7
223;380;7
223;381;7
223;382;7
223;383;7
223;384;7
223;385;7
223;386;7
223;387;7
223;388;7
223;389;7
223;390;7
223;391;7
223;392;7
223;393;7
223;394;28
223;395;28
223;396;28
223;397;28
223;398;28
223;399;28
223;400;28
223;401;28
223;402;28
223;403;28
223;404;28
223;405;28
223;406;48
223;407;48
223;408;48
223;409;48
223;410;48
223;411;48
223;412;48
223;413;48
223;414;48
223;415;48
223;416;48
223;417;48
223;418;48
223;419;48
223;420;48
223;421;48
223;422;48
223;423;48
223;424;48
223;425;48
223;426;48
223;427;48
223;428;43
223;429;43
223;430;43
223;431;43
223;432;26
223;433;26
223;434;26
223;435;26
223;436;26
223;437;26
223;438;26
223;439;26
223;440;26
223;441;26
223;442;26
223;443;26
223;444;26
223;445;26
223;446;26
223;447;26
223;448;26
223;449;26
223;450;26
223;451;26
223;452;26
223;453;26
223;454;26
223;455;26
223;456;26
223;457;26
223;458;26
223;459;26
223;460;26
223;461;26
223;462;26
223;463;26
223;464;26
223;465;26
223;466;26
223;467;26
223;468;26
223;469;26
223;470;26
223;471;26
223;472;26
223;473;26
223;474;26
223;475;26
223;476;26
223;477;36
223;478;36
223;479;36
223;480;36
223;481;36
223;482;36
223;483;36
223;484;36
223;485;36
223;486;36
223;487;36
223;488;36
223;489;35
223;490;35
223;491;35
223;492;35
223;493;35
223;494;35
223;495;35
223;496;35
223;497;35
223;498;35
223;499;35
224;0;28
224;1;28
224;2;28
224;3;28
224;4;28
224;5;28
224;6;28
224;7;28
224;8;28
224;9;28
224;10;28
224;11;28
224;12;28
224;13;28
224;14;28
224;15;28
224;16;28
224;17;28
224;18;28
224;19;28
224;20;28
224;21;28
224;22;28
224;23;28
224;24;41
224;25;41
224;26;41
224;27;41
224;28;41
224;29;41
224;30;41
224;31;51
224;32;51
224;33;51
224;34;51
224;35;51
224;36;51
224;37;51
224;38;51
224;39;51
224;40;51
224;41;51
224;42;51
224;43;51
224;44;51
224;45;51
224;46;51
224;47;51
224;48;34
224;49;34
224;50;34
224;51;34
224;52;34
224;53;34
224;54;34
224;55;34
224;56;34
224;57;34
224;58;34
224;59;34
224;60;34
224;61;34
224;62;34
224;63;34
224;64;12
224;65;12
224;66;12
224;67;12
224;68;12
224;69;12
224;70;12
224;71;12
224;72;12
224;73;12
224;74;12
224;75;12
224;76;12
224;77;12
224;78;6
224;79;6
224;80;6
224;81;6
224;82;6
224;83;6
224;84;6
224;85;6
224;86;6
224;87;6
224;88;6
224;89;6
224;90;6
224;91;6
224;92;6
224;93;6
224;94;6
224;95;5
224;96;5
224;97;5
224;98;5
224;99;5
224;100;5
224;101;5
224;102;5
224;103;17
224;104;17
224;105;17
224;106;17
224;107;17
224;108;17
224;109;17
224;110;17
224;111;17
224;112;17
224;113;17
224;114;17
224;115;17
224;116;17
224;117;17
224;118;17
224;119;17
224;120;17
224;121;17
224;122;17
224;123;21
224;124;21
224;125;21
224;126;21
224;127;21
224;128;21
224;129;21
224;130;21
224;131;21
224;132;21
224;133;21
224;134;21
224;135;21
224;136;21
224;137;21
224;138;21
224;139;21
224;140;21
224;141;21
224;142;21
224;143;21
224;144;21
224;145;32
224;146;32
224;147;32
224;148;32
224;149;32
224;150;32
224;151;32
224;152;32
224;153;32
224;154;32
224;155;39
224;156;39
224;157;39
224;158;39
224;159;39
224;160;39
224;161;39
224;162;39
224;163;39
224;164;39
224;165;39
224;166;39
224;167;39
224;168;39
224;169;39
224;170;39
224;171;39
224;172;39
224;173;39
224;174;39
224;175;39
224;176;39
224;177;39
224;178;39
224;179;39
224;180;39
224;181;39
224;182;39
224;183;34
224;184;34
224;185;34
224;186;34
224;187;34
224;188;34
224;189;34
224;190;34
224;191;34
224;192;34
224;193;34
224;194;34
224;195;34
224;196;34
224;197;34
224;198;34
224;199;34
224;200;34
224;201;34
224;202;34
224;203;34
224;204;34
224;205;34
224;206;34
224;207;24
224;208;24
224;209;24
224;210;24
224;211;24
224;212;24
224;213;24
224;214;24
224;215;24
224;216;24
224;217;24
224;218;24
224;219;24
224;220;24
224;221;24
224;222;24
224;223;24
224;224;24
224;225;24
224;226;24
224;227;32
224;228;32
224;229;32
224;230;32
224;231;32
224;232;32
224;233;32
224;234;32
224;235;32
224;236;32
224;237;32
224;238;32
224;239;32
224;240;32
224;241;32
224;242;32
224;243;32
224;244;19
224;245;19
224;246;19
224;247;19
224;248;19
224;249;19
224;250;19
224;251;19
224;252;19
224;253;19
224;254;19
224;255;19
224;256;19
224;257;19
224;258;19
224;259;19
224;260;19
224;261;33
224;262;33
224;263;33
224;264;33
224;265;33
224;266;33
224;267;33
224;268;33
224;269;43
224;270;43
224;271;43
224;272;43
224;273;43
224;274;43
224;275;43
224;276;43
224;277;43
224;278;43
224;279;43
224;280;43
224;281;43
224;282;43
224;283;38
224;284;38
224;285;38
224;286;38
224;287;38
224;288;38
224;289;38
224;290;38
224;291;38
224;292;38
224;293;38
224;294;38
224;295;38
224;296;38
224;297;38
224;298;38
224;299;38
224;300;38
224;301;38
224;302;38
224;303;38
224;304;38
224;305;38
224;306;38
224;307;38
224;308;38
224;309;38
224;310;38
224;311;38
224;312;38
224;313;38
224;314;38
224;315;38
224;316;38
224;317;38
224;318;38
224;319;38
224;320;38
224;321;38
224;322;38
224;323;38
224;324;38
224;325;8
224;326;8
224;327;8
224;328;18
224;329;18
224;330;18
224;331;18
224;332;18
224;333;18
224;334;18
224;335;18
224;336;18
224;337;18
224;338;18
224;339;18
224;340;18
224;341;18
224;342;18
224;343;18
224;344;18
224;345;18
224;346;18
224;347;18
224;348;18
224;349;18
224;350;18
224;351;18
224;352;13
224;353;13
224;354;13
224;355;13
224;356;13
224;357;13
224;358;13
224;359;13
224;360;13
224;361;13
224;362;38
224;363;38
224;364;38
224;365;38
224;366;38
224;367;38
224;368;38
224;369;38
224;370;38
224;371;7
224;372;7
224;373;7
224;374;7
224;375;7
224;376;7
224;377;7
224;378;7
224;379;7
224;380;7
224;381;7
224;382;7
224;383;7
224;384;7
224;385;7
224;386;7
224;387;7
224;388;7
224;389;7
224;390;7
224;391;7
224;392;7
224;393;7
224;394;7
224;395;28
224;396;28
224;397;28
224;398;28
224;399;28
224;400;28
224;401;28
224;402;28
224;403;28
224;404;28
224;405;28
224;406;28
224;407;48
224;408;48
224;409;48
224;410;48
224;411;48
224;412;48
224;413;48
224;414;48
224;415;48
224;416;48
224;417;48
224;418;48
224;419;48
224;420;48
224;421;48
224;422;48
224;423;48
224;424;48
224;425;48
224;426;48
224;427;43
224;428;43
224;429;43
224;430;43
224;431;43
224;432;43
224;433;43
224;434;36
224;435;36
224;436;36
224;437;36
224;438;36
224;439;36
224;440;36
224;441;36
224;442;36
224;443;36
224;444;36
224;445;36
224;446;36
224;447;36
224;448;36
224;449;36
224;450;36
224;451;36
224;452;36
224;453;36
224;454;36
224;455;36
224;456;36
224;457;36
224;458;36
224;459;36
224;460;36
224;461;36
224;462;36
224;463;36
224;464;36
224;465;36
224;466;36
224;467;36
224;468;36
224;469;36
224;470;36
224;471;36
224;472;36
224;473;36
224;474;36
224;475;36
224;476;36
224;477;36
224;478;36
224;479;36
224;480;36
224;481;36
224;482;36
224;483;36
224;484;36
224;485;36
224;486;36
224;487;36
224;488;36
224;489;35
224;490;35
224;491;35
224;492;35
224;493;35
224;494;35
224;495;35
224;496;35
224;497;35
224;498;35
224;499;35
225;0;28
225;1;28
225;2;28
225;3;28
225;4;28
225;5;28
225;6;28
225;7;28
225;8;28
225;9;28
225;10;28
225;11;28
225;12;28
225;13;28
225;14;28
225;15;28
225;16;28
225;17;28
225;18;28
225;19;28
225;20;28
225;21;28
225;22;28
225;23;28
225;24;28
225;25;41
225;26;41
225;27;41
225;28;41
225;29;41
225;30;41
225;31;41
225;32;51
225;33;51
225;34;51
225;35;51
225;36;51
225;37;51
225;38;51
225;39;51
225;40;51
225;41;51
225;42;51
225;43;51
225;44;51
225;45;51
225;46;51
225;47;51
225;48;34
225;49;34
225;50;34
225;51;34
225;52;34
225;53;34
225;54;34
225;55;34
225;56;34
225;57;34
225;58;34
225;59;34
225;60;34
225;61;34
225;62;34
225;63;34
225;64;34
225;65;12
225;66;12
225;67;12
225;68;12
225;69;12
225;70;12
225;71;12
225;72;12
225;73;12
225;74;12
225;75;12
225;76;12
225;77;12
225;78;6
225;79;6
225;80;6
225;81;6
225;82;6
225;83;6
225;84;6
225;85;6
225;86;6
225;87;6
225;88;6
225;89;6
225;90;6
225;91;6
225;92;6
225;93;6
225;94;6
225;95;6
225;96;6
225;97;5
225;98;5
225;99;5
225;100;5
225;101;5
225;102;5
225;103;17
225;104;17
225;105;17
225;106;17
225;107;17
225;108;17
225;109;17
225;110;17
225;111;17
225;112;17
225;113;17
225;114;17
225;115;17
225;116;17
225;117;17
225;118;17
225;119;17
225;120;17
225;121;17
225;122;17
225;123;21
225;124;21
225;125;21
225;126;21
225;127;21
225;128;21
225;129;21
225;130;21
225;131;21
225;132;21
225;133;21
225;134;21
225;135;21
225;136;21
225;137;21
225;138;21
225;139;21
225;140;21
225;141;21
225;142;21
225;143;21
225;144;32
225;145;32
225;146;32
225;147;32
225;148;32
225;149;32
225;150;32
225;151;32
225;152;32
225;153;32
225;154;32
225;155;32
225;156;32
225;157;39
225;158;39
225;159;39
225;160;39
225;161;39
225;162;39
225;163;39
225;164;39
225;165;39
225;166;39
225;167;39
225;168;39
225;169;39
225;170;39
225;171;39
225;172;39
225;173;39
225;174;39
225;175;39
225;176;39
225;177;39
225;178;39
225;179;39
225;180;39
225;181;39
225;182;39
225;183;34
225;184;34
225;185;34
225;186;34
225;187;34
225;188;34
225;189;34
225;190;34
225;191;34
225;192;34
225;193;34
225;194;34
225;195;34
225;196;34
225;197;34
225;198;34
225;199;34
225;200;34
225;201;34
225;202;34
225;203;34
225;204;34
225;205;34
225;206;34
225;207;24
225;208;24
225;209;24
225;210;24
225;211;24
225;212;24
225;213;24
225;214;24
225;215;24
225;216;24
225;217;24
225;218;24
225;219;24
225;220;24
225;221;24
225;222;24
225;223;24
225;224;24
225;225;24
225;226;24
225;227;24
225;228;32
225;229;32
225;230;32
225;231;32
225;232;32
225;233;32
225;234;32
225;235;32
225;236;32
225;237;32
225;238;32
225;239;32
225;240;32
225;241;32
225;242;32
225;243;32
225;244;19
225;245;19
225;246;19
225;247;19
225;248;19
225;249;19
225;250;19
225;251;19
225;252;19
225;253;19
225;254;19
225;255;19
225;256;19
225;257;19
225;258;19
225;259;19
225;260;19
225;261;19
225;262;33
225;263;33
225;264;33
225;265;33
225;266;33
225;267;33
225;268;43
225;269;43
225;270;43
225;271;43
225;272;43
225;273;43
225;274;43
225;275;43
225;276;43
225;277;43
225;278;43
225;279;43
225;280;43
225;281;43
225;282;43
225;283;38
225;284;38
225;285;38
225;286;38
225;287;38
225;288;38
225;289;38
225;290;38
225;291;38
225;292;38
225;293;38
225;294;38
225;295;38
225;296;38
225;297;38
225;298;38
225;299;38
225;300;38
225;301;38
225;302;38
225;303;38
225;304;38
225;305;38
225;306;38
225;307;38
225;308;38
225;309;38
225;310;38
225;311;38
225;312;38
225;313;38
225;314;38
225;315;38
225;316;38
225;317;38
225;318;38
225;319;38
225;320;38
225;321;38
225;322;38
225;323;38
225;324;38
225;325;38
225;326;38
225;327;18
225;328;18
225;329;18
225;330;18
225;331;18
225;332;18
225;333;18
225;334;18
225;335;18
225;336;18
225;337;18
225;338;18
225;339;18
225;340;18
225;341;18
225;342;18
225;343;18
225;344;18
225;345;18
225;346;18
225;347;18
225;348;18
225;349;18
225;350;18
225;351;18
225;352;13
225;353;13
225;354;13
225;355;13
225;356;13
225;357;13
225;358;13
225;359;13
225;360;13
225;361;13
225;362;38
225;363;38
225;364;38
225;365;38
225;366;38
225;367;38
225;368;38
225;369;38
225;370;38
225;371;38
225;372;7
225;373;7
225;374;7
225;375;7
225;376;7
225;377;7
225;378;7
225;379;7
225;380;7
225;381;7
225;382;7
225;383;7
225;384;7
225;385;7
225;386;7
225;387;7
225;388;7
225;389;7
225;390;7
225;391;7
225;392;7
225;393;7
225;394;7
225;395;7
225;396;28
225;397;28
225;398;28
225;399;28
225;400;28
225;401;28
225;402;28
225;403;28
225;404;28
225;405;28
225;406;28
225;407;28
225;408;48
225;409;48
225;410;48
225;411;48
225;412;48
225;413;48
225;414;48
225;415;48
225;416;48
225;417;48
225;418;48
225;419;48
225;420;48
225;421;48
225;422;48
225;423;48
225;424;48
225;425;48
225;426;43
225;427;43
225;428;43
225;429;43
225;430;43
225;431;43
225;432;43
225;433;43
225;434;43
225;435;36
225;436;36
225;437;36
225;438;36
225;439;36
225;440;36
225;441;36
225;442;36
225;443;36
225;444;36
225;445;36
225;446;36
225;447;36
225;448;36
225;449;36
225;450;36
225;451;36
225;452;36
225;453;36
225;454;36
225;455;36
225;456;36
225;457;36
225;458;36
225;459;36
225;460;36
225;461;36
225;462;36
225;463;36
225;464;36
225;465;36
225;466;36
225;467;36
225;468;36
225;469;36
225;470;36
225;471;36
225;472;36
225;473;36
225;474;36
225;475;36
225;476;36
225;477;36
225;478;36
225;479;36
225;480;36
225;481;36
225;482;36
225;483;36
225;484;36
225;485;36
225;486;36
225;487;36
225;488;36
225;489;35
225;490;35
225;491;35
225;492;35
225;493;35
225;494;35
225;495;35
225;496;35
225;497;35
225;498;35
225;499;35
226;0;28
226;1;28
226;2;28
226;3;28
226;4;28
226;5;28
226;6;28
226;7;28
226;8;28
226;9;28
226;10;28
226;11;28
226;12;28
226;13;28
226;14;28
226;15;28
226;16;28
226;17;28
226;18;28
226;19;28
226;20;28
226;21;28
226;22;28
226;23;28
226;24;28
226;25;28
226;26;41
226;27;41
226;28;41
226;29;41
226;30;41
226;31;41
226;32;51
226;33;51
226;34;51
226;35;51
226;36;51
226;37;51
226;38;51
226;39;51
226;40;51
226;41;51
226;42;51
226;43;51
226;44;51
226;45;51
226;46;51
226;47;34
226;48;34
226;49;34
226;50;34
226;51;34
226;52;34
226;53;34
226;54;34
226;55;34
226;56;34
226;57;34
226;58;34
226;59;34
226;60;34
226;61;34
226;62;34
226;63;34
226;64;34
226;65;34
226;66;34
226;67;12
226;68;12
226;69;12
226;70;12
226;71;12
226;72;12
226;73;12
226;74;12
226;75;12
226;76;12
226;77;30
226;78;30
226;79;6
226;80;6
226;81;6
226;82;6
226;83;6
226;84;6
226;85;6
226;86;6
226;87;6
226;88;6
226;89;6
226;90;6
226;91;6
226;92;6
226;93;6
226;94;6
226;95;6
226;96;6
226;97;6
226;98;6
226;99;5
226;100;5
226;101;5
226;102;5
226;103;17
226;104;17
226;105;17
226;106;17
226;107;17
226;108;17
226;109;17
226;110;17
226;111;17
226;112;17
226;113;17
226;114;17
226;115;17
226;116;17
226;117;17
226;118;17
226;119;17
226;120;17
226;121;17
226;122;17
226;123;17
226;124;21
226;125;21
226;126;21
226;127;21
226;128;21
226;129;21
226;130;21
226;131;21
226;132;21
226;133;21
226;134;21
226;135;21
226;136;21
226;137;21
226;138;21
226;139;21
226;140;21
226;141;21
226;142;21
226;143;32
226;144;32
226;145;32
226;146;32
226;147;32
226;148;32
226;149;32
226;150;32
226;151;32
226;152;32
226;153;32
226;154;32
226;155;32
226;156;32
226;157;32
226;158;32
226;159;39
226;160;39
226;161;39
226;162;39
226;163;39
226;164;39
226;165;39
226;166;39
226;167;39
226;168;39
226;169;39
226;170;39
226;171;39
226;172;39
226;173;39
226;174;39
226;175;39
226;176;39
226;177;39
226;178;39
226;179;39
226;180;39
226;181;39
226;182;39
226;183;39
226;184;34
226;185;34
226;186;34
226;187;34
226;188;34
226;189;34
226;190;34
226;191;34
226;192;34
226;193;34
226;194;34
226;195;34
226;196;34
226;197;34
226;198;34
226;199;34
226;200;34
226;201;34
226;202;34
226;203;34
226;204;34
226;205;34
226;206;34
226;207;24
226;208;24
226;209;24
226;210;24
226;211;24
226;212;24
226;213;24
226;214;24
226;215;24
226;216;24
226;217;24
226;218;24
226;219;24
226;220;24
226;221;24
226;222;24
226;223;24
226;224;24
226;225;24
226;226;24
226;227;24
226;228;24
226;229;24
226;230;32
226;231;32
226;232;32
226;233;32
226;234;32
226;235;32
226;236;32
226;237;32
226;238;32
226;239;32
226;240;32
226;241;32
226;242;32
226;243;32
226;244;32
226;245;19
226;246;19
226;247;19
226;248;19
226;249;19
226;250;19
226;251;19
226;252;19
226;253;19
226;254;19
226;255;19
226;256;19
226;257;19
226;258;19
226;259;19
226;260;19
226;261;19
226;262;19
226;263;33
226;264;33
226;265;33
226;266;33
226;267;43
226;268;43
226;269;43
226;270;43
226;271;43
226;272;43
226;273;43
226;274;43
226;275;43
226;276;43
226;277;43
226;278;43
226;279;43
226;280;43
226;281;43
226;282;43
226;283;43
226;284;38
226;285;38
226;286;38
226;287;38
226;288;38
226;289;38
226;290;38
226;291;38
226;292;38
226;293;38
226;294;38
226;295;38
226;296;38
226;297;38
226;298;38
226;299;38
226;300;38
226;301;38
226;302;38
226;303;38
226;304;38
226;305;38
226;306;38
226;307;38
226;308;38
226;309;38
226;310;38
226;311;38
226;312;38
226;313;38
226;314;38
226;315;38
226;316;38
226;317;38
226;318;38
226;319;38
226;320;38
226;321;38
226;322;38
226;323;38
226;324;38
226;325;38
226;326;38
226;327;18
226;328;18
226;329;18
226;330;18
226;331;18
226;332;18
226;333;18
226;334;18
226;335;18
226;336;18
226;337;18
226;338;18
226;339;18
226;340;18
226;341;18
226;342;18
226;343;18
226;344;18
226;345;18
226;346;18
226;347;18
226;348;18
226;349;18
226;350;18
226;351;18
226;352;13
226;353;13
226;354;13
226;355;13
226;356;13
226;357;13
226;358;13
226;359;13
226;360;13
226;361;13
226;362;38
226;363;38
226;364;38
226;365;38
226;366;38
226;367;38
226;368;38
226;369;38
226;370;38
226;371;38
226;372;38
226;373;7
226;374;7
226;375;7
226;376;7
226;377;7
226;378;7
226;379;7
226;380;7
226;381;7
226;382;7
226;383;7
226;384;7
226;385;7
226;386;7
226;387;7
226;388;7
226;389;7
226;390;7
226;391;7
226;392;7
226;393;7
226;394;7
226;395;7
226;396;7
226;397;28
226;398;28
226;399;28
226;400;28
226;401;28
226;402;28
226;403;28
226;404;28
226;405;28
226;406;28
226;407;28
226;408;28
226;409;48
226;410;48
226;411;48
226;412;48
226;413;48
226;414;48
226;415;48
226;416;48
226;417;48
226;418;48
226;419;48
226;420;48
226;421;48
226;422;48
226;423;48
226;424;48
226;425;43
226;426;43
226;427;43
226;428;43
226;429;43
226;430;43
226;431;43
226;432;43
226;433;43
226;434;43
226;435;43
226;436;36
226;437;36
226;438;36
226;439;36
226;440;36
226;441;36
226;442;36
226;443;36
226;444;36
226;445;36
226;446;36
226;447;36
226;448;36
226;449;36
226;450;36
226;451;36
226;452;36
226;453;36
226;454;36
226;455;36
226;456;36
226;457;36
226;458;36
226;459;36
226;460;36
226;461;36
226;462;36
226;463;36
226;464;36
226;465;36
226;466;36
226;467;36
226;468;36
226;469;36
226;470;36
226;471;36
226;472;36
226;473;36
226;474;36
226;475;36
226;476;36
226;477;36
226;478;36
226;479;36
226;480;36
226;481;36
226;482;36
226;483;36
226;484;36
226;485;36
226;486;36
226;487;36
226;488;36
226;489;35
226;490;35
226;491;35
226;492;35
226;493;35
226;494;35
226;495;35
226;496;35
226;497;35
226;498;35
226;499;35
227;0;28
227;1;28
227;2;28
227;3;28
227;4;28
227;5;28
227;6;28
227;7;28
227;8;28
227;9;28
227;10;28
227;11;28
227;12;28
227;13;28
227;14;28
227;15;28
227;16;28
227;17;28
227;18;28
227;19;28
227;20;28
227;21;28
227;22;28
227;23;28
227;24;28
227;25;28
227;26;28
227;27;41
227;28;41
227;29;41
227;30;41
227;31;41
227;32;41
227;33;51
227;34;51
227;35;51
227;36;51
227;37;51
227;38;51
227;39;51
227;40;51
227;41;51
227;42;51
227;43;51
227;44;51
227;45;51
227;46;51
227;47;34
227;48;34
227;49;34
227;50;34
227;51;34
227;52;34
227;53;34
227;54;34
227;55;34
227;56;34
227;57;34
227;58;34
227;59;34
227;60;34
227;61;34
227;62;34
227;63;34
227;64;34
227;65;34
227;66;34
227;67;34
227;68;12
227;69;12
227;70;12
227;71;12
227;72;12
227;73;12
227;74;12
227;75;12
227;76;30
227;77;30
227;78;30
227;79;30
227;80;6
227;81;6
227;82;6
227;83;6
227;84;6
227;85;6
227;86;6
227;87;6
227;88;6
227;89;6
227;90;6
227;91;6
227;92;6
227;93;6
227;94;6
227;95;6
227;96;6
227;97;6
227;98;6
227;99;6
227;100;6
227;101;5
227;102;5
227;103;17
227;104;17
227;105;17
227;106;17
227;107;17
227;108;17
227;109;17
227;110;17
227;111;17
227;112;17
227;113;17
227;114;17
227;115;17
227;116;3
227;117;3
227;118;3
227;119;3
227;120;3
227;121;3
227;122;3
227;123;3
227;124;3
227;125;21
227;126;21
227;127;21
227;128;21
227;129;21
227;130;21
227;131;21
227;132;21
227;133;21
227;134;21
227;135;21
227;136;21
227;137;21
227;138;21
227;139;21
227;140;21
227;141;21
227;142;21
227;143;32
227;144;32
227;145;32
227;146;32
227;147;32
227;148;32
227;149;32
227;150;32
227;151;32
227;152;32
227;153;32
227;154;32
227;155;32
227;156;32
227;157;32
227;158;32
227;159;32
227;160;32
227;161;39
227;162;39
227;163;39
227;164;39
227;165;39
227;166;39
227;167;39
227;168;39
227;169;39
227;170;39
227;171;39
227;172;39
227;173;39
227;174;39
227;175;39
227;176;39
227;177;39
227;178;39
227;179;39
227;180;39
227;181;39
227;182;39
227;183;39
227;184;34
227;185;34
227;186;34
227;187;34
227;188;34
227;189;34
227;190;34
227;191;34
227;192;34
227;193;34
227;194;34
227;195;34
227;196;34
227;197;34
227;198;34
227;199;34
227;200;34
227;201;34
227;202;34
227;203;34
227;204;34
227;205;34
227;206;34
227;207;24
227;208;24
227;209;24
227;210;24
227;211;24
227;212;24
227;213;24
227;214;24
227;215;24
227;216;24
227;217;24
227;218;24
227;219;24
227;220;24
227;221;24
227;222;24
227;223;24
227;224;24
227;225;24
227;226;24
227;227;24
227;228;24
227;229;24
227;230;24
227;231;24
227;232;32
227;233;32
227;234;32
227;235;32
227;236;32
227;237;32
227;238;32
227;239;32
227;240;32
227;241;32
227;242;32
227;243;32
227;244;32
227;245;19
227;246;19
227;247;19
227;248;19
227;249;19
227;250;19
227;251;19
227;252;19
227;253;19
227;254;19
227;255;19
227;256;19
227;257;19
227;258;19
227;259;19
227;260;19
227;261;19
227;262;19
227;263;43
227;264;43
227;265;43
227;266;43
227;267;43
227;268;43
227;269;43
227;270;43
227;271;43
227;272;43
227;273;43
227;274;43
227;275;43
227;276;43
227;277;43
227;278;43
227;279;43
227;280;43
227;281;43
227;282;43
227;283;43
227;284;43
227;285;38
227;286;38
227;287;38
227;288;38
227;289;38
227;290;38
227;291;38
227;292;38
227;293;38
227;294;38
227;295;38
227;296;38
227;297;38
227;298;38
227;299;38
227;300;38
227;301;38
227;302;38
227;303;38
227;304;38
227;305;38
227;306;38
227;307;38
227;308;38
227;309;38
227;310;38
227;311;38
227;312;38
227;313;38
227;314;38
227;315;38
227;316;38
227;317;38
227;318;38
227;319;38
227;320;38
227;321;38
227;322;38
227;323;38
227;324;38
227;325;38
227;326;38
227;327;18
227;328;18
227;329;18
227;330;18
227;331;18
227;332;18
227;333;18
227;334;18
227;335;18
227;336;18
227;337;18
227;338;18
227;339;18
227;340;18
227;341;18
227;342;18
227;343;18
227;344;18
227;345;18
227;346;18
227;347;18
227;348;18
227;349;18
227;350;18
227;351;18
227;352;13
227;353;13
227;354;13
227;355;13
227;356;13
227;357;13
227;358;13
227;359;13
227;360;13
227;361;13
227;362;38
227;363;38
227;364;38
227;365;38
227;366;38
227;367;38
227;368;38
227;369;38
227;370;38
227;371;38
227;372;38
227;373;16
227;374;16
227;375;7
227;376;7
227;377;7
227;378;7
227;379;7
227;380;7
227;381;7
227;382;7
227;383;7
227;384;7
227;385;7
227;386;7
227;387;7
227;388;7
227;389;7
227;390;7
227;391;7
227;392;7
227;393;7
227;394;7
227;395;7
227;396;7
227;397;7
227;398;28
227;399;28
227;400;28
227;401;28
227;402;28
227;403;28
227;404;28
227;405;28
227;406;28
227;407;28
227;408;28
227;409;28
227;410;48
227;411;48
227;412;48
227;413;48
227;414;48
227;415;48
227;416;48
227;417;48
227;418;48
227;419;48
227;420;48
227;421;48
227;422;48
227;423;48
227;424;43
227;425;43
227;426;43
227;427;43
227;428;43
227;429;43
227;430;43
227;431;43
227;432;43
227;433;43
227;434;43
227;435;43
227;436;43
227;437;36
227;438;36
227;439;36
227;440;36
227;441;36
227;442;36
227;443;36
227;444;36
227;445;36
227;446;36
227;447;36
227;448;36
227;449;36
227;450;36
227;451;36
227;452;36
227;453;36
227;454;36
227;455;36
227;456;36
227;457;36
227;458;36
227;459;36
227;460;36
227;461;36
227;462;36
227;463;36
227;464;36
227;465;36
227;466;36
227;467;36
227;468;36
227;469;36
227;470;36
227;471;36
227;472;36
227;473;36
227;474;36
227;475;36
227;476;36
227;477;36
227;478;36
227;479;36
227;480;36
227;481;36
227;482;36
227;483;36
227;484;36
227;485;36
227;486;36
227;487;36
227;488;36
227;489;35
227;490;35
227;491;35
227;492;35
227;493;35
227;494;35
227;495;35
227;496;35
227;497;35
227;498;35
227;499;35
228;0;28
228;1;28
228;2;28
228;3;28
228;4;28
228;5;28
228;6;28
228;7;28
228;8;28
228;9;28
228;10;28
228;11;28
228;12;28
228;13;28
228;14;28
228;15;28
228;16;28
228;17;28
228;18;28
228;19;28
228;20;28
228;21;28
228;22;28
228;23;28
228;24;28
228;25;28
228;26;28
228;27;28
228;28;41
228;29;41
228;30;41
228;31;41
228;32;41
228;33;51
228;34;51
228;35;51
228;36;51
228;37;51
228;38;51
228;39;51
228;40;51
228;41;51
228;42;51
228;43;51
228;44;51
228;45;51
228;46;51
228;47;34
228;48;34
228;49;34
228;50;34
228;51;34
228;52;34
228;53;34
228;54;34
228;55;34
228;56;34
228;57;34
228;58;34
228;59;34
228;60;34
228;61;34
228;62;34
228;63;34
228;64;34
228;65;34
228;66;34
228;67;34
228;68;34
228;69;12
228;70;12
228;71;12
228;72;30
228;73;30
228;74;30
228;75;30
228;76;30
228;77;30
228;78;30
228;79;30
228;80;30
228;81;6
228;82;6
228;83;6
228;84;6
228;85;6
228;86;6
228;87;6
228;88;6
228;89;6
228;90;6
228;91;6
228;92;6
228;93;6
228;94;6
228;95;6
228;96;6
228;97;6
228;98;6
228;99;6
228;100;6
228;101;6
228;102;6
228;103;17
228;104;17
228;105;17
228;106;17
228;107;17
228;108;3
228;109;3
228;110;3
228;111;3
228;112;3
228;113;3
228;114;3
228;115;3
228;116;3
228;117;3
228;118;3
228;119;3
228;120;3
228;121;3
228;122;3
228;123;3
228;124;3
228;125;3
228;126;21
228;127;21
228;128;21
228;129;21
228;130;21
228;131;21
228;132;21
228;133;21
228;134;21
228;135;21
228;136;21
228;137;21
228;138;21
228;139;21
228;140;21
228;141;21
228;142;21
228;143;32
228;144;32
228;145;32
228;146;32
228;147;32
228;148;32
228;149;32
228;150;32
228;151;32
228;152;32
228;153;32
228;154;32
228;155;32
228;156;32
228;157;32
228;158;32
228;159;32
228;160;32
228;161;32
228;162;39
228;163;39
228;164;39
228;165;39
228;166;39
228;167;39
228;168;39
228;169;39
228;170;39
228;171;39
228;172;39
228;173;39
228;174;39
228;175;39
228;176;39
228;177;39
228;178;39
228;179;39
228;180;39
228;181;39
228;182;39
228;183;39
228;184;39
228;185;34
228;186;34
228;187;34
228;188;34
228;189;34
228;190;34
228;191;34
228;192;34
228;193;34
228;194;34
228;195;34
228;196;34
228;197;34
228;198;34
228;199;34
228;200;34
228;201;34
228;202;34
228;203;34
228;204;34
228;205;34
228;206;34
228;207;24
228;208;24
228;209;24
228;210;24
228;211;24
228;212;24
228;213;24
228;214;24
228;215;24
228;216;24
228;217;24
228;218;24
228;219;24
228;220;24
228;221;24
228;222;24
228;223;24
228;224;24
228;225;24
228;226;24
228;227;24
228;228;24
228;229;24
228;230;24
228;231;24
228;232;24
228;233;24
228;234;32
228;235;32
228;236;32
228;237;32
228;238;32
228;239;32
228;240;32
228;241;32
228;242;32
228;243;32
228;244;32
228;245;32
228;246;19
228;247;19
228;248;19
228;249;19
228;250;19
228;251;19
228;252;19
228;253;19
228;254;19
228;255;19
228;256;19
228;257;19
228;258;19
228;259;43
228;260;43
228;261;43
228;262;43
228;263;43
228;264;43
228;265;43
228;266;43
228;267;43
228;268;43
228;269;43
228;270;43
228;271;43
228;272;43
228;273;43
228;274;43
228;275;43
228;276;43
228;277;43
228;278;43
228;279;43
228;280;43
228;281;43
228;282;43
228;283;43
228;284;43
228;285;43
228;286;38
228;287;38
228;288;38
228;289;38
228;290;38
228;291;38
228;292;38
228;293;38
228;294;38
228;295;38
228;296;38
228;297;38
228;298;38
228;299;38
228;300;38
228;301;38
228;302;38
228;303;38
228;304;38
228;305;38
228;306;38
228;307;38
228;308;38
228;309;38
228;310;38
228;311;38
228;312;38
228;313;38
228;314;38
228;315;38
228;316;38
228;317;38
228;318;38
228;319;38
228;320;38
228;321;38
228;322;38
228;323;38
228;324;38
228;325;38
228;326;38
228;327;18
228;328;18
228;329;18
228;330;18
228;331;18
228;332;18
228;333;18
228;334;18
228;335;18
228;336;18
228;337;18
228;338;18
228;339;18
228;340;18
228;341;18
228;342;18
228;343;18
228;344;18
228;345;18
228;346;18
228;347;18
228;348;18
228;349;18
228;350;18
228;351;18
228;352;13
228;353;13
228;354;13
228;355;13
228;356;13
228;357;13
228;358;13
228;359;13
228;360;13
228;361;13
228;362;38
228;363;38
228;364;38
228;365;38
228;366;38
228;367;38
228;368;38
228;369;38
228;370;38
228;371;38
228;372;38
228;373;16
228;374;16
228;375;16
228;376;16
228;377;16
228;378;16
228;379;16
228;380;16
228;381;16
228;382;16
228;383;16
228;384;16
228;385;16
228;386;16
228;387;7
228;388;7
228;389;7
228;390;7
228;391;7
228;392;7
228;393;7
228;394;7
228;395;7
228;396;7
228;397;7
228;398;7
228;399;28
228;400;28
228;401;28
228;402;28
228;403;28
228;404;28
228;405;28
228;406;28
228;407;28
228;408;28
228;409;28
228;410;28
228;411;48
228;412;48
228;413;48
228;414;48
228;415;48
228;416;48
228;417;48
228;418;48
228;419;48
228;420;48
228;421;48
228;422;48
228;423;43
228;424;43
228;425;43
228;426;43
228;427;43
228;428;43
228;429;43
228;430;43
228;431;43
228;432;43
228;433;43
228;434;43
228;435;43
228;436;43
228;437;43
228;438;36
228;439;36
228;440;36
228;441;36
228;442;36
228;443;36
228;444;36
228;445;36
228;446;36
228;447;36
228;448;36
228;449;36
228;450;36
228;451;36
228;452;36
228;453;36
228;454;36
228;455;36
228;456;36
228;457;36
228;458;36
228;459;36
228;460;36
228;461;36
228;462;36
228;463;36
228;464;36
228;465;36
228;466;36
228;467;36
228;468;36
228;469;36
228;470;36
228;471;36
228;472;36
228;473;36
228;474;36
228;475;36
228;476;36
228;477;36
228;478;36
228;479;36
228;480;36
228;481;36
228;482;36
228;483;36
228;484;36
228;485;36
228;486;36
228;487;36
228;488;36
228;489;35
228;490;35
228;491;35
228;492;35
228;493;35
228;494;35
228;495;35
228;496;35
228;497;35
228;498;35
228;499;35
229;0;8
229;1;28
229;2;28
229;3;28
229;4;28
229;5;28
229;6;28
229;7;28
229;8;28
229;9;28
229;10;28
229;11;28
229;12;28
229;13;28
229;14;28
229;15;28
229;16;28
229;17;28
229;18;28
229;19;28
229;20;28
229;21;28
229;22;28
229;23;28
229;24;28
229;25;28
229;26;28
229;27;28
229;28;28
229;29;41
229;30;41
229;31;41
229;32;41
229;33;41
229;34;51
229;35;51
229;36;51
229;37;51
229;38;51
229;39;51
229;40;51
229;41;51
229;42;51
229;43;51
229;44;51
229;45;51
229;46;51
229;47;34
229;48;34
229;49;34
229;50;34
229;51;34
229;52;34
229;53;34
229;54;34
229;55;34
229;56;34
229;57;34
229;58;34
229;59;34
229;60;34
229;61;34
229;62;34
229;63;34
229;64;34
229;65;34
229;66;34
229;67;34
229;68;34
229;69;34
229;70;12
229;71;30
229;72;30
229;73;30
229;74;30
229;75;30
229;76;30
229;77;30
229;78;30
229;79;30
229;80;30
229;81;30
229;82;6
229;83;6
229;84;6
229;85;6
229;86;6
229;87;6
229;88;6
229;89;6
229;90;6
229;91;6
229;92;6
229;93;6
229;94;6
229;95;6
229;96;6
229;97;6
229;98;6
229;99;6
229;100;6
229;101;6
229;102;6
229;103;6
229;104;3
229;105;3
229;106;3
229;107;3
229;108;3
229;109;3
229;110;3
229;111;3
229;112;3
229;113;3
229;114;3
229;115;3
229;116;3
229;117;3
229;118;3
229;119;3
229;120;3
229;121;3
229;122;3
229;123;3
229;124;3
229;125;3
229;126;3
229;127;3
229;128;21
229;129;21
229;130;21
229;131;21
229;132;21
229;133;21
229;134;21
229;135;21
229;136;21
229;137;21
229;138;21
229;139;21
229;140;21
229;141;21
229;142;32
229;143;32
229;144;32
229;145;32
229;146;32
229;147;32
229;148;32
229;149;32
229;150;32
229;151;32
229;152;32
229;153;32
229;154;32
229;155;32
229;156;32
229;157;32
229;158;32
229;159;32
229;160;32
229;161;32
229;162;32
229;163;39
229;164;39
229;165;39
229;166;39
229;167;39
229;168;39
229;169;39
229;170;39
229;171;39
229;172;39
229;173;39
229;174;39
229;175;39
229;176;39
229;177;39
229;178;39
229;179;39
229;180;39
229;181;39
229;182;39
229;183;39
229;184;39
229;185;34
229;186;34
229;187;34
229;188;34
229;189;34
229;190;34
229;191;34
229;192;34
229;193;34
229;194;34
229;195;34
229;196;34
229;197;34
229;198;34
229;199;34
229;200;34
229;201;34
229;202;34
229;203;34
229;204;34
229;205;34
229;206;34
229;207;24
229;208;24
229;209;24
229;210;24
229;211;24
229;212;24
229;213;24
229;214;24
229;215;24
229;216;24
229;217;24
229;218;24
229;219;24
229;220;24
229;221;24
229;222;24
229;223;24
229;224;24
229;225;24
229;226;24
229;227;24
229;228;24
229;229;24
229;230;24
229;231;24
229;232;24
229;233;24
229;234;24
229;235;32
229;236;32
229;237;32
229;238;32
229;239;32
229;240;32
229;241;32
229;242;32
229;243;32
229;244;32
229;245;32
229;246;19
229;247;19
229;248;19
229;249;19
229;250;19
229;251;19
229;252;19
229;253;19
229;254;19
229;255;19
229;256;19
229;257;19
229;258;43
229;259;43
229;260;43
229;261;43
229;262;43
229;263;43
229;264;43
229;265;43
229;266;43
229;267;43
229;268;43
229;269;43
229;270;43
229;271;43
229;272;43
229;273;43
229;274;43
229;275;43
229;276;43
229;277;43
229;278;43
229;279;43
229;280;43
229;281;43
229;282;43
229;283;43
229;284;43
229;285;43
229;286;43
229;287;38
229;288;38
229;289;38
229;290;38
229;291;38
229;292;38
229;293;38
229;294;38
229;295;38
229;296;38
229;297;38
229;298;38
229;299;38
229;300;38
229;301;38
229;302;38
229;303;38
229;304;38
229;305;38
229;306;38
229;307;38
229;308;38
229;309;38
229;310;38
229;311;38
229;312;38
229;313;38
229;314;38
229;315;38
229;316;38
229;317;38
229;318;38
229;319;38
229;320;38
229;321;38
229;322;38
229;323;38
229;324;38
229;325;38
229;326;38
229;327;18
229;328;18
229;329;18
229;330;18
229;331;18
229;332;18
229;333;18
229;334;18
229;335;18
229;336;18
229;337;18
229;338;18
229;339;18
229;340;18
229;341;18
229;342;18
229;343;18
229;344;18
229;345;18
229;346;18
229;347;18
229;348;18
229;349;18
229;350;18
229;351;18
229;352;13
229;353;13
229;354;13
229;355;13
229;356;13
229;357;13
229;358;13
229;359;13
229;360;13
229;361;13
229;362;38
229;363;38
229;364;38
229;365;38
229;366;38
229;367;38
229;368;38
229;369;38
229;370;38
229;371;38
229;372;38
229;373;16
229;374;16
229;375;16
229;376;16
229;377;16
229;378;16
229;379;16
229;380;16
229;381;16
229;382;16
229;383;16
229;384;16
229;385;16
229;386;16
229;387;16
229;388;16
229;389;7
229;390;7
229;391;7
229;392;7
229;393;7
229;394;7
229;395;7
229;396;7
229;397;7
229;398;7
229;399;7
229;400;28
229;401;28
229;402;28
229;403;28
229;404;28
229;405;28
229;406;28
229;407;28
229;408;28
229;409;28
229;410;28
229;411;28
229;412;48
229;413;48
229;414;48
229;415;48
229;416;48
229;417;48
229;418;48
229;419;48
229;420;48
229;421;48
229;422;43
229;423;43
229;424;43
229;425;43
229;426;43
229;427;43
229;428;43
229;429;43
229;430;43
229;431;43
229;432;43
229;433;43
229;434;43
229;435;43
229;436;43
229;437;43
229;438;43
229;439;36
229;440;36
229;441;36
229;442;36
229;443;36
229;444;36
229;445;36
229;446;36
229;447;36
229;448;36
229;449;36
229;450;36
229;451;36
229;452;36
229;453;36
229;454;36
229;455;36
229;456;36
229;457;36
229;458;36
229;459;36
229;460;36
229;461;36
229;462;36
229;463;36
229;464;36
229;465;36
229;466;36
229;467;36
229;468;36
229;469;36
229;470;36
229;471;36
229;472;36
229;473;36
229;474;36
229;475;36
229;476;36
229;477;36
229;478;36
229;479;36
229;480;36
229;481;36
229;482;36
229;483;36
229;484;36
229;485;36
229;486;36
229;487;36
229;488;36
229;489;35
229;490;35
229;491;35
229;492;35
229;493;35
229;494;35
229;495;35
229;496;35
229;497;35
229;498;35
229;499;35
230;0;8
230;1;8
230;2;8
230;3;28
230;4;28
230;5;28
230;6;28
230;7;28
230;8;28
230;9;28
230;10;28
230;11;28
230;12;28
230;13;28
230;14;28
230;15;28
230;16;28
230;17;28
230;18;28
230;19;28
230;20;28
230;21;28
230;22;28
230;23;28
230;24;28
230;25;28
230;26;28
230;27;28
230;28;28
230;29;28
230;30;41
230;31;41
230;32;41
230;33;41
230;34;51
230;35;51
230;36;51
230;37;51
230;38;51
230;39;51
230;40;51
230;41;51
230;42;51
230;43;51
230;44;51
230;45;51
230;46;51
230;47;34
230;48;34
230;49;34
230;50;34
230;51;34
230;52;34
230;53;34
230;54;34
230;55;34
230;56;34
230;57;34
230;58;34
230;59;34
230;60;34
230;61;34
230;62;34
230;63;34
230;64;34
230;65;34
230;66;34
230;67;34
230;68;34
230;69;34
230;70;34
230;71;30
230;72;30
230;73;30
230;74;30
230;75;30
230;76;30
230;77;30
230;78;30
230;79;30
230;80;30
230;81;30
230;82;30
230;83;30
230;84;6
230;85;6
230;86;6
230;87;6
230;88;6
230;89;6
230;90;6
230;91;6
230;92;6
230;93;6
230;94;6
230;95;6
230;96;6
230;97;6
230;98;6
230;99;6
230;100;6
230;101;6
230;102;6
230;103;6
230;104;3
230;105;3
230;106;3
230;107;3
230;108;3
230;109;3
230;110;3
230;111;3
230;112;3
230;113;3
230;114;3
230;115;3
230;116;3
230;117;3
230;118;3
230;119;3
230;120;3
230;121;3
230;122;3
230;123;3
230;124;3
230;125;3
230;126;3
230;127;3
230;128;3
230;129;3
230;130;21
230;131;21
230;132;21
230;133;21
230;134;21
230;135;21
230;136;21
230;137;21
230;138;21
230;139;21
230;140;21
230;141;32
230;142;32
230;143;32
230;144;32
230;145;32
230;146;32
230;147;32
230;148;32
230;149;32
230;150;32
230;151;32
230;152;32
230;153;32
230;154;32
230;155;32
230;156;32
230;157;32
230;158;32
230;159;32
230;160;32
230;161;32
230;162;32
230;163;32
230;164;39
230;165;39
230;166;39
230;167;39
230;168;39
230;169;39
230;170;39
230;171;39
230;172;39
230;173;39
230;174;39
230;175;39
230;176;39
230;177;39
230;178;39
230;179;39
230;180;39
230;181;39
230;182;39
230;183;39
230;184;39
230;185;39
230;186;34
230;187;34
230;188;34
230;189;34
230;190;34
230;191;34
230;192;34
230;193;34
230;194;34
230;195;34
230;196;34
230;197;34
230;198;34
230;199;34
230;200;34
230;201;34
230;202;34
230;203;34
230;204;34
230;205;34
230;206;34
230;207;34
230;208;24
230;209;24
230;210;24
230;211;24
230;212;24
230;213;24
230;214;24
230;215;24
230;216;24
230;217;24
230;218;24
230;219;24
230;220;24
230;221;24
230;222;24
230;223;24
230;224;24
230;225;24
230;226;24
230;227;24
230;228;24
230;229;24
230;230;24
230;231;24
230;232;24
230;233;24
230;234;24
230;235;24
230;236;32
230;237;32
230;238;32
230;239;32
230;240;32
230;241;32
230;242;32
230;243;32
230;244;32
230;245;32
230;246;32
230;247;19
230;248;19
230;249;19
230;250;19
230;251;19
230;252;19
230;253;19
230;254;19
230;255;19
230;256;19
230;257;43
230;258;43
230;259;43
230;260;43
230;261;43
230;262;43
230;263;43
230;264;43
230;265;43
230;266;43
230;267;43
230;268;43
230;269;43
230;270;43
230;271;43
230;272;43
230;273;43
230;274;43
230;275;43
230;276;43
230;277;43
230;278;43
230;279;43
230;280;43
230;281;43
230;282;43
230;283;43
230;284;43
230;285;43
230;286;43
230;287;43
230;288;38
230;289;38
230;290;38
230;291;38
230;292;38
230;293;38
230;294;38
230;295;38
230;296;38
230;297;38
230;298;38
230;299;38
230;300;38
230;301;38
230;302;38
230;303;38
230;304;38
230;305;38
230;306;38
230;307;38
230;308;38
230;309;38
230;310;38
230;311;38
230;312;38
230;313;38
230;314;38
230;315;38
230;316;38
230;317;38
230;318;38
230;319;38
230;320;38
230;321;38
230;322;38
230;323;38
230;324;38
230;325;38
230;326;38
230;327;18
230;328;18
230;329;18
230;330;18
230;331;18
230;332;18
230;333;18
230;334;18
230;335;18
230;336;18
230;337;18
230;338;18
230;339;18
230;340;18
230;341;18
230;342;18
230;343;18
230;344;18
230;345;18
230;346;18
230;347;18
230;348;18
230;349;18
230;350;18
230;351;18
230;352;13
230;353;13
230;354;13
230;355;13
230;356;13
230;357;13
230;358;13
230;359;13
230;360;13
230;361;13
230;362;38
230;363;38
230;364;38
230;365;38
230;366;38
230;367;38
230;368;38
230;369;38
230;370;38
230;371;38
230;372;38
230;373;16
230;374;16
230;375;16
230;376;16
230;377;16
230;378;16
230;379;16
230;380;16
230;381;16
230;382;16
230;383;16
230;384;16
230;385;16
230;386;16
230;387;16
230;388;16
230;389;16
230;390;16
230;391;7
230;392;7
230;393;7
230;394;7
230;395;7
230;396;7
230;397;7
230;398;7
230;399;7
230;400;7
230;401;28
230;402;28
230;403;28
230;404;28
230;405;28
230;406;28
230;407;28
230;408;28
230;409;28
230;410;28
230;411;28
230;412;28
230;413;48
230;414;48
230;415;48
230;416;48
230;417;48
230;418;48
230;419;48
230;420;48
230;421;43
230;422;43
230;423;43
230;424;43
230;425;43
230;426;43
230;427;43
230;428;43
230;429;43
230;430;43
230;431;43
230;432;43
230;433;43
230;434;43
230;435;43
230;436;43
230;437;43
230;438;43
230;439;43
230;440;36
230;441;36
230;442;36
230;443;36
230;444;36
230;445;36
230;446;36
230;447;36
230;448;36
230;449;36
230;450;36
230;451;36
230;452;36
230;453;36
230;454;36
230;455;36
230;456;36
230;457;36
230;458;36
230;459;36
230;460;36
230;461;36
230;462;36
230;463;36
230;464;36
230;465;36
230;466;36
230;467;36
230;468;36
230;469;36
230;470;36
230;471;36
230;472;36
230;473;36
230;474;36
230;475;36
230;476;36
230;477;36
230;478;36
230;479;36
230;480;36
230;481;36
230;482;36
230;483;36
230;484;36
230;485;36
230;486;36
230;487;36
230;488;36
230;489;35
230;490;35
230;491;35
230;492;35
230;493;35
230;494;35
230;495;35
230;496;35
230;497;35
230;498;35
230;499;35
231;0;8
231;1;8
231;2;8
231;3;8
231;4;8
231;5;28
231;6;28
231;7;28
231;8;28
231;9;28
231;10;28
231;11;28
231;12;28
231;13;28
231;14;28
231;15;28
231;16;28
231;17;28
231;18;28
231;19;28
231;20;28
231;21;28
231;22;28
231;23;28
231;24;28
231;25;28
231;26;28
231;27;28
231;28;28
231;29;28
231;30;28
231;31;41
231;32;41
231;33;41
231;34;41
231;35;51
231;36;51
231;37;51
231;38;51
231;39;51
231;40;51
231;41;51
231;42;51
231;43;51
231;44;51
231;45;51
231;46;51
231;47;34
231;48;34
231;49;34
231;50;34
231;51;34
231;52;34
231;53;34
231;54;34
231;55;34
231;56;34
231;57;34
231;58;34
231;59;34
231;60;34
231;61;34
231;62;34
231;63;34
231;64;34
231;65;34
231;66;34
231;67;34
231;68;34
231;69;34
231;70;34
231;71;30
231;72;30
231;73;30
231;74;30
231;75;30
231;76;30
231;77;30
231;78;30
231;79;30
231;80;30
231;81;30
231;82;30
231;83;30
231;84;30
231;85;6
231;86;6
231;87;6
231;88;6
231;89;6
231;90;6
231;91;6
231;92;6
231;93;6
231;94;6
231;95;6
231;96;6
231;97;6
231;98;6
231;99;6
231;100;6
231;101;6
231;102;6
231;103;6
231;104;3
231;105;3
231;106;3
231;107;3
231;108;3
231;109;3
231;110;3
231;111;3
231;112;3
231;113;3
231;114;3
231;115;3
231;116;3
231;117;3
231;118;3
231;119;3
231;120;3
231;121;3
231;122;3
231;123;3
231;124;3
231;125;3
231;126;3
231;127;3
231;128;3
231;129;3
231;130;3
231;131;3
231;132;21
231;133;21
231;134;21
231;135;21
231;136;21
231;137;21
231;138;21
231;139;21
231;140;32
231;141;32
231;142;32
231;143;32
231;144;32
231;145;32
231;146;32
231;147;32
231;148;32
231;149;32
231;150;32
231;151;32
231;152;32
231;153;32
231;154;32
231;155;32
231;156;32
231;157;32
231;158;32
231;159;32
231;160;32
231;161;32
231;162;32
231;163;32
231;164;32
231;165;39
231;166;39
231;167;39
231;168;39
231;169;39
231;170;39
231;171;39
231;172;39
231;173;39
231;174;39
231;175;39
231;176;39
231;177;39
231;178;39
231;179;39
231;180;39
231;181;39
231;182;39
231;183;39
231;184;39
231;185;39
231;186;34
231;187;34
231;188;34
231;189;34
231;190;34
231;191;34
231;192;34
231;193;34
231;194;34
231;195;34
231;196;34
231;197;34
231;198;34
231;199;34
231;200;34
231;201;34
231;202;34
231;203;34
231;204;34
231;205;34
231;206;34
231;207;34
231;208;24
231;209;24
231;210;24
231;211;24
231;212;24
231;213;24
231;214;24
231;215;24
231;216;24
231;217;24
231;218;24
231;219;24
231;220;24
231;221;24
231;222;24
231;223;24
231;224;24
231;225;24
231;226;24
231;227;24
231;228;24
231;229;24
231;230;24
231;231;24
231;232;24
231;233;24
231;234;24
231;235;24
231;236;24
231;237;32
231;238;32
231;239;32
231;240;32
231;241;32
231;242;32
231;243;32
231;244;32
231;245;32
231;246;32
231;247;19
231;248;19
231;249;19
231;250;19
231;251;19
231;252;19
231;253;19
231;254;19
231;255;19
231;256;43
231;257;43
231;258;43
231;259;43
231;260;43
231;261;43
231;262;43
231;263;43
231;264;43
231;265;43
231;266;43
231;267;43
231;268;43
231;269;43
231;270;43
231;271;43
231;272;43
231;273;43
231;274;43
231;275;43
231;276;43
231;277;43
231;278;43
231;279;43
231;280;43
231;281;43
231;282;43
231;283;43
231;284;43
231;285;43
231;286;43
231;287;43
231;288;43
231;289;38
231;290;38
231;291;38
231;292;38
231;293;38
231;294;38
231;295;38
231;296;38
231;297;38
231;298;38
231;299;38
231;300;38
231;301;38
231;302;38
231;303;38
231;304;38
231;305;38
231;306;38
231;307;38
231;308;38
231;309;38
231;310;38
231;311;38
231;312;38
231;313;38
231;314;38
231;315;38
231;316;38
231;317;38
231;318;38
231;319;38
231;320;38
231;321;38
231;322;38
231;323;38
231;324;38
231;325;38
231;326;46
231;327;46
231;328;18
231;329;18
231;330;18
231;331;18
231;332;18
231;333;18
231;334;18
231;335;18
231;336;18
231;337;18
231;338;18
231;339;18
231;340;18
231;341;18
231;342;18
231;343;18
231;344;18
231;345;18
231;346;18
231;347;18
231;348;18
231;349;18
231;350;18
231;351;18
231;352;13
231;353;13
231;354;13
231;355;13
231;356;13
231;357;13
231;358;13
231;359;13
231;360;13
231;361;13
231;362;38
231;363;38
231;364;38
231;365;38
231;366;38
231;367;38
231;368;38
231;369;38
231;370;38
231;371;38
231;372;38
231;373;16
231;374;16
231;375;16
231;376;16
231;377;16
231;378;16
231;379;16
231;380;16
231;381;16
231;382;16
231;383;16
231;384;16
231;385;16
231;386;16
231;387;16
231;388;16
231;389;16
231;390;16
231;391;16
231;392;16
231;393;7
231;394;7
231;395;7
231;396;7
231;397;7
231;398;7
231;399;7
231;400;7
231;401;7
231;402;28
231;403;28
231;404;28
231;405;28
231;406;28
231;407;28
231;408;28
231;409;28
231;410;28
231;411;28
231;412;28
231;413;28
231;414;48
231;415;48
231;416;48
231;417;48
231;418;48
231;419;48
231;420;43
231;421;43
231;422;43
231;423;43
231;424;43
231;425;43
231;426;43
231;427;43
231;428;43
231;429;43
231;430;43
231;431;43
231;432;43
231;433;43
231;434;43
231;435;43
231;436;43
231;437;43
231;438;43
231;439;43
231;440;43
231;441;36
231;442;36
231;443;36
231;444;36
231;445;36
231;446;36
231;447;36
231;448;36
231;449;36
231;450;36
231;451;36
231;452;36
231;453;36
231;454;36
231;455;36
231;456;36
231;457;36
231;458;36
231;459;36
231;460;36
231;461;36
231;462;36
231;463;36
231;464;36
231;465;36
231;466;36
231;467;36
231;468;36
231;469;36
231;470;36
231;471;36
231;472;36
231;473;36
231;474;36
231;475;36
231;476;36
231;477;36
231;478;36
231;479;36
231;480;36
231;481;36
231;482;36
231;483;36
231;484;36
231;485;36
231;486;36
231;487;36
231;488;36
231;489;35
231;490;35
231;491;35
231;492;35
231;493;35
231;494;35
231;495;35
231;496;35
231;497;35
231;498;35
231;499;35
232;0;8
232;1;8
232;2;8
232;3;8
232;4;8
232;5;8
232;6;8
232;7;28
232;8;28
232;9;28
232;10;28
232;11;28
232;12;28
232;13;28
232;14;28
232;15;28
232;16;28
232;17;28
232;18;28
232;19;28
232;20;28
232;21;28
232;22;28
232;23;28
232;24;28
232;25;28
232;26;28
232;27;28
232;28;28
232;29;28
232;30;28
232;31;28
232;32;41
232;33;41
232;34;41
232;35;51
232;36;51
232;37;51
232;38;51
232;39;51
232;40;51
232;41;51
232;42;51
232;43;51
232;44;51
232;45;51
232;46;51
232;47;34
232;48;34
232;49;34
232;50;34
232;51;34
232;52;34
232;53;34
232;54;34
232;55;34
232;56;34
232;57;34
232;58;34
232;59;34
232;60;34
232;61;34
232;62;34
232;63;34
232;64;34
232;65;34
232;66;34
232;67;34
232;68;34
232;69;34
232;70;34
232;71;30
232;72;30
232;73;30
232;74;30
232;75;30
232;76;30
232;77;30
232;78;30
232;79;30
232;80;30
232;81;30
232;82;30
232;83;30
232;84;30
232;85;30
232;86;6
232;87;6
232;88;6
232;89;6
232;90;6
232;91;6
232;92;6
232;93;6
232;94;6
232;95;6
232;96;6
232;97;6
232;98;6
232;99;6
232;100;6
232;101;6
232;102;6
232;103;6
232;104;3
232;105;3
232;106;3
232;107;3
232;108;3
232;109;3
232;110;3
232;111;3
232;112;3
232;113;3
232;114;3
232;115;3
232;116;3
232;117;3
232;118;3
232;119;3
232;120;3
232;121;3
232;122;3
232;123;3
232;124;3
232;125;3
232;126;3
232;127;3
232;128;3
232;129;3
232;130;3
232;131;3
232;132;3
232;133;3
232;134;21
232;135;21
232;136;21
232;137;21
232;138;21
232;139;32
232;140;32
232;141;32
232;142;32
232;143;32
232;144;32
232;145;32
232;146;32
232;147;32
232;148;32
232;149;32
232;150;32
232;151;32
232;152;32
232;153;32
232;154;32
232;155;32
232;156;32
232;157;32
232;158;32
232;159;32
232;160;32
232;161;32
232;162;32
232;163;32
232;164;32
232;165;32
232;166;39
232;167;39
232;168;39
232;169;39
232;170;39
232;171;39
232;172;39
232;173;39
232;174;39
232;175;39
232;176;39
232;177;39
232;178;39
232;179;39
232;180;39
232;181;39
232;182;39
232;183;39
232;184;39
232;185;39
232;186;39
232;187;34
232;188;34
232;189;34
232;190;34
232;191;34
232;192;34
232;193;34
232;194;34
232;195;34
232;196;34
232;197;34
232;198;34
232;199;34
232;200;34
232;201;34
232;202;34
232;203;34
232;204;34
232;205;34
232;206;34
232;207;34
232;208;34
232;209;24
232;210;24
232;211;24
232;212;24
232;213;24
232;214;24
232;215;24
232;216;24
232;217;24
232;218;24
232;219;24
232;220;24
232;221;24
232;222;24
232;223;24
232;224;24
232;225;24
232;226;24
232;227;24
232;228;24
232;229;24
232;230;24
232;231;24
232;232;24
232;233;24
232;234;24
232;235;24
232;236;24
232;237;24
232;238;32
232;239;32
232;240;32
232;241;32
232;242;32
232;243;32
232;244;32
232;245;32
232;246;32
232;247;32
232;248;19
232;249;19
232;250;19
232;251;19
232;252;19
232;253;19
232;254;19
232;255;43
232;256;43
232;257;43
232;258;43
232;259;43
232;260;43
232;261;43
232;262;43
232;263;43
232;264;43
232;265;43
232;266;43
232;267;43
232;268;43
232;269;43
232;270;43
232;271;43
232;272;43
232;273;43
232;274;43
232;275;43
232;276;43
232;277;43
232;278;43
232;279;43
232;280;43
232;281;43
232;282;43
232;283;43
232;284;43
232;285;43
232;286;43
232;287;43
232;288;43
232;289;43
232;290;38
232;291;38
232;292;38
232;293;38
232;294;38
232;295;38
232;296;38
232;297;38
232;298;38
232;299;38
232;300;38
232;301;38
232;302;38
232;303;38
232;304;38
232;305;38
232;306;38
232;307;38
232;308;38
232;309;38
232;310;38
232;311;38
232;312;38
232;313;38
232;314;38
232;315;38
232;316;38
232;317;38
232;318;38
232;319;38
232;320;38
232;321;38
232;322;38
232;323;38
232;324;38
232;325;46
232;326;46
232;327;46
232;328;46
232;329;18
232;330;18
232;331;18
232;332;18
232;333;18
232;334;18
232;335;18
232;336;18
232;337;18
232;338;18
232;339;18
232;340;18
232;341;18
232;342;18
232;343;18
232;344;18
232;345;18
232;346;18
232;347;18
232;348;18
232;349;18
232;350;18
232;351;18
232;352;13
232;353;13
232;354;13
232;355;13
232;356;13
232;357;13
232;358;13
232;359;13
232;360;13
232;361;13
232;362;38
232;363;38
232;364;38
232;365;38
232;366;38
232;367;38
232;368;38
232;369;38
232;370;38
232;371;38
232;372;38
232;373;16
232;374;16
232;375;16
232;376;16
232;377;16
232;378;16
232;379;16
232;380;16
232;381;16
232;382;16
232;383;16
232;384;16
232;385;16
232;386;16
232;387;16
232;388;16
232;389;16
232;390;16
232;391;16
232;392;16
232;393;16
232;394;16
232;395;7
232;396;7
232;397;7
232;398;7
232;399;7
232;400;7
232;401;7
232;402;7
232;403;28
232;404;28
232;405;28
232;406;28
232;407;28
232;408;28
232;409;28
232;410;28
232;411;28
232;412;28
232;413;28
232;414;28
232;415;48
232;416;48
232;417;48
232;418;48
232;419;43
232;420;43
232;421;43
232;422;43
232;423;43
232;424;43
232;425;43
232;426;43
232;427;43
232;428;43
232;429;43
232;430;43
232;431;43
232;432;43
232;433;43
232;434;43
232;435;43
232;436;43
232;437;43
232;438;43
232;439;43
232;440;43
232;441;43
232;442;36
232;443;36
232;444;36
232;445;36
232;446;36
232;447;36
232;448;36
232;449;36
232;450;36
232;451;36
232;452;36
232;453;36
232;454;36
232;455;36
232;456;36
232;457;36
232;458;36
232;459;36
232;460;36
232;461;36
232;462;36
232;463;36
232;464;36
232;465;36
232;466;36
232;467;36
232;468;36
232;469;36
232;470;36
232;471;36
232;472;36
232;473;36
232;474;36
232;475;36
232;476;36
232;477;36
232;478;36
232;479;36
232;480;36
232;481;36
232;482;36
232;483;36
232;484;36
232;485;36
232;486;36
232;487;36
232;488;36
232;489;35
232;490;35
232;491;35
232;492;35
232;493;35
232;494;35
232;495;35
232;496;35
232;497;35
232;498;35
232;499;35
233;0;8
233;1;8
233;2;8
233;3;8
233;4;8
233;5;8
233;6;8
233;7;8
233;8;28
233;9;28
233;10;28
233;11;28
233;12;28
233;13;28
233;14;28
233;15;28
233;16;28
233;17;28
233;18;28
233;19;28
233;20;28
233;21;28
233;22;28
233;23;28
233;24;28
233;25;28
233;26;28
233;27;28
233;28;28
233;29;28
233;30;28
233;31;28
233;32;28
233;33;41
233;34;41
233;35;51
233;36;51
233;37;51
233;38;51
233;39;51
233;40;51
233;41;51
233;42;51
233;43;51
233;44;51
233;45;51
233;46;25
233;47;34
233;48;34
233;49;34
233;50;34
233;51;34
233;52;34
233;53;34
233;54;34
233;55;34
233;56;34
233;57;34
233;58;34
233;59;34
233;60;34
233;61;34
233;62;34
233;63;34
233;64;34
233;65;34
233;66;34
233;67;34
233;68;34
233;69;34
233;70;34
233;71;30
233;72;30
233;73;30
233;74;30
233;75;30
233;76;30
233;77;30
233;78;30
233;79;30
233;80;30
233;81;30
233;82;30
233;83;30
233;84;30
233;85;30
233;86;30
233;87;6
233;88;6
233;89;6
233;90;6
233;91;6
233;92;6
233;93;6
233;94;6
233;95;6
233;96;6
233;97;6
233;98;6
233;99;6
233;100;6
233;101;6
233;102;6
233;103;6
233;104;3
233;105;3
233;106;3
233;107;3
233;108;3
233;109;3
233;110;3
233;111;3
233;112;3
233;113;3
233;114;3
233;115;3
233;116;3
233;117;3
233;118;3
233;119;3
233;120;3
233;121;3
233;122;3
233;123;3
233;124;3
233;125;3
233;126;3
233;127;3
233;128;3
233;129;3
233;130;3
233;131;3
233;132;3
233;133;3
233;134;3
233;135;3
233;136;21
233;137;21
233;138;32
233;139;32
233;140;32
233;141;32
233;142;32
233;143;32
233;144;32
233;145;32
233;146;32
233;147;32
233;148;32
233;149;32
233;150;32
233;151;32
233;152;32
233;153;32
233;154;32
233;155;32
233;156;32
233;157;32
233;158;32
233;159;32
233;160;32
233;161;32
233;162;32
233;163;32
233;164;32
233;165;32
233;166;32
233;167;39
233;168;39
233;169;39
233;170;39
233;171;39
233;172;39
233;173;39
233;174;39
233;175;39
233;176;39
233;177;39
233;178;39
233;179;39
233;180;39
233;181;39
233;182;39
233;183;39
233;184;39
233;185;39
233;186;39
233;187;34
233;188;34
233;189;34
233;190;34
233;191;34
233;192;34
233;193;34
233;194;34
233;195;34
233;196;34
233;197;34
233;198;34
233;199;34
233;200;34
233;201;34
233;202;34
233;203;34
233;204;34
233;205;34
233;206;34
233;207;34
233;208;34
233;209;24
233;210;24
233;211;24
233;212;24
233;213;24
233;214;24
233;215;24
233;216;24
233;217;24
233;218;24
233;219;24
233;220;24
233;221;24
233;222;24
233;223;24
233;224;24
233;225;24
233;226;24
233;227;24
233;228;24
233;229;24
233;230;24
233;231;24
233;232;24
233;233;24
233;234;24
233;235;24
233;236;24
233;237;24
233;238;24
233;239;32
233;240;32
233;241;32
233;242;32
233;243;32
233;244;32
233;245;32
233;246;32
233;247;32
233;248;19
233;249;19
233;250;19
233;251;19
233;252;19
233;253;19
233;254;43
233;255;43
233;256;43
233;257;43
233;258;43
233;259;43
233;260;43
233;261;43
233;262;43
233;263;43
233;264;43
233;265;43
233;266;43
233;267;43
233;268;43
233;269;43
233;270;43
233;271;43
233;272;43
233;273;43
233;274;43
233;275;43
233;276;43
233;277;43
233;278;43
233;279;43
233;280;43
233;281;43
233;282;43
233;283;43
233;284;43
233;285;43
233;286;43
233;287;43
233;288;43
233;289;43
233;290;43
233;291;38
233;292;38
233;293;38
233;294;38
233;295;38
233;296;38
233;297;38
233;298;38
233;299;38
233;300;38
233;301;38
233;302;38
233;303;38
233;304;38
233;305;38
233;306;38
233;307;38
233;308;38
233;309;38
233;310;38
233;311;38
233;312;38
233;313;38
233;314;38
233;315;38
233;316;38
233;317;38
233;318;38
233;319;38
233;320;38
233;321;38
233;322;38
233;323;38
233;324;46
233;325;46
233;326;46
233;327;46
233;328;46
233;329;46
233;330;18
233;331;18
233;332;18
233;333;18
233;334;18
233;335;18
233;336;18
233;337;18
233;338;18
233;339;18
233;340;18
233;341;18
233;342;18
233;343;18
233;344;18
233;345;18
233;346;18
233;347;18
233;348;18
233;349;18
233;350;18
233;351;18
233;352;13
233;353;13
233;354;13
233;355;13
233;356;13
233;357;13
233;358;13
233;359;13
233;360;13
233;361;13
233;362;38
233;363;38
233;364;38
233;365;38
233;366;38
233;367;38
233;368;38
233;369;38
233;370;38
233;371;38
233;372;38
233;373;16
233;374;16
233;375;16
233;376;16
233;377;16
233;378;16
233;379;16
233;380;16
233;381;16
233;382;16
233;383;16
233;384;16
233;385;16
233;386;16
233;387;16
233;388;16
233;389;16
233;390;16
233;391;16
233;392;16
233;393;16
233;394;16
233;395;16
233;396;16
233;397;7
233;398;7
233;399;7
233;400;7
233;401;7
233;402;7
233;403;7
233;404;28
233;405;28
233;406;28
233;407;28
233;408;28
233;409;28
233;410;28
233;411;28
233;412;28
233;413;28
233;414;28
233;415;28
233;416;48
233;417;48
233;418;43
233;419;43
233;420;43
233;421;43
233;422;43
233;423;43
233;424;43
233;425;43
233;426;43
233;427;43
233;428;43
233;429;43
233;430;43
233;431;43
233;432;43
233;433;43
233;434;43
233;435;43
233;436;43
233;437;43
233;438;43
233;439;43
233;440;43
233;441;43
233;442;43
233;443;36
233;444;36
233;445;36
233;446;36
233;447;36
233;448;36
233;449;36
233;450;36
233;451;36
233;452;36
233;453;36
233;454;36
233;455;36
233;456;36
233;457;36
233;458;36
233;459;36
233;460;36
233;461;36
233;462;36
233;463;36
233;464;36
233;465;36
233;466;36
233;467;36
233;468;36
233;469;36
233;470;36
233;471;36
233;472;36
233;473;36
233;474;36
233;475;36
233;476;36
233;477;36
233;478;36
233;479;36
233;480;36
233;481;36
233;482;36
233;483;36
233;484;36
233;485;36
233;486;36
233;487;36
233;488;36
233;489;35
233;490;35
233;491;35
233;492;35
233;493;35
233;494;35
233;495;35
233;496;35
233;497;35
233;498;35
233;499;35
234;0;8
234;1;8
234;2;8
234;3;8
234;4;8
234;5;8
234;6;8
234;7;8
234;8;8
234;9;28
234;10;28
234;11;28
234;12;28
234;13;28
234;14;28
234;15;28
234;16;28
234;17;28
234;18;28
234;19;28
234;20;28
234;21;28
234;22;28
234;23;28
234;24;28
234;25;28
234;26;28
234;27;28
234;28;28
234;29;28
234;30;28
234;31;28
234;32;28
234;33;28
234;34;41
234;35;51
234;36;51
234;37;51
234;38;51
234;39;51
234;40;51
234;41;51
234;42;51
234;43;51
234;44;51
234;45;25
234;46;25
234;47;25
234;48;25
234;49;34
234;50;34
234;51;34
234;52;34
234;53;34
234;54;34
234;55;34
234;56;34
234;57;34
234;58;34
234;59;34
234;60;34
234;61;34
234;62;34
234;63;34
234;64;34
234;65;34
234;66;34
234;67;34
234;68;34
234;69;34
234;70;34
234;71;30
234;72;30
234;73;30
234;74;30
234;75;30
234;76;30
234;77;30
234;78;30
234;79;30
234;80;30
234;81;30
234;82;30
234;83;30
234;84;30
234;85;30
234;86;30
234;87;30
234;88;6
234;89;6
234;90;6
234;91;6
234;92;6
234;93;6
234;94;6
234;95;6
234;96;6
234;97;6
234;98;6
234;99;6
234;100;6
234;101;6
234;102;6
234;103;6
234;104;3
234;105;3
234;106;3
234;107;3
234;108;3
234;109;3
234;110;3
234;111;3
234;112;3
234;113;3
234;114;3
234;115;3
234;116;3
234;117;3
234;118;3
234;119;3
234;120;3
234;121;3
234;122;3
234;123;3
234;124;3
234;125;3
234;126;3
234;127;3
234;128;3
234;129;3
234;130;3
234;131;3
234;132;3
234;133;3
234;134;3
234;135;3
234;136;3
234;137;3
234;138;32
234;139;32
234;140;32
234;141;32
234;142;32
234;143;32
234;144;32
234;145;32
234;146;32
234;147;32
234;148;32
234;149;32
234;150;32
234;151;32
234;152;32
234;153;32
234;154;32
234;155;32
234;156;32
234;157;32
234;158;32
234;159;32
234;160;32
234;161;32
234;162;32
234;163;32
234;164;32
234;165;32
234;166;32
234;167;32
234;168;39
234;169;39
234;170;39
234;171;39
234;172;39
234;173;39
234;174;39
234;175;39
234;176;39
234;177;39
234;178;39
234;179;39
234;180;39
234;181;39
234;182;39
234;183;39
234;184;39
234;185;39
234;186;39
234;187;39
234;188;34
234;189;34
234;190;34
234;191;34
234;192;34
234;193;34
234;194;34
234;195;34
234;196;34
234;197;34
234;198;34
234;199;34
234;200;34
234;201;34
234;202;34
234;203;34
234;204;34
234;205;34
234;206;34
234;207;34
234;208;34
234;209;34
234;210;24
234;211;24
234;212;24
234;213;24
234;214;24
234;215;24
234;216;24
234;217;24
234;218;24
234;219;24
234;220;24
234;221;24
234;222;24
234;223;24
234;224;24
234;225;24
234;226;24
234;227;24
234;228;24
234;229;24
234;230;24
234;231;24
234;232;24
234;233;24
234;234;24
234;235;24
234;236;24
234;237;24
234;238;24
234;239;24
234;240;32
234;241;32
234;242;32
234;243;32
234;244;32
234;245;32
234;246;32
234;247;32
234;248;32
234;249;19
234;250;19
234;251;19
234;252;19
234;253;43
234;254;43
234;255;43
234;256;43
234;257;43
234;258;43
234;259;43
234;260;43
234;261;43
234;262;43
234;263;43
234;264;43
234;265;43
234;266;43
234;267;43
234;268;43
234;269;43
234;270;43
234;271;43
234;272;43
234;273;43
234;274;43
234;275;43
234;276;43
234;277;43
234;278;43
234;279;43
234;280;43
234;281;43
234;282;43
234;283;43
234;284;43
234;285;43
234;286;43
234;287;43
234;288;43
234;289;43
234;290;43
234;291;43
234;292;38
234;293;38
234;294;38
234;295;38
234;296;38
234;297;38
234;298;38
234;299;38
234;300;38
234;301;38
234;302;38
234;303;38
234;304;38
234;305;38
234;306;38
234;307;38
234;308;38
234;309;38
234;310;38
234;311;38
234;312;38
234;313;38
234;314;38
234;315;38
234;316;38
234;317;38
234;318;38
234;319;38
234;320;38
234;321;38
234;322;38
234;323;46
234;324;46
234;325;46
234;326;46
234;327;46
234;328;46
234;329;46
234;330;46
234;331;46
234;332;18
234;333;18
234;334;18
234;335;18
234;336;18
234;337;18
234;338;18
234;339;18
234;340;18
234;341;18
234;342;18
234;343;18
234;344;18
234;345;18
234;346;18
234;347;18
234;348;18
234;349;18
234;350;18
234;351;13
234;352;13
234;353;13
234;354;13
234;355;13
234;356;13
234;357;13
234;358;13
234;359;13
234;360;13
234;361;13
234;362;38
234;363;38
234;364;38
234;365;38
234;366;38
234;367;38
234;368;38
234;369;38
234;370;38
234;371;38
234;372;38
234;373;16
234;374;16
234;375;16
234;376;16
234;377;16
234;378;16
234;379;16
234;380;16
234;381;16
234;382;16
234;383;16
234;384;16
234;385;16
234;386;16
234;387;16
234;388;16
234;389;16
234;390;16
234;391;16
234;392;16
234;393;16
234;394;16
234;395;16
234;396;16
234;397;16
234;398;16
234;399;7
234;400;7
234;401;7
234;402;7
234;403;7
234;404;7
234;405;28
234;406;28
234;407;28
234;408;28
234;409;28
234;410;28
234;411;28
234;412;28
234;413;28
234;414;28
234;415;28
234;416;43
234;417;43
234;418;43
234;419;43
234;420;43
234;421;43
234;422;43
234;423;43
234;424;43
234;425;43
234;426;43
234;427;43
234;428;43
234;429;43
234;430;43
234;431;43
234;432;43
234;433;43
234;434;43
234;435;43
234;436;43
234;437;43
234;438;43
234;439;43
234;440;43
234;441;43
234;442;43
234;443;43
234;444;36
234;445;36
234;446;36
234;447;36
234;448;36
234;449;36
234;450;36
234;451;36
234;452;36
234;453;36
234;454;36
234;455;36
234;456;36
234;457;36
234;458;36
234;459;36
234;460;36
234;461;36
234;462;36
234;463;36
234;464;36
234;465;36
234;466;36
234;467;36
234;468;36
234;469;36
234;470;36
234;471;36
234;472;36
234;473;36
234;474;36
234;475;36
234;476;36
234;477;36
234;478;36
234;479;36
234;480;36
234;481;36
234;482;36
234;483;36
234;484;36
234;485;36
234;486;36
234;487;36
234;488;36
234;489;35
234;490;35
234;491;35
234;492;35
234;493;35
234;494;35
234;495;35
234;496;35
234;497;35
234;498;35
234;499;35
235;0;8
235;1;8
235;2;8
235;3;8
235;4;8
235;5;8
235;6;8
235;7;8
235;8;8
235;9;8
235;10;28
235;11;28
235;12;28
235;13;28
235;14;28
235;15;28
235;16;28
235;17;28
235;18;28
235;19;28
235;20;28
235;21;28
235;22;28
235;23;28
235;24;28
235;25;28
235;26;28
235;27;28
235;28;28
235;29;28
235;30;28
235;31;28
235;32;28
235;33;28
235;34;28
235;35;51
235;36;51
235;37;51
235;38;51
235;39;51
235;40;51
235;41;51
235;42;51
235;43;51
235;44;25
235;45;25
235;46;25
235;47;25
235;48;25
235;49;25
235;50;25
235;51;34
235;52;34
235;53;34
235;54;34
235;55;34
235;56;34
235;57;34
235;58;34
235;59;34
235;60;34
235;61;34
235;62;34
235;63;34
235;64;34
235;65;34
235;66;34
235;67;34
235;68;34
235;69;34
235;70;34
235;71;30
235;72;30
235;73;30
235;74;30
235;75;30
235;76;30
235;77;30
235;78;30
235;79;30
235;80;30
235;81;30
235;82;30
235;83;30
235;84;30
235;85;30
235;86;30
235;87;30
235;88;30
235;89;6
235;90;6
235;91;6
235;92;6
235;93;6
235;94;6
235;95;6
235;96;6
235;97;6
235;98;6
235;99;6
235;100;6
235;101;6
235;102;6
235;103;6
235;104;3
235;105;3
235;106;3
235;107;3
235;108;3
235;109;3
235;110;3
235;111;3
235;112;3
235;113;3
235;114;3
235;115;3
235;116;3
235;117;3
235;118;3
235;119;3
235;120;3
235;121;3
235;122;3
235;123;3
235;124;3
235;125;3
235;126;3
235;127;3
235;128;3
235;129;3
235;130;3
235;131;3
235;132;3
235;133;3
235;134;3
235;135;3
235;136;3
235;137;3
235;138;32
235;139;32
235;140;32
235;141;32
235;142;32
235;143;32
235;144;32
235;145;32
235;146;32
235;147;32
235;148;32
235;149;32
235;150;32
235;151;32
235;152;32
235;153;32
235;154;32
235;155;32
235;156;32
235;157;32
235;158;32
235;159;32
235;160;32
235;161;32
235;162;32
235;163;32
235;164;32
235;165;32
235;166;32
235;167;32
235;168;32
235;169;39
235;170;39
235;171;39
235;172;39
235;173;39
235;174;39
235;175;39
235;176;39
235;177;39
235;178;39
235;179;39
235;180;39
235;181;39
235;182;39
235;183;39
235;184;39
235;185;39
235;186;39
235;187;39
235;188;34
235;189;34
235;190;34
235;191;34
235;192;34
235;193;34
235;194;34
235;195;34
235;196;34
235;197;34
235;198;34
235;199;34
235;200;34
235;201;34
235;202;34
235;203;34
235;204;34
235;205;34
235;206;34
235;207;34
235;208;34
235;209;16
235;210;16
235;211;24
235;212;24
235;213;24
235;214;24
235;215;24
235;216;24
235;217;24
235;218;24
235;219;24
235;220;24
235;221;24
235;222;24
235;223;24
235;224;24
235;225;24
235;226;24
235;227;24
235;228;24
235;229;24
235;230;24
235;231;24
235;232;24
235;233;24
235;234;24
235;235;24
235;236;24
235;237;24
235;238;24
235;239;24
235;240;24
235;241;32
235;242;32
235;243;32
235;244;32
235;245;32
235;246;32
235;247;32
235;248;32
235;249;19
235;250;19
235;251;19
235;252;43
235;253;43
235;254;43
235;255;43
235;256;43
235;257;43
235;258;43
235;259;43
235;260;43
235;261;43
235;262;43
235;263;43
235;264;43
235;265;43
235;266;43
235;267;43
235;268;43
235;269;43
235;270;43
235;271;43
235;272;43
235;273;43
235;274;43
235;275;43
235;276;43
235;277;43
235;278;43
235;279;43
235;280;43
235;281;43
235;282;43
235;283;43
235;284;43
235;285;43
235;286;43
235;287;43
235;288;43
235;289;43
235;290;43
235;291;43
235;292;43
235;293;38
235;294;38
235;295;38
235;296;38
235;297;38
235;298;38
235;299;38
235;300;38
235;301;38
235;302;38
235;303;38
235;304;38
235;305;38
235;306;38
235;307;38
235;308;38
235;309;38
235;310;38
235;311;38
235;312;38
235;313;38
235;314;38
235;315;38
235;316;38
235;317;38
235;318;38
235;319;38
235;320;38
235;321;38
235;322;46
235;323;46
235;324;46
235;325;46
235;326;46
235;327;46
235;328;46
235;329;46
235;330;46
235;331;46
235;332;46
235;333;18
235;334;18
235;335;18
235;336;18
235;337;18
235;338;18
235;339;18
235;340;18
235;341;18
235;342;18
235;343;18
235;344;18
235;345;18
235;346;18
235;347;18
235;348;18
235;349;18
235;350;18
235;351;13
235;352;13
235;353;13
235;354;13
235;355;13
235;356;13
235;357;13
235;358;13
235;359;13
235;360;13
235;361;13
235;362;38
235;363;38
235;364;38
235;365;38
235;366;38
235;367;38
235;368;38
235;369;38
235;370;38
235;371;38
235;372;38
235;373;16
235;374;16
235;375;16
235;376;16
235;377;16
235;378;16
235;379;16
235;380;16
235;381;16
235;382;16
235;383;16
235;384;16
235;385;16
235;386;16
235;387;16
235;388;16
235;389;16
235;390;16
235;391;16
235;392;16
235;393;16
235;394;16
235;395;16
235;396;16
235;397;16
235;398;16
235;399;16
235;400;18
235;401;18
235;402;18
235;403;18
235;404;18
235;405;18
235;406;18
235;407;18
235;408;28
235;409;28
235;410;28
235;411;28
235;412;28
235;413;28
235;414;28
235;415;28
235;416;43
235;417;43
235;418;43
235;419;43
235;420;43
235;421;43
235;422;43
235;423;43
235;424;43
235;425;43
235;426;43
235;427;43
235;428;43
235;429;43
235;430;43
235;431;43
235;432;43
235;433;43
235;434;43
235;435;43
235;436;43
235;437;43
235;438;43
235;439;43
235;440;43
235;441;43
235;442;43
235;443;43
235;444;43
235;445;36
235;446;36
235;447;36
235;448;36
235;449;36
235;450;36
235;451;36
235;452;36
235;453;36
235;454;36
235;455;36
235;456;36
235;457;36
235;458;36
235;459;36
235;460;36
235;461;36
235;462;36
235;463;36
235;464;36
235;465;36
235;466;36
235;467;36
235;468;36
235;469;36
235;470;36
235;471;36
235;472;36
235;473;36
235;474;36
235;475;36
235;476;36
235;477;36
235;478;36
235;479;36
235;480;36
235;481;36
235;482;36
235;483;36
235;484;36
235;485;36
235;486;36
235;487;36
235;488;36
235;489;35
235;490;35
235;491;35
235;492;35
235;493;35
235;494;35
235;495;35
235;496;35
235;497;35
235;498;35
235;499;35
236;0;8
236;1;8
236;2;8
236;3;8
236;4;8
236;5;8
236;6;8
236;7;8
236;8;8
236;9;8
236;10;8
236;11;28
236;12;28
236;13;28
236;14;28
236;15;28
236;16;28
236;17;28
236;18;28
236;19;28
236;20;28
236;21;28
236;22;28
236;23;28
236;24;28
236;25;28
236;26;28
236;27;28
236;28;28
236;29;28
236;30;28
236;31;28
236;32;28
236;33;28
236;34;28
236;35;28
236;36;51
236;37;51
236;38;51
236;39;51
236;40;51
236;41;51
236;42;51
236;43;25
236;44;25
236;45;25
236;46;25
236;47;25
236;48;25
236;49;25
236;50;25
236;51;25
236;52;25
236;53;34
236;54;34
236;55;34
236;56;34
236;57;34
236;58;34
236;59;34
236;60;34
236;61;34
236;62;34
236;63;34
236;64;34
236;65;34
236;66;34
236;67;34
236;68;34
236;69;34
236;70;34
236;71;30
236;72;30
236;73;30
236;74;30
236;75;30
236;76;30
236;77;30
236;78;30
236;79;30
236;80;30
236;81;30
236;82;30
236;83;30
236;84;30
236;85;30
236;86;30
236;87;30
236;88;30
236;89;30
236;90;6
236;91;6
236;92;6
236;93;6
236;94;6
236;95;6
236;96;6
236;97;6
236;98;6
236;99;6
236;100;6
236;101;6
236;102;6
236;103;6
236;104;3
236;105;3
236;106;3
236;107;3
236;108;3
236;109;3
236;110;3
236;111;3
236;112;3
236;113;3
236;114;3
236;115;3
236;116;3
236;117;3
236;118;3
236;119;3
236;120;3
236;121;3
236;122;3
236;123;3
236;124;3
236;125;3
236;126;3
236;127;3
236;128;3
236;129;3
236;130;3
236;131;3
236;132;3
236;133;3
236;134;3
236;135;3
236;136;3
236;137;3
236;138;32
236;139;32
236;140;32
236;141;32
236;142;32
236;143;32
236;144;32
236;145;32
236;146;32
236;147;32
236;148;32
236;149;32
236;150;32
236;151;32
236;152;32
236;153;32
236;154;32
236;155;32
236;156;32
236;157;32
236;158;32
236;159;32
236;160;32
236;161;32
236;162;32
236;163;32
236;164;32
236;165;32
236;166;32
236;167;32
236;168;32
236;169;32
236;170;39
236;171;39
236;172;39
236;173;39
236;174;39
236;175;39
236;176;39
236;177;39
236;178;39
236;179;39
236;180;39
236;181;39
236;182;39
236;183;39
236;184;39
236;185;39
236;186;39
236;187;39
236;188;39
236;189;34
236;190;34
236;191;34
236;192;34
236;193;34
236;194;34
236;195;34
236;196;34
236;197;34
236;198;34
236;199;34
236;200;34
236;201;34
236;202;34
236;203;34
236;204;34
236;205;34
236;206;34
236;207;34
236;208;16
236;209;16
236;210;16
236;211;16
236;212;24
236;213;24
236;214;24
236;215;24
236;216;24
236;217;24
236;218;24
236;219;24
236;220;24
236;221;24
236;222;24
236;223;24
236;224;24
236;225;24
236;226;24
236;227;24
236;228;24
236;229;24
236;230;24
236;231;24
236;232;24
236;233;24
236;234;24
236;235;24
236;236;24
236;237;24
236;238;24
236;239;24
236;240;24
236;241;24
236;242;32
236;243;32
236;244;32
236;245;32
236;246;32
236;247;32
236;248;32
236;249;32
236;250;19
236;251;43
236;252;43
236;253;43
236;254;43
236;255;43
236;256;43
236;257;43
236;258;43
236;259;43
236;260;43
236;261;43
236;262;43
236;263;43
236;264;43
236;265;43
236;266;43
236;267;43
236;268;43
236;269;43
236;270;43
236;271;43
236;272;43
236;273;43
236;274;43
236;275;43
236;276;43
236;277;43
236;278;43
236;279;43
236;280;43
236;281;43
236;282;43
236;283;43
236;284;43
236;285;43
236;286;43
236;287;43
236;288;43
236;289;43
236;290;43
236;291;43
236;292;43
236;293;43
236;294;38
236;295;38
236;296;38
236;297;38
236;298;38
236;299;38
236;300;38
236;301;38
236;302;38
236;303;38
236;304;38
236;305;38
236;306;38
236;307;38
236;308;38
236;309;38
236;310;38
236;311;38
236;312;38
236;313;38
236;314;38
236;315;38
236;316;38
236;317;38
236;318;38
236;319;38
236;320;38
236;321;46
236;322;46
236;323;46
236;324;46
236;325;46
236;326;46
236;327;46
236;328;46
236;329;46
236;330;46
236;331;46
236;332;46
236;333;46
236;334;18
236;335;18
236;336;18
236;337;18
236;338;18
236;339;18
236;340;18
236;341;18
236;342;18
236;343;18
236;344;18
236;345;18
236;346;18
236;347;18
236;348;18
236;349;18
236;350;18
236;351;13
236;352;13
236;353;13
236;354;13
236;355;13
236;356;13
236;357;13
236;358;13
236;359;13
236;360;13
236;361;13
236;362;38
236;363;38
236;364;38
236;365;38
236;366;38
236;367;38
236;368;38
236;369;38
236;370;38
236;371;38
236;372;38
236;373;16
236;374;16
236;375;16
236;376;16
236;377;16
236;378;16
236;379;16
236;380;16
236;381;16
236;382;16
236;383;16
236;384;16
236;385;16
236;386;16
236;387;16
236;388;16
236;389;16
236;390;16
236;391;16
236;392;16
236;393;16
236;394;16
236;395;16
236;396;16
236;397;16
236;398;16
236;399;16
236;400;18
236;401;18
236;402;18
236;403;18
236;404;18
236;405;18
236;406;18
236;407;18
236;408;18
236;409;18
236;410;28
236;411;28
236;412;28
236;413;28
236;414;28
236;415;28
236;416;43
236;417;43
236;418;43
236;419;43
236;420;43
236;421;43
236;422;43
236;423;43
236;424;43
236;425;43
236;426;43
236;427;43
236;428;43
236;429;43
236;430;43
236;431;43
236;432;43
236;433;43
236;434;43
236;435;43
236;436;43
236;437;43
236;438;43
236;439;43
236;440;43
236;441;43
236;442;43
236;443;43
236;444;43
236;445;43
236;446;43
236;447;36
236;448;36
236;449;36
236;450;36
236;451;36
236;452;36
236;453;36
236;454;36
236;455;36
236;456;36
236;457;36
236;458;36
236;459;36
236;460;36
236;461;36
236;462;36
236;463;36
236;464;36
236;465;36
236;466;36
236;467;36
236;468;36
236;469;36
236;470;36
236;471;36
236;472;36
236;473;36
236;474;36
236;475;36
236;476;36
236;477;36
236;478;36
236;479;36
236;480;36
236;481;36
236;482;36
236;483;36
236;484;36
236;485;36
236;486;36
236;487;36
236;488;35
236;489;35
236;490;35
236;491;35
236;492;35
236;493;35
236;494;35
236;495;35
236;496;35
236;497;35
236;498;35
236;499;35
237;0;8
237;1;8
237;2;8
237;3;8
237;4;8
237;5;8
237;6;8
237;7;8
237;8;8
237;9;8
237;10;8
237;11;8
237;12;28
237;13;28
237;14;28
237;15;28
237;16;28
237;17;28
237;18;28
237;19;28
237;20;28
237;21;28
237;22;28
237;23;28
237;24;28
237;25;28
237;26;28
237;27;28
237;28;28
237;29;28
237;30;28
237;31;28
237;32;28
237;33;28
237;34;28
237;35;28
237;36;51
237;37;51
237;38;51
237;39;51
237;40;51
237;41;51
237;42;25
237;43;25
237;44;25
237;45;25
237;46;25
237;47;25
237;48;25
237;49;25
237;50;25
237;51;25
237;52;25
237;53;25
237;54;25
237;55;34
237;56;34
237;57;34
237;58;34
237;59;34
237;60;34
237;61;34
237;62;34
237;63;34
237;64;34
237;65;34
237;66;34
237;67;34
237;68;34
237;69;34
237;70;34
237;71;30
237;72;30
237;73;30
237;74;30
237;75;30
237;76;30
237;77;30
237;78;30
237;79;30
237;80;30
237;81;30
237;82;30
237;83;30
237;84;30
237;85;30
237;86;30
237;87;30
237;88;30
237;89;30
237;90;30
237;91;6
237;92;6
237;93;6
237;94;6
237;95;6
237;96;6
237;97;6
237;98;6
237;99;6
237;100;6
237;101;6
237;102;6
237;103;6
237;104;6
237;105;3
237;106;3
237;107;3
237;108;3
237;109;3
237;110;3
237;111;3
237;112;3
237;113;3
237;114;3
237;115;3
237;116;3
237;117;3
237;118;3
237;119;3
237;120;3
237;121;3
237;122;3
237;123;3
237;124;3
237;125;3
237;126;3
237;127;3
237;128;3
237;129;3
237;130;3
237;131;3
237;132;3
237;133;3
237;134;3
237;135;3
237;136;3
237;137;3
237;138;32
237;139;32
237;140;32
237;141;32
237;142;32
237;143;32
237;144;32
237;145;32
237;146;32
237;147;32
237;148;32
237;149;32
237;150;32
237;151;32
237;152;32
237;153;32
237;154;32
237;155;32
237;156;32
237;157;32
237;158;32
237;159;32
237;160;32
237;161;32
237;162;32
237;163;32
237;164;32
237;165;32
237;166;32
237;167;32
237;168;32
237;169;32
237;170;32
237;171;39
237;172;39
237;173;39
237;174;39
237;175;39
237;176;39
237;177;39
237;178;39
237;179;39
237;180;39
237;181;39
237;182;39
237;183;39
237;184;39
237;185;39
237;186;39
237;187;39
237;188;39
237;189;34
237;190;34
237;191;34
237;192;34
237;193;34
237;194;34
237;195;34
237;196;34
237;197;34
237;198;34
237;199;34
237;200;34
237;201;34
237;202;34
237;203;34
237;204;34
237;205;34
237;206;34
237;207;16
237;208;16
237;209;16
237;210;16
237;211;16
237;212;16
237;213;24
237;214;24
237;215;24
237;216;24
237;217;24
237;218;24
237;219;24
237;220;24
237;221;24
237;222;24
237;223;24
237;224;24
237;225;24
237;226;24
237;227;24
237;228;24
237;229;24
237;230;24
237;231;24
237;232;24
237;233;24
237;234;24
237;235;24
237;236;24
237;237;24
237;238;24
237;239;24
237;240;24
237;241;24
237;242;24
237;243;32
237;244;32
237;245;32
237;246;32
237;247;32
237;248;32
237;249;32
237;250;43
237;251;43
237;252;43
237;253;43
237;254;43
237;255;43
237;256;43
237;257;43
237;258;43
237;259;43
237;260;43
237;261;43
237;262;43
237;263;43
237;264;43
237;265;43
237;266;43
237;267;43
237;268;43
237;269;43
237;270;43
237;271;43
237;272;43
237;273;43
237;274;43
237;275;43
237;276;43
237;277;43
237;278;43
237;279;43
237;280;43
237;281;43
237;282;43
237;283;43
237;284;43
237;285;43
237;286;43
237;287;43
237;288;43
237;289;43
237;290;43
237;291;43
237;292;43
237;293;43
237;294;43
237;295;38
237;296;38
237;297;38
237;298;38
237;299;38
237;300;38
237;301;38
237;302;38
237;303;38
237;304;38
237;305;38
237;306;38
237;307;38
237;308;38
237;309;38
237;310;38
237;311;38
237;312;38
237;313;38
237;314;38
237;315;38
237;316;38
237;317;38
237;318;38
237;319;46
237;320;46
237;321;46
237;322;46
237;323;46
237;324;46
237;325;46
237;326;46
237;327;46
237;328;46
237;329;46
237;330;46
237;331;46
237;332;46
237;333;46
237;334;46
237;335;18
237;336;18
237;337;18
237;338;18
237;339;18
237;340;18
237;341;18
237;342;18
237;343;18
237;344;18
237;345;18
237;346;18
237;347;18
237;348;18
237;349;18
237;350;18
237;351;13
237;352;13
237;353;13
237;354;13
237;355;13
237;356;13
237;357;13
237;358;13
237;359;13
237;360;13
237;361;13
237;362;38
237;363;38
237;364;38
237;365;38
237;366;38
237;367;38
237;368;38
237;369;38
237;370;38
237;371;38
237;372;38
237;373;16
237;374;16
237;375;16
237;376;16
237;377;16
237;378;16
237;379;16
237;380;16
237;381;16
237;382;16
237;383;16
237;384;16
237;385;16
237;386;16
237;387;16
237;388;16
237;389;16
237;390;16
237;391;16
237;392;16
237;393;16
237;394;16
237;395;16
237;396;16
237;397;16
237;398;16
237;399;16
237;400;18
237;401;18
237;402;18
237;403;18
237;404;18
237;405;18
237;406;18
237;407;18
237;408;18
237;409;18
237;410;18
237;411;18
237;412;28
237;413;28
237;414;28
237;415;28
237;416;43
237;417;43
237;418;43
237;419;43
237;420;43
237;421;43
237;422;43
237;423;43
237;424;43
237;425;43
237;426;43
237;427;43
237;428;43
237;429;43
237;430;43
237;431;43
237;432;43
237;433;43
237;434;43
237;435;43
237;436;43
237;437;43
237;438;43
237;439;43
237;440;43
237;441;43
237;442;43
237;443;43
237;444;43
237;445;43
237;446;43
237;447;43
237;448;43
237;449;36
237;450;36
237;451;36
237;452;36
237;453;36
237;454;36
237;455;36
237;456;36
237;457;36
237;458;36
237;459;36
237;460;36
237;461;36
237;462;36
237;463;36
237;464;36
237;465;36
237;466;36
237;467;36
237;468;36
237;469;36
237;470;36
237;471;36
237;472;36
237;473;36
237;474;36
237;475;36
237;476;36
237;477;36
237;478;36
237;479;36
237;480;36
237;481;36
237;482;36
237;483;36
237;484;36
237;485;36
237;486;36
237;487;35
237;488;35
237;489;35
237;490;35
237;491;35
237;492;35
237;493;35
237;494;35
237;495;35
237;496;35
237;497;35
237;498;35
237;499;35
238;0;8
238;1;8
238;2;8
238;3;8
238;4;8
238;5;8
238;6;8
238;7;8
238;8;8
238;9;8
238;10;8
238;11;8
238;12;8
238;13;28
238;14;28
238;15;28
238;16;28
238;17;28
238;18;28
238;19;28
238;20;28
238;21;28
238;22;28
238;23;28
238;24;28
238;25;28
238;26;28
238;27;28
238;28;28
238;29;28
238;30;28
238;31;28
238;32;28
238;33;28
238;34;28
238;35;28
238;36;28
238;37;51
238;38;51
238;39;51
238;40;51
238;41;25
238;42;25
238;43;25
238;44;25
238;45;25
238;46;25
238;47;25
238;48;25
238;49;25
238;50;25
238;51;25
238;52;25
238;53;25
238;54;25
238;55;25
238;56;25
238;57;34
238;58;34
238;59;34
238;60;34
238;61;34
238;62;34
238;63;34
238;64;34
238;65;34
238;66;34
238;67;34
238;68;34
238;69;34
238;70;34
238;71;30
238;72;30
238;73;30
238;74;30
238;75;30
238;76;30
238;77;30
238;78;30
238;79;30
238;80;30
238;81;30
238;82;30
238;83;30
238;84;30
238;85;30
238;86;30
238;87;30
238;88;30
238;89;30
238;90;30
238;91;30
238;92;30
238;93;6
238;94;6
238;95;6
238;96;6
238;97;6
238;98;6
238;99;6
238;100;6
238;101;6
238;102;6
238;103;6
238;104;6
238;105;3
238;106;3
238;107;3
238;108;3
238;109;3
238;110;3
238;111;3
238;112;3
238;113;3
238;114;3
238;115;3
238;116;3
238;117;3
238;118;3
238;119;3
238;120;3
238;121;3
238;122;3
238;123;3
238;124;3
238;125;3
238;126;3
238;127;3
238;128;3
238;129;3
238;130;3
238;131;3
238;132;3
238;133;3
238;134;3
238;135;3
238;136;3
238;137;3
238;138;32
238;139;32
238;140;32
238;141;32
238;142;32
238;143;32
238;144;32
238;145;32
238;146;32
238;147;32
238;148;32
238;149;32
238;150;32
238;151;32
238;152;32
238;153;32
238;154;32
238;155;32
238;156;32
238;157;32
238;158;32
238;159;32
238;160;32
238;161;32
238;162;32
238;163;32
238;164;32
238;165;32
238;166;32
238;167;32
238;168;32
238;169;32
238;170;32
238;171;32
238;172;39
238;173;39
238;174;39
238;175;39
238;176;39
238;177;39
238;178;39
238;179;39
238;180;39
238;181;39
238;182;39
238;183;39
238;184;39
238;185;39
238;186;39
238;187;39
238;188;39
238;189;39
238;190;34
238;191;34
238;192;34
238;193;34
238;194;34
238;195;34
238;196;34
238;197;34
238;198;34
238;199;34
238;200;34
238;201;34
238;202;34
238;203;34
238;204;34
238;205;34
238;206;16
238;207;16
238;208;16
238;209;16
238;210;16
238;211;16
238;212;16
238;213;16
238;214;24
238;215;24
238;216;24
238;217;24
238;218;24
238;219;24
238;220;24
238;221;24
238;222;24
238;223;24
238;224;24
238;225;24
238;226;24
238;227;24
238;228;24
238;229;24
238;230;24
238;231;24
238;232;24
238;233;24
238;234;24
238;235;24
238;236;24
238;237;24
238;238;24
238;239;24
238;240;24
238;241;24
238;242;24
238;243;24
238;244;32
238;245;32
238;246;32
238;247;32
238;248;32
238;249;32
238;250;43
238;251;43
238;252;43
238;253;43
238;254;43
238;255;43
238;256;43
238;257;43
238;258;43
238;259;43
238;260;43
238;261;43
238;262;43
238;263;43
238;264;43
238;265;43
238;266;43
238;267;43
238;268;43
238;269;43
238;270;43
238;271;43
238;272;43
238;273;43
238;274;43
238;275;43
238;276;43
238;277;43
238;278;43
238;279;43
238;280;43
238;281;43
238;282;43
238;283;43
238;284;43
238;285;43
238;286;43
238;287;43
238;288;43
238;289;43
238;290;43
238;291;43
238;292;43
238;293;43
238;294;43
238;295;43
238;296;38
238;297;38
238;298;38
238;299;38
238;300;38
238;301;38
238;302;38
238;303;38
238;304;38
238;305;38
238;306;38
238;307;38
238;308;38
238;309;38
238;310;38
238;311;38
238;312;38
238;313;38
238;314;38
238;315;38
238;316;38
238;317;38
238;318;46
238;319;46
238;320;46
238;321;46
238;322;46
238;323;46
238;324;46
238;325;46
238;326;46
238;327;46
238;328;46
238;329;46
238;330;46
238;331;46
238;332;46
238;333;46
238;334;46
238;335;46
238;336;18
238;337;18
238;338;18
238;339;18
238;340;18
238;341;18
238;342;18
238;343;18
238;344;18
238;345;18
238;346;18
238;347;18
238;348;18
238;349;18
238;350;18
238;351;13
238;352;13
238;353;13
238;354;13
238;355;13
238;356;13
238;357;13
238;358;13
238;359;13
238;360;13
238;361;13
238;362;38
238;363;38
238;364;38
238;365;38
238;366;38
238;367;38
238;368;38
238;369;38
238;370;38
238;371;38
238;372;38
238;373;16
238;374;16
238;375;16
238;376;16
238;377;16
238;378;16
238;379;16
238;380;16
238;381;16
238;382;16
238;383;16
238;384;16
238;385;16
238;386;16
238;387;16
238;388;16
238;389;16
238;390;16
238;391;16
238;392;16
238;393;16
238;394;16
238;395;16
238;396;16
238;397;16
238;398;16
238;399;16
238;400;18
238;401;18
238;402;18
238;403;18
238;404;18
238;405;18
238;406;18
238;407;18
238;408;18
238;409;18
238;410;18
238;411;18
238;412;18
238;413;18
238;414;28
238;415;28
238;416;43
238;417;43
238;418;43
238;419;43
238;420;43
238;421;43
238;422;43
238;423;43
238;424;43
238;425;43
238;426;43
238;427;43
238;428;43
238;429;43
238;430;43
238;431;43
238;432;43
238;433;43
238;434;43
238;435;43
238;436;43
238;437;43
238;438;43
238;439;43
238;440;43
238;441;43
238;442;43
238;443;43
238;444;43
238;445;43
238;446;43
238;447;43
238;448;43
238;449;43
238;450;43
238;451;36
238;452;36
238;453;36
238;454;36
238;455;36
238;456;36
238;457;36
238;458;36
238;459;36
238;460;36
238;461;36
238;462;36
238;463;36
238;464;36
238;465;36
238;466;36
238;467;36
238;468;36
238;469;36
238;470;36
238;471;36
238;472;36
238;473;36
238;474;36
238;475;36
238;476;36
238;477;36
238;478;36
238;479;36
238;480;36
238;481;36
238;482;36
238;483;36
238;484;36
238;485;36
238;486;35
238;487;35
238;488;35
238;489;35
238;490;35
238;491;35
238;492;35
238;493;35
238;494;35
238;495;35
238;496;35
238;497;35
238;498;35
238;499;35
239;0;8
239;1;8
239;2;8
239;3;8
239;4;8
239;5;8
239;6;8
239;7;8
239;8;8
239;9;8
239;10;8
239;11;8
239;12;8
239;13;8
239;14;28
239;15;28
239;16;28
239;17;28
239;18;28
239;19;28
239;20;28
239;21;28
239;22;28
239;23;28
239;24;28
239;25;28
239;26;28
239;27;28
239;28;28
239;29;28
239;30;28
239;31;28
239;32;28
239;33;28
239;34;28
239;35;28
239;36;28
239;37;51
239;38;51
239;39;51
239;40;25
239;41;25
239;42;25
239;43;25
239;44;25
239;45;25
239;46;25
239;47;25
239;48;25
239;49;25
239;50;25
239;51;25
239;52;25
239;53;25
239;54;25
239;55;25
239;56;25
239;57;25
239;58;25
239;59;25
239;60;25
239;61;25
239;62;25
239;63;25
239;64;25
239;65;34
239;66;34
239;67;34
239;68;34
239;69;34
239;70;34
239;71;30
239;72;30
239;73;30
239;74;30
239;75;30
239;76;30
239;77;30
239;78;30
239;79;30
239;80;30
239;81;30
239;82;30
239;83;30
239;84;30
239;85;30
239;86;30
239;87;30
239;88;30
239;89;30
239;90;30
239;91;30
239;92;30
239;93;30
239;94;6
239;95;6
239;96;6
239;97;6
239;98;6
239;99;6
239;100;6
239;101;6
239;102;6
239;103;6
239;104;6
239;105;6
239;106;3
239;107;3
239;108;3
239;109;3
239;110;3
239;111;3
239;112;3
239;113;3
239;114;3
239;115;3
239;116;3
239;117;3
239;118;3
239;119;3
239;120;3
239;121;3
239;122;3
239;123;3
239;124;3
239;125;3
239;126;3
239;127;3
239;128;3
239;129;3
239;130;3
239;131;3
239;132;3
239;133;3
239;134;3
239;135;3
239;136;3
239;137;3
239;138;32
239;139;32
239;140;32
239;141;32
239;142;32
239;143;32
239;144;32
239;145;32
239;146;32
239;147;32
239;148;32
239;149;32
239;150;32
239;151;32
239;152;32
239;153;32
239;154;32
239;155;32
239;156;32
239;157;32
239;158;32
239;159;32
239;160;32
239;161;32
239;162;32
239;163;32
239;164;32
239;165;32
239;166;32
239;167;32
239;168;32
239;169;32
239;170;32
239;171;32
239;172;32
239;173;39
239;174;39
239;175;39
239;176;39
239;177;39
239;178;39
239;179;39
239;180;39
239;181;39
239;182;39
239;183;39
239;184;39
239;185;39
239;186;39
239;187;39
239;188;39
239;189;39
239;190;39
239;191;34
239;192;34
239;193;34
239;194;34
239;195;34
239;196;16
239;197;16
239;198;16
239;199;16
239;200;16
239;201;16
239;202;16
239;203;16
239;204;16
239;205;16
239;206;16
239;207;16
239;208;16
239;209;16
239;210;16
239;211;16
239;212;16
239;213;16
239;214;16
239;215;24
239;216;24
239;217;24
239;218;24
239;219;24
239;220;24
239;221;24
239;222;24
239;223;24
239;224;24
239;225;24
239;226;24
239;227;24
239;228;24
239;229;24
239;230;24
239;231;24
239;232;24
239;233;24
239;234;24
239;235;24
239;236;24
239;237;24
239;238;24
239;239;24
239;240;24
239;241;24
239;242;24
239;243;24
239;244;24
239;245;32
239;246;32
239;247;32
239;248;32
239;249;32
239;250;43
239;251;43
239;252;43
239;253;43
239;254;43
239;255;43
239;256;43
239;257;43
239;258;43
239;259;43
239;260;43
239;261;43
239;262;43
239;263;43
239;264;43
239;265;43
239;266;43
239;267;43
239;268;43
239;269;43
239;270;43
239;271;43
239;272;43
239;273;43
239;274;43
239;275;43
239;276;43
239;277;43
239;278;43
239;279;43
239;280;43
239;281;43
239;282;43
239;283;43
239;284;43
239;285;43
239;286;43
239;287;43
239;288;43
239;289;43
239;290;43
239;291;43
239;292;43
239;293;43
239;294;43
239;295;43
239;296;43
239;297;38
239;298;38
239;299;38
239;300;38
239;301;38
239;302;38
239;303;38
239;304;38
239;305;38
239;306;38
239;307;38
239;308;38
239;309;38
239;310;38
239;311;38
239;312;38
239;313;38
239;314;38
239;315;38
239;316;38
239;317;46
239;318;46
239;319;46
239;320;46
239;321;46
239;322;46
239;323;46
239;324;46
239;325;46
239;326;46
239;327;46
239;328;46
239;329;46
239;330;46
239;331;46
239;332;46
239;333;46
239;334;46
239;335;46
239;336;46
239;337;18
239;338;18
239;339;18
239;340;18
239;341;18
239;342;18
239;343;18
239;344;18
239;345;18
239;346;18
239;347;18
239;348;18
239;349;18
239;350;13
239;351;13
239;352;13
239;353;13
239;354;13
239;355;13
239;356;13
239;357;13
239;358;13
239;359;13
239;360;13
239;361;13
239;362;38
239;363;38
239;364;38
239;365;38
239;366;38
239;367;38
239;368;38
239;369;38
239;370;38
239;371;38
239;372;38
239;373;38
239;374;16
239;375;16
239;376;16
239;377;16
239;378;16
239;379;16
239;380;16
239;381;16
239;382;16
239;383;16
239;384;16
239;385;16
239;386;16
239;387;16
239;388;16
239;389;16
239;390;16
239;391;16
239;392;16
239;393;16
239;394;16
239;395;16
239;396;16
239;397;16
239;398;16
239;399;16
239;400;18
239;401;18
239;402;18
239;403;18
239;404;18
239;405;18
239;406;18
239;407;18
239;408;18
239;409;18
239;410;18
239;411;18
239;412;18
239;413;18
239;414;18
239;415;18
239;416;43
239;417;43
239;418;43
239;419;43
239;420;43
239;421;43
239;422;43
239;423;43
239;424;43
239;425;43
239;426;43
239;427;43
239;428;43
239;429;43
239;430;43
239;431;43
239;432;43
239;433;43
239;434;43
239;435;43
239;436;43
239;437;43
239;438;43
239;439;43
239;440;43
239;441;43
239;442;43
239;443;43
239;444;43
239;445;43
239;446;43
239;447;43
239;448;43
239;449;43
239;450;43
239;451;43
239;452;36
239;453;36
239;454;36
239;455;36
239;456;36
239;457;36
239;458;36
239;459;36
239;460;36
239;461;36
239;462;36
239;463;36
239;464;36
239;465;36
239;466;36
239;467;36
239;468;36
239;469;36
239;470;36
239;471;36
239;472;36
239;473;36
239;474;36
239;475;36
239;476;36
239;477;36
239;478;36
239;479;36
239;480;36
239;481;36
239;482;36
239;483;36
239;484;36
239;485;35
239;486;35
239;487;35
239;488;35
239;489;35
239;490;35
239;491;35
239;492;35
239;493;35
239;494;35
239;495;35
239;496;35
239;497;35
239;498;35
239;499;35
240;0;8
240;1;8
240;2;8
240;3;8
240;4;8
240;5;8
240;6;8
240;7;8
240;8;8
240;9;8
240;10;8
240;11;8
240;12;8
240;13;8
240;14;8
240;15;8
240;16;28
240;17;28
240;18;28
240;19;28
240;20;28
240;21;28
240;22;28
240;23;28
240;24;28
240;25;28
240;26;28
240;27;28
240;28;28
240;29;28
240;30;28
240;31;28
240;32;28
240;33;28
240;34;28
240;35;28
240;36;28
240;37;49
240;38;49
240;39;49
240;40;25
240;41;25
240;42;25
240;43;25
240;44;25
240;45;25
240;46;25
240;47;25
240;48;25
240;49;25
240;50;25
240;51;25
240;52;25
240;53;25
240;54;25
240;55;25
240;56;25
240;57;25
240;58;25
240;59;25
240;60;25
240;61;25
240;62;25
240;63;25
240;64;25
240;65;25
240;66;25
240;67;34
240;68;34
240;69;34
240;70;34
240;71;34
240;72;30
240;73;30
240;74;30
240;75;30
240;76;30
240;77;30
240;78;30
240;79;30
240;80;30
240;81;30
240;82;30
240;83;30
240;84;30
240;85;30
240;86;30
240;87;30
240;88;30
240;89;30
240;90;30
240;91;30
240;92;30
240;93;30
240;94;30
240;95;6
240;96;6
240;97;6
240;98;6
240;99;6
240;100;6
240;101;6
240;102;6
240;103;6
240;104;6
240;105;6
240;106;3
240;107;3
240;108;3
240;109;3
240;110;3
240;111;3
240;112;3
240;113;3
240;114;3
240;115;3
240;116;3
240;117;3
240;118;3
240;119;3
240;120;3
240;121;3
240;122;3
240;123;3
240;124;3
240;125;3
240;126;3
240;127;3
240;128;3
240;129;3
240;130;3
240;131;3
240;132;3
240;133;3
240;134;3
240;135;3
240;136;3
240;137;3
240;138;32
240;139;32
240;140;32
240;141;32
240;142;32
240;143;32
240;144;32
240;145;32
240;146;32
240;147;32
240;148;32
240;149;32
240;150;32
240;151;32
240;152;32
240;153;32
240;154;32
240;155;32
240;156;32
240;157;32
240;158;32
240;159;32
240;160;32
240;161;32
240;162;32
240;163;32
240;164;32
240;165;32
240;166;32
240;167;32
240;168;32
240;169;32
240;170;32
240;171;32
240;172;32
240;173;32
240;174;39
240;175;39
240;176;39
240;177;39
240;178;39
240;179;39
240;180;39
240;181;39
240;182;39
240;183;39
240;184;39
240;185;39
240;186;39
240;187;39
240;188;39
240;189;39
240;190;39
240;191;39
240;192;34
240;193;34
240;194;34
240;195;16
240;196;16
240;197;16
240;198;16
240;199;16
240;200;16
240;201;16
240;202;16
240;203;16
240;204;16
240;205;16
240;206;16
240;207;16
240;208;16
240;209;16
240;210;16
240;211;16
240;212;16
240;213;16
240;214;16
240;215;16
240;216;24
240;217;24
240;218;24
240;219;24
240;220;24
240;221;24
240;222;24
240;223;24
240;224;24
240;225;24
240;226;24
240;227;24
240;228;24
240;229;24
240;230;24
240;231;24
240;232;24
240;233;24
240;234;24
240;235;24
240;236;24
240;237;24
240;238;24
240;239;24
240;240;24
240;241;24
240;242;24
240;243;24
240;244;24
240;245;24
240;246;32
240;247;32
240;248;32
240;249;32
240;250;43
240;251;43
240;252;43
240;253;43
240;254;43
240;255;43
240;256;43
240;257;43
240;258;43
240;259;43
240;260;43
240;261;43
240;262;43
240;263;43
240;264;43
240;265;43
240;266;43
240;267;43
240;268;43
240;269;43
240;270;43
240;271;43
240;272;43
240;273;43
240;274;43
240;275;43
240;276;43
240;277;43
240;278;43
240;279;43
240;280;43
240;281;43
240;282;43
240;283;43
240;284;43
240;285;43
240;286;43
240;287;43
240;288;43
240;289;43
240;290;43
240;291;43
240;292;43
240;293;43
240;294;43
240;295;43
240;296;43
240;297;43
240;298;38
240;299;38
240;300;38
240;301;38
240;302;38
240;303;38
240;304;38
240;305;38
240;306;38
240;307;38
240;308;38
240;309;38
240;310;38
240;311;38
240;312;38
240;313;38
240;314;38
240;315;38
240;316;46
240;317;46
240;318;46
240;319;46
240;320;46
240;321;46
240;322;46
240;323;46
240;324;46
240;325;46
240;326;46
240;327;46
240;328;46
240;329;46
240;330;46
240;331;46
240;332;46
240;333;46
240;334;46
240;335;46
240;336;46
240;337;46
240;338;18
240;339;18
240;340;18
240;341;18
240;342;18
240;343;18
240;344;18
240;345;18
240;346;18
240;347;18
240;348;18
240;349;18
240;350;13
240;351;13
240;352;13
240;353;13
240;354;13
240;355;13
240;356;13
240;357;13
240;358;13
240;359;13
240;360;13
240;361;13
240;362;38
240;363;38
240;364;38
240;365;38
240;366;38
240;367;38
240;368;38
240;369;38
240;370;38
240;371;38
240;372;38
240;373;38
240;374;16
240;375;16
240;376;16
240;377;16
240;378;16
240;379;16
240;380;16
240;381;16
240;382;16
240;383;16
240;384;16
240;385;16
240;386;16
240;387;16
240;388;16
240;389;16
240;390;16
240;391;16
240;392;16
240;393;16
240;394;16
240;395;16
240;396;16
240;397;16
240;398;16
240;399;16
240;400;18
240;401;18
240;402;18
240;403;18
240;404;18
240;405;18
240;406;18
240;407;18
240;408;18
240;409;18
240;410;18
240;411;18
240;412;18
240;413;18
240;414;18
240;415;18
240;416;43
240;417;43
240;418;43
240;419;43
240;420;43
240;421;43
240;422;43
240;423;43
240;424;43
240;425;43
240;426;43
240;427;43
240;428;43
240;429;43
240;430;43
240;431;43
240;432;43
240;433;43
240;434;43
240;435;43
240;436;43
240;437;43
240;438;43
240;439;43
240;440;43
240;441;43
240;442;43
240;443;43
240;444;43
240;445;43
240;446;43
240;447;43
240;448;43
240;449;43
240;450;43
240;451;43
240;452;43
240;453;36
240;454;36
240;455;36
240;456;36
240;457;36
240;458;36
240;459;36
240;460;36
240;461;36
240;462;36
240;463;36
240;464;36
240;465;36
240;466;36
240;467;36
240;468;36
240;469;36
240;470;36
240;471;36
240;472;36
240;473;36
240;474;36
240;475;36
240;476;36
240;477;36
240;478;36
240;479;36
240;480;36
240;481;36
240;482;36
240;483;36
240;484;35
240;485;35
240;486;35
240;487;35
240;488;35
240;489;35
240;490;35
240;491;35
240;492;35
240;493;35
240;494;35
240;495;35
240;496;35
240;497;35
240;498;35
240;499;35
241;0;8
241;1;8
241;2;8
241;3;8
241;4;8
241;5;8
241;6;8
241;7;8
241;8;8
241;9;8
241;10;8
241;11;8
241;12;8
241;13;8
241;14;8
241;15;8
241;16;8
241;17;8
241;18;28
241;19;28
241;20;28
241;21;28
241;22;28
241;23;28
241;24;28
241;25;28
241;26;28
241;27;28
241;28;28
241;29;28
241;30;28
241;31;28
241;32;28
241;33;28
241;34;28
241;35;28
241;36;49
241;37;49
241;38;49
241;39;49
241;40;49
241;41;25
241;42;25
241;43;25
241;44;25
241;45;25
241;46;25
241;47;25
241;48;25
241;49;25
241;50;25
241;51;25
241;52;25
241;53;25
241;54;25
241;55;25
241;56;25
241;57;25
241;58;25
241;59;25
241;60;25
241;61;25
241;62;25
241;63;25
241;64;25
241;65;25
241;66;25
241;67;25
241;68;25
241;69;34
241;70;34
241;71;34
241;72;30
241;73;30
241;74;30
241;75;30
241;76;30
241;77;30
241;78;30
241;79;30
241;80;30
241;81;30
241;82;30
241;83;30
241;84;30
241;85;30
241;86;30
241;87;30
241;88;30
241;89;30
241;90;30
241;91;30
241;92;30
241;93;30
241;94;30
241;95;30
241;96;6
241;97;6
241;98;6
241;99;6
241;100;6
241;101;6
241;102;6
241;103;6
241;104;6
241;105;6
241;106;6
241;107;3
241;108;3
241;109;3
241;110;3
241;111;3
241;112;3
241;113;3
241;114;3
241;115;3
241;116;3
241;117;3
241;118;3
241;119;3
241;120;3
241;121;3
241;122;3
241;123;3
241;124;3
241;125;3
241;126;3
241;127;3
241;128;3
241;129;3
241;130;3
241;131;3
241;132;3
241;133;3
241;134;3
241;135;3
241;136;3
241;137;3
241;138;32
241;139;32
241;140;32
241;141;32
241;142;32
241;143;32
241;144;32
241;145;32
241;146;32
241;147;32
241;148;32
241;149;32
241;150;32
241;151;32
241;152;32
241;153;32
241;154;32
241;155;32
241;156;32
241;157;32
241;158;32
241;159;32
241;160;32
241;161;32
241;162;32
241;163;32
241;164;32
241;165;32
241;166;32
241;167;32
241;168;32
241;169;32
241;170;32
241;171;32
241;172;32
241;173;32
241;174;32
241;175;39
241;176;39
241;177;39
241;178;39
241;179;39
241;180;39
241;181;39
241;182;39
241;183;39
241;184;39
241;185;39
241;186;39
241;187;39
241;188;39
241;189;39
241;190;39
241;191;39
241;192;39
241;193;34
241;194;16
241;195;16
241;196;16
241;197;16
241;198;16
241;199;16
241;200;16
241;201;16
241;202;16
241;203;16
241;204;16
241;205;16
241;206;16
241;207;16
241;208;16
241;209;16
241;210;16
241;211;16
241;212;16
241;213;16
241;214;16
241;215;16
241;216;16
241;217;24
241;218;24
241;219;24
241;220;24
241;221;24
241;222;24
241;223;24
241;224;24
241;225;24
241;226;24
241;227;24
241;228;24
241;229;24
241;230;24
241;231;24
241;232;24
241;233;24
241;234;24
241;235;24
241;236;24
241;237;24
241;238;24
241;239;24
241;240;24
241;241;24
241;242;24
241;243;24
241;244;24
241;245;24
241;246;24
241;247;32
241;248;32
241;249;43
241;250;43
241;251;43
241;252;43
241;253;43
241;254;43
241;255;43
241;256;43
241;257;43
241;258;43
241;259;43
241;260;43
241;261;43
241;262;43
241;263;43
241;264;43
241;265;43
241;266;43
241;267;43
241;268;43
241;269;43
241;270;43
241;271;43
241;272;43
241;273;43
241;274;43
241;275;43
241;276;43
241;277;43
241;278;43
241;279;43
241;280;43
241;281;43
241;282;43
241;283;43
241;284;43
241;285;43
241;286;43
241;287;43
241;288;43
241;289;43
241;290;43
241;291;43
241;292;43
241;293;43
241;294;43
241;295;43
241;296;43
241;297;43
241;298;43
241;299;38
241;300;38
241;301;38
241;302;38
241;303;38
241;304;38
241;305;38
241;306;38
241;307;38
241;308;38
241;309;38
241;310;38
241;311;38
241;312;38
241;313;38
241;314;38
241;315;46
241;316;46
241;317;46
241;318;46
241;319;46
241;320;46
241;321;46
241;322;46
241;323;46
241;324;46
241;325;46
241;326;46
241;327;46
241;328;46
241;329;46
241;330;46
241;331;46
241;332;46
241;333;46
241;334;46
241;335;46
241;336;46
241;337;46
241;338;46
241;339;18
241;340;18
241;341;18
241;342;18
241;343;18
241;344;18
241;345;18
241;346;18
241;347;18
241;348;18
241;349;18
241;350;13
241;351;13
241;352;13
241;353;13
241;354;13
241;355;13
241;356;13
241;357;13
241;358;13
241;359;13
241;360;13
241;361;13
241;362;38
241;363;38
241;364;38
241;365;38
241;366;38
241;367;38
241;368;38
241;369;38
241;370;38
241;371;38
241;372;38
241;373;38
241;374;38
241;375;16
241;376;16
241;377;16
241;378;16
241;379;16
241;380;16
241;381;16
241;382;16
241;383;16
241;384;16
241;385;16
241;386;16
241;387;16
241;388;16
241;389;16
241;390;16
241;391;16
241;392;16
241;393;16
241;394;16
241;395;16
241;396;16
241;397;16
241;398;16
241;399;16
241;400;18
241;401;18
241;402;18
241;403;18
241;404;18
241;405;18
241;406;18
241;407;18
241;408;18
241;409;18
241;410;18
241;411;18
241;412;18
241;413;18
241;414;18
241;415;18
241;416;18
241;417;43
241;418;43
241;419;43
241;420;43
241;421;43
241;422;43
241;423;43
241;424;43
241;425;43
241;426;43
241;427;43
241;428;43
241;429;43
241;430;43
241;431;43
241;432;43
241;433;43
241;434;43
241;435;43
241;436;43
241;437;43
241;438;43
241;439;43
241;440;43
241;441;43
241;442;43
241;443;43
241;444;43
241;445;43
241;446;43
241;447;43
241;448;43
241;449;43
241;450;43
241;451;43
241;452;43
241;453;43
241;454;36
241;455;36
241;456;36
241;457;36
241;458;36
241;459;36
241;460;36
241;461;36
241;462;36
241;463;36
241;464;36
241;465;36
241;466;36
241;467;36
241;468;36
241;469;36
241;470;36
241;471;36
241;472;36
241;473;36
241;474;36
241;475;36
241;476;36
241;477;36
241;478;36
241;479;36
241;480;36
241;481;36
241;482;36
241;483;36
241;484;35
241;485;35
241;486;35
241;487;35
241;488;35
241;489;35
241;490;35
241;491;35
241;492;35
241;493;35
241;494;35
241;495;35
241;496;35
241;497;35
241;498;35
241;499;35
242;0;8
242;1;8
242;2;8
242;3;8
242;4;8
242;5;8
242;6;8
242;7;8
242;8;8
242;9;8
242;10;8
242;11;8
242;12;8
242;13;8
242;14;8
242;15;8
242;16;8
242;17;8
242;18;8
242;19;8
242;20;49
242;21;49
242;22;49
242;23;49
242;24;49
242;25;49
242;26;49
242;27;49
242;28;49
242;29;49
242;30;49
242;31;49
242;32;49
242;33;49
242;34;49
242;35;49
242;36;49
242;37;49
242;38;49
242;39;49
242;40;49
242;41;49
242;42;25
242;43;25
242;44;25
242;45;25
242;46;25
242;47;25
242;48;25
242;49;25
242;50;25
242;51;25
242;52;25
242;53;25
242;54;25
242;55;25
242;56;25
242;57;25
242;58;25
242;59;25
242;60;25
242;61;25
242;62;25
242;63;25
242;64;25
242;65;25
242;66;25
242;67;25
242;68;25
242;69;25
242;70;25
242;71;34
242;72;30
242;73;30
242;74;30
242;75;30
242;76;30
242;77;30
242;78;30
242;79;30
242;80;30
242;81;30
242;82;30
242;83;30
242;84;30
242;85;30
242;86;30
242;87;30
242;88;30
242;89;30
242;90;30
242;91;30
242;92;30
242;93;30
242;94;30
242;95;30
242;96;30
242;97;6
242;98;6
242;99;6
242;100;6
242;101;6
242;102;6
242;103;6
242;104;6
242;105;6
242;106;6
242;107;3
242;108;3
242;109;3
242;110;3
242;111;3
242;112;3
242;113;3
242;114;3
242;115;3
242;116;3
242;117;3
242;118;3
242;119;3
242;120;3
242;121;3
242;122;3
242;123;3
242;124;3
242;125;3
242;126;3
242;127;3
242;128;3
242;129;3
242;130;3
242;131;3
242;132;3
242;133;3
242;134;3
242;135;3
242;136;3
242;137;3
242;138;32
242;139;32
242;140;32
242;141;32
242;142;32
242;143;32
242;144;32
242;145;32
242;146;32
242;147;32
242;148;32
242;149;32
242;150;32
242;151;32
242;152;32
242;153;32
242;154;32
242;155;32
242;156;32
242;157;32
242;158;32
242;159;32
242;160;32
242;161;32
242;162;32
242;163;32
242;164;32
242;165;32
242;166;32
242;167;32
242;168;32
242;169;32
242;170;32
242;171;32
242;172;32
242;173;32
242;174;32
242;175;32
242;176;32
242;177;39
242;178;39
242;179;39
242;180;39
242;181;39
242;182;39
242;183;39
242;184;39
242;185;39
242;186;39
242;187;39
242;188;39
242;189;39
242;190;39
242;191;39
242;192;39
242;193;16
242;194;16
242;195;16
242;196;16
242;197;16
242;198;16
242;199;16
242;200;16
242;201;16
242;202;16
242;203;16
242;204;16
242;205;16
242;206;16
242;207;16
242;208;16
242;209;16
242;210;16
242;211;16
242;212;16
242;213;16
242;214;16
242;215;16
242;216;16
242;217;16
242;218;24
242;219;24
242;220;24
242;221;24
242;222;24
242;223;24
242;224;24
242;225;24
242;226;24
242;227;24
242;228;24
242;229;24
242;230;24
242;231;24
242;232;24
242;233;24
242;234;24
242;235;24
242;236;24
242;237;24
242;238;24
242;239;24
242;240;24
242;241;24
242;242;24
242;243;24
242;244;24
242;245;24
242;246;24
242;247;24
242;248;32
242;249;43
242;250;43
242;251;43
242;252;43
242;253;43
242;254;43
242;255;43
242;256;43
242;257;43
242;258;43
242;259;43
242;260;43
242;261;43
242;262;43
242;263;43
242;264;43
242;265;43
242;266;43
242;267;43
242;268;43
242;269;43
242;270;43
242;271;43
242;272;43
242;273;43
242;274;43
242;275;43
242;276;43
242;277;43
242;278;43
242;279;43
242;280;43
242;281;43
242;282;43
242;283;43
242;284;43
242;285;43
242;286;43
242;287;43
242;288;43
242;289;43
242;290;43
242;291;43
242;292;43
242;293;43
242;294;43
242;295;43
242;296;43
242;297;43
242;298;43
242;299;43
242;300;38
242;301;38
242;302;38
242;303;38
242;304;38
242;305;38
242;306;38
242;307;38
242;308;38
242;309;38
242;310;38
242;311;38
242;312;38
242;313;38
242;314;46
242;315;46
242;316;46
242;317;46
242;318;46
242;319;46
242;320;46
242;321;46
242;322;46
242;323;46
242;324;46
242;325;46
242;326;46
242;327;46
242;328;46
242;329;46
242;330;46
242;331;46
242;332;46
242;333;46
242;334;46
242;335;46
242;336;46
242;337;46
242;338;46
242;339;46
242;340;18
242;341;18
242;342;18
242;343;18
242;344;18
242;345;18
242;346;18
242;347;18
242;348;18
242;349;18
242;350;13
242;351;13
242;352;13
242;353;13
242;354;13
242;355;13
242;356;13
242;357;13
242;358;13
242;359;13
242;360;13
242;361;13
242;362;38
242;363;38
242;364;38
242;365;38
242;366;38
242;367;38
242;368;38
242;369;38
242;370;38
242;371;38
242;372;38
242;373;38
242;374;38
242;375;16
242;376;16
242;377;16
242;378;16
242;379;16
242;380;16
242;381;16
242;382;16
242;383;16
242;384;16
242;385;16
242;386;16
242;387;16
242;388;16
242;389;16
242;390;16
242;391;16
242;392;16
242;393;16
242;394;16
242;395;16
242;396;16
242;397;16
242;398;16
242;399;16
242;400;18
242;401;18
242;402;18
242;403;18
242;404;18
242;405;18
242;406;18
242;407;18
242;408;18
242;409;18
242;410;18
242;411;18
242;412;18
242;413;18
242;414;18
242;415;18
242;416;18
242;417;43
242;418;43
242;419;43
242;420;43
242;421;43
242;422;43
242;423;43
242;424;43
242;425;43
242;426;43
242;427;43
242;428;43
242;429;43
242;430;43
242;431;43
242;432;43
242;433;43
242;434;43
242;435;43
242;436;43
242;437;43
242;438;43
242;439;43
242;440;43
242;441;43
242;442;43
242;443;43
242;444;43
242;445;43
242;446;43
242;447;43
242;448;43
242;449;43
242;450;43
242;451;43
242;452;43
242;453;43
242;454;43
242;455;36
242;456;36
242;457;36
242;458;36
242;459;36
242;460;36
242;461;36
242;462;36
242;463;36
242;464;36
242;465;36
242;466;36
242;467;36
242;468;36
242;469;36
242;470;36
242;471;36
242;472;36
242;473;36
242;474;36
242;475;36
242;476;36
242;477;36
242;478;36
242;479;36
242;480;36
242;481;36
242;482;36
242;483;35
242;484;35
242;485;35
242;486;35
242;487;35
242;488;35
242;489;35
242;490;35
242;491;35
242;492;35
242;493;35
242;494;35
242;495;35
242;496;35
242;497;35
242;498;35
242;499;35
243;0;8
243;1;8
243;2;8
243;3;8
243;4;8
243;5;8
243;6;8
243;7;8
243;8;8
243;9;8
243;10;8
243;11;8
243;12;8
243;13;8
243;14;8
243;15;8
243;16;8
243;17;8
243;18;8
243;19;8
243;20;8
243;21;49
243;22;49
243;23;49
243;24;49
243;25;49
243;26;49
243;27;49
243;28;49
243;29;49
243;30;49
243;31;49
243;32;49
243;33;49
243;34;49
243;35;49
243;36;49
243;37;49
243;38;49
243;39;49
243;40;49
243;41;49
243;42;49
243;43;25
243;44;25
243;45;25
243;46;25
243;47;25
243;48;25
243;49;25
243;50;25
243;51;25
243;52;25
243;53;25
243;54;25
243;55;25
243;56;25
243;57;25
243;58;25
243;59;25
243;60;25
243;61;25
243;62;25
243;63;25
243;64;25
243;65;25
243;66;25
243;67;25
243;68;25
243;69;25
243;70;25
243;71;25
243;72;30
243;73;30
243;74;30
243;75;30
243;76;30
243;77;30
243;78;30
243;79;30
243;80;30
243;81;30
243;82;30
243;83;30
243;84;30
243;85;30
243;86;30
243;87;30
243;88;30
243;89;30
243;90;30
243;91;30
243;92;30
243;93;30
243;94;30
243;95;30
243;96;30
243;97;30
243;98;6
243;99;6
243;100;6
243;101;6
243;102;6
243;103;6
243;104;6
243;105;6
243;106;6
243;107;6
243;108;3
243;109;3
243;110;3
243;111;3
243;112;3
243;113;3
243;114;3
243;115;3
243;116;3
243;117;3
243;118;3
243;119;3
243;120;3
243;121;3
243;122;3
243;123;3
243;124;3
243;125;3
243;126;3
243;127;3
243;128;3
243;129;3
243;130;3
243;131;3
243;132;3
243;133;3
243;134;3
243;135;3
243;136;3
243;137;3
243;138;32
243;139;32
243;140;32
243;141;32
243;142;32
243;143;32
243;144;32
243;145;32
243;146;32
243;147;32
243;148;32
243;149;32
243;150;32
243;151;32
243;152;32
243;153;32
243;154;32
243;155;32
243;156;32
243;157;32
243;158;32
243;159;32
243;160;32
243;161;32
243;162;32
243;163;32
243;164;32
243;165;32
243;166;32
243;167;32
243;168;32
243;169;32
243;170;32
243;171;32
243;172;32
243;173;32
243;174;32
243;175;32
243;176;32
243;177;32
243;178;32
243;179;39
243;180;39
243;181;39
243;182;39
243;183;39
243;184;39
243;185;39
243;186;39
243;187;39
243;188;39
243;189;39
243;190;39
243;191;39
243;192;16
243;193;16
243;194;16
243;195;16
243;196;16
243;197;16
243;198;16
243;199;16
243;200;16
243;201;16
243;202;16
243;203;16
243;204;16
243;205;16
243;206;16
243;207;16
243;208;16
243;209;16
243;210;16
243;211;16
243;212;16
243;213;16
243;214;16
243;215;16
243;216;16
243;217;16
243;218;16
243;219;24
243;220;24
243;221;24
243;222;24
243;223;24
243;224;24
243;225;24
243;226;24
243;227;24
243;228;24
243;229;24
243;230;24
243;231;24
243;232;24
243;233;24
243;234;24
243;235;24
243;236;24
243;237;24
243;238;24
243;239;24
243;240;24
243;241;24
243;242;24
243;243;24
243;244;24
243;245;24
243;246;24
243;247;24
243;248;24
243;249;43
243;250;43
243;251;43
243;252;43
243;253;43
243;254;43
243;255;43
243;256;43
243;257;43
243;258;43
243;259;43
243;260;43
243;261;43
243;262;43
243;263;43
243;264;43
243;265;43
243;266;43
243;267;43
243;268;43
243;269;43
243;270;43
243;271;43
243;272;43
243;273;43
243;274;43
243;275;43
243;276;43
243;277;43
243;278;43
243;279;43
243;280;43
243;281;43
243;282;43
243;283;43
243;284;43
243;285;43
243;286;43
243;287;43
243;288;43
243;289;43
243;290;43
243;291;43
243;292;43
243;293;43
243;294;43
243;295;43
243;296;43
243;297;43
243;298;43
243;299;43
243;300;38
243;301;38
243;302;38
243;303;38
243;304;38
243;305;38
243;306;38
243;307;38
243;308;38
243;309;38
243;310;38
243;311;38
243;312;38
243;313;46
243;314;46
243;315;46
243;316;46
243;317;46
243;318;46
243;319;46
243;320;46
243;321;46
243;322;46
243;323;46
243;324;46
243;325;46
243;326;46
243;327;46
243;328;46
243;329;46
243;330;46
243;331;46
243;332;46
243;333;46
243;334;46
243;335;46
243;336;46
243;337;46
243;338;46
243;339;46
243;340;46
243;341;18
243;342;18
243;343;18
243;344;18
243;345;18
243;346;18
243;347;18
243;348;18
243;349;18
243;350;13
243;351;13
243;352;13
243;353;13
243;354;13
243;355;13
243;356;13
243;357;13
243;358;13
243;359;13
243;360;13
243;361;13
243;362;38
243;363;38
243;364;38
243;365;38
243;366;38
243;367;38
243;368;38
243;369;38
243;370;38
243;371;38
243;372;38
243;373;38
243;374;38
243;375;38
243;376;16
243;377;16
243;378;16
243;379;16
243;380;16
243;381;16
243;382;16
243;383;16
243;384;16
243;385;16
243;386;16
243;387;16
243;388;16
243;389;16
243;390;16
243;391;16
243;392;16
243;393;16
243;394;16
243;395;16
243;396;16
243;397;16
243;398;16
243;399;16
243;400;18
243;401;18
243;402;18
243;403;18
243;404;18
243;405;18
243;406;18
243;407;18
243;408;18
243;409;18
243;410;18
243;411;18
243;412;18
243;413;18
243;414;18
243;415;18
243;416;18
243;417;18
243;418;43
243;419;43
243;420;43
243;421;43
243;422;43
243;423;43
243;424;43
243;425;43
243;426;43
243;427;43
243;428;43
243;429;43
243;430;43
243;431;43
243;432;43
243;433;43
243;434;43
243;435;43
243;436;43
243;437;43
243;438;43
243;439;43
243;440;43
243;441;43
243;442;43
243;443;43
243;444;43
243;445;43
243;446;43
243;447;43
243;448;43
243;449;43
243;450;43
243;451;43
243;452;43
243;453;43
243;454;43
243;455;43
243;456;36
243;457;36
243;458;36
243;459;36
243;460;36
243;461;36
243;462;36
243;463;36
243;464;36
243;465;36
243;466;36
243;467;36
243;468;36
243;469;36
243;470;36
243;471;36
243;472;36
243;473;36
243;474;36
243;475;36
243;476;36
243;477;36
243;478;36
243;479;36
243;480;36
243;481;36
243;482;35
243;483;35
243;484;35
243;485;35
243;486;35
243;487;35
243;488;35
243;489;35
243;490;35
243;491;35
243;492;35
243;493;35
243;494;35
243;495;35
243;496;35
243;497;35
243;498;35
243;499;35
244;0;8
244;1;8
244;2;8
244;3;8
244;4;8
244;5;8
244;6;8
244;7;8
244;8;8
244;9;8
244;10;8
244;11;8
244;12;8
244;13;8
244;14;8
244;15;8
244;16;8
244;17;8
244;18;8
244;19;8
244;20;8
244;21;49
244;22;49
244;23;49
244;24;49
244;25;49
244;26;49
244;27;49
244;28;49
244;29;49
244;30;49
244;31;49
244;32;49
244;33;49
244;34;49
244;35;49
244;36;49
244;37;49
244;38;49
244;39;49
244;40;49
244;41;49
244;42;49
244;43;49
244;44;25
244;45;25
244;46;25
244;47;25
244;48;25
244;49;25
244;50;25
244;51;25
244;52;25
244;53;25
244;54;25
244;55;25
244;56;25
244;57;25
244;58;25
244;59;25
244;60;25
244;61;25
244;62;25
244;63;25
244;64;25
244;65;25
244;66;25
244;67;25
244;68;25
244;69;25
244;70;25
244;71;25
244;72;25
244;73;30
244;74;30
244;75;30
244;76;30
244;77;30
244;78;30
244;79;30
244;80;30
244;81;30
244;82;30
244;83;30
244;84;30
244;85;30
244;86;30
244;87;30
244;88;30
244;89;30
244;90;30
244;91;30
244;92;30
244;93;30
244;94;30
244;95;30
244;96;30
244;97;30
244;98;30
244;99;6
244;100;6
244;101;6
244;102;6
244;103;6
244;104;6
244;105;6
244;106;6
244;107;6
244;108;3
244;109;3
244;110;3
244;111;3
244;112;3
244;113;3
244;114;3
244;115;3
244;116;3
244;117;3
244;118;3
244;119;3
244;120;3
244;121;3
244;122;3
244;123;3
244;124;3
244;125;3
244;126;3
244;127;3
244;128;3
244;129;3
244;130;3
244;131;3
244;132;3
244;133;3
244;134;3
244;135;3
244;136;3
244;137;3
244;138;32
244;139;32
244;140;32
244;141;32
244;142;32
244;143;32
244;144;32
244;145;32
244;146;32
244;147;32
244;148;32
244;149;32
244;150;32
244;151;32
244;152;32
244;153;32
244;154;32
244;155;32
244;156;32
244;157;32
244;158;32
244;159;32
244;160;32
244;161;32
244;162;32
244;163;32
244;164;32
244;165;32
244;166;32
244;167;32
244;168;32
244;169;32
244;170;32
244;171;32
244;172;32
244;173;32
244;174;32
244;175;32
244;176;32
244;177;32
244;178;32
244;179;32
244;180;32
244;181;39
244;182;39
244;183;39
244;184;39
244;185;39
244;186;39
244;187;39
244;188;39
244;189;39
244;190;39
244;191;16
244;192;16
244;193;16
244;194;16
244;195;16
244;196;16
244;197;16
244;198;16
244;199;16
244;200;16
244;201;16
244;202;16
244;203;16
244;204;16
244;205;16
244;206;16
244;207;16
244;208;16
244;209;16
244;210;16
244;211;16
244;212;16
244;213;16
244;214;16
244;215;16
244;216;16
244;217;16
244;218;16
244;219;16
244;220;24
244;221;24
244;222;24
244;223;24
244;224;24
244;225;24
244;226;24
244;227;24
244;228;24
244;229;24
244;230;24
244;231;24
244;232;24
244;233;24
244;234;24
244;235;24
244;236;24
244;237;24
244;238;24
244;239;24
244;240;24
244;241;24
244;242;24
244;243;24
244;244;24
244;245;24
244;246;24
244;247;24
244;248;24
244;249;24
244;250;43
244;251;43
244;252;43
244;253;43
244;254;43
244;255;43
244;256;43
244;257;43
244;258;43
244;259;43
244;260;43
244;261;43
244;262;43
244;263;43
244;264;43
244;265;43
244;266;43
244;267;43
244;268;43
244;269;43
244;270;43
244;271;43
244;272;43
244;273;43
244;274;43
244;275;43
244;276;43
244;277;43
244;278;43
244;279;43
244;280;43
244;281;43
244;282;43
244;283;43
244;284;43
244;285;43
244;286;43
244;287;43
244;288;43
244;289;43
244;290;43
244;291;43
244;292;43
244;293;43
244;294;43
244;295;43
244;296;43
244;297;43
244;298;43
244;299;43
244;300;43
244;301;38
244;302;38
244;303;38
244;304;38
244;305;38
244;306;38
244;307;38
244;308;38
244;309;38
244;310;38
244;311;38
244;312;46
244;313;46
244;314;46
244;315;46
244;316;46
244;317;46
244;318;46
244;319;46
244;320;46
244;321;46
244;322;46
244;323;46
244;324;46
244;325;46
244;326;46
244;327;46
244;328;46
244;329;46
244;330;46
244;331;46
244;332;46
244;333;46
244;334;46
244;335;46
244;336;46
244;337;46
244;338;46
244;339;46
244;340;46
244;341;46
244;342;18
244;343;18
244;344;18
244;345;18
244;346;18
244;347;18
244;348;18
244;349;18
244;350;13
244;351;13
244;352;13
244;353;13
244;354;13
244;355;13
244;356;13
244;357;13
244;358;13
244;359;13
244;360;13
244;361;13
244;362;38
244;363;38
244;364;38
244;365;38
244;366;38
244;367;38
244;368;38
244;369;38
244;370;38
244;371;38
244;372;38
244;373;38
244;374;38
244;375;38
244;376;16
244;377;16
244;378;16
244;379;16
244;380;16
244;381;16
244;382;16
244;383;16
244;384;16
244;385;16
244;386;16
244;387;16
244;388;16
244;389;16
244;390;16
244;391;16
244;392;16
244;393;16
244;394;16
244;395;16
244;396;16
244;397;16
244;398;16
244;399;16
244;400;18
244;401;18
244;402;18
244;403;18
244;404;18
244;405;18
244;406;18
244;407;18
244;408;18
244;409;18
244;410;18
244;411;18
244;412;18
244;413;18
244;414;18
244;415;18
244;416;18
244;417;18
244;418;43
244;419;43
244;420;43
244;421;43
244;422;43
244;423;43
244;424;43
244;425;43
244;426;43
244;427;43
244;428;43
244;429;43
244;430;43
244;431;43
244;432;43
244;433;43
244;434;43
244;435;43
244;436;43
244;437;43
244;438;43
244;439;43
244;440;43
244;441;43
244;442;43
244;443;43
244;444;43
244;445;43
244;446;43
244;447;43
244;448;43
244;449;43
244;450;43
244;451;43
244;452;43
244;453;43
244;454;43
244;455;43
244;456;43
244;457;36
244;458;36
244;459;36
244;460;36
244;461;36
244;462;36
244;463;36
244;464;36
244;465;36
244;466;36
244;467;36
244;468;36
244;469;36
244;470;36
244;471;36
244;472;36
244;473;36
244;474;36
244;475;36
244;476;36
244;477;36
244;478;36
244;479;36
244;480;36
244;481;35
244;482;35
244;483;35
244;484;35
244;485;35
244;486;35
244;487;35
244;488;35
244;489;35
244;490;35
244;491;35
244;492;35
244;493;35
244;494;35
244;495;35
244;496;35
244;497;35
244;498;35
244;499;35
245;0;8
245;1;8
245;2;8
245;3;8
245;4;8
245;5;8
245;6;8
245;7;8
245;8;8
245;9;8
245;10;8
245;11;8
245;12;8
245;13;8
245;14;8
245;15;8
245;16;8
245;17;8
245;18;8
245;19;8
245;20;8
245;21;8
245;22;49
245;23;49
245;24;49
245;25;49
245;26;49
245;27;49
245;28;49
245;29;49
245;30;49
245;31;49
245;32;49
245;33;49
245;34;49
245;35;49
245;36;49
245;37;49
245;38;49
245;39;49
245;40;49
245;41;49
245;42;49
245;43;49
245;44;25
245;45;25
245;46;25
245;47;25
245;48;25
245;49;25
245;50;25
245;51;25
245;52;25
245;53;25
245;54;25
245;55;25
245;56;25
245;57;25
245;58;25
245;59;25
245;60;25
245;61;25
245;62;25
245;63;25
245;64;25
245;65;25
245;66;25
245;67;25
245;68;25
245;69;25
245;70;25
245;71;25
245;72;25
245;73;25
245;74;30
245;75;30
245;76;30
245;77;30
245;78;30
245;79;30
245;80;30
245;81;30
245;82;30
245;83;30
245;84;30
245;85;30
245;86;30
245;87;30
245;88;30
245;89;30
245;90;30
245;91;30
245;92;30
245;93;30
245;94;30
245;95;30
245;96;30
245;97;30
245;98;30
245;99;30
245;100;6
245;101;6
245;102;6
245;103;6
245;104;6
245;105;6
245;106;6
245;107;6
245;108;6
245;109;3
245;110;3
245;111;3
245;112;3
245;113;3
245;114;3
245;115;3
245;116;3
245;117;3
245;118;3
245;119;3
245;120;3
245;121;3
245;122;3
245;123;3
245;124;3
245;125;3
245;126;3
245;127;3
245;128;3
245;129;3
245;130;3
245;131;3
245;132;3
245;133;3
245;134;3
245;135;3
245;136;3
245;137;3
245;138;3
245;139;32
245;140;32
245;141;32
245;142;32
245;143;32
245;144;32
245;145;32
245;146;32
245;147;32
245;148;32
245;149;32
245;150;32
245;151;32
245;152;32
245;153;32
245;154;32
245;155;32
245;156;32
245;157;32
245;158;32
245;159;32
245;160;32
245;161;32
245;162;32
245;163;32
245;164;32
245;165;32
245;166;32
245;167;32
245;168;32
245;169;32
245;170;32
245;171;32
245;172;32
245;173;32
245;174;32
245;175;32
245;176;32
245;177;32
245;178;32
245;179;32
245;180;32
245;181;32
245;182;39
245;183;39
245;184;39
245;185;39
245;186;39
245;187;39
245;188;39
245;189;39
245;190;16
245;191;16
245;192;16
245;193;16
245;194;16
245;195;16
245;196;16
245;197;16
245;198;16
245;199;16
245;200;16
245;201;16
245;202;16
245;203;16
245;204;16
245;205;16
245;206;16
245;207;16
245;208;16
245;209;16
245;210;16
245;211;16
245;212;16
245;213;16
245;214;16
245;215;16
245;216;16
245;217;16
245;218;16
245;219;16
245;220;16
245;221;24
245;222;24
245;223;24
245;224;24
245;225;24
245;226;24
245;227;24
245;228;24
245;229;24
245;230;24
245;231;24
245;232;24
245;233;24
245;234;24
245;235;24
245;236;24
245;237;24
245;238;24
245;239;24
245;240;24
245;241;24
245;242;24
245;243;24
245;244;24
245;245;24
245;246;24
245;247;24
245;248;24
245;249;24
245;250;43
245;251;43
245;252;43
245;253;43
245;254;43
245;255;43
245;256;43
245;257;43
245;258;43
245;259;43
245;260;43
245;261;43
245;262;43
245;263;43
245;264;43
245;265;43
245;266;43
245;267;43
245;268;43
245;269;43
245;270;43
245;271;43
245;272;43
245;273;43
245;274;43
245;275;43
245;276;43
245;277;43
245;278;43
245;279;43
245;280;43
245;281;43
245;282;43
245;283;43
245;284;43
245;285;43
245;286;43
245;287;43
245;288;43
245;289;43
245;290;43
245;291;43
245;292;43
245;293;43
245;294;43
245;295;43
245;296;43
245;297;43
245;298;43
245;299;43
245;300;43
245;301;38
245;302;38
245;303;38
245;304;38
245;305;38
245;306;38
245;307;38
245;308;38
245;309;38
245;310;38
245;311;46
245;312;46
245;313;46
245;314;46
245;315;46
245;316;46
245;317;46
245;318;46
245;319;46
245;320;46
245;321;46
245;322;46
245;323;46
245;324;46
245;325;46
245;326;46
245;327;46
245;328;46
245;329;46
245;330;46
245;331;46
245;332;46
245;333;46
245;334;46
245;335;46
245;336;46
245;337;46
245;338;46
245;339;46
245;340;46
245;341;46
245;342;46
245;343;18
245;344;18
245;345;18
245;346;18
245;347;18
245;348;18
245;349;18
245;350;13
245;351;13
245;352;13
245;353;13
245;354;13
245;355;13
245;356;13
245;357;13
245;358;13
245;359;13
245;360;13
245;361;13
245;362;38
245;363;38
245;364;38
245;365;38
245;366;38
245;367;38
245;368;38
245;369;38
245;370;38
245;371;38
245;372;38
245;373;38
245;374;38
245;375;38
245;376;38
245;377;16
245;378;16
245;379;16
245;380;16
245;381;16
245;382;16
245;383;16
245;384;16
245;385;16
245;386;16
245;387;16
245;388;16
245;389;16
245;390;16
245;391;16
245;392;16
245;393;16
245;394;16
245;395;16
245;396;16
245;397;16
245;398;16
245;399;16
245;400;18
245;401;18
245;402;18
245;403;18
245;404;18
245;405;18
245;406;18
245;407;18
245;408;18
245;409;18
245;410;18
245;411;18
245;412;18
245;413;18
245;414;18
245;415;18
245;416;18
245;417;18
245;418;18
245;419;43
245;420;43
245;421;43
245;422;43
245;423;43
245;424;43
245;425;43
245;426;43
245;427;43
245;428;43
245;429;43
245;430;43
245;431;43
245;432;43
245;433;43
245;434;43
245;435;43
245;436;43
245;437;43
245;438;43
245;439;43
245;440;43
245;441;43
245;442;43
245;443;43
245;444;43
245;445;43
245;446;43
245;447;43
245;448;43
245;449;43
245;450;43
245;451;43
245;452;43
245;453;43
245;454;43
245;455;43
245;456;43
245;457;43
245;458;36
245;459;36
245;460;36
245;461;36
245;462;36
245;463;36
245;464;36
245;465;36
245;466;36
245;467;36
245;468;36
245;469;36
245;470;36
245;471;36
245;472;36
245;473;36
245;474;36
245;475;36
245;476;36
245;477;36
245;478;36
245;479;36
245;480;35
245;481;35
245;482;35
245;483;35
245;484;35
245;485;35
245;486;35
245;487;35
245;488;35
245;489;35
245;490;35
245;491;35
245;492;35
245;493;35
245;494;35
245;495;35
245;496;35
245;497;35
245;498;35
245;499;35
246;0;8
246;1;8
246;2;8
246;3;8
246;4;8
246;5;8
246;6;8
246;7;8
246;8;8
246;9;8
246;10;8
246;11;8
246;12;8
246;13;8
246;14;8
246;15;8
246;16;8
246;17;8
246;18;8
246;19;8
246;20;8
246;21;8
246;22;49
246;23;49
246;24;49
246;25;49
246;26;49
246;27;49
246;28;49
246;29;49
246;30;49
246;31;49
246;32;49
246;33;49
246;34;49
246;35;49
246;36;49
246;37;49
246;38;49
246;39;49
246;40;49
246;41;49
246;42;49
246;43;49
246;44;49
246;45;25
246;46;25
246;47;25
246;48;25
246;49;25
246;50;25
246;51;25
246;52;25
246;53;25
246;54;25
246;55;25
246;56;25
246;57;25
246;58;25
246;59;25
246;60;25
246;61;25
246;62;25
246;63;25
246;64;25
246;65;25
246;66;25
246;67;25
246;68;25
246;69;25
246;70;25
246;71;25
246;72;25
246;73;25
246;74;25
246;75;30
246;76;30
246;77;30
246;78;30
246;79;30
246;80;30
246;81;30
246;82;30
246;83;30
246;84;30
246;85;30
246;86;30
246;87;30
246;88;30
246;89;30
246;90;30
246;91;30
246;92;30
246;93;30
246;94;30
246;95;30
246;96;30
246;97;30
246;98;30
246;99;30
246;100;30
246;101;6
246;102;6
246;103;6
246;104;6
246;105;6
246;106;6
246;107;6
246;108;6
246;109;3
246;110;3
246;111;3
246;112;3
246;113;3
246;114;3
246;115;3
246;116;3
246;117;3
246;118;3
246;119;3
246;120;3
246;121;3
246;122;3
246;123;3
246;124;3
246;125;3
246;126;3
246;127;3
246;128;3
246;129;3
246;130;3
246;131;3
246;132;3
246;133;3
246;134;3
246;135;3
246;136;3
246;137;3
246;138;3
246;139;32
246;140;32
246;141;32
246;142;32
246;143;32
246;144;32
246;145;32
246;146;32
246;147;32
246;148;32
246;149;32
246;150;32
246;151;32
246;152;32
246;153;32
246;154;32
246;155;32
246;156;32
246;157;32
246;158;32
246;159;32
246;160;32
246;161;32
246;162;32
246;163;32
246;164;32
246;165;32
246;166;32
246;167;32
246;168;32
246;169;32
246;170;32
246;171;32
246;172;32
246;173;32
246;174;32
246;175;32
246;176;32
246;177;32
246;178;32
246;179;32
246;180;32
246;181;32
246;182;32
246;183;39
246;184;39
246;185;39
246;186;39
246;187;39
246;188;39
246;189;16
246;190;16
246;191;16
246;192;16
246;193;16
246;194;16
246;195;16
246;196;16
246;197;16
246;198;16
246;199;16
246;200;16
246;201;16
246;202;16
246;203;16
246;204;16
246;205;16
246;206;16
246;207;16
246;208;16
246;209;16
246;210;16
246;211;16
246;212;16
246;213;16
246;214;16
246;215;16
246;216;16
246;217;16
246;218;16
246;219;16
246;220;16
246;221;16
246;222;24
246;223;24
246;224;24
246;225;24
246;226;24
246;227;24
246;228;24
246;229;24
246;230;24
246;231;24
246;232;24
246;233;24
246;234;24
246;235;24
246;236;24
246;237;24
246;238;24
246;239;24
246;240;24
246;241;24
246;242;24
246;243;24
246;244;24
246;245;24
246;246;24
246;247;24
246;248;24
246;249;24
246;250;24
246;251;43
246;252;43
246;253;43
246;254;43
246;255;43
246;256;43
246;257;43
246;258;43
246;259;43
246;260;43
246;261;43
246;262;43
246;263;43
246;264;43
246;265;43
246;266;43
246;267;43
246;268;43
246;269;43
246;270;43
246;271;43
246;272;43
246;273;43
246;274;43
246;275;43
246;276;43
246;277;43
246;278;43
246;279;43
246;280;43
246;281;43
246;282;43
246;283;43
246;284;43
246;285;43
246;286;43
246;287;43
246;288;43
246;289;43
246;290;43
246;291;43
246;292;43
246;293;43
246;294;43
246;295;43
246;296;43
246;297;43
246;298;43
246;299;43
246;300;43
246;301;43
246;302;38
246;303;38
246;304;38
246;305;38
246;306;38
246;307;38
246;308;38
246;309;38
246;310;46
246;311;46
246;312;46
246;313;46
246;314;46
246;315;46
246;316;46
246;317;46
246;318;46
246;319;46
246;320;46
246;321;46
246;322;46
246;323;46
246;324;46
246;325;46
246;326;46
246;327;46
246;328;46
246;329;46
246;330;46
246;331;46
246;332;46
246;333;46
246;334;46
246;335;46
246;336;46
246;337;46
246;338;46
246;339;46
246;340;46
246;341;46
246;342;46
246;343;46
246;344;18
246;345;18
246;346;18
246;347;18
246;348;18
246;349;18
246;350;13
246;351;13
246;352;13
246;353;13
246;354;13
246;355;13
246;356;13
246;357;13
246;358;13
246;359;13
246;360;13
246;361;38
246;362;38
246;363;38
246;364;38
246;365;38
246;366;38
246;367;38
246;368;38
246;369;38
246;370;38
246;371;38
246;372;38
246;373;38
246;374;38
246;375;38
246;376;38
246;377;16
246;378;16
246;379;16
246;380;16
246;381;16
246;382;16
246;383;16
246;384;16
246;385;16
246;386;16
246;387;16
246;388;16
246;389;16
246;390;16
246;391;16
246;392;16
246;393;16
246;394;16
246;395;16
246;396;16
246;397;16
246;398;16
246;399;16
246;400;18
246;401;18
246;402;18
246;403;18
246;404;18
246;405;18
246;406;18
246;407;18
246;408;18
246;409;18
246;410;18
246;411;18
246;412;18
246;413;18
246;414;18
246;415;18
246;416;18
246;417;18
246;418;18
246;419;43
246;420;43
246;421;43
246;422;43
246;423;43
246;424;43
246;425;43
246;426;43
246;427;43
246;428;43
246;429;43
246;430;43
246;431;43
246;432;43
246;433;43
246;434;43
246;435;43
246;436;43
246;437;43
246;438;43
246;439;43
246;440;43
246;441;43
246;442;43
246;443;43
246;444;43
246;445;43
246;446;43
246;447;43
246;448;43
246;449;43
246;450;43
246;451;43
246;452;43
246;453;43
246;454;43
246;455;43
246;456;43
246;457;43
246;458;43
246;459;36
246;460;36
246;461;36
246;462;36
246;463;36
246;464;36
246;465;36
246;466;36
246;467;36
246;468;36
246;469;36
246;470;36
246;471;36
246;472;36
246;473;36
246;474;36
246;475;36
246;476;36
246;477;36
246;478;36
246;479;35
246;480;35
246;481;35
246;482;35
246;483;35
246;484;35
246;485;35
246;486;35
246;487;35
246;488;35
246;489;35
246;490;35
246;491;35
246;492;35
246;493;35
246;494;35
246;495;35
246;496;35
246;497;35
246;498;35
246;499;35
247;0;8
247;1;8
247;2;8
247;3;8
247;4;8
247;5;8
247;6;8
247;7;8
247;8;8
247;9;8
247;10;8
247;11;8
247;12;8
247;13;8
247;14;8
247;15;8
247;16;8
247;17;8
247;18;8
247;19;8
247;20;8
247;21;8
247;22;8
247;23;49
247;24;49
247;25;49
247;26;49
247;27;49
247;28;49
247;29;49
247;30;49
247;31;49
247;32;49
247;33;49
247;34;49
247;35;49
247;36;49
247;37;49
247;38;49
247;39;49
247;40;49
247;41;49
247;42;49
247;43;49
247;44;49
247;45;25
247;46;25
247;47;25
247;48;25
247;49;25
247;50;25
247;51;25
247;52;25
247;53;25
247;54;25
247;55;25
247;56;25
247;57;25
247;58;25
247;59;25
247;60;25
247;61;25
247;62;25
247;63;25
247;64;25
247;65;25
247;66;25
247;67;25
247;68;25
247;69;25
247;70;25
247;71;25
247;72;25
247;73;25
247;74;25
247;75;25
247;76;30
247;77;30
247;78;30
247;79;30
247;80;30
247;81;30
247;82;30
247;83;30
247;84;30
247;85;30
247;86;30
247;87;30
247;88;30
247;89;30
247;90;30
247;91;30
247;92;30
247;93;30
247;94;30
247;95;30
247;96;30
247;97;30
247;98;30
247;99;30
247;100;30
247;101;30
247;102;6
247;103;6
247;104;6
247;105;6
247;106;6
247;107;6
247;108;6
247;109;6
247;110;3
247;111;3
247;112;3
247;113;3
247;114;3
247;115;3
247;116;3
247;117;3
247;118;3
247;119;3
247;120;3
247;121;3
247;122;3
247;123;3
247;124;3
247;125;3
247;126;3
247;127;3
247;128;3
247;129;3
247;130;3
247;131;3
247;132;3
247;133;3
247;134;3
247;135;3
247;136;3
247;137;3
247;138;3
247;139;3
247;140;32
247;141;32
247;142;32
247;143;32
247;144;32
247;145;32
247;146;32
247;147;32
247;148;32
247;149;32
247;150;32
247;151;32
247;152;32
247;153;32
247;154;32
247;155;32
247;156;32
247;157;32
247;158;32
247;159;32
247;160;32
247;161;32
247;162;32
247;163;32
247;164;32
247;165;32
247;166;32
247;167;32
247;168;32
247;169;32
247;170;32
247;171;32
247;172;32
247;173;32
247;174;32
247;175;32
247;176;32
247;177;32
247;178;32
247;179;32
247;180;32
247;181;32
247;182;32
247;183;32
247;184;39
247;185;39
247;186;39
247;187;39
247;188;16
247;189;16
247;190;16
247;191;16
247;192;16
247;193;16
247;194;16
247;195;16
247;196;16
247;197;16
247;198;16
247;199;16
247;200;16
247;201;16
247;202;16
247;203;16
247;204;16
247;205;16
247;206;16
247;207;16
247;208;16
247;209;16
247;210;16
247;211;16
247;212;16
247;213;16
247;214;16
247;215;16
247;216;16
247;217;16
247;218;16
247;219;16
247;220;16
247;221;16
247;222;16
247;223;24
247;224;24
247;225;24
247;226;24
247;227;24
247;228;24
247;229;24
247;230;24
247;231;24
247;232;24
247;233;24
247;234;24
247;235;24
247;236;24
247;237;24
247;238;24
247;239;24
247;240;24
247;241;24
247;242;24
247;243;24
247;244;24
247;245;24
247;246;24
247;247;24
247;248;24
247;249;24
247;250;24
247;251;43
247;252;43
247;253;43
247;254;43
247;255;43
247;256;43
247;257;43
247;258;43
247;259;43
247;260;43
247;261;43
247;262;43
247;263;43
247;264;43
247;265;43
247;266;43
247;267;43
247;268;43
247;269;43
247;270;43
247;271;43
247;272;43
247;273;43
247;274;43
247;275;43
247;276;43
247;277;43
247;278;43
247;279;43
247;280;43
247;281;43
247;282;43
247;283;43
247;284;43
247;285;43
247;286;43
247;287;43
247;288;43
247;289;43
247;290;43
247;291;43
247;292;43
247;293;43
247;294;43
247;295;43
247;296;43
247;297;43
247;298;43
247;299;43
247;300;43
247;301;43
247;302;38
247;303;38
247;304;38
247;305;38
247;306;38
247;307;38
247;308;38
247;309;46
247;310;46
247;311;46
247;312;46
247;313;46
247;314;46
247;315;46
247;316;46
247;317;46
247;318;46
247;319;46
247;320;46
247;321;46
247;322;46
247;323;46
247;324;46
247;325;46
247;326;46
247;327;46
247;328;46
247;329;46
247;330;46
247;331;46
247;332;46
247;333;46
247;334;46
247;335;46
247;336;46
247;337;46
247;338;46
247;339;46
247;340;46
247;341;46
247;342;46
247;343;46
247;344;46
247;345;18
247;346;18
247;347;18
247;348;18
247;349;18
247;350;13
247;351;13
247;352;13
247;353;13
247;354;13
247;355;13
247;356;13
247;357;13
247;358;13
247;359;13
247;360;13
247;361;38
247;362;38
247;363;38
247;364;38
247;365;38
247;366;38
247;367;38
247;368;38
247;369;38
247;370;38
247;371;38
247;372;38
247;373;38
247;374;38
247;375;38
247;376;38
247;377;16
247;378;16
247;379;16
247;380;16
247;381;16
247;382;16
247;383;16
247;384;16
247;385;16
247;386;16
247;387;16
247;388;16
247;389;16
247;390;16
247;391;16
247;392;16
247;393;16
247;394;16
247;395;16
247;396;16
247;397;16
247;398;16
247;399;16
247;400;18
247;401;18
247;402;18
247;403;18
247;404;18
247;405;18
247;406;18
247;407;18
247;408;18
247;409;18
247;410;18
247;411;18
247;412;18
247;413;18
247;414;18
247;415;18
247;416;18
247;417;18
247;418;18
247;419;18
247;420;43
247;421;43
247;422;43
247;423;43
247;424;43
247;425;43
247;426;43
247;427;43
247;428;43
247;429;43
247;430;43
247;431;43
247;432;43
247;433;43
247;434;43
247;435;43
247;436;43
247;437;43
247;438;43
247;439;43
247;440;43
247;441;43
247;442;43
247;443;43
247;444;43
247;445;43
247;446;43
247;447;43
247;448;43
247;449;43
247;450;43
247;451;43
247;452;43
247;453;43
247;454;43
247;455;43
247;456;43
247;457;43
247;458;43
247;459;43
247;460;36
247;461;36
247;462;36
247;463;36
247;464;36
247;465;36
247;466;36
247;467;36
247;468;36
247;469;36
247;470;36
247;471;36
247;472;36
247;473;36
247;474;36
247;475;36
247;476;36
247;477;36
247;478;36
247;479;35
247;480;35
247;481;35
247;482;35
247;483;35
247;484;35
247;485;35
247;486;35
247;487;35
247;488;35
247;489;35
247;490;35
247;491;35
247;492;35
247;493;35
247;494;35
247;495;35
247;496;35
247;497;35
247;498;35
247;499;35
248;0;8
248;1;8
248;2;8
248;3;8
248;4;8
248;5;8
248;6;8
248;7;8
248;8;8
248;9;8
248;10;8
248;11;8
248;12;8
248;13;8
248;14;8
248;15;8
248;16;8
248;17;8
248;18;8
248;19;8
248;20;8
248;21;8
248;22;8
248;23;49
248;24;49
248;25;49
248;26;49
248;27;49
248;28;49
248;29;49
248;30;49
248;31;49
248;32;49
248;33;49
248;34;49
248;35;49
248;36;49
248;37;49
248;38;49
248;39;49
248;40;49
248;41;49
248;42;49
248;43;49
248;44;49
248;45;49
248;46;25
248;47;25
248;48;25
248;49;25
248;50;25
248;51;25
248;52;25
248;53;25
248;54;25
248;55;25
248;56;25
248;57;25
248;58;25
248;59;25
248;60;25
248;61;25
248;62;25
248;63;25
248;64;25
248;65;25
248;66;25
248;67;25
248;68;25
248;69;25
248;70;25
248;71;25
248;72;25
248;73;25
248;74;25
248;75;25
248;76;25
248;77;30
248;78;30
248;79;30
248;80;30
248;81;30
248;82;30
248;83;30
248;84;30
248;85;30
248;86;30
248;87;30
248;88;30
248;89;30
248;90;30
248;91;30
248;92;30
248;93;30
248;94;30
248;95;30
248;96;30
248;97;30
248;98;30
248;99;30
248;100;30
248;101;30
248;102;30
248;103;6
248;104;6
248;105;6
248;106;6
248;107;6
248;108;6
248;109;6
248;110;3
248;111;3
248;112;3
248;113;3
248;114;3
248;115;3
248;116;3
248;117;3
248;118;3
248;119;3
248;120;3
248;121;3
248;122;3
248;123;3
248;124;3
248;125;3
248;126;3
248;127;3
248;128;3
248;129;3
248;130;3
248;131;3
248;132;3
248;133;3
248;134;3
248;135;3
248;136;3
248;137;3
248;138;3
248;139;3
248;140;32
248;141;32
248;142;32
248;143;32
248;144;32
248;145;32
248;146;32
248;147;32
248;148;32
248;149;32
248;150;32
248;151;32
248;152;32
248;153;32
248;154;32
248;155;32
248;156;32
248;157;32
248;158;32
248;159;32
248;160;32
248;161;32
248;162;32
248;163;32
248;164;32
248;165;32
248;166;32
248;167;32
248;168;32
248;169;32
248;170;32
248;171;32
248;172;32
248;173;32
248;174;32
248;175;32
248;176;32
248;177;32
248;178;32
248;179;32
248;180;32
248;181;32
248;182;32
248;183;32
248;184;32
248;185;39
248;186;39
248;187;16
248;188;16
248;189;16
248;190;16
248;191;16
248;192;16
248;193;16
248;194;16
248;195;16
248;196;16
248;197;16
248;198;16
248;199;16
248;200;16
248;201;16
248;202;16
248;203;16
248;204;16
248;205;16
248;206;16
248;207;16
248;208;16
248;209;16
248;210;16
248;211;16
248;212;16
248;213;16
248;214;16
248;215;16
248;216;16
248;217;16
248;218;16
248;219;16
248;220;16
248;221;16
248;222;16
248;223;16
248;224;16
248;225;24
248;226;24
248;227;24
248;228;24
248;229;24
248;230;24
248;231;24
248;232;24
248;233;24
248;234;24
248;235;24
248;236;24
248;237;24
248;238;24
248;239;24
248;240;24
248;241;24
248;242;24
248;243;24
248;244;24
248;245;24
248;246;24
248;247;24
248;248;24
248;249;24
248;250;24
248;251;24
248;252;43
248;253;43
248;254;43
248;255;43
248;256;43
248;257;43
248;258;43
248;259;43
248;260;43
248;261;43
248;262;43
248;263;43
248;264;43
248;265;43
248;266;43
248;267;43
248;268;43
248;269;43
248;270;43
248;271;43
248;272;43
248;273;43
248;274;43
248;275;43
248;276;43
248;277;43
248;278;43
248;279;43
248;280;43
248;281;43
248;282;43
248;283;43
248;284;43
248;285;43
248;286;43
248;287;43
248;288;43
248;289;43
248;290;43
248;291;43
248;292;43
248;293;43
248;294;43
248;295;43
248;296;43
248;297;43
248;298;43
248;299;43
248;300;43
248;301;47
248;302;47
248;303;47
248;304;46
248;305;46
248;306;46
248;307;46
248;308;46
248;309;46
248;310;46
248;311;46
248;312;46
248;313;46
248;314;46
248;315;46
248;316;46
248;317;46
248;318;46
248;319;46
248;320;46
248;321;46
248;322;46
248;323;46
248;324;46
248;325;46
248;326;46
248;327;46
248;328;46
248;329;46
248;330;46
248;331;46
248;332;46
248;333;46
248;334;46
248;335;46
248;336;46
248;337;46
248;338;46
248;339;46
248;340;46
248;341;46
248;342;46
248;343;46
248;344;46
248;345;46
248;346;18
248;347;18
248;348;18
248;349;18
248;350;13
248;351;13
248;352;13
248;353;13
248;354;13
248;355;13
248;356;13
248;357;13
248;358;13
248;359;13
248;360;13
248;361;38
248;362;38
248;363;38
248;364;38
248;365;38
248;366;38
248;367;38
248;368;38
248;369;38
248;370;38
248;371;38
248;372;38
248;373;38
248;374;38
248;375;38
248;376;38
248;377;16
248;378;16
248;379;16
248;380;16
248;381;16
248;382;16
248;383;16
248;384;16
248;385;16
248;386;16
248;387;16
248;388;16
248;389;16
248;390;16
248;391;16
248;392;16
248;393;16
248;394;16
248;395;16
248;396;16
248;397;16
248;398;16
248;399;16
248;400;18
248;401;18
248;402;18
248;403;18
248;404;18
248;405;18
248;406;18
248;407;18
248;408;18
248;409;18
248;410;18
248;411;18
248;412;18
248;413;18
248;414;18
248;415;18
248;416;18
248;417;18
248;418;18
248;419;18
248;420;43
248;421;43
248;422;43
248;423;43
248;424;43
248;425;43
248;426;43
248;427;43
248;428;43
248;429;43
248;430;43
248;431;43
248;432;43
248;433;43
248;434;43
248;435;43
248;436;43
248;437;43
248;438;43
248;439;43
248;440;43
248;441;43
248;442;43
248;443;43
248;444;43
248;445;43
248;446;43
248;447;43
248;448;43
248;449;43
248;450;43
248;451;43
248;452;43
248;453;43
248;454;43
248;455;43
248;456;43
248;457;43
248;458;43
248;459;43
248;460;43
248;461;36
248;462;36
248;463;36
248;464;36
248;465;36
248;466;36
248;467;36
248;468;36
248;469;36
248;470;36
248;471;36
248;472;36
248;473;36
248;474;36
248;475;36
248;476;36
248;477;36
248;478;36
248;479;35
248;480;35
248;481;35
248;482;35
248;483;35
248;484;35
248;485;35
248;486;35
248;487;35
248;488;35
248;489;35
248;490;35
248;491;35
248;492;35
248;493;35
248;494;35
248;495;35
248;496;35
248;497;35
248;498;35
248;499;35
249;0;8
249;1;8
249;2;8
249;3;8
249;4;8
249;5;8
249;6;8
249;7;8
249;8;8
249;9;8
249;10;8
249;11;8
249;12;8
249;13;8
249;14;8
249;15;8
249;16;8
249;17;8
249;18;8
249;19;8
249;20;8
249;21;8
249;22;8
249;23;8
249;24;49
249;25;49
249;26;49
249;27;49
249;28;49
249;29;49
249;30;49
249;31;49
249;32;49
249;33;49
249;34;49
249;35;49
249;36;49
249;37;49
249;38;49
249;39;49
249;40;49
249;41;49
249;42;49
249;43;49
249;44;49
249;45;49
249;46;25
249;47;25
249;48;25
249;49;25
249;50;25
249;51;25
249;52;25
249;53;25
249;54;25
249;55;25
249;56;25
249;57;25
249;58;25
249;59;25
249;60;25
249;61;25
249;62;25
249;63;25
249;64;25
249;65;25
249;66;25
249;67;25
249;68;25
249;69;25
249;70;25
249;71;25
249;72;25
249;73;25
249;74;25
249;75;25
249;76;25
249;77;25
249;78;30
249;79;30
249;80;30
249;81;30
249;82;30
249;83;30
249;84;30
249;85;30
249;86;30
249;87;30
249;88;30
249;89;30
249;90;30
249;91;30
249;92;30
249;93;30
249;94;30
249;95;30
249;96;30
249;97;30
249;98;30
249;99;30
249;100;30
249;101;30
249;102;30
249;103;30
249;104;6
249;105;6
249;106;6
249;107;6
249;108;6
249;109;6
249;110;6
249;111;3
249;112;3
249;113;3
249;114;3
249;115;3
249;116;3
249;117;3
249;118;3
249;119;3
249;120;3
249;121;3
249;122;3
249;123;3
249;124;3
249;125;3
249;126;3
249;127;3
249;128;3
249;129;3
249;130;3
249;131;3
249;132;3
249;133;3
249;134;3
249;135;3
249;136;3
249;137;3
249;138;3
249;139;3
249;140;14
249;141;12
249;142;12
249;143;12
249;144;12
249;145;12
249;146;12
249;147;12
249;148;12
249;149;12
249;150;12
249;151;12
249;152;12
249;153;12
249;154;12
249;155;32
249;156;32
249;157;32
249;158;32
249;159;32
249;160;32
249;161;32
249;162;32
249;163;32
249;164;32
249;165;32
249;166;32
249;167;32
249;168;32
249;169;32
249;170;32
249;171;32
249;172;32
249;173;32
249;174;32
249;175;32
249;176;32
249;177;32
249;178;32
249;179;32
249;180;32
249;181;32
249;182;32
249;183;32
249;184;39
249;185;39
249;186;39
249;187;16
249;188;16
249;189;16
249;190;16
249;191;16
249;192;16
249;193;16
249;194;16
249;195;16
249;196;16
249;197;16
249;198;16
249;199;16
249;200;16
249;201;16
249;202;16
249;203;16
249;204;16
249;205;16
249;206;16
249;207;16
249;208;16
249;209;16
249;210;16
249;211;16
249;212;16
249;213;16
249;214;16
249;215;16
249;216;16
249;217;16
249;218;16
249;219;16
249;220;16
249;221;16
249;222;16
249;223;16
249;224;16
249;225;16
249;226;16
249;227;24
249;228;24
249;229;24
249;230;24
249;231;24
249;232;24
249;233;24
249;234;24
249;235;24
249;236;24
249;237;24
249;238;24
249;239;24
249;240;24
249;241;24
249;242;24
249;243;24
249;244;24
249;245;24
249;246;24
249;247;24
249;248;24
249;249;24
249;250;24
249;251;24
249;252;43
249;253;43
249;254;43
249;255;43
249;256;43
249;257;43
249;258;43
249;259;43
249;260;43
249;261;43
249;262;43
249;263;43
249;264;43
249;265;43
249;266;43
249;267;43
249;268;43
249;269;43
249;270;43
249;271;43
249;272;43
249;273;43
249;274;43
249;275;43
249;276;43
249;277;43
249;278;43
249;279;43
249;280;43
249;281;43
249;282;43
249;283;43
249;284;43
249;285;43
249;286;43
249;287;43
249;288;43
249;289;43
249;290;43
249;291;43
249;292;43
249;293;43
249;294;43
249;295;43
249;296;43
249;297;43
249;298;43
249;299;43
249;300;47
249;301;47
249;302;47
249;303;47
249;304;47
249;305;46
249;306;46
249;307;46
249;308;46
249;309;46
249;310;46
249;311;46
249;312;46
249;313;46
249;314;46
249;315;46
249;316;46
249;317;46
249;318;46
249;319;46
249;320;46
249;321;46
249;322;46
249;323;46
249;324;46
249;325;46
249;326;46
249;327;46
249;328;46
249;329;46
249;330;46
249;331;46
249;332;46
249;333;46
249;334;46
249;335;46
249;336;46
249;337;46
249;338;46
249;339;46
249;340;46
249;341;46
249;342;46
249;343;46
249;344;46
249;345;46
249;346;46
249;347;46
249;348;18
249;349;18
249;350;13
249;351;13
249;352;13
249;353;13
249;354;13
249;355;13
249;356;13
249;357;13
249;358;13
249;359;13
249;360;13
249;361;38
249;362;38
249;363;38
249;364;38
249;365;38
249;366;38
249;367;38
249;368;38
249;369;38
249;370;38
249;371;38
249;372;38
249;373;38
249;374;38
249;375;38
249;376;38
249;377;16
249;378;16
249;379;16
249;380;16
249;381;16
249;382;16
249;383;16
249;384;16
249;385;16
249;386;16
249;387;16
249;388;16
249;389;16
249;390;16
249;391;16
249;392;16
249;393;16
249;394;16
249;395;16
249;396;16
249;397;16
249;398;16
249;399;16
249;400;18
249;401;18
249;402;18
249;403;18
249;404;18
249;405;18
249;406;18
249;407;18
249;408;18
249;409;18
249;410;18
249;411;18
249;412;18
249;413;18
249;414;18
249;415;18
249;416;18
249;417;18
249;418;18
249;419;18
249;420;18
249;421;43
249;422;43
249;423;43
249;424;43
249;425;43
249;426;43
249;427;43
249;428;43
249;429;43
249;430;43
249;431;43
249;432;43
249;433;43
249;434;43
249;435;43
249;436;43
249;437;43
249;438;43
249;439;43
249;440;43
249;441;43
249;442;43
249;443;43
249;444;43
249;445;43
249;446;43
249;447;43
249;448;43
249;449;43
249;450;43
249;451;43
249;452;43
249;453;43
249;454;43
249;455;43
249;456;43
249;457;43
249;458;43
249;459;43
249;460;43
249;461;43
249;462;36
249;463;36
249;464;36
249;465;36
249;466;36
249;467;36
249;468;36
249;469;36
249;470;36
249;471;36
249;472;36
249;473;36
249;474;36
249;475;36
249;476;36
249;477;36
249;478;36
249;479;35
249;480;35
249;481;35
249;482;35
249;483;35
249;484;35
249;485;35
249;486;35
249;487;35
249;488;35
249;489;35
249;490;35
249;491;35
249;492;35
249;493;35
249;494;35
249;495;35
249;496;35
249;497;35
249;498;35
249;499;35
250;0;8
250;1;8
250;2;8
250;3;8
250;4;8
250;5;8
250;6;8
250;7;8
250;8;8
250;9;8
250;10;8
250;11;8
250;12;8
250;13;8
250;14;8
250;15;8
250;16;8
250;17;8
250;18;8
250;19;8
250;20;8
250;21;8
250;22;8
250;23;8
250;24;49
250;25;49
250;26;49
250;27;49
250;28;49
250;29;49
250;30;49
250;31;49
250;32;49
250;33;49
250;34;49
250;35;49
250;36;49
250;37;49
250;38;49
250;39;49
250;40;49
250;41;49
250;42;49
250;43;49
250;44;49
250;45;49
250;46;49
250;47;25
250;48;25
250;49;25
250;50;25
250;51;25
250;52;25
250;53;25
250;54;25
250;55;25
250;56;25
250;57;25
250;58;25
250;59;25
250;60;25
250;61;25
250;62;25
250;63;25
250;64;25
250;65;25
250;66;25
250;67;25
250;68;25
250;69;25
250;70;25
250;71;25
250;72;25
250;73;25
250;74;25
250;75;25
250;76;25
250;77;25
250;78;25
250;79;30
250;80;30
250;81;30
250;82;30
250;83;30
250;84;30
250;85;30
250;86;30
250;87;30
250;88;30
250;89;30
250;90;30
250;91;30
250;92;30
250;93;30
250;94;30
250;95;30
250;96;30
250;97;30
250;98;30
250;99;30
250;100;30
250;101;30
250;102;30
250;103;30
250;104;30
250;105;6
250;106;6
250;107;6
250;108;6
250;109;6
250;110;6
250;111;3
250;112;3
250;113;3
250;114;3
250;115;3
250;116;3
250;117;3
250;118;3
250;119;3
250;120;3
250;121;3
250;122;3
250;123;3
250;124;3
250;125;3
250;126;3
250;127;3
250;128;3
250;129;3
250;130;3
250;131;3
250;132;3
250;133;3
250;134;3
250;135;3
250;136;3
250;137;3
250;138;3
250;139;14
250;140;14
250;141;14
250;142;12
250;143;12
250;144;12
250;145;12
250;146;12
250;147;12
250;148;12
250;149;12
250;150;12
250;151;12
250;152;12
250;153;12
250;154;12
250;155;12
250;156;12
250;157;32
250;158;32
250;159;32
250;160;32
250;161;32
250;162;32
250;163;32
250;164;32
250;165;32
250;166;32
250;167;32
250;168;32
250;169;32
250;170;32
250;171;32
250;172;32
250;173;32
250;174;32
250;175;32
250;176;32
250;177;32
250;178;32
250;179;32
250;180;32
250;181;32
250;182;32
250;183;39
250;184;39
250;185;39
250;186;39
250;187;16
250;188;16
250;189;16
250;190;16
250;191;16
250;192;16
250;193;16
250;194;16
250;195;16
250;196;16
250;197;16
250;198;16
250;199;16
250;200;16
250;201;16
250;202;16
250;203;16
250;204;16
250;205;16
250;206;16
250;207;16
250;208;16
250;209;16
250;210;16
250;211;16
250;212;16
250;213;16
250;214;16
250;215;16
250;216;16
250;217;16
250;218;16
250;219;16
250;220;16
250;221;16
250;222;16
250;223;16
250;224;16
250;225;16
250;226;16
250;227;16
250;228;16
250;229;24
250;230;24
250;231;24
250;232;24
250;233;24
250;234;24
250;235;24
250;236;24
250;237;24
250;238;24
250;239;24
250;240;24
250;241;24
250;242;24
250;243;24
250;244;24
250;245;24
250;246;24
250;247;24
250;248;24
250;249;24
250;250;24
250;251;24
250;252;24
250;253;43
250;254;43
250;255;43
250;256;43
250;257;43
250;258;43
250;259;43
250;260;43
250;261;43
250;262;43
250;263;43
250;264;43
250;265;43
250;266;43
250;267;43
250;268;43
250;269;43
250;270;43
250;271;43
250;272;43
250;273;43
250;274;43
250;275;43
250;276;43
250;277;43
250;278;43
250;279;43
250;280;43
250;281;43
250;282;43
250;283;43
250;284;43
250;285;43
250;286;43
250;287;43
250;288;43
250;289;43
250;290;43
250;291;43
250;292;43
250;293;43
250;294;43
250;295;43
250;296;43
250;297;43
250;298;43
250;299;47
250;300;47
250;301;47
250;302;47
250;303;47
250;304;47
250;305;47
250;306;47
250;307;46
250;308;46
250;309;46
250;310;46
250;311;46
250;312;46
250;313;46
250;314;46
250;315;46
250;316;46
250;317;46
250;318;46
250;319;46
250;320;46
250;321;46
250;322;46
250;323;46
250;324;46
250;325;46
250;326;46
250;327;46
250;328;46
250;329;46
250;330;46
250;331;46
250;332;46
250;333;46
250;334;46
250;335;46
250;336;46
250;337;46
250;338;46
250;339;46
250;340;46
250;341;46
250;342;46
250;343;46
250;344;46
250;345;46
250;346;46
250;347;46
250;348;46
250;349;18
250;350;13
250;351;13
250;352;13
250;353;13
250;354;13
250;355;13
250;356;13
250;357;13
250;358;13
250;359;13
250;360;13
250;361;38
250;362;38
250;363;38
250;364;38
250;365;38
250;366;38
250;367;38
250;368;38
250;369;38
250;370;38
250;371;38
250;372;38
250;373;38
250;374;38
250;375;38
250;376;38
250;377;16
250;378;16
250;379;16
250;380;16
250;381;16
250;382;16
250;383;16
250;384;16
250;385;16
250;386;16
250;387;16
250;388;16
250;389;16
250;390;16
250;391;16
250;392;16
250;393;16
250;394;16
250;395;16
250;396;16
250;397;16
250;398;16
250;399;16
250;400;18
250;401;18
250;402;18
250;403;18
250;404;18
250;405;18
250;406;18
250;407;18
250;408;18
250;409;18
250;410;18
250;411;18
250;412;18
250;413;18
250;414;18
250;415;18
250;416;18
250;417;18
250;418;18
250;419;18
250;420;18
250;421;43
250;422;43
250;423;43
250;424;43
250;425;43
250;426;43
250;427;43
250;428;43
250;429;43
250;430;43
250;431;43
250;432;43
250;433;43
250;434;43
250;435;43
250;436;43
250;437;43
250;438;43
250;439;43
250;440;43
250;441;43
250;442;43
250;443;43
250;444;43
250;445;43
250;446;43
250;447;43
250;448;43
250;449;43
250;450;43
250;451;43
250;452;43
250;453;43
250;454;43
250;455;43
250;456;43
250;457;43
250;458;43
250;459;43
250;460;43
250;461;43
250;462;43
250;463;36
250;464;36
250;465;36
250;466;36
250;467;36
250;468;36
250;469;36
250;470;36
250;471;36
250;472;36
250;473;36
250;474;36
250;475;36
250;476;36
250;477;36
250;478;36
250;479;35
250;480;35
250;481;35
250;482;35
250;483;35
250;484;35
250;485;35
250;486;35
250;487;35
250;488;35
250;489;35
250;490;35
250;491;35
250;492;35
250;493;35
250;494;35
250;495;35
250;496;35
250;497;35
250;498;35
250;499;35
251;0;8
251;1;8
251;2;8
251;3;8
251;4;8
251;5;8
251;6;8
251;7;8
251;8;8
251;9;8
251;10;8
251;11;8
251;12;8
251;13;8
251;14;8
251;15;8
251;16;8
251;17;8
251;18;8
251;19;8
251;20;8
251;21;8
251;22;8
251;23;8
251;24;8
251;25;49
251;26;49
251;27;49
251;28;49
251;29;49
251;30;49
251;31;49
251;32;49
251;33;49
251;34;49
251;35;49
251;36;49
251;37;49
251;38;49
251;39;49
251;40;49
251;41;49
251;42;49
251;43;49
251;44;49
251;45;49
251;46;49
251;47;49
251;48;25
251;49;25
251;50;25
251;51;25
251;52;25
251;53;25
251;54;25
251;55;25
251;56;25
251;57;25
251;58;25
251;59;25
251;60;25
251;61;25
251;62;25
251;63;25
251;64;25
251;65;25
251;66;25
251;67;25
251;68;25
251;69;25
251;70;25
251;71;25
251;72;25
251;73;25
251;74;25
251;75;25
251;76;25
251;77;25
251;78;25
251;79;25
251;80;30
251;81;30
251;82;30
251;83;30
251;84;30
251;85;30
251;86;30
251;87;30
251;88;30
251;89;30
251;90;30
251;91;30
251;92;30
251;93;30
251;94;30
251;95;30
251;96;30
251;97;30
251;98;30
251;99;30
251;100;30
251;101;30
251;102;30
251;103;30
251;104;30
251;105;30
251;106;6
251;107;6
251;108;6
251;109;6
251;110;6
251;111;3
251;112;3
251;113;3
251;114;3
251;115;3
251;116;3
251;117;3
251;118;3
251;119;3
251;120;3
251;121;3
251;122;3
251;123;3
251;124;3
251;125;3
251;126;3
251;127;3
251;128;3
251;129;3
251;130;3
251;131;3
251;132;3
251;133;3
251;134;3
251;135;3
251;136;3
251;137;3
251;138;14
251;139;14
251;140;14
251;141;14
251;142;14
251;143;12
251;144;12
251;145;12
251;146;12
251;147;12
251;148;12
251;149;12
251;150;12
251;151;12
251;152;12
251;153;12
251;154;12
251;155;12
251;156;12
251;157;12
251;158;12
251;159;32
251;160;32
251;161;32
251;162;32
251;163;32
251;164;32
251;165;32
251;166;32
251;167;32
251;168;32
251;169;32
251;170;32
251;171;32
251;172;32
251;173;32
251;174;32
251;175;32
251;176;32
251;177;32
251;178;32
251;179;32
251;180;32
251;181;32
251;182;39
251;183;39
251;184;39
251;185;39
251;186;39
251;187;39
251;188;16
251;189;16
251;190;16
251;191;16
251;192;16
251;193;16
251;194;16
251;195;16
251;196;16
251;197;16
251;198;16
251;199;16
251;200;16
251;201;16
251;202;16
251;203;16
251;204;16
251;205;16
251;206;16
251;207;16
251;208;16
251;209;16
251;210;16
251;211;16
251;212;16
251;213;16
251;214;16
251;215;16
251;216;16
251;217;16
251;218;16
251;219;16
251;220;16
251;221;16
251;222;16
251;223;16
251;224;16
251;225;16
251;226;16
251;227;16
251;228;16
251;229;16
251;230;16
251;231;24
251;232;24
251;233;24
251;234;24
251;235;24
251;236;24
251;237;24
251;238;24
251;239;24
251;240;24
251;241;24
251;242;24
251;243;24
251;244;24
251;245;24
251;246;24
251;247;24
251;248;24
251;249;24
251;250;24
251;251;24
251;252;24
251;253;43
251;254;43
251;255;43
251;256;43
251;257;43
251;258;43
251;259;43
251;260;43
251;261;43
251;262;43
251;263;43
251;264;43
251;265;43
251;266;43
251;267;43
251;268;43
251;269;43
251;270;43
251;271;43
251;272;43
251;273;43
251;274;43
251;275;43
251;276;43
251;277;43
251;278;43
251;279;43
251;280;43
251;281;43
251;282;43
251;283;43
251;284;43
251;285;43
251;286;43
251;287;43
251;288;43
251;289;43
251;290;43
251;291;43
251;292;43
251;293;43
251;294;43
251;295;43
251;296;43
251;297;43
251;298;43
251;299;47
251;300;47
251;301;47
251;302;47
251;303;47
251;304;47
251;305;47
251;306;47
251;307;47
251;308;47
251;309;46
251;310;46
251;311;46
251;312;46
251;313;46
251;314;46
251;315;46
251;316;46
251;317;46
251;318;46
251;319;46
251;320;46
251;321;46
251;322;46
251;323;46
251;324;46
251;325;46
251;326;46
251;327;46
251;328;46
251;329;46
251;330;46
251;331;46
251;332;46
251;333;46
251;334;46
251;335;46
251;336;46
251;337;46
251;338;46
251;339;46
251;340;46
251;341;46
251;342;46
251;343;46
251;344;46
251;345;46
251;346;46
251;347;46
251;348;46
251;349;46
251;350;13
251;351;13
251;352;13
251;353;13
251;354;13
251;355;13
251;356;13
251;357;13
251;358;13
251;359;13
251;360;13
251;361;38
251;362;38
251;363;38
251;364;38
251;365;38
251;366;38
251;367;38
251;368;38
251;369;38
251;370;38
251;371;38
251;372;38
251;373;38
251;374;38
251;375;38
251;376;38
251;377;38
251;378;16
251;379;16
251;380;16
251;381;16
251;382;16
251;383;16
251;384;16
251;385;16
251;386;16
251;387;16
251;388;16
251;389;16
251;390;16
251;391;16
251;392;16
251;393;16
251;394;16
251;395;16
251;396;16
251;397;16
251;398;16
251;399;18
251;400;18
251;401;18
251;402;18
251;403;18
251;404;18
251;405;18
251;406;18
251;407;18
251;408;18
251;409;18
251;410;18
251;411;18
251;412;18
251;413;18
251;414;18
251;415;18
251;416;18
251;417;18
251;418;18
251;419;18
251;420;18
251;421;18
251;422;43
251;423;43
251;424;43
251;425;43
251;426;43
251;427;43
251;428;43
251;429;43
251;430;43
251;431;43
251;432;43
251;433;43
251;434;43
251;435;43
251;436;43
251;437;43
251;438;43
251;439;43
251;440;43
251;441;43
251;442;43
251;443;43
251;444;43
251;445;43
251;446;43
251;447;43
251;448;43
251;449;43
251;450;43
251;451;43
251;452;43
251;453;43
251;454;43
251;455;43
251;456;43
251;457;43
251;458;43
251;459;43
251;460;43
251;461;43
251;462;43
251;463;43
251;464;36
251;465;36
251;466;36
251;467;36
251;468;36
251;469;36
251;470;36
251;471;36
251;472;36
251;473;36
251;474;36
251;475;36
251;476;36
251;477;36
251;478;36
251;479;35
251;480;35
251;481;35
251;482;35
251;483;35
251;484;35
251;485;35
251;486;35
251;487;35
251;488;35
251;489;35
251;490;35
251;491;35
251;492;35
251;493;35
251;494;35
251;495;35
251;496;35
251;497;35
251;498;35
251;499;35
252;0;8
252;1;8
252;2;8
252;3;8
252;4;8
252;5;8
252;6;8
252;7;8
252;8;8
252;9;8
252;10;8
252;11;8
252;12;8
252;13;8
252;14;8
252;15;8
252;16;8
252;17;8
252;18;8
252;19;8
252;20;8
252;21;8
252;22;8
252;23;8
252;24;8
252;25;49
252;26;49
252;27;49
252;28;49
252;29;49
252;30;49
252;31;49
252;32;49
252;33;49
252;34;49
252;35;49
252;36;49
252;37;49
252;38;49
252;39;49
252;40;49
252;41;49
252;42;49
252;43;49
252;44;49
252;45;49
252;46;49
252;47;49
252;48;49
252;49;25
252;50;25
252;51;25
252;52;25
252;53;25
252;54;25
252;55;25
252;56;25
252;57;25
252;58;25
252;59;25
252;60;25
252;61;25
252;62;25
252;63;25
252;64;25
252;65;25
252;66;25
252;67;25
252;68;25
252;69;25
252;70;25
252;71;25
252;72;25
252;73;25
252;74;25
252;75;25
252;76;25
252;77;25
252;78;25
252;79;25
252;80;30
252;81;30
252;82;30
252;83;30
252;84;30
252;85;30
252;86;30
252;87;30
252;88;30
252;89;30
252;90;30
252;91;30
252;92;30
252;93;30
252;94;30
252;95;30
252;96;30
252;97;30
252;98;30
252;99;30
252;100;30
252;101;30
252;102;30
252;103;30
252;104;30
252;105;30
252;106;30
252;107;6
252;108;6
252;109;6
252;110;6
252;111;3
252;112;3
252;113;3
252;114;3
252;115;3
252;116;3
252;117;3
252;118;3
252;119;3
252;120;3
252;121;3
252;122;3
252;123;3
252;124;3
252;125;3
252;126;3
252;127;3
252;128;3
252;129;3
252;130;3
252;131;3
252;132;3
252;133;3
252;134;3
252;135;3
252;136;3
252;137;14
252;138;14
252;139;14
252;140;14
252;141;14
252;142;14
252;143;14
252;144;12
252;145;12
252;146;12
252;147;12
252;148;12
252;149;12
252;150;12
252;151;12
252;152;12
252;153;12
252;154;12
252;155;12
252;156;12
252;157;12
252;158;12
252;159;12
252;160;12
252;161;12
252;162;12
252;163;12
252;164;12
252;165;32
252;166;32
252;167;32
252;168;32
252;169;32
252;170;32
252;171;32
252;172;32
252;173;32
252;174;32
252;175;32
252;176;32
252;177;32
252;178;32
252;179;32
252;180;32
252;181;39
252;182;39
252;183;39
252;184;39
252;185;39
252;186;39
252;187;39
252;188;16
252;189;16
252;190;16
252;191;16
252;192;16
252;193;16
252;194;16
252;195;16
252;196;16
252;197;16
252;198;16
252;199;16
252;200;16
252;201;16
252;202;16
252;203;16
252;204;16
252;205;16
252;206;16
252;207;16
252;208;16
252;209;16
252;210;16
252;211;16
252;212;16
252;213;16
252;214;16
252;215;16
252;216;16
252;217;16
252;218;16
252;219;16
252;220;16
252;221;16
252;222;16
252;223;16
252;224;16
252;225;16
252;226;16
252;227;16
252;228;16
252;229;16
252;230;16
252;231;16
252;232;16
252;233;24
252;234;24
252;235;24
252;236;24
252;237;24
252;238;24
252;239;24
252;240;24
252;241;24
252;242;24
252;243;24
252;244;24
252;245;24
252;246;24
252;247;24
252;248;24
252;249;24
252;250;24
252;251;24
252;252;24
252;253;24
252;254;43
252;255;43
252;256;43
252;257;43
252;258;43
252;259;43
252;260;43
252;261;43
252;262;43
252;263;43
252;264;43
252;265;43
252;266;43
252;267;43
252;268;43
252;269;43
252;270;43
252;271;43
252;272;43
252;273;43
252;274;43
252;275;43
252;276;43
252;277;43
252;278;43
252;279;43
252;280;43
252;281;43
252;282;43
252;283;43
252;284;43
252;285;43
252;286;43
252;287;43
252;288;43
252;289;43
252;290;43
252;291;43
252;292;43
252;293;43
252;294;43
252;295;43
252;296;43
252;297;43
252;298;43
252;299;47
252;300;47
252;301;47
252;302;47
252;303;47
252;304;47
252;305;47
252;306;47
252;307;47
252;308;47
252;309;47
252;310;47
252;311;46
252;312;46
252;313;46
252;314;46
252;315;46
252;316;46
252;317;46
252;318;46
252;319;46
252;320;46
252;321;46
252;322;46
252;323;46
252;324;46
252;325;46
252;326;46
252;327;46
252;328;46
252;329;46
252;330;46
252;331;46
252;332;46
252;333;46
252;334;46
252;335;46
252;336;46
252;337;46
252;338;46
252;339;46
252;340;46
252;341;46
252;342;46
252;343;46
252;344;46
252;345;46
252;346;46
252;347;46
252;348;46
252;349;46
252;350;13
252;351;13
252;352;13
252;353;13
252;354;13
252;355;13
252;356;13
252;357;13
252;358;13
252;359;13
252;360;13
252;361;38
252;362;38
252;363;38
252;364;38
252;365;38
252;366;38
252;367;38
252;368;38
252;369;38
252;370;38
252;371;38
252;372;38
252;373;38
252;374;38
252;375;38
252;376;38
252;377;38
252;378;16
252;379;16
252;380;16
252;381;16
252;382;16
252;383;16
252;384;16
252;385;16
252;386;16
252;387;16
252;388;16
252;389;16
252;390;16
252;391;16
252;392;16
252;393;16
252;394;16
252;395;16
252;396;16
252;397;16
252;398;18
252;399;18
252;400;18
252;401;18
252;402;18
252;403;18
252;404;18
252;405;18
252;406;18
252;407;18
252;408;18
252;409;18
252;410;18
252;411;18
252;412;18
252;413;18
252;414;18
252;415;18
252;416;18
252;417;18
252;418;18
252;419;18
252;420;18
252;421;18
252;422;43
252;423;43
252;424;43
252;425;43
252;426;43
252;427;43
252;428;43
252;429;43
252;430;43
252;431;43
252;432;43
252;433;43
252;434;43
252;435;43
252;436;43
252;437;43
252;438;43
252;439;43
252;440;43
252;441;43
252;442;43
252;443;43
252;444;43
252;445;43
252;446;43
252;447;43
252;448;43
252;449;43
252;450;43
252;451;43
252;452;43
252;453;43
252;454;43
252;455;43
252;456;43
252;457;43
252;458;43
252;459;43
252;460;43
252;461;43
252;462;43
252;463;43
252;464;43
252;465;36
252;466;36
252;467;36
252;468;36
252;469;36
252;470;36
252;471;36
252;472;36
252;473;36
252;474;36
252;475;36
252;476;36
252;477;36
252;478;36
252;479;35
252;480;35
252;481;35
252;482;35
252;483;35
252;484;35
252;485;35
252;486;35
252;487;35
252;488;35
252;489;35
252;490;35
252;491;35
252;492;35
252;493;35
252;494;35
252;495;35
252;496;35
252;497;35
252;498;35
252;499;35
253;0;8
253;1;8
253;2;8
253;3;8
253;4;8
253;5;8
253;6;8
253;7;8
253;8;8
253;9;8
253;10;8
253;11;8
253;12;8
253;13;8
253;14;8
253;15;8
253;16;8
253;17;8
253;18;8
253;19;8
253;20;8
253;21;8
253;22;8
253;23;8
253;24;8
253;25;49
253;26;49
253;27;49
253;28;49
253;29;49
253;30;49
253;31;49
253;32;49
253;33;49
253;34;49
253;35;49
253;36;49
253;37;49
253;38;49
253;39;49
253;40;49
253;41;49
253;42;49
253;43;49
253;44;49
253;45;49
253;46;49
253;47;49
253;48;49
253;49;49
253;50;25
253;51;25
253;52;25
253;53;25
253;54;25
253;55;25
253;56;25
253;57;25
253;58;25
253;59;25
253;60;25
253;61;25
253;62;25
253;63;25
253;64;25
253;65;25
253;66;25
253;67;25
253;68;25
253;69;25
253;70;25
253;71;25
253;72;25
253;73;25
253;74;25
253;75;25
253;76;25
253;77;25
253;78;25
253;79;25
253;80;25
253;81;30
253;82;30
253;83;30
253;84;30
253;85;30
253;86;30
253;87;30
253;88;30
253;89;30
253;90;30
253;91;30
253;92;30
253;93;30
253;94;30
253;95;30
253;96;30
253;97;30
253;98;30
253;99;30
253;100;30
253;101;30
253;102;30
253;103;30
253;104;30
253;105;30
253;106;30
253;107;30
253;108;6
253;109;6
253;110;6
253;111;3
253;112;3
253;113;3
253;114;3
253;115;3
253;116;3
253;117;3
253;118;3
253;119;3
253;120;3
253;121;3
253;122;3
253;123;3
253;124;3
253;125;3
253;126;3
253;127;3
253;128;3
253;129;3
253;130;3
253;131;3
253;132;3
253;133;3
253;134;3
253;135;3
253;136;14
253;137;14
253;138;14
253;139;14
253;140;14
253;141;14
253;142;14
253;143;14
253;144;14
253;145;12
253;146;12
253;147;12
253;148;12
253;149;12
253;150;12
253;151;12
253;152;12
253;153;12
253;154;12
253;155;12
253;156;12
253;157;12
253;158;12
253;159;12
253;160;12
253;161;12
253;162;12
253;163;12
253;164;12
253;165;12
253;166;12
253;167;32
253;168;32
253;169;32
253;170;32
253;171;32
253;172;32
253;173;32
253;174;32
253;175;32
253;176;32
253;177;32
253;178;32
253;179;32
253;180;39
253;181;39
253;182;39
253;183;39
253;184;39
253;185;39
253;186;39
253;187;39
253;188;39
253;189;16
253;190;16
253;191;16
253;192;16
253;193;16
253;194;16
253;195;16
253;196;16
253;197;16
253;198;16
253;199;16
253;200;16
253;201;16
253;202;16
253;203;16
253;204;16
253;205;16
253;206;16
253;207;16
253;208;16
253;209;16
253;210;16
253;211;16
253;212;16
253;213;16
253;214;16
253;215;16
253;216;16
253;217;16
253;218;16
253;219;16
253;220;16
253;221;16
253;222;16
253;223;16
253;224;16
253;225;16
253;226;16
253;227;16
253;228;16
253;229;16
253;230;16
253;231;16
253;232;16
253;233;16
253;234;16
253;235;24
253;236;24
253;237;24
253;238;24
253;239;24
253;240;24
253;241;24
253;242;24
253;243;24
253;244;24
253;245;24
253;246;24
253;247;24
253;248;24
253;249;24
253;250;24
253;251;24
253;252;24
253;253;24
253;254;43
253;255;43
253;256;43
253;257;43
253;258;43
253;259;43
253;260;43
253;261;43
253;262;43
253;263;43
253;264;43
253;265;43
253;266;43
253;267;43
253;268;43
253;269;43
253;270;43
253;271;43
253;272;43
253;273;43
253;274;43
253;275;43
253;276;43
253;277;43
253;278;43
253;279;43
253;280;43
253;281;43
253;282;43
253;283;43
253;284;43
253;285;43
253;286;43
253;287;43
253;288;43
253;289;43
253;290;43
253;291;43
253;292;43
253;293;43
253;294;43
253;295;43
253;296;43
253;297;43
253;298;43
253;299;47
253;300;47
253;301;47
253;302;47
253;303;47
253;304;47
253;305;47
253;306;47
253;307;47
253;308;47
253;309;47
253;310;47
253;311;47
253;312;47
253;313;46
253;314;46
253;315;46
253;316;46
253;317;46
253;318;46
253;319;46
253;320;46
253;321;46
253;322;46
253;323;46
253;324;46
253;325;46
253;326;46
253;327;46
253;328;46
253;329;46
253;330;46
253;331;46
253;332;46
253;333;46
253;334;46
253;335;46
253;336;46
253;337;46
253;338;46
253;339;46
253;340;46
253;341;46
253;342;46
253;343;46
253;344;46
253;345;46
253;346;46
253;347;46
253;348;46
253;349;46
253;350;46
253;351;13
253;352;13
253;353;13
253;354;13
253;355;13
253;356;13
253;357;13
253;358;13
253;359;13
253;360;13
253;361;38
253;362;38
253;363;38
253;364;38
253;365;38
253;366;38
253;367;38
253;368;38
253;369;38
253;370;38
253;371;38
253;372;38
253;373;38
253;374;38
253;375;38
253;376;38
253;377;38
253;378;38
253;379;16
253;380;16
253;381;16
253;382;16
253;383;16
253;384;16
253;385;16
253;386;16
253;387;16
253;388;16
253;389;16
253;390;16
253;391;16
253;392;16
253;393;16
253;394;16
253;395;16
253;396;16
253;397;18
253;398;18
253;399;18
253;400;18
253;401;18
253;402;18
253;403;18
253;404;18
253;405;18
253;406;18
253;407;18
253;408;18
253;409;18
253;410;18
253;411;18
253;412;18
253;413;18
253;414;18
253;415;18
253;416;18
253;417;18
253;418;18
253;419;18
253;420;18
253;421;18
253;422;36
253;423;43
253;424;43
253;425;43
253;426;43
253;427;43
253;428;43
253;429;43
253;430;43
253;431;43
253;432;43
253;433;43
253;434;43
253;435;43
253;436;43
253;437;43
253;438;43
253;439;43
253;440;43
253;441;43
253;442;43
253;443;43
253;444;43
253;445;43
253;446;43
253;447;43
253;448;43
253;449;43
253;450;43
253;451;43
253;452;43
253;453;43
253;454;43
253;455;43
253;456;43
253;457;43
253;458;43
253;459;43
253;460;43
253;461;43
253;462;43
253;463;43
253;464;43
253;465;43
253;466;36
253;467;36
253;468;36
253;469;36
253;470;36
253;471;36
253;472;36
253;473;36
253;474;36
253;475;36
253;476;36
253;477;36
253;478;36
253;479;35
253;480;35
253;481;35
253;482;35
253;483;35
253;484;35
253;485;35
253;486;35
253;487;35
253;488;35
253;489;35
253;490;35
253;491;35
253;492;35
253;493;35
253;494;35
253;495;35
253;496;35
253;497;35
253;498;35
253;499;35
254;0;8
254;1;8
254;2;8
254;3;8
254;4;8
254;5;8
254;6;8
254;7;8
254;8;8
254;9;8
254;10;8
254;11;8
254;12;8
254;13;8
254;14;8
254;15;8
254;16;8
254;17;8
254;18;8
254;19;8
254;20;8
254;21;8
254;22;8
254;23;8
254;24;4
254;25;4
254;26;49
254;27;49
254;28;49
254;29;49
254;30;49
254;31;49
254;32;49
254;33;49
254;34;49
254;35;49
254;36;49
254;37;49
254;38;49
254;39;49
254;40;49
254;41;49
254;42;49
254;43;49
254;44;49
254;45;49
254;46;49
254;47;49
254;48;49
254;49;49
254;50;49
254;51;25
254;52;25
254;53;25
254;54;25
254;55;25
254;56;25
254;57;25
254;58;25
254;59;25
254;60;25
254;61;25
254;62;25
254;63;25
254;64;25
254;65;25
254;66;25
254;67;25
254;68;25
254;69;25
254;70;25
254;71;25
254;72;25
254;73;25
254;74;25
254;75;25
254;76;25
254;77;25
254;78;25
254;79;25
254;80;25
254;81;30
254;82;30
254;83;30
254;84;30
254;85;30
254;86;30
254;87;30
254;88;30
254;89;30
254;90;30
254;91;30
254;92;30
254;93;30
254;94;30
254;95;30
254;96;30
254;97;30
254;98;30
254;99;30
254;100;30
254;101;30
254;102;30
254;103;30
254;104;30
254;105;30
254;106;30
254;107;30
254;108;30
254;109;6
254;110;6
254;111;3
254;112;3
254;113;3
254;114;3
254;115;3
254;116;3
254;117;3
254;118;3
254;119;3
254;120;3
254;121;3
254;122;3
254;123;3
254;124;3
254;125;3
254;126;3
254;127;3
254;128;14
254;129;14
254;130;14
254;131;14
254;132;14
254;133;14
254;134;14
254;135;14
254;136;14
254;137;14
254;138;14
254;139;14
254;140;14
254;141;14
254;142;14
254;143;14
254;144;14
254;145;14
254;146;12
254;147;12
254;148;12
254;149;12
254;150;12
254;151;12
254;152;12
254;153;12
254;154;12
254;155;12
254;156;12
254;157;12
254;158;12
254;159;12
254;160;12
254;161;12
254;162;12
254;163;12
254;164;12
254;165;12
254;166;12
254;167;12
254;168;12
254;169;32
254;170;32
254;171;32
254;172;32
254;173;32
254;174;32
254;175;32
254;176;32
254;177;32
254;178;32
254;179;39
254;180;39
254;181;39
254;182;39
254;183;39
254;184;39
254;185;39
254;186;39
254;187;39
254;188;39
254;189;16
254;190;16
254;191;16
254;192;16
254;193;16
254;194;16
254;195;16
254;196;16
254;197;16
254;198;16
254;199;16
254;200;16
254;201;16
254;202;16
254;203;16
254;204;16
254;205;16
254;206;16
254;207;16
254;208;16
254;209;16
254;210;16
254;211;16
254;212;16
254;213;16
254;214;16
254;215;16
254;216;16
254;217;16
254;218;16
254;219;16
254;220;16
254;221;16
254;222;16
254;223;16
254;224;16
254;225;16
254;226;16
254;227;16
254;228;16
254;229;16
254;230;16
254;231;16
254;232;16
254;233;16
254;234;16
254;235;16
254;236;16
254;237;24
254;238;24
254;239;24
254;240;24
254;241;24
254;242;24
254;243;24
254;244;24
254;245;24
254;246;24
254;247;24
254;248;24
254;249;24
254;250;24
254;251;24
254;252;24
254;253;24
254;254;24
254;255;43
254;256;43
254;257;43
254;258;43
254;259;43
254;260;43
254;261;43
254;262;43
254;263;43
254;264;43
254;265;43
254;266;43
254;267;43
254;268;43
254;269;43
254;270;43
254;271;43
254;272;43
254;273;43
254;274;43
254;275;43
254;276;43
254;277;43
254;278;43
254;279;43
254;280;43
254;281;43
254;282;43
254;283;43
254;284;43
254;285;43
254;286;43
254;287;43
254;288;43
254;289;43
254;290;43
254;291;43
254;292;43
254;293;43
254;294;43
254;295;43
254;296;43
254;297;43
254;298;43
254;299;47
254;300;47
254;301;47
254;302;47
254;303;47
254;304;47
254;305;47
254;306;47
254;307;47
254;308;47
254;309;47
254;310;47
254;311;47
254;312;47
254;313;47
254;314;47
254;315;46
254;316;46
254;317;46
254;318;46
254;319;46
254;320;46
254;321;46
254;322;46
254;323;46
254;324;46
254;325;46
254;326;46
254;327;46
254;328;46
254;329;46
254;330;46
254;331;46
254;332;46
254;333;46
254;334;46
254;335;46
254;336;46
254;337;46
254;338;46
254;339;46
254;340;46
254;341;46
254;342;46
254;343;46
254;344;46
254;345;46
254;346;46
254;347;46
254;348;46
254;349;46
254;350;46
254;351;13
254;352;13
254;353;13
254;354;13
254;355;13
254;356;13
254;357;13
254;358;13
254;359;13
254;360;13
254;361;38
254;362;38
254;363;38
254;364;38
254;365;38
254;366;38
254;367;38
254;368;38
254;369;38
254;370;38
254;371;38
254;372;38
254;373;38
254;374;38
254;375;38
254;376;38
254;377;38
254;378;38
254;379;16
254;380;16
254;381;16
254;382;16
254;383;16
254;384;16
254;385;16
254;386;16
254;387;16
254;388;16
254;389;16
254;390;16
254;391;16
254;392;16
254;393;16
254;394;16
254;395;16
254;396;18
254;397;18
254;398;18
254;399;18
254;400;18
254;401;18
254;402;18
254;403;18
254;404;18
254;405;18
254;406;18
254;407;18
254;408;18
254;409;18
254;410;18
254;411;18
254;412;18
254;413;18
254;414;18
254;415;18
254;416;18
254;417;18
254;418;18
254;419;18
254;420;18
254;421;18
254;422;18
254;423;36
254;424;43
254;425;43
254;426;43
254;427;43
254;428;43
254;429;43
254;430;43
254;431;43
254;432;43
254;433;43
254;434;43
254;435;43
254;436;43
254;437;43
254;438;43
254;439;43
254;440;43
254;441;43
254;442;43
254;443;43
254;444;43
254;445;43
254;446;43
254;447;43
254;448;43
254;449;43
254;450;43
254;451;43
254;452;43
254;453;43
254;454;43
254;455;43
254;456;43
254;457;43
254;458;43
254;459;43
254;460;43
254;461;43
254;462;43
254;463;43
254;464;43
254;465;43
254;466;43
254;467;36
254;468;36
254;469;36
254;470;36
254;471;36
254;472;36
254;473;36
254;474;36
254;475;36
254;476;36
254;477;36
254;478;36
254;479;35
254;480;35
254;481;35
254;482;35
254;483;35
254;484;35
254;485;35
254;486;35
254;487;35
254;488;35
254;489;35
254;490;35
254;491;35
254;492;35
254;493;35
254;494;35
254;495;35
254;496;35
254;497;35
254;498;35
254;499;35
255;0;8
255;1;8
255;2;8
255;3;8
255;4;8
255;5;8
255;6;8
255;7;8
255;8;8
255;9;8
255;10;8
255;11;8
255;12;8
255;13;8
255;14;8
255;15;8
255;16;8
255;17;8
255;18;8
255;19;8
255;20;8
255;21;8
255;22;8
255;23;4
255;24;4
255;25;4
255;26;4
255;27;49
255;28;49
255;29;49
255;30;49
255;31;49
255;32;49
255;33;49
255;34;49
255;35;49
255;36;49
255;37;49
255;38;49
255;39;49
255;40;49
255;41;49
255;42;49
255;43;49
255;44;49
255;45;49
255;46;49
255;47;49
255;48;49
255;49;49
255;50;49
255;51;49
255;52;25
255;53;25
255;54;25
255;55;25
255;56;25
255;57;25
255;58;25
255;59;25
255;60;25
255;61;25
255;62;25
255;63;25
255;64;25
255;65;25
255;66;25
255;67;25
255;68;25
255;69;25
255;70;25
255;71;25
255;72;25
255;73;25
255;74;25
255;75;25
255;76;25
255;77;25
255;78;25
255;79;25
255;80;25
255;81;25
255;82;30
255;83;30
255;84;30
255;85;30
255;86;30
255;87;30
255;88;30
255;89;30
255;90;30
255;91;30
255;92;30
255;93;30
255;94;30
255;95;30
255;96;30
255;97;30
255;98;30
255;99;30
255;100;30
255;101;30
255;102;30
255;103;30
255;104;30
255;105;30
255;106;30
255;107;30
255;108;30
255;109;30
255;110;6
255;111;3
255;112;3
255;113;3
255;114;3
255;115;3
255;116;3
255;117;3
255;118;3
255;119;3
255;120;3
255;121;3
255;122;3
255;123;3
255;124;3
255;125;3
255;126;3
255;127;14
255;128;14
255;129;14
255;130;14
255;131;14
255;132;14
255;133;14
255;134;14
255;135;14
255;136;14
255;137;14
255;138;14
255;139;14
255;140;14
255;141;14
255;142;14
255;143;14
255;144;14
255;145;14
255;146;14
255;147;12
255;148;12
255;149;12
255;150;12
255;151;12
255;152;12
255;153;12
255;154;12
255;155;12
255;156;12
255;157;12
255;158;12
255;159;12
255;160;12
255;161;12
255;162;12
255;163;12
255;164;12
255;165;12
255;166;12
255;167;12
255;168;12
255;169;12
255;170;12
255;171;32
255;172;32
255;173;32
255;174;32
255;175;32
255;176;32
255;177;32
255;178;39
255;179;39
255;180;39
255;181;39
255;182;39
255;183;39
255;184;39
255;185;39
255;186;39
255;187;39
255;188;39
255;189;39
255;190;16
255;191;16
255;192;16
255;193;16
255;194;16
255;195;16
255;196;16
255;197;16
255;198;16
255;199;16
255;200;16
255;201;16
255;202;16
255;203;16
255;204;16
255;205;16
255;206;16
255;207;16
255;208;16
255;209;16
255;210;16
255;211;16
255;212;16
255;213;16
255;214;16
255;215;16
255;216;16
255;217;16
255;218;16
255;219;16
255;220;16
255;221;16
255;222;16
255;223;16
255;224;16
255;225;16
255;226;16
255;227;16
255;228;16
255;229;16
255;230;16
255;231;16
255;232;16
255;233;16
255;234;16
255;235;16
255;236;16
255;237;16
255;238;24
255;239;24
255;240;24
255;241;24
255;242;24
255;243;24
255;244;24
255;245;24
255;246;24
255;247;24
255;248;24
255;249;24
255;250;24
255;251;24
255;252;24
255;253;24
255;254;24
255;255;43
255;256;43
255;257;43
255;258;43
255;259;43
255;260;43
255;261;43
255;262;43
255;263;43
255;264;43
255;265;43
255;266;43
255;267;43
255;268;43
255;269;43
255;270;43
255;271;43
255;272;43
255;273;43
255;274;43
255;275;43
255;276;43
255;277;43
255;278;43
255;279;43
255;280;43
255;281;43
255;282;43
255;283;43
255;284;43
255;285;43
255;286;43
255;287;43
255;288;43
255;289;43
255;290;43
255;291;43
255;292;43
255;293;43
255;294;43
255;295;43
255;296;43
255;297;43
255;298;43
255;299;47
255;300;47
255;301;47
255;302;47
255;303;47
255;304;47
255;305;47
255;306;47
255;307;47
255;308;47
255;309;47
255;310;47
255;311;47
255;312;47
255;313;47
255;314;47
255;315;47
255;316;47
255;317;46
255;318;46
255;319;46
255;320;46
255;321;46
255;322;46
255;323;46
255;324;46
255;325;46
255;326;46
255;327;46
255;328;46
255;329;46
255;330;46
255;331;46
255;332;46
255;333;46
255;334;46
255;335;46
255;336;46
255;337;46
255;338;46
255;339;46
255;340;46
255;341;46
255;342;46
255;343;46
255;344;46
255;345;46
255;346;46
255;347;46
255;348;46
255;349;46
255;350;46
255;351;46
255;352;13
255;353;13
255;354;13
255;355;13
255;356;13
255;357;13
255;358;13
255;359;13
255;360;13
255;361;38
255;362;38
255;363;38
255;364;38
255;365;38
255;366;38
255;367;38
255;368;38
255;369;38
255;370;38
255;371;38
255;372;38
255;373;38
255;374;38
255;375;38
255;376;38
255;377;38
255;378;38
255;379;38
255;380;16
255;381;16
255;382;16
255;383;16
255;384;16
255;385;16
255;386;16
255;387;16
255;388;16
255;389;16
255;390;16
255;391;16
255;392;16
255;393;16
255;394;16
255;395;16
255;396;18
255;397;18
255;398;18
255;399;18
255;400;18
255;401;18
255;402;18
255;403;18
255;404;18
255;405;18
255;406;18
255;407;18
255;408;18
255;409;18
255;410;18
255;411;18
255;412;18
255;413;18
255;414;18
255;415;18
255;416;18
255;417;18
255;418;18
255;419;18
255;420;18
255;421;18
255;422;18
255;423;36
255;424;36
255;425;43
255;426;43
255;427;43
255;428;43
255;429;43
255;430;43
255;431;43
255;432;43
255;433;43
255;434;43
255;435;43
255;436;43
255;437;43
255;438;43
255;439;43
255;440;43
255;441;43
255;442;43
255;443;43
255;444;43
255;445;43
255;446;43
255;447;43
255;448;43
255;449;43
255;450;43
255;451;43
255;452;43
255;453;43
255;454;43
255;455;43
255;456;43
255;457;43
255;458;43
255;459;43
255;460;43
255;461;43
255;462;43
255;463;43
255;464;43
255;465;43
255;466;43
255;467;43
255;468;36
255;469;36
255;470;36
255;471;36
255;472;36
255;473;36
255;474;36
255;475;36
255;476;36
255;477;36
255;478;36
255;479;35
255;480;35
255;481;35
255;482;35
255;483;35
255;484;35
255;485;35
255;486;35
255;487;35
255;488;35
255;489;35
255;490;35
255;491;35
255;492;35
255;493;35
255;494;35
255;495;35
255;496;35
255;497;35
255;498;35
255;499;35
256;0;8
256;1;8
256;2;8
256;3;8
256;4;8
256;5;8
256;6;8
256;7;8
256;8;8
256;9;8
256;10;8
256;11;8
256;12;8
256;13;8
256;14;8
256;15;8
256;16;8
256;17;8
256;18;8
256;19;8
256;20;8
256;21;8
256;22;4
256;23;4
256;24;4
256;25;4
256;26;4
256;27;4
256;28;49
256;29;49
256;30;49
256;31;49
256;32;49
256;33;49
256;34;49
256;35;49
256;36;49
256;37;49
256;38;49
256;39;49
256;40;49
256;41;49
256;42;49
256;43;49
256;44;49
256;45;49
256;46;49
256;47;49
256;48;49
256;49;49
256;50;49
256;51;49
256;52;49
256;53;25
256;54;25
256;55;25
256;56;25
256;57;25
256;58;25
256;59;25
256;60;25
256;61;25
256;62;25
256;63;25
256;64;25
256;65;25
256;66;25
256;67;25
256;68;25
256;69;25
256;70;25
256;71;25
256;72;25
256;73;25
256;74;25
256;75;25
256;76;25
256;77;25
256;78;25
256;79;25
256;80;25
256;81;25
256;82;30
256;83;30
256;84;30
256;85;30
256;86;30
256;87;30
256;88;30
256;89;30
256;90;30
256;91;30
256;92;30
256;93;30
256;94;30
256;95;30
256;96;30
256;97;30
256;98;30
256;99;30
256;100;30
256;101;30
256;102;30
256;103;30
256;104;30
256;105;30
256;106;30
256;107;30
256;108;30
256;109;30
256;110;30
256;111;3
256;112;3
256;113;3
256;114;3
256;115;3
256;116;3
256;117;3
256;118;3
256;119;3
256;120;3
256;121;3
256;122;3
256;123;3
256;124;3
256;125;3
256;126;14
256;127;14
256;128;14
256;129;14
256;130;14
256;131;14
256;132;14
256;133;14
256;134;14
256;135;14
256;136;14
256;137;14
256;138;14
256;139;14
256;140;14
256;141;14
256;142;14
256;143;14
256;144;14
256;145;14
256;146;14
256;147;14
256;148;12
256;149;12
256;150;12
256;151;12
256;152;12
256;153;12
256;154;12
256;155;12
256;156;12
256;157;12
256;158;12
256;159;12
256;160;12
256;161;12
256;162;12
256;163;12
256;164;12
256;165;12
256;166;12
256;167;12
256;168;12
256;169;12
256;170;12
256;171;12
256;172;12
256;173;12
256;174;12
256;175;12
256;176;12
256;177;12
256;178;39
256;179;39
256;180;39
256;181;39
256;182;39
256;183;39
256;184;39
256;185;39
256;186;39
256;187;39
256;188;39
256;189;39
256;190;7
256;191;7
256;192;16
256;193;16
256;194;16
256;195;16
256;196;16
256;197;16
256;198;16
256;199;16
256;200;16
256;201;16
256;202;16
256;203;16
256;204;16
256;205;16
256;206;16
256;207;16
256;208;16
256;209;16
256;210;16
256;211;16
256;212;16
256;213;16
256;214;16
256;215;16
256;216;16
256;217;16
256;218;35
256;219;35
256;220;35
256;221;35
256;222;35
256;223;35
256;224;35
256;225;35
256;226;35
256;227;35
256;228;35
256;229;35
256;230;35
256;231;35
256;232;35
256;233;35
256;234;35
256;235;35
256;236;35
256;237;35
256;238;35
256;239;35
256;240;24
256;241;24
256;242;24
256;243;24
256;244;24
256;245;24
256;246;24
256;247;24
256;248;24
256;249;24
256;250;24
256;251;24
256;252;24
256;253;24
256;254;24
256;255;24
256;256;43
256;257;43
256;258;43
256;259;43
256;260;43
256;261;43
256;262;43
256;263;43
256;264;43
256;265;43
256;266;43
256;267;43
256;268;43
256;269;43
256;270;43
256;271;43
256;272;43
256;273;43
256;274;43
256;275;43
256;276;43
256;277;43
256;278;43
256;279;43
256;280;43
256;281;43
256;282;43
256;283;43
256;284;43
256;285;43
256;286;43
256;287;43
256;288;43
256;289;43
256;290;43
256;291;43
256;292;43
256;293;43
256;294;43
256;295;43
256;296;43
256;297;43
256;298;43
256;299;47
256;300;47
256;301;47
256;302;47
256;303;47
256;304;47
256;305;47
256;306;47
256;307;47
256;308;47
256;309;47
256;310;47
256;311;47
256;312;47
256;313;47
256;314;47
256;315;47
256;316;47
256;317;47
256;318;47
256;319;46
256;320;46
256;321;46
256;322;46
256;323;46
256;324;46
256;325;46
256;326;46
256;327;46
256;328;46
256;329;46
256;330;46
256;331;46
256;332;46
256;333;46
256;334;46
256;335;46
256;336;46
256;337;46
256;338;46
256;339;46
256;340;46
256;341;46
256;342;46
256;343;46
256;344;46
256;345;46
256;346;46
256;347;46
256;348;46
256;349;46
256;350;46
256;351;46
256;352;13
256;353;13
256;354;13
256;355;13
256;356;13
256;357;13
256;358;13
256;359;13
256;360;13
256;361;38
256;362;38
256;363;38
256;364;38
256;365;38
256;366;38
256;367;38
256;368;38
256;369;38
256;370;38
256;371;38
256;372;38
256;373;38
256;374;38
256;375;38
256;376;38
256;377;38
256;378;38
256;379;38
256;380;16
256;381;16
256;382;16
256;383;16
256;384;16
256;385;16
256;386;16
256;387;16
256;388;16
256;389;16
256;390;16
256;391;16
256;392;16
256;393;16
256;394;16
256;395;16
256;396;18
256;397;18
256;398;18
256;399;18
256;400;18
256;401;18
256;402;18
256;403;18
256;404;18
256;405;18
256;406;18
256;407;18
256;408;18
256;409;18
256;410;18
256;411;18
256;412;18
256;413;18
256;414;18
256;415;18
256;416;18
256;417;18
256;418;18
256;419;18
256;420;18
256;421;18
256;422;18
256;423;18
256;424;36
256;425;36
256;426;43
256;427;43
256;428;43
256;429;43
256;430;43
256;431;43
256;432;43
256;433;43
256;434;43
256;435;43
256;436;43
256;437;43
256;438;43
256;439;43
256;440;43
256;441;43
256;442;43
256;443;43
256;444;43
256;445;43
256;446;43
256;447;43
256;448;43
256;449;43
256;450;43
256;451;43
256;452;43
256;453;43
256;454;43
256;455;43
256;456;43
256;457;43
256;458;43
256;459;43
256;460;43
256;461;43
256;462;43
256;463;43
256;464;43
256;465;43
256;466;43
256;467;43
256;468;43
256;469;36
256;470;36
256;471;36
256;472;36
256;473;36
256;474;36
256;475;36
256;476;36
256;477;36
256;478;36
256;479;35
256;480;35
256;481;35
256;482;35
256;483;35
256;484;35
256;485;35
256;486;35
256;487;35
256;488;35
256;489;35
256;490;35
256;491;35
256;492;35
256;493;35
256;494;35
256;495;35
256;496;35
256;497;35
256;498;35
256;499;35
257;0;8
257;1;8
257;2;8
257;3;8
257;4;8
257;5;8
257;6;8
257;7;8
257;8;8
257;9;8
257;10;8
257;11;8
257;12;8
257;13;8
257;14;8
257;15;8
257;16;8
257;17;8
257;18;8
257;19;8
257;20;8
257;21;8
257;22;4
257;23;4
257;24;4
257;25;4
257;26;4
257;27;4
257;28;4
257;29;49
257;30;49
257;31;49
257;32;49
257;33;49
257;34;49
257;35;49
257;36;49
257;37;49
257;38;49
257;39;49
257;40;49
257;41;49
257;42;49
257;43;49
257;44;49
257;45;49
257;46;49
257;47;49
257;48;49
257;49;49
257;50;49
257;51;49
257;52;49
257;53;49
257;54;25
257;55;25
257;56;25
257;57;25
257;58;25
257;59;25
257;60;25
257;61;25
257;62;25
257;63;25
257;64;25
257;65;25
257;66;25
257;67;25
257;68;25
257;69;25
257;70;25
257;71;25
257;72;25
257;73;25
257;74;25
257;75;25
257;76;25
257;77;25
257;78;25
257;79;25
257;80;25
257;81;25
257;82;25
257;83;30
257;84;30
257;85;30
257;86;30
257;87;30
257;88;30
257;89;30
257;90;30
257;91;30
257;92;30
257;93;30
257;94;30
257;95;30
257;96;30
257;97;30
257;98;30
257;99;30
257;100;30
257;101;30
257;102;30
257;103;30
257;104;30
257;105;30
257;106;30
257;107;30
257;108;30
257;109;30
257;110;30
257;111;3
257;112;3
257;113;3
257;114;3
257;115;3
257;116;3
257;117;3
257;118;3
257;119;3
257;120;3
257;121;3
257;122;3
257;123;3
257;124;3
257;125;14
257;126;14
257;127;14
257;128;14
257;129;14
257;130;14
257;131;14
257;132;14
257;133;14
257;134;14
257;135;14
257;136;14
257;137;14
257;138;14
257;139;14
257;140;14
257;141;14
257;142;14
257;143;14
257;144;14
257;145;14
257;146;14
257;147;14
257;148;12
257;149;12
257;150;12
257;151;12
257;152;12
257;153;12
257;154;12
257;155;12
257;156;12
257;157;12
257;158;12
257;159;12
257;160;12
257;161;12
257;162;12
257;163;12
257;164;12
257;165;12
257;166;12
257;167;12
257;168;12
257;169;12
257;170;12
257;171;12
257;172;12
257;173;12
257;174;12
257;175;12
257;176;12
257;177;12
257;178;39
257;179;39
257;180;39
257;181;39
257;182;39
257;183;39
257;184;39
257;185;39
257;186;39
257;187;39
257;188;39
257;189;39
257;190;39
257;191;7
257;192;7
257;193;7
257;194;16
257;195;16
257;196;16
257;197;16
257;198;16
257;199;16
257;200;16
257;201;16
257;202;16
257;203;16
257;204;16
257;205;16
257;206;16
257;207;16
257;208;16
257;209;16
257;210;16
257;211;16
257;212;16
257;213;16
257;214;16
257;215;16
257;216;16
257;217;35
257;218;35
257;219;35
257;220;35
257;221;35
257;222;35
257;223;35
257;224;35
257;225;35
257;226;35
257;227;35
257;228;35
257;229;35
257;230;35
257;231;35
257;232;35
257;233;35
257;234;35
257;235;35
257;236;35
257;237;35
257;238;35
257;239;35
257;240;35
257;241;35
257;242;24
257;243;24
257;244;24
257;245;24
257;246;24
257;247;24
257;248;24
257;249;24
257;250;24
257;251;24
257;252;24
257;253;24
257;254;24
257;255;24
257;256;43
257;257;43
257;258;43
257;259;43
257;260;43
257;261;43
257;262;43
257;263;43
257;264;43
257;265;43
257;266;43
257;267;43
257;268;43
257;269;43
257;270;43
257;271;43
257;272;43
257;273;43
257;274;43
257;275;43
257;276;43
257;277;43
257;278;43
257;279;43
257;280;43
257;281;43
257;282;43
257;283;43
257;284;43
257;285;43
257;286;43
257;287;43
257;288;43
257;289;43
257;290;43
257;291;43
257;292;43
257;293;43
257;294;43
257;295;43
257;296;43
257;297;43
257;298;43
257;299;47
257;300;47
257;301;47
257;302;47
257;303;47
257;304;47
257;305;47
257;306;47
257;307;47
257;308;47
257;309;47
257;310;47
257;311;47
257;312;47
257;313;47
257;314;47
257;315;47
257;316;47
257;317;47
257;318;47
257;319;47
257;320;47
257;321;46
257;322;46
257;323;46
257;324;46
257;325;46
257;326;46
257;327;46
257;328;46
257;329;46
257;330;46
257;331;46
257;332;46
257;333;46
257;334;46
257;335;46
257;336;46
257;337;46
257;338;46
257;339;46
257;340;46
257;341;46
257;342;46
257;343;46
257;344;46
257;345;46
257;346;46
257;347;46
257;348;46
257;349;46
257;350;46
257;351;46
257;352;46
257;353;13
257;354;13
257;355;13
257;356;13
257;357;13
257;358;13
257;359;13
257;360;13
257;361;38
257;362;38
257;363;38
257;364;38
257;365;38
257;366;38
257;367;38
257;368;38
257;369;38
257;370;38
257;371;38
257;372;38
257;373;38
257;374;38
257;375;38
257;376;38
257;377;38
257;378;38
257;379;38
257;380;38
257;381;16
257;382;16
257;383;16
257;384;16
257;385;16
257;386;16
257;387;16
257;388;16
257;389;16
257;390;16
257;391;16
257;392;16
257;393;16
257;394;16
257;395;16
257;396;18
257;397;18
257;398;18
257;399;18
257;400;18
257;401;18
257;402;18
257;403;18
257;404;18
257;405;18
257;406;18
257;407;18
257;408;18
257;409;18
257;410;18
257;411;18
257;412;18
257;413;18
257;414;18
257;415;18
257;416;18
257;417;18
257;418;18
257;419;18
257;420;18
257;421;18
257;422;18
257;423;18
257;424;36
257;425;36
257;426;36
257;427;43
257;428;43
257;429;43
257;430;43
257;431;43
257;432;43
257;433;43
257;434;43
257;435;43
257;436;43
257;437;43
257;438;43
257;439;43
257;440;43
257;441;43
257;442;43
257;443;43
257;444;43
257;445;43
257;446;43
257;447;43
257;448;43
257;449;43
257;450;43
257;451;43
257;452;43
257;453;43
257;454;43
257;455;43
257;456;43
257;457;43
257;458;43
257;459;43
257;460;43
257;461;43
257;462;43
257;463;43
257;464;43
257;465;43
257;466;43
257;467;43
257;468;43
257;469;43
257;470;36
257;471;36
257;472;36
257;473;36
257;474;36
257;475;36
257;476;36
257;477;36
257;478;36
257;479;35
257;480;35
257;481;35
257;482;35
257;483;35
257;484;35
257;485;35
257;486;35
257;487;35
257;488;35
257;489;35
257;490;35
257;491;35
257;492;35
257;493;35
257;494;35
257;495;35
257;496;35
257;497;35
257;498;35
257;499;35
258;0;8
258;1;8
258;2;8
258;3;8
258;4;8
258;5;8
258;6;8
258;7;8
258;8;8
258;9;8
258;10;8
258;11;8
258;12;8
258;13;8
258;14;8
258;15;8
258;16;8
258;17;8
258;18;8
258;19;8
258;20;8
258;21;8
258;22;4
258;23;4
258;24;4
258;25;4
258;26;4
258;27;4
258;28;4
258;29;4
258;30;49
258;31;49
258;32;49
258;33;49
258;34;49
258;35;49
258;36;49
258;37;49
258;38;49
258;39;49
258;40;49
258;41;49
258;42;49
258;43;49
258;44;49
258;45;49
258;46;49
258;47;49
258;48;49
258;49;49
258;50;49
258;51;49
258;52;49
258;53;49
258;54;49
258;55;25
258;56;25
258;57;25
258;58;25
258;59;25
258;60;25
258;61;25
258;62;25
258;63;25
258;64;25
258;65;25
258;66;25
258;67;25
258;68;25
258;69;25
258;70;25
258;71;25
258;72;25
258;73;25
258;74;25
258;75;25
258;76;25
258;77;25
258;78;25
258;79;25
258;80;25
258;81;25
258;82;25
258;83;30
258;84;30
258;85;30
258;86;30
258;87;30
258;88;30
258;89;30
258;90;30
258;91;30
258;92;30
258;93;30
258;94;30
258;95;30
258;96;30
258;97;30
258;98;30
258;99;30
258;100;30
258;101;30
258;102;30
258;103;30
258;104;30
258;105;30
258;106;30
258;107;31
258;108;31
258;109;31
258;110;31
258;111;31
258;112;3
258;113;3
258;114;3
258;115;3
258;116;3
258;117;3
258;118;3
258;119;3
258;120;3
258;121;3
258;122;3
258;123;3
258;124;14
258;125;14
258;126;14
258;127;14
258;128;14
258;129;14
258;130;14
258;131;14
258;132;14
258;133;14
258;134;14
258;135;14
258;136;14
258;137;14
258;138;14
258;139;14
258;140;14
258;141;14
258;142;14
258;143;14
258;144;14
258;145;14
258;146;14
258;147;14
258;148;14
258;149;12
258;150;12
258;151;12
258;152;12
258;153;12
258;154;12
258;155;12
258;156;12
258;157;12
258;158;12
258;159;12
258;160;12
258;161;12
258;162;12
258;163;12
258;164;12
258;165;12
258;166;12
258;167;12
258;168;12
258;169;12
258;170;12
258;171;12
258;172;12
258;173;12
258;174;12
258;175;12
258;176;12
258;177;12
258;178;39
258;179;39
258;180;39
258;181;39
258;182;39
258;183;39
258;184;39
258;185;39
258;186;39
258;187;39
258;188;39
258;189;39
258;190;39
258;191;7
258;192;7
258;193;7
258;194;7
258;195;7
258;196;43
258;197;43
258;198;43
258;199;43
258;200;43
258;201;43
258;202;43
258;203;43
258;204;16
258;205;16
258;206;16
258;207;16
258;208;16
258;209;16
258;210;16
258;211;16
258;212;16
258;213;16
258;214;16
258;215;16
258;216;35
258;217;35
258;218;35
258;219;35
258;220;35
258;221;35
258;222;35
258;223;35
258;224;35
258;225;35
258;226;35
258;227;35
258;228;35
258;229;35
258;230;35
258;231;35
258;232;35
258;233;35
258;234;35
258;235;35
258;236;35
258;237;35
258;238;35
258;239;35
258;240;35
258;241;35
258;242;35
258;243;35
258;244;24
258;245;24
258;246;24
258;247;24
258;248;24
258;249;24
258;250;24
258;251;24
258;252;24
258;253;24
258;254;24
258;255;24
258;256;24
258;257;43
258;258;43
258;259;43
258;260;43
258;261;43
258;262;43
258;263;43
258;264;43
258;265;43
258;266;43
258;267;43
258;268;43
258;269;43
258;270;43
258;271;43
258;272;43
258;273;43
258;274;43
258;275;43
258;276;43
258;277;43
258;278;43
258;279;43
258;280;43
258;281;43
258;282;43
258;283;43
258;284;43
258;285;43
258;286;43
258;287;43
258;288;43
258;289;43
258;290;43
258;291;43
258;292;43
258;293;43
258;294;43
258;295;43
258;296;43
258;297;43
258;298;43
258;299;47
258;300;47
258;301;47
258;302;47
258;303;47
258;304;47
258;305;47
258;306;47
258;307;47
258;308;47
258;309;47
258;310;47
258;311;47
258;312;47
258;313;47
258;314;47
258;315;47
258;316;47
258;317;47
258;318;47
258;319;47
258;320;47
258;321;47
258;322;47
258;323;46
258;324;46
258;325;46
258;326;46
258;327;46
258;328;46
258;329;46
258;330;46
258;331;46
258;332;46
258;333;46
258;334;46
258;335;46
258;336;46
258;337;46
258;338;46
258;339;46
258;340;46
258;341;46
258;342;46
258;343;46
258;344;46
258;345;46
258;346;46
258;347;46
258;348;46
258;349;46
258;350;46
258;351;46
258;352;46
258;353;13
258;354;13
258;355;13
258;356;13
258;357;13
258;358;13
258;359;13
258;360;13
258;361;38
258;362;38
258;363;38
258;364;38
258;365;38
258;366;38
258;367;38
258;368;38
258;369;38
258;370;38
258;371;38
258;372;38
258;373;38
258;374;38
258;375;38
258;376;38
258;377;38
258;378;38
258;379;38
258;380;38
258;381;16
258;382;16
258;383;16
258;384;16
258;385;16
258;386;16
258;387;16
258;388;16
258;389;16
258;390;16
258;391;16
258;392;16
258;393;16
258;394;16
258;395;16
258;396;18
258;397;18
258;398;18
258;399;18
258;400;18
258;401;18
258;402;18
258;403;18
258;404;18
258;405;18
258;406;18
258;407;18
258;408;18
258;409;18
258;410;18
258;411;18
258;412;18
258;413;18
258;414;18
258;415;18
258;416;18
258;417;18
258;418;18
258;419;18
258;420;18
258;421;18
258;422;18
258;423;18
258;424;18
258;425;36
258;426;36
258;427;36
258;428;43
258;429;43
258;430;43
258;431;43
258;432;43
258;433;43
258;434;43
258;435;43
258;436;43
258;437;43
258;438;43
258;439;43
258;440;43
258;441;43
258;442;43
258;443;43
258;444;43
258;445;43
258;446;43
258;447;43
258;448;43
258;449;43
258;450;43
258;451;43
258;452;43
258;453;43
258;454;43
258;455;43
258;456;43
258;457;43
258;458;43
258;459;43
258;460;43
258;461;43
258;462;43
258;463;43
258;464;43
258;465;43
258;466;43
258;467;43
258;468;43
258;469;43
258;470;43
258;471;36
258;472;36
258;473;36
258;474;36
258;475;36
258;476;36
258;477;36
258;478;36
258;479;35
258;480;35
258;481;35
258;482;35
258;483;35
258;484;35
258;485;35
258;486;35
258;487;35
258;488;35
258;489;35
258;490;35
258;491;35
258;492;35
258;493;35
258;494;35
258;495;35
258;496;35
258;497;35
258;498;35
258;499;35
259;0;8
259;1;8
259;2;8
259;3;8
259;4;8
259;5;8
259;6;8
259;7;8
259;8;8
259;9;8
259;10;8
259;11;8
259;12;8
259;13;8
259;14;8
259;15;8
259;16;8
259;17;8
259;18;8
259;19;8
259;20;8
259;21;8
259;22;4
259;23;4
259;24;4
259;25;4
259;26;4
259;27;4
259;28;4
259;29;4
259;30;4
259;31;49
259;32;49
259;33;49
259;34;49
259;35;49
259;36;49
259;37;49
259;38;49
259;39;49
259;40;49
259;41;49
259;42;49
259;43;49
259;44;49
259;45;49
259;46;49
259;47;49
259;48;49
259;49;49
259;50;49
259;51;49
259;52;49
259;53;49
259;54;49
259;55;49
259;56;25
259;57;25
259;58;25
259;59;25
259;60;25
259;61;25
259;62;25
259;63;25
259;64;25
259;65;25
259;66;25
259;67;25
259;68;25
259;69;25
259;70;25
259;71;25
259;72;25
259;73;25
259;74;25
259;75;25
259;76;25
259;77;25
259;78;25
259;79;25
259;80;25
259;81;25
259;82;25
259;83;25
259;84;30
259;85;30
259;86;30
259;87;30
259;88;30
259;89;30
259;90;30
259;91;30
259;92;30
259;93;30
259;94;30
259;95;30
259;96;30
259;97;30
259;98;30
259;99;30
259;100;30
259;101;30
259;102;30
259;103;30
259;104;30
259;105;30
259;106;31
259;107;31
259;108;31
259;109;31
259;110;31
259;111;31
259;112;31
259;113;3
259;114;3
259;115;3
259;116;3
259;117;3
259;118;3
259;119;3
259;120;3
259;121;3
259;122;3
259;123;14
259;124;14
259;125;14
259;126;14
259;127;14
259;128;14
259;129;14
259;130;14
259;131;14
259;132;14
259;133;14
259;134;14
259;135;14
259;136;14
259;137;14
259;138;14
259;139;14
259;140;14
259;141;14
259;142;14
259;143;14
259;144;14
259;145;14
259;146;14
259;147;14
259;148;14
259;149;12
259;150;12
259;151;12
259;152;12
259;153;12
259;154;12
259;155;12
259;156;12
259;157;12
259;158;12
259;159;12
259;160;12
259;161;12
259;162;12
259;163;12
259;164;12
259;165;12
259;166;12
259;167;12
259;168;12
259;169;12
259;170;12
259;171;12
259;172;12
259;173;12
259;174;12
259;175;12
259;176;12
259;177;12
259;178;39
259;179;39
259;180;39
259;181;39
259;182;39
259;183;39
259;184;39
259;185;39
259;186;39
259;187;39
259;188;39
259;189;39
259;190;39
259;191;39
259;192;7
259;193;7
259;194;7
259;195;7
259;196;7
259;197;43
259;198;43
259;199;43
259;200;43
259;201;43
259;202;43
259;203;43
259;204;43
259;205;43
259;206;16
259;207;16
259;208;16
259;209;16
259;210;16
259;211;16
259;212;16
259;213;35
259;214;35
259;215;35
259;216;35
259;217;35
259;218;35
259;219;35
259;220;35
259;221;35
259;222;35
259;223;35
259;224;35
259;225;35
259;226;35
259;227;35
259;228;35
259;229;35
259;230;35
259;231;35
259;232;35
259;233;35
259;234;35
259;235;35
259;236;35
259;237;35
259;238;35
259;239;35
259;240;35
259;241;35
259;242;35
259;243;35
259;244;35
259;245;35
259;246;24
259;247;24
259;248;24
259;249;24
259;250;24
259;251;24
259;252;24
259;253;24
259;254;24
259;255;24
259;256;24
259;257;43
259;258;43
259;259;43
259;260;43
259;261;43
259;262;43
259;263;43
259;264;43
259;265;43
259;266;43
259;267;43
259;268;43
259;269;43
259;270;43
259;271;43
259;272;43
259;273;43
259;274;43
259;275;43
259;276;43
259;277;43
259;278;43
259;279;43
259;280;43
259;281;43
259;282;43
259;283;43
259;284;43
259;285;43
259;286;43
259;287;43
259;288;43
259;289;43
259;290;43
259;291;43
259;292;43
259;293;43
259;294;43
259;295;43
259;296;43
259;297;43
259;298;43
259;299;47
259;300;47
259;301;47
259;302;47
259;303;47
259;304;47
259;305;47
259;306;47
259;307;47
259;308;47
259;309;47
259;310;47
259;311;47
259;312;47
259;313;47
259;314;47
259;315;47
259;316;47
259;317;47
259;318;47
259;319;47
259;320;47
259;321;47
259;322;47
259;323;47
259;324;47
259;325;46
259;326;46
259;327;46
259;328;46
259;329;46
259;330;46
259;331;46
259;332;46
259;333;46
259;334;46
259;335;46
259;336;46
259;337;46
259;338;46
259;339;46
259;340;46
259;341;46
259;342;46
259;343;46
259;344;46
259;345;46
259;346;46
259;347;46
259;348;46
259;349;46
259;350;46
259;351;46
259;352;46
259;353;46
259;354;13
259;355;13
259;356;13
259;357;13
259;358;13
259;359;13
259;360;13
259;361;38
259;362;38
259;363;38
259;364;38
259;365;38
259;366;38
259;367;38
259;368;38
259;369;38
259;370;38
259;371;38
259;372;38
259;373;38
259;374;38
259;375;38
259;376;38
259;377;38
259;378;38
259;379;38
259;380;38
259;381;38
259;382;16
259;383;16
259;384;16
259;385;16
259;386;16
259;387;16
259;388;16
259;389;16
259;390;16
259;391;16
259;392;16
259;393;16
259;394;16
259;395;16
259;396;18
259;397;18
259;398;18
259;399;18
259;400;18
259;401;18
259;402;18
259;403;18
259;404;18
259;405;18
259;406;18
259;407;18
259;408;18
259;409;18
259;410;18
259;411;18
259;412;18
259;413;18
259;414;18
259;415;18
259;416;18
259;417;18
259;418;18
259;419;18
259;420;18
259;421;18
259;422;18
259;423;18
259;424;18
259;425;36
259;426;36
259;427;36
259;428;36
259;429;43
259;430;43
259;431;43
259;432;43
259;433;43
259;434;43
259;435;43
259;436;43
259;437;43
259;438;43
259;439;43
259;440;43
259;441;43
259;442;43
259;443;43
259;444;43
259;445;43
259;446;43
259;447;43
259;448;43
259;449;43
259;450;43
259;451;43
259;452;43
259;453;43
259;454;43
259;455;43
259;456;43
259;457;43
259;458;43
259;459;43
259;460;43
259;461;43
259;462;43
259;463;43
259;464;43
259;465;43
259;466;43
259;467;43
259;468;43
259;469;43
259;470;43
259;471;43
259;472;36
259;473;36
259;474;36
259;475;36
259;476;36
259;477;36
259;478;36
259;479;35
259;480;35
259;481;35
259;482;35
259;483;35
259;484;35
259;485;35
259;486;35
259;487;35
259;488;35
259;489;35
259;490;35
259;491;35
259;492;35
259;493;35
259;494;35
259;495;35
259;496;35
259;497;35
259;498;35
259;499;35
260;0;8
260;1;8
260;2;8
260;3;8
260;4;8
260;5;8
260;6;8
260;7;8
260;8;8
260;9;8
260;10;8
260;11;8
260;12;8
260;13;8
260;14;8
260;15;8
260;16;8
260;17;8
260;18;8
260;19;8
260;20;8
260;21;8
260;22;4
260;23;4
260;24;4
260;25;4
260;26;4
260;27;4
260;28;4
260;29;4
260;30;4
260;31;4
260;32;49
260;33;49
260;34;49
260;35;49
260;36;49
260;37;49
260;38;49
260;39;49
260;40;49
260;41;49
260;42;49
260;43;49
260;44;49
260;45;49
260;46;49
260;47;49
260;48;49
260;49;49
260;50;49
260;51;49
260;52;49
260;53;49
260;54;49
260;55;49
260;56;49
260;57;25
260;58;25
260;59;25
260;60;25
260;61;25
260;62;25
260;63;25
260;64;25
260;65;25
260;66;25
260;67;25
260;68;25
260;69;25
260;70;25
260;71;25
260;72;25
260;73;25
260;74;25
260;75;25
260;76;25
260;77;25
260;78;25
260;79;25
260;80;25
260;81;25
260;82;25
260;83;25
260;84;25
260;85;31
260;86;31
260;87;31
260;88;31
260;89;31
260;90;31
260;91;31
260;92;31
260;93;31
260;94;31
260;95;31
260;96;31
260;97;31
260;98;31
260;99;31
260;100;31
260;101;31
260;102;31
260;103;31
260;104;31
260;105;31
260;106;31
260;107;31
260;108;31
260;109;31
260;110;31
260;111;31
260;112;31
260;113;31
260;114;3
260;115;3
260;116;3
260;117;3
260;118;3
260;119;3
260;120;3
260;121;3
260;122;14
260;123;14
260;124;14
260;125;14
260;126;14
260;127;14
260;128;14
260;129;14
260;130;14
260;131;14
260;132;14
260;133;14
260;134;14
260;135;14
260;136;14
260;137;14
260;138;14
260;139;14
260;140;14
260;141;14
260;142;14
260;143;14
260;144;14
260;145;14
260;146;14
260;147;14
260;148;14
260;149;14
260;150;12
260;151;12
260;152;12
260;153;12
260;154;12
260;155;12
260;156;12
260;157;12
260;158;12
260;159;12
260;160;12
260;161;12
260;162;12
260;163;12
260;164;12
260;165;12
260;166;12
260;167;12
260;168;12
260;169;12
260;170;12
260;171;12
260;172;12
260;173;12
260;174;12
260;175;12
260;176;12
260;177;39
260;178;39
260;179;39
260;180;39
260;181;39
260;182;39
260;183;39
260;184;39
260;185;39
260;186;39
260;187;39
260;188;39
260;189;39
260;190;39
260;191;39
260;192;7
260;193;7
260;194;7
260;195;7
260;196;7
260;197;7
260;198;43
260;199;43
260;200;43
260;201;43
260;202;43
260;203;43
260;204;43
260;205;43
260;206;43
260;207;43
260;208;16
260;209;16
260;210;16
260;211;16
260;212;35
260;213;35
260;214;35
260;215;35
260;216;35
260;217;35
260;218;35
260;219;35
260;220;35
260;221;35
260;222;35
260;223;35
260;224;35
260;225;35
260;226;35
260;227;35
260;228;35
260;229;35
260;230;35
260;231;35
260;232;35
260;233;35
260;234;35
260;235;35
260;236;35
260;237;35
260;238;35
260;239;35
260;240;35
260;241;35
260;242;35
260;243;35
260;244;35
260;245;35
260;246;35
260;247;35
260;248;24
260;249;24
260;250;24
260;251;24
260;252;24
260;253;24
260;254;24
260;255;24
260;256;24
260;257;24
260;258;43
260;259;43
260;260;43
260;261;43
260;262;43
260;263;43
260;264;43
260;265;43
260;266;43
260;267;43
260;268;43
260;269;43
260;270;43
260;271;43
260;272;43
260;273;43
260;274;43
260;275;43
260;276;43
260;277;43
260;278;43
260;279;43
260;280;43
260;281;43
260;282;43
260;283;43
260;284;43
260;285;43
260;286;43
260;287;43
260;288;43
260;289;43
260;290;43
260;291;43
260;292;43
260;293;43
260;294;43
260;295;43
260;296;43
260;297;43
260;298;43
260;299;47
260;300;47
260;301;47
260;302;47
260;303;47
260;304;47
260;305;47
260;306;47
260;307;47
260;308;47
260;309;47
260;310;47
260;311;47
260;312;47
260;313;47
260;314;47
260;315;47
260;316;47
260;317;47
260;318;47
260;319;47
260;320;47
260;321;47
260;322;47
260;323;47
260;324;47
260;325;47
260;326;46
260;327;46
260;328;46
260;329;46
260;330;46
260;331;46
260;332;46
260;333;46
260;334;46
260;335;46
260;336;46
260;337;46
260;338;46
260;339;46
260;340;46
260;341;46
260;342;46
260;343;46
260;344;46
260;345;46
260;346;46
260;347;46
260;348;46
260;349;46
260;350;46
260;351;46
260;352;46
260;353;46
260;354;13
260;355;13
260;356;13
260;357;13
260;358;13
260;359;13
260;360;13
260;361;38
260;362;38
260;363;38
260;364;38
260;365;38
260;366;38
260;367;38
260;368;38
260;369;38
260;370;38
260;371;38
260;372;38
260;373;38
260;374;38
260;375;38
260;376;38
260;377;38
260;378;38
260;379;38
260;380;38
260;381;38
260;382;16
260;383;16
260;384;16
260;385;16
260;386;16
260;387;16
260;388;16
260;389;16
260;390;16
260;391;16
260;392;16
260;393;16
260;394;16
260;395;16
260;396;18
260;397;18
260;398;18
260;399;18
260;400;18
260;401;18
260;402;18
260;403;18
260;404;18
260;405;18
260;406;18
260;407;18
260;408;18
260;409;18
260;410;18
260;411;18
260;412;18
260;413;18
260;414;18
260;415;18
260;416;18
260;417;18
260;418;18
260;419;18
260;420;18
260;421;18
260;422;18
260;423;18
260;424;18
260;425;18
260;426;36
260;427;36
260;428;36
260;429;36
260;430;43
260;431;43
260;432;43
260;433;43
260;434;43
260;435;43
260;436;43
260;437;43
260;438;43
260;439;43
260;440;43
260;441;43
260;442;43
260;443;43
260;444;43
260;445;43
260;446;43
260;447;43
260;448;43
260;449;43
260;450;43
260;451;43
260;452;43
260;453;43
260;454;43
260;455;43
260;456;43
260;457;43
260;458;43
260;459;43
260;460;43
260;461;43
260;462;43
260;463;43
260;464;43
260;465;43
260;466;43
260;467;43
260;468;43
260;469;43
260;470;43
260;471;43
260;472;43
260;473;36
260;474;36
260;475;36
260;476;36
260;477;36
260;478;36
260;479;35
260;480;35
260;481;35
260;482;35
260;483;35
260;484;35
260;485;35
260;486;35
260;487;35
260;488;35
260;489;35
260;490;35
260;491;35
260;492;35
260;493;35
260;494;35
260;495;35
260;496;35
260;497;35
260;498;35
260;499;35
261;0;8
261;1;8
261;2;8
261;3;8
261;4;8
261;5;8
261;6;8
261;7;8
261;8;8
261;9;8
261;10;8
261;11;8
261;12;8
261;13;8
261;14;8
261;15;8
261;16;8
261;17;8
261;18;8
261;19;8
261;20;8
261;21;8
261;22;4
261;23;4
261;24;4
261;25;4
261;26;4
261;27;4
261;28;4
261;29;4
261;30;4
261;31;4
261;32;4
261;33;49
261;34;49
261;35;49
261;36;49
261;37;49
261;38;49
261;39;49
261;40;49
261;41;49
261;42;49
261;43;49
261;44;49
261;45;49
261;46;49
261;47;49
261;48;49
261;49;49
261;50;49
261;51;49
261;52;49
261;53;49
261;54;49
261;55;49
261;56;49
261;57;49
261;58;25
261;59;25
261;60;25
261;61;25
261;62;25
261;63;25
261;64;25
261;65;25
261;66;25
261;67;25
261;68;25
261;69;25
261;70;25
261;71;25
261;72;25
261;73;25
261;74;25
261;75;25
261;76;25
261;77;25
261;78;25
261;79;25
261;80;25
261;81;25
261;82;25
261;83;25
261;84;25
261;85;31
261;86;31
261;87;31
261;88;31
261;89;31
261;90;31
261;91;31
261;92;31
261;93;31
261;94;31
261;95;31
261;96;31
261;97;31
261;98;31
261;99;31
261;100;31
261;101;31
261;102;31
261;103;31
261;104;31
261;105;31
261;106;31
261;107;31
261;108;31
261;109;31
261;110;31
261;111;31
261;112;31
261;113;31
261;114;31
261;115;3
261;116;3
261;117;3
261;118;3
261;119;3
261;120;3
261;121;14
261;122;14
261;123;14
261;124;14
261;125;14
261;126;14
261;127;14
261;128;14
261;129;14
261;130;14
261;131;14
261;132;14
261;133;14
261;134;14
261;135;14
261;136;14
261;137;14
261;138;14
261;139;14
261;140;14
261;141;14
261;142;14
261;143;14
261;144;14
261;145;14
261;146;14
261;147;14
261;148;14
261;149;14
261;150;14
261;151;12
261;152;12
261;153;12
261;154;12
261;155;12
261;156;12
261;157;12
261;158;12
261;159;12
261;160;12
261;161;12
261;162;12
261;163;12
261;164;12
261;165;12
261;166;12
261;167;12
261;168;12
261;169;12
261;170;12
261;171;12
261;172;12
261;173;12
261;174;12
261;175;12
261;176;39
261;177;39
261;178;39
261;179;39
261;180;39
261;181;39
261;182;39
261;183;39
261;184;39
261;185;39
261;186;39
261;187;39
261;188;39
261;189;39
261;190;39
261;191;39
261;192;39
261;193;7
261;194;7
261;195;7
261;196;7
261;197;7
261;198;7
261;199;43
261;200;43
261;201;43
261;202;43
261;203;43
261;204;43
261;205;43
261;206;43
261;207;43
261;208;43
261;209;43
261;210;35
261;211;35
261;212;35
261;213;35
261;214;35
261;215;35
261;216;35
261;217;35
261;218;35
261;219;35
261;220;35
261;221;35
261;222;35
261;223;35
261;224;35
261;225;35
261;226;35
261;227;35
261;228;35
261;229;35
261;230;35
261;231;35
261;232;35
261;233;35
261;234;35
261;235;35
261;236;35
261;237;35
261;238;35
261;239;35
261;240;35
261;241;35
261;242;35
261;243;35
261;244;35
261;245;35
261;246;35
261;247;35
261;248;35
261;249;35
261;250;24
261;251;24
261;252;24
261;253;24
261;254;24
261;255;24
261;256;24
261;257;24
261;258;43
261;259;43
261;260;43
261;261;43
261;262;43
261;263;43
261;264;43
261;265;43
261;266;43
261;267;43
261;268;43
261;269;43
261;270;43
261;271;43
261;272;43
261;273;43
261;274;43
261;275;43
261;276;43
261;277;43
261;278;43
261;279;43
261;280;43
261;281;43
261;282;43
261;283;43
261;284;43
261;285;43
261;286;43
261;287;43
261;288;43
261;289;43
261;290;43
261;291;43
261;292;43
261;293;43
261;294;43
261;295;43
261;296;43
261;297;43
261;298;43
261;299;47
261;300;47
261;301;47
261;302;47
261;303;47
261;304;47
261;305;47
261;306;47
261;307;47
261;308;47
261;309;47
261;310;47
261;311;47
261;312;47
261;313;47
261;314;47
261;315;47
261;316;47
261;317;47
261;318;47
261;319;47
261;320;47
261;321;47
261;322;47
261;323;47
261;324;47
261;325;47
261;326;47
261;327;46
261;328;46
261;329;46
261;330;46
261;331;46
261;332;46
261;333;46
261;334;46
261;335;46
261;336;46
261;337;46
261;338;46
261;339;46
261;340;46
261;341;46
261;342;46
261;343;46
261;344;46
261;345;46
261;346;46
261;347;46
261;348;46
261;349;46
261;350;46
261;351;46
261;352;46
261;353;46
261;354;46
261;355;13
261;356;13
261;357;13
261;358;13
261;359;13
261;360;13
261;361;38
261;362;38
261;363;38
261;364;38
261;365;38
261;366;38
261;367;38
261;368;38
261;369;38
261;370;38
261;371;38
261;372;38
261;373;38
261;374;38
261;375;38
261;376;38
261;377;38
261;378;38
261;379;38
261;380;38
261;381;38
261;382;16
261;383;16
261;384;16
261;385;16
261;386;16
261;387;16
261;388;16
261;389;16
261;390;16
261;391;16
261;392;16
261;393;16
261;394;16
261;395;16
261;396;18
261;397;18
261;398;18
261;399;18
261;400;18
261;401;18
261;402;18
261;403;18
261;404;18
261;405;18
261;406;18
261;407;18
261;408;18
261;409;18
261;410;18
261;411;18
261;412;18
261;413;18
261;414;18
261;415;18
261;416;18
261;417;18
261;418;18
261;419;18
261;420;18
261;421;18
261;422;18
261;423;18
261;424;18
261;425;18
261;426;36
261;427;36
261;428;36
261;429;36
261;430;36
261;431;43
261;432;43
261;433;43
261;434;43
261;435;43
261;436;43
261;437;43
261;438;43
261;439;43
261;440;43
261;441;43
261;442;43
261;443;43
261;444;43
261;445;43
261;446;43
261;447;43
261;448;43
261;449;43
261;450;43
261;451;43
261;452;43
261;453;43
261;454;43
261;455;43
261;456;43
261;457;43
261;458;43
261;459;43
261;460;43
261;461;43
261;462;43
261;463;43
261;464;43
261;465;43
261;466;43
261;467;43
261;468;43
261;469;43
261;470;43
261;471;43
261;472;43
261;473;43
261;474;36
261;475;36
261;476;36
261;477;36
261;478;36
261;479;35
261;480;35
261;481;35
261;482;35
261;483;35
261;484;35
261;485;35
261;486;35
261;487;35
261;488;35
261;489;35
261;490;35
261;491;35
261;492;35
261;493;35
261;494;35
261;495;35
261;496;35
261;497;35
261;498;35
261;499;35
262;0;8
262;1;8
262;2;8
262;3;8
262;4;8
262;5;8
262;6;8
262;7;8
262;8;8
262;9;8
262;10;8
262;11;8
262;12;8
262;13;8
262;14;8
262;15;8
262;16;8
262;17;8
262;18;8
262;19;8
262;20;8
262;21;8
262;22;4
262;23;4
262;24;4
262;25;4
262;26;4
262;27;4
262;28;4
262;29;4
262;30;4
262;31;4
262;32;4
262;33;4
262;34;49
262;35;49
262;36;49
262;37;49
262;38;49
262;39;49
262;40;49
262;41;49
262;42;49
262;43;49
262;44;49
262;45;49
262;46;49
262;47;49
262;48;49
262;49;49
262;50;49
262;51;49
262;52;49
262;53;49
262;54;49
262;55;49
262;56;49
262;57;49
262;58;49
262;59;25
262;60;25
262;61;25
262;62;25
262;63;25
262;64;25
262;65;25
262;66;25
262;67;25
262;68;25
262;69;25
262;70;25
262;71;25
262;72;25
262;73;25
262;74;25
262;75;25
262;76;25
262;77;25
262;78;25
262;79;25
262;80;25
262;81;25
262;82;25
262;83;25
262;84;25
262;85;31
262;86;31
262;87;31
262;88;31
262;89;31
262;90;31
262;91;31
262;92;31
262;93;31
262;94;31
262;95;31
262;96;31
262;97;31
262;98;31
262;99;31
262;100;31
262;101;31
262;102;31
262;103;31
262;104;31
262;105;31
262;106;31
262;107;31
262;108;31
262;109;31
262;110;31
262;111;31
262;112;31
262;113;31
262;114;31
262;115;31
262;116;3
262;117;3
262;118;3
262;119;3
262;120;14
262;121;14
262;122;14
262;123;14
262;124;14
262;125;14
262;126;14
262;127;14
262;128;14
262;129;14
262;130;14
262;131;14
262;132;14
262;133;14
262;134;14
262;135;14
262;136;14
262;137;14
262;138;14
262;139;14
262;140;14
262;141;14
262;142;14
262;143;14
262;144;14
262;145;14
262;146;14
262;147;14
262;148;14
262;149;14
262;150;14
262;151;14
262;152;12
262;153;12
262;154;12
262;155;12
262;156;12
262;157;12
262;158;12
262;159;12
262;160;12
262;161;12
262;162;12
262;163;12
262;164;12
262;165;12
262;166;12
262;167;12
262;168;12
262;169;12
262;170;12
262;171;12
262;172;12
262;173;12
262;174;12
262;175;39
262;176;39
262;177;39
262;178;39
262;179;39
262;180;39
262;181;39
262;182;39
262;183;39
262;184;39
262;185;39
262;186;39
262;187;39
262;188;39
262;189;39
262;190;39
262;191;39
262;192;39
262;193;7
262;194;7
262;195;7
262;196;7
262;197;7
262;198;7
262;199;7
262;200;43
262;201;43
262;202;43
262;203;43
262;204;43
262;205;43
262;206;43
262;207;43
262;208;43
262;209;43
262;210;43
262;211;35
262;212;35
262;213;35
262;214;35
262;215;35
262;216;35
262;217;35
262;218;35
262;219;35
262;220;35
262;221;35
262;222;35
262;223;35
262;224;35
262;225;35
262;226;35
262;227;35
262;228;35
262;229;35
262;230;35
262;231;35
262;232;35
262;233;35
262;234;35
262;235;35
262;236;35
262;237;35
262;238;35
262;239;35
262;240;35
262;241;35
262;242;35
262;243;35
262;244;35
262;245;35
262;246;35
262;247;35
262;248;35
262;249;35
262;250;35
262;251;35
262;252;24
262;253;24
262;254;24
262;255;24
262;256;24
262;257;24
262;258;24
262;259;43
262;260;43
262;261;43
262;262;43
262;263;43
262;264;43
262;265;43
262;266;43
262;267;43
262;268;43
262;269;43
262;270;43
262;271;43
262;272;43
262;273;43
262;274;43
262;275;43
262;276;43
262;277;43
262;278;43
262;279;43
262;280;43
262;281;43
262;282;43
262;283;43
262;284;43
262;285;43
262;286;43
262;287;43
262;288;43
262;289;43
262;290;43
262;291;43
262;292;43
262;293;43
262;294;43
262;295;43
262;296;43
262;297;43
262;298;43
262;299;47
262;300;47
262;301;47
262;302;47
262;303;47
262;304;47
262;305;47
262;306;47
262;307;47
262;308;47
262;309;47
262;310;47
262;311;47
262;312;47
262;313;47
262;314;47
262;315;47
262;316;47
262;317;47
262;318;47
262;319;47
262;320;47
262;321;47
262;322;47
262;323;47
262;324;47
262;325;47
262;326;47
262;327;47
262;328;46
262;329;46
262;330;46
262;331;46
262;332;46
262;333;46
262;334;46
262;335;46
262;336;46
262;337;46
262;338;46
262;339;46
262;340;46
262;341;46
262;342;46
262;343;46
262;344;46
262;345;46
262;346;46
262;347;46
262;348;46
262;349;46
262;350;46
262;351;46
262;352;46
262;353;46
262;354;46
262;355;13
262;356;13
262;357;13
262;358;13
262;359;13
262;360;13
262;361;38
262;362;38
262;363;38
262;364;38
262;365;38
262;366;38
262;367;38
262;368;38
262;369;38
262;370;38
262;371;38
262;372;38
262;373;38
262;374;38
262;375;38
262;376;38
262;377;38
262;378;38
262;379;38
262;380;38
262;381;38
262;382;16
262;383;16
262;384;16
262;385;16
262;386;16
262;387;16
262;388;16
262;389;16
262;390;16
262;391;16
262;392;16
262;393;16
262;394;16
262;395;18
262;396;18
262;397;18
262;398;18
262;399;18
262;400;18
262;401;18
262;402;18
262;403;18
262;404;18
262;405;18
262;406;18
262;407;18
262;408;18
262;409;18
262;410;18
262;411;18
262;412;18
262;413;18
262;414;18
262;415;18
262;416;18
262;417;18
262;418;18
262;419;18
262;420;18
262;421;18
262;422;18
262;423;18
262;424;18
262;425;18
262;426;18
262;427;36
262;428;36
262;429;36
262;430;36
262;431;36
262;432;43
262;433;43
262;434;43
262;435;43
262;436;43
262;437;43
262;438;43
262;439;43
262;440;43
262;441;43
262;442;43
262;443;43
262;444;43
262;445;43
262;446;43
262;447;43
262;448;43
262;449;43
262;450;43
262;451;43
262;452;43
262;453;43
262;454;43
262;455;43
262;456;43
262;457;43
262;458;43
262;459;43
262;460;43
262;461;43
262;462;43
262;463;43
262;464;43
262;465;43
262;466;43
262;467;43
262;468;43
262;469;43
262;470;43
262;471;43
262;472;43
262;473;43
262;474;43
262;475;36
262;476;36
262;477;36
262;478;36
262;479;35
262;480;35
262;481;35
262;482;35
262;483;35
262;484;35
262;485;35
262;486;35
262;487;35
262;488;35
262;489;35
262;490;35
262;491;35
262;492;35
262;493;35
262;494;35
262;495;35
262;496;35
262;497;35
262;498;35
262;499;35
263;0;8
263;1;8
263;2;8
263;3;8
263;4;8
263;5;8
263;6;8
263;7;8
263;8;8
263;9;8
263;10;8
263;11;8
263;12;8
263;13;8
263;14;8
263;15;8
263;16;8
263;17;8
263;18;8
263;19;8
263;20;8
263;21;8
263;22;4
263;23;4
263;24;4
263;25;4
263;26;4
263;27;4
263;28;4
263;29;4
263;30;4
263;31;4
263;32;4
263;33;4
263;34;4
263;35;49
263;36;49
263;37;49
263;38;49
263;39;49
263;40;49
263;41;49
263;42;49
263;43;49
263;44;49
263;45;49
263;46;49
263;47;49
263;48;49
263;49;49
263;50;49
263;51;49
263;52;49
263;53;49
263;54;49
263;55;49
263;56;49
263;57;49
263;58;49
263;59;49
263;60;25
263;61;25
263;62;25
263;63;25
263;64;25
263;65;25
263;66;25
263;67;25
263;68;25
263;69;25
263;70;25
263;71;25
263;72;25
263;73;25
263;74;25
263;75;25
263;76;25
263;77;25
263;78;25
263;79;25
263;80;25
263;81;25
263;82;25
263;83;25
263;84;25
263;85;31
263;86;31
263;87;31
263;88;31
263;89;31
263;90;31
263;91;31
263;92;31
263;93;31
263;94;31
263;95;31
263;96;31
263;97;31
263;98;31
263;99;31
263;100;31
263;101;31
263;102;31
263;103;31
263;104;31
263;105;31
263;106;31
263;107;31
263;108;31
263;109;31
263;110;31
263;111;31
263;112;31
263;113;31
263;114;31
263;115;31
263;116;31
263;117;3
263;118;3
263;119;14
263;120;14
263;121;14
263;122;14
263;123;14
263;124;14
263;125;14
263;126;14
263;127;14
263;128;14
263;129;14
263;130;14
263;131;14
263;132;14
263;133;14
263;134;14
263;135;14
263;136;14
263;137;14
263;138;14
263;139;14
263;140;14
263;141;14
263;142;14
263;143;14
263;144;14
263;145;14
263;146;14
263;147;14
263;148;14
263;149;14
263;150;14
263;151;14
263;152;14
263;153;12
263;154;12
263;155;12
263;156;12
263;157;12
263;158;12
263;159;12
263;160;12
263;161;12
263;162;12
263;163;12
263;164;12
263;165;12
263;166;12
263;167;12
263;168;12
263;169;12
263;170;12
263;171;12
263;172;12
263;173;12
263;174;12
263;175;39
263;176;39
263;177;39
263;178;39
263;179;39
263;180;39
263;181;39
263;182;39
263;183;39
263;184;39
263;185;39
263;186;39
263;187;39
263;188;39
263;189;39
263;190;39
263;191;39
263;192;39
263;193;39
263;194;7
263;195;7
263;196;7
263;197;7
263;198;7
263;199;7
263;200;7
263;201;43
263;202;43
263;203;43
263;204;43
263;205;43
263;206;43
263;207;43
263;208;43
263;209;43
263;210;43
263;211;43
263;212;35
263;213;35
263;214;35
263;215;35
263;216;35
263;217;35
263;218;35
263;219;35
263;220;35
263;221;35
263;222;35
263;223;35
263;224;35
263;225;35
263;226;35
263;227;35
263;228;35
263;229;35
263;230;35
263;231;35
263;232;35
263;233;35
263;234;35
263;235;35
263;236;35
263;237;35
263;238;35
263;239;35
263;240;35
263;241;35
263;242;35
263;243;35
263;244;35
263;245;35
263;246;35
263;247;35
263;248;35
263;249;35
263;250;35
263;251;35
263;252;35
263;253;35
263;254;24
263;255;24
263;256;24
263;257;24
263;258;24
263;259;43
263;260;43
263;261;43
263;262;43
263;263;43
263;264;43
263;265;43
263;266;43
263;267;43
263;268;43
263;269;43
263;270;43
263;271;43
263;272;43
263;273;43
263;274;43
263;275;43
263;276;43
263;277;43
263;278;43
263;279;43
263;280;43
263;281;43
263;282;43
263;283;43
263;284;43
263;285;43
263;286;43
263;287;43
263;288;43
263;289;43
263;290;43
263;291;43
263;292;43
263;293;43
263;294;43
263;295;43
263;296;43
263;297;43
263;298;43
263;299;47
263;300;47
263;301;47
263;302;47
263;303;47
263;304;47
263;305;47
263;306;47
263;307;47
263;308;47
263;309;47
263;310;47
263;311;47
263;312;47
263;313;47
263;314;47
263;315;47
263;316;47
263;317;47
263;318;47
263;319;47
263;320;47
263;321;47
263;322;47
263;323;47
263;324;47
263;325;47
263;326;47
263;327;47
263;328;47
263;329;46
263;330;46
263;331;46
263;332;46
263;333;46
263;334;46
263;335;46
263;336;46
263;337;46
263;338;46
263;339;46
263;340;46
263;341;46
263;342;46
263;343;46
263;344;46
263;345;46
263;346;46
263;347;46
263;348;46
263;349;46
263;350;46
263;351;46
263;352;46
263;353;46
263;354;46
263;355;35
263;356;35
263;357;35
263;358;35
263;359;35
263;360;35
263;361;35
263;362;38
263;363;38
263;364;38
263;365;38
263;366;38
263;367;38
263;368;38
263;369;38
263;370;38
263;371;38
263;372;38
263;373;38
263;374;38
263;375;38
263;376;38
263;377;38
263;378;38
263;379;38
263;380;38
263;381;38
263;382;16
263;383;16
263;384;16
263;385;16
263;386;16
263;387;16
263;388;16
263;389;16
263;390;16
263;391;16
263;392;16
263;393;16
263;394;18
263;395;18
263;396;18
263;397;18
263;398;18
263;399;18
263;400;18
263;401;18
263;402;18
263;403;18
263;404;18
263;405;18
263;406;18
263;407;18
263;408;18
263;409;18
263;410;18
263;411;18
263;412;18
263;413;18
263;414;18
263;415;18
263;416;18
263;417;18
263;418;18
263;419;18
263;420;18
263;421;18
263;422;18
263;423;18
263;424;18
263;425;18
263;426;18
263;427;36
263;428;36
263;429;36
263;430;36
263;431;36
263;432;36
263;433;43
263;434;43
263;435;43
263;436;43
263;437;43
263;438;43
263;439;43
263;440;43
263;441;43
263;442;43
263;443;43
263;444;43
263;445;43
263;446;43
263;447;43
263;448;43
263;449;43
263;450;43
263;451;43
263;452;43
263;453;43
263;454;43
263;455;43
263;456;43
263;457;43
263;458;43
263;459;43
263;460;43
263;461;43
263;462;43
263;463;43
263;464;43
263;465;43
263;466;43
263;467;43
263;468;43
263;469;43
263;470;43
263;471;43
263;472;43
263;473;43
263;474;43
263;475;43
263;476;36
263;477;36
263;478;36
263;479;35
263;480;35
263;481;35
263;482;35
263;483;35
263;484;35
263;485;35
263;486;35
263;487;35
263;488;35
263;489;35
263;490;35
263;491;35
263;492;35
263;493;35
263;494;35
263;495;35
263;496;35
263;497;35
263;498;35
263;499;35
264;0;8
264;1;8
264;2;8
264;3;8
264;4;8
264;5;8
264;6;8
264;7;8
264;8;8
264;9;8
264;10;8
264;11;8
264;12;8
264;13;8
264;14;8
264;15;8
264;16;8
264;17;8
264;18;8
264;19;8
264;20;8
264;21;8
264;22;4
264;23;4
264;24;4
264;25;4
264;26;4
264;27;4
264;28;4
264;29;4
264;30;4
264;31;4
264;32;4
264;33;4
264;34;4
264;35;4
264;36;49
264;37;49
264;38;49
264;39;49
264;40;49
264;41;49
264;42;49
264;43;49
264;44;49
264;45;49
264;46;49
264;47;49
264;48;49
264;49;49
264;50;49
264;51;49
264;52;49
264;53;49
264;54;49
264;55;49
264;56;49
264;57;49
264;58;49
264;59;49
264;60;49
264;61;25
264;62;25
264;63;25
264;64;25
264;65;25
264;66;25
264;67;25
264;68;25
264;69;25
264;70;25
264;71;25
264;72;25
264;73;25
264;74;25
264;75;25
264;76;25
264;77;25
264;78;25
264;79;25
264;80;25
264;81;25
264;82;25
264;83;25
264;84;25
264;85;31
264;86;31
264;87;31
264;88;31
264;89;31
264;90;31
264;91;31
264;92;31
264;93;31
264;94;31
264;95;31
264;96;31
264;97;31
264;98;31
264;99;31
264;100;31
264;101;31
264;102;31
264;103;31
264;104;31
264;105;31
264;106;31
264;107;31
264;108;31
264;109;31
264;110;31
264;111;31
264;112;31
264;113;31
264;114;31
264;115;31
264;116;31
264;117;31
264;118;31
264;119;14
264;120;14
264;121;14
264;122;14
264;123;14
264;124;14
264;125;14
264;126;14
264;127;14
264;128;14
264;129;14
264;130;14
264;131;14
264;132;14
264;133;14
264;134;14
264;135;14
264;136;14
264;137;14
264;138;14
264;139;14
264;140;14
264;141;14
264;142;14
264;143;14
264;144;14
264;145;14
264;146;14
264;147;14
264;148;14
264;149;14
264;150;14
264;151;14
264;152;14
264;153;14
264;154;12
264;155;12
264;156;12
264;157;12
264;158;12
264;159;12
264;160;12
264;161;12
264;162;12
264;163;12
264;164;12
264;165;12
264;166;12
264;167;12
264;168;12
264;169;12
264;170;12
264;171;12
264;172;12
264;173;12
264;174;12
264;175;39
264;176;39
264;177;39
264;178;39
264;179;39
264;180;39
264;181;39
264;182;39
264;183;39
264;184;39
264;185;39
264;186;39
264;187;39
264;188;39
264;189;39
264;190;39
264;191;39
264;192;39
264;193;39
264;194;7
264;195;7
264;196;7
264;197;7
264;198;7
264;199;7
264;200;7
264;201;7
264;202;43
264;203;43
264;204;43
264;205;43
264;206;43
264;207;43
264;208;43
264;209;43
264;210;43
264;211;43
264;212;43
264;213;43
264;214;35
264;215;35
264;216;35
264;217;35
264;218;35
264;219;35
264;220;35
264;221;35
264;222;35
264;223;35
264;224;35
264;225;35
264;226;35
264;227;35
264;228;35
264;229;35
264;230;35
264;231;35
264;232;35
264;233;35
264;234;35
264;235;35
264;236;35
264;237;35
264;238;35
264;239;35
264;240;35
264;241;35
264;242;35
264;243;35
264;244;35
264;245;35
264;246;35
264;247;35
264;248;35
264;249;35
264;250;35
264;251;35
264;252;35
264;253;35
264;254;35
264;255;24
264;256;24
264;257;24
264;258;24
264;259;24
264;260;43
264;261;43
264;262;43
264;263;43
264;264;43
264;265;43
264;266;43
264;267;43
264;268;43
264;269;43
264;270;43
264;271;43
264;272;43
264;273;43
264;274;43
264;275;43
264;276;43
264;277;43
264;278;43
264;279;43
264;280;43
264;281;43
264;282;43
264;283;43
264;284;43
264;285;43
264;286;43
264;287;43
264;288;43
264;289;43
264;290;43
264;291;43
264;292;43
264;293;43
264;294;43
264;295;43
264;296;43
264;297;43
264;298;43
264;299;47
264;300;47
264;301;47
264;302;47
264;303;47
264;304;47
264;305;47
264;306;47
264;307;47
264;308;47
264;309;47
264;310;47
264;311;47
264;312;47
264;313;47
264;314;47
264;315;47
264;316;47
264;317;47
264;318;47
264;319;47
264;320;47
264;321;47
264;322;47
264;323;47
264;324;47
264;325;47
264;326;47
264;327;47
264;328;47
264;329;47
264;330;46
264;331;46
264;332;46
264;333;46
264;334;46
264;335;46
264;336;46
264;337;46
264;338;46
264;339;46
264;340;46
264;341;46
264;342;46
264;343;46
264;344;46
264;345;46
264;346;46
264;347;46
264;348;46
264;349;46
264;350;46
264;351;46
264;352;46
264;353;46
264;354;35
264;355;35
264;356;35
264;357;35
264;358;35
264;359;35
264;360;35
264;361;35
264;362;35
264;363;35
264;364;38
264;365;38
264;366;38
264;367;38
264;368;38
264;369;38
264;370;38
264;371;38
264;372;38
264;373;38
264;374;38
264;375;38
264;376;38
264;377;38
264;378;38
264;379;38
264;380;38
264;381;38
264;382;16
264;383;16
264;384;16
264;385;16
264;386;16
264;387;16
264;388;16
264;389;16
264;390;16
264;391;16
264;392;16
264;393;18
264;394;18
264;395;18
264;396;18
264;397;18
264;398;18
264;399;18
264;400;18
264;401;18
264;402;18
264;403;18
264;404;18
264;405;18
264;406;18
264;407;18
264;408;18
264;409;18
264;410;18
264;411;18
264;412;18
264;413;18
264;414;18
264;415;18
264;416;18
264;417;18
264;418;18
264;419;18
264;420;18
264;421;18
264;422;18
264;423;18
264;424;18
264;425;18
264;426;18
264;427;18
264;428;36
264;429;36
264;430;36
264;431;36
264;432;36
264;433;36
264;434;43
264;435;43
264;436;43
264;437;43
264;438;43
264;439;43
264;440;43
264;441;43
264;442;43
264;443;43
264;444;43
264;445;43
264;446;43
264;447;43
264;448;43
264;449;43
264;450;43
264;451;43
264;452;43
264;453;43
264;454;43
264;455;43
264;456;43
264;457;43
264;458;43
264;459;43
264;460;43
264;461;43
264;462;43
264;463;43
264;464;43
264;465;43
264;466;43
264;467;43
264;468;43
264;469;43
264;470;43
264;471;43
264;472;43
264;473;43
264;474;43
264;475;43
264;476;43
264;477;36
264;478;36
264;479;35
264;480;35
264;481;35
264;482;35
264;483;35
264;484;35
264;485;35
264;486;35
264;487;35
264;488;35
264;489;35
264;490;35
264;491;35
264;492;35
264;493;35
264;494;35
264;495;35
264;496;35
264;497;35
264;498;35
264;499;35
265;0;10
265;1;8
265;2;8
265;3;8
265;4;8
265;5;8
265;6;8
265;7;8
265;8;8
265;9;8
265;10;8
265;11;8
265;12;8
265;13;8
265;14;8
265;15;8
265;16;8
265;17;8
265;18;8
265;19;8
265;20;8
265;21;8
265;22;4
265;23;4
265;24;4
265;25;4
265;26;4
265;27;4
265;28;4
265;29;4
265;30;4
265;31;4
265;32;4
265;33;4
265;34;4
265;35;4
265;36;4
265;37;49
265;38;49
265;39;49
265;40;49
265;41;49
265;42;49
265;43;49
265;44;49
265;45;49
265;46;49
265;47;49
265;48;49
265;49;49
265;50;49
265;51;49
265;52;49
265;53;49
265;54;49
265;55;49
265;56;49
265;57;49
265;58;49
265;59;49
265;60;49
265;61;25
265;62;25
265;63;25
265;64;25
265;65;25
265;66;25
265;67;25
265;68;25
265;69;25
265;70;25
265;71;25
265;72;25
265;73;25
265;74;25
265;75;25
265;76;25
265;77;25
265;78;25
265;79;25
265;80;25
265;81;25
265;82;25
265;83;25
265;84;25
265;85;31
265;86;31
265;87;31
265;88;31
265;89;31
265;90;31
265;91;31
265;92;31
265;93;31
265;94;31
265;95;31
265;96;31
265;97;31
265;98;31
265;99;31
265;100;31
265;101;31
265;102;31
265;103;31
265;104;31
265;105;31
265;106;31
265;107;31
265;108;31
265;109;31
265;110;31
265;111;31
265;112;31
265;113;31
265;114;31
265;115;31
265;116;31
265;117;31
265;118;31
265;119;14
265;120;14
265;121;14
265;122;14
265;123;14
265;124;14
265;125;14
265;126;14
265;127;14
265;128;14
265;129;14
265;130;14
265;131;14
265;132;14
265;133;14
265;134;14
265;135;14
265;136;14
265;137;14
265;138;14
265;139;14
265;140;14
265;141;14
265;142;14
265;143;14
265;144;14
265;145;14
265;146;14
265;147;14
265;148;14
265;149;14
265;150;14
265;151;14
265;152;14
265;153;14
265;154;14
265;155;12
265;156;12
265;157;12
265;158;12
265;159;12
265;160;12
265;161;12
265;162;12
265;163;12
265;164;12
265;165;12
265;166;12
265;167;12
265;168;12
265;169;12
265;170;12
265;171;12
265;172;12
265;173;12
265;174;12
265;175;39
265;176;39
265;177;39
265;178;39
265;179;39
265;180;39
265;181;39
265;182;39
265;183;39
265;184;39
265;185;39
265;186;39
265;187;39
265;188;39
265;189;39
265;190;39
265;191;39
265;192;39
265;193;39
265;194;39
265;195;7
265;196;7
265;197;7
265;198;7
265;199;7
265;200;7
265;201;7
265;202;7
265;203;43
265;204;43
265;205;43
265;206;43
265;207;43
265;208;43
265;209;43
265;210;43
265;211;43
265;212;43
265;213;43
265;214;43
265;215;43
265;216;35
265;217;35
265;218;35
265;219;35
265;220;35
265;221;35
265;222;35
265;223;35
265;224;35
265;225;35
265;226;35
265;227;35
265;228;35
265;229;35
265;230;35
265;231;35
265;232;35
265;233;35
265;234;35
265;235;35
265;236;35
265;237;35
265;238;35
265;239;35
265;240;35
265;241;35
265;242;35
265;243;35
265;244;35
265;245;35
265;246;35
265;247;35
265;248;35
265;249;35
265;250;35
265;251;35
265;252;35
265;253;35
265;254;35
265;255;35
265;256;24
265;257;24
265;258;24
265;259;24
265;260;43
265;261;43
265;262;43
265;263;43
265;264;43
265;265;43
265;266;43
265;267;43
265;268;43
265;269;43
265;270;43
265;271;43
265;272;43
265;273;43
265;274;43
265;275;43
265;276;43
265;277;43
265;278;43
265;279;43
265;280;43
265;281;43
265;282;43
265;283;43
265;284;43
265;285;43
265;286;43
265;287;43
265;288;43
265;289;43
265;290;43
265;291;43
265;292;43
265;293;43
265;294;43
265;295;43
265;296;43
265;297;43
265;298;43
265;299;47
265;300;47
265;301;47
265;302;47
265;303;47
265;304;47
265;305;47
265;306;47
265;307;47
265;308;47
265;309;47
265;310;47
265;311;47
265;312;47
265;313;47
265;314;47
265;315;47
265;316;47
265;317;47
265;318;47
265;319;47
265;320;47
265;321;47
265;322;47
265;323;47
265;324;47
265;325;47
265;326;47
265;327;47
265;328;47
265;329;47
265;330;47
265;331;46
265;332;46
265;333;46
265;334;46
265;335;46
265;336;46
265;337;46
265;338;46
265;339;46
265;340;46
265;341;46
265;342;46
265;343;46
265;344;46
265;345;46
265;346;46
265;347;46
265;348;46
265;349;46
265;350;46
265;351;46
265;352;46
265;353;46
265;354;35
265;355;35
265;356;35
265;357;35
265;358;35
265;359;35
265;360;35
265;361;35
265;362;35
265;363;35
265;364;35
265;365;35
265;366;38
265;367;38
265;368;38
265;369;38
265;370;38
265;371;38
265;372;38
265;373;38
265;374;38
265;375;38
265;376;38
265;377;38
265;378;38
265;379;38
265;380;38
265;381;38
265;382;16
265;383;16
265;384;16
265;385;16
265;386;16
265;387;16
265;388;16
265;389;16
265;390;16
265;391;16
265;392;18
265;393;18
265;394;18
265;395;18
265;396;18
265;397;18
265;398;18
265;399;18
265;400;18
265;401;18
265;402;18
265;403;18
265;404;18
265;405;18
265;406;18
265;407;18
265;408;18
265;409;18
265;410;18
265;411;18
265;412;18
265;413;18
265;414;18
265;415;18
265;416;18
265;417;18
265;418;18
265;419;18
265;420;18
265;421;18
265;422;18
265;423;18
265;424;18
265;425;18
265;426;18
265;427;18
265;428;36
265;429;36
265;430;36
265;431;36
265;432;36
265;433;36
265;434;36
265;435;43
265;436;43
265;437;43
265;438;43
265;439;43
265;440;43
265;441;43
265;442;43
265;443;43
265;444;43
265;445;43
265;446;43
265;447;43
265;448;43
265;449;43
265;450;43
265;451;43
265;452;43
265;453;43
265;454;43
265;455;43
265;456;43
265;457;43
265;458;43
265;459;43
265;460;43
265;461;43
265;462;43
265;463;43
265;464;43
265;465;43
265;466;43
265;467;43
265;468;43
265;469;43
265;470;43
265;471;43
265;472;43
265;473;43
265;474;43
265;475;43
265;476;43
265;477;43
265;478;36
265;479;35
265;480;35
265;481;35
265;482;35
265;483;35
265;484;35
265;485;35
265;486;35
265;487;35
265;488;35
265;489;35
265;490;35
265;491;35
265;492;35
265;493;35
265;494;35
265;495;35
265;496;35
265;497;35
265;498;35
265;499;35
266;0;10
266;1;10
266;2;10
266;3;8
266;4;8
266;5;8
266;6;8
266;7;8
266;8;8
266;9;8
266;10;8
266;11;8
266;12;8
266;13;8
266;14;8
266;15;8
266;16;8
266;17;8
266;18;8
266;19;8
266;20;8
266;21;8
266;22;4
266;23;4
266;24;4
266;25;4
266;26;4
266;27;4
266;28;4
266;29;4
266;30;4
266;31;4
266;32;4
266;33;4
266;34;4
266;35;4
266;36;4
266;37;4
266;38;49
266;39;49
266;40;49
266;41;49
266;42;49
266;43;49
266;44;49
266;45;49
266;46;49
266;47;49
266;48;49
266;49;49
266;50;49
266;51;49
266;52;49
266;53;49
266;54;49
266;55;49
266;56;49
266;57;49
266;58;49
266;59;49
266;60;49
266;61;49
266;62;25
266;63;25
266;64;25
266;65;25
266;66;25
266;67;25
266;68;25
266;69;25
266;70;25
266;71;25
266;72;25
266;73;25
266;74;25
266;75;25
266;76;25
266;77;25
266;78;25
266;79;25
266;80;25
266;81;25
266;82;25
266;83;25
266;84;25
266;85;31
266;86;31
266;87;31
266;88;31
266;89;31
266;90;31
266;91;31
266;92;31
266;93;31
266;94;31
266;95;31
266;96;31
266;97;31
266;98;31
266;99;31
266;100;31
266;101;31
266;102;31
266;103;31
266;104;31
266;105;31
266;106;31
266;107;31
266;108;31
266;109;31
266;110;31
266;111;31
266;112;31
266;113;31
266;114;31
266;115;31
266;116;31
266;117;31
266;118;31
266;119;31
266;120;14
266;121;14
266;122;14
266;123;14
266;124;14
266;125;14
266;126;14
266;127;14
266;128;14
266;129;14
266;130;14
266;131;14
266;132;14
266;133;14
266;134;14
266;135;14
266;136;14
266;137;14
266;138;14
266;139;14
266;140;14
266;141;14
266;142;14
266;143;14
266;144;14
266;145;14
266;146;14
266;147;14
266;148;14
266;149;14
266;150;14
266;151;14
266;152;14
266;153;14
266;154;14
266;155;14
266;156;12
266;157;12
266;158;12
266;159;12
266;160;12
266;161;12
266;162;12
266;163;12
266;164;12
266;165;12
266;166;12
266;167;12
266;168;12
266;169;12
266;170;12
266;171;12
266;172;12
266;173;12
266;174;12
266;175;39
266;176;39
266;177;39
266;178;39
266;179;39
266;180;39
266;181;39
266;182;39
266;183;39
266;184;39
266;185;39
266;186;39
266;187;39
266;188;39
266;189;39
266;190;39
266;191;39
266;192;39
266;193;39
266;194;39
266;195;7
266;196;7
266;197;7
266;198;7
266;199;7
266;200;7
266;201;7
266;202;7
266;203;7
266;204;43
266;205;43
266;206;43
266;207;43
266;208;43
266;209;43
266;210;43
266;211;43
266;212;43
266;213;43
266;214;43
266;215;43
266;216;43
266;217;35
266;218;35
266;219;35
266;220;35
266;221;35
266;222;35
266;223;35
266;224;35
266;225;35
266;226;35
266;227;35
266;228;35
266;229;35
266;230;35
266;231;35
266;232;35
266;233;35
266;234;35
266;235;35
266;236;35
266;237;35
266;238;35
266;239;35
266;240;35
266;241;35
266;242;35
266;243;35
266;244;35
266;245;35
266;246;35
266;247;35
266;248;35
266;249;35
266;250;35
266;251;35
266;252;35
266;253;35
266;254;35
266;255;35
266;256;35
266;257;24
266;258;24
266;259;24
266;260;43
266;261;43
266;262;43
266;263;43
266;264;43
266;265;43
266;266;43
266;267;43
266;268;43
266;269;43
266;270;43
266;271;43
266;272;43
266;273;43
266;274;43
266;275;43
266;276;43
266;277;43
266;278;43
266;279;43
266;280;43
266;281;43
266;282;43
266;283;43
266;284;43
266;285;43
266;286;43
266;287;43
266;288;43
266;289;43
266;290;43
266;291;43
266;292;43
266;293;43
266;294;43
266;295;43
266;296;43
266;297;43
266;298;43
266;299;47
266;300;47
266;301;47
266;302;47
266;303;47
266;304;47
266;305;47
266;306;47
266;307;47
266;308;47
266;309;47
266;310;47
266;311;47
266;312;47
266;313;47
266;314;47
266;315;47
266;316;47
266;317;47
266;318;47
266;319;47
266;320;47
266;321;47
266;322;47
266;323;47
266;324;47
266;325;47
266;326;47
266;327;47
266;328;47
266;329;47
266;330;47
266;331;47
266;332;47
266;333;46
266;334;46
266;335;46
266;336;46
266;337;46
266;338;46
266;339;46
266;340;46
266;341;46
266;342;46
266;343;46
266;344;46
266;345;46
266;346;46
266;347;46
266;348;46
266;349;46
266;350;46
266;351;46
266;352;46
266;353;46
266;354;35
266;355;35
266;356;35
266;357;35
266;358;35
266;359;35
266;360;35
266;361;35
266;362;35
266;363;35
266;364;35
266;365;35
266;366;35
266;367;35
266;368;38
266;369;38
266;370;38
266;371;38
266;372;38
266;373;38
266;374;38
266;375;38
266;376;38
266;377;38
266;378;38
266;379;38
266;380;38
266;381;38
266;382;16
266;383;16
266;384;16
266;385;16
266;386;16
266;387;16
266;388;16
266;389;16
266;390;16
266;391;16
266;392;18
266;393;18
266;394;18
266;395;18
266;396;18
266;397;18
266;398;18
266;399;18
266;400;18
266;401;18
266;402;18
266;403;18
266;404;18
266;405;18
266;406;18
266;407;18
266;408;18
266;409;18
266;410;18
266;411;18
266;412;18
266;413;18
266;414;18
266;415;18
266;416;18
266;417;18
266;418;18
266;419;18
266;420;18
266;421;18
266;422;18
266;423;18
266;424;18
266;425;18
266;426;18
266;427;18
266;428;36
266;429;36
266;430;36
266;431;36
266;432;36
266;433;36
266;434;36
266;435;36
266;436;43
266;437;43
266;438;43
266;439;43
266;440;43
266;441;43
266;442;43
266;443;43
266;444;43
266;445;43
266;446;43
266;447;43
266;448;43
266;449;43
266;450;43
266;451;43
266;452;43
266;453;43
266;454;43
266;455;43
266;456;43
266;457;43
266;458;43
266;459;43
266;460;43
266;461;43
266;462;43
266;463;43
266;464;43
266;465;43
266;466;43
266;467;43
266;468;43
266;469;43
266;470;43
266;471;43
266;472;43
266;473;43
266;474;43
266;475;43
266;476;43
266;477;43
266;478;43
266;479;35
266;480;35
266;481;35
266;482;35
266;483;35
266;484;35
266;485;35
266;486;35
266;487;35
266;488;35
266;489;35
266;490;35
266;491;35
266;492;35
266;493;35
266;494;35
266;495;35
266;496;35
266;497;35
266;498;35
266;499;35
267;0;10
267;1;10
267;2;10
267;3;10
267;4;10
267;5;8
267;6;8
267;7;8
267;8;8
267;9;8
267;10;8
267;11;8
267;12;8
267;13;8
267;14;8
267;15;8
267;16;8
267;17;8
267;18;8
267;19;8
267;20;8
267;21;4
267;22;4
267;23;4
267;24;4
267;25;4
267;26;4
267;27;4
267;28;4
267;29;4
267;30;4
267;31;4
267;32;4
267;33;4
267;34;4
267;35;4
267;36;4
267;37;4
267;38;4
267;39;49
267;40;49
267;41;49
267;42;49
267;43;49
267;44;49
267;45;49
267;46;49
267;47;49
267;48;49
267;49;49
267;50;49
267;51;49
267;52;49
267;53;49
267;54;49
267;55;49
267;56;49
267;57;49
267;58;49
267;59;49
267;60;49
267;61;49
267;62;25
267;63;25
267;64;25
267;65;25
267;66;25
267;67;25
267;68;25
267;69;25
267;70;25
267;71;25
267;72;25
267;73;25
267;74;25
267;75;25
267;76;25
267;77;25
267;78;25
267;79;25
267;80;25
267;81;25
267;82;25
267;83;25
267;84;25
267;85;31
267;86;31
267;87;31
267;88;31
267;89;31
267;90;31
267;91;31
267;92;31
267;93;31
267;94;31
267;95;31
267;96;31
267;97;31
267;98;31
267;99;31
267;100;31
267;101;31
267;102;31
267;103;31
267;104;31
267;105;31
267;106;31
267;107;31
267;108;31
267;109;31
267;110;31
267;111;31
267;112;31
267;113;31
267;114;31
267;115;31
267;116;31
267;117;31
267;118;31
267;119;31
267;120;14
267;121;14
267;122;14
267;123;14
267;124;14
267;125;14
267;126;14
267;127;14
267;128;14
267;129;14
267;130;14
267;131;14
267;132;14
267;133;14
267;134;14
267;135;14
267;136;14
267;137;14
267;138;14
267;139;14
267;140;14
267;141;14
267;142;14
267;143;14
267;144;14
267;145;14
267;146;14
267;147;14
267;148;14
267;149;14
267;150;14
267;151;14
267;152;14
267;153;14
267;154;14
267;155;14
267;156;14
267;157;12
267;158;12
267;159;12
267;160;12
267;161;12
267;162;12
267;163;12
267;164;12
267;165;12
267;166;12
267;167;12
267;168;12
267;169;12
267;170;12
267;171;12
267;172;12
267;173;12
267;174;12
267;175;39
267;176;39
267;177;39
267;178;39
267;179;39
267;180;39
267;181;39
267;182;39
267;183;39
267;184;39
267;185;39
267;186;39
267;187;39
267;188;39
267;189;39
267;190;39
267;191;39
267;192;39
267;193;39
267;194;39
267;195;39
267;196;7
267;197;7
267;198;7
267;199;7
267;200;7
267;201;7
267;202;7
267;203;7
267;204;7
267;205;43
267;206;43
267;207;43
267;208;43
267;209;43
267;210;43
267;211;43
267;212;43
267;213;43
267;214;43
267;215;43
267;216;43
267;217;43
267;218;35
267;219;35
267;220;35
267;221;35
267;222;35
267;223;35
267;224;35
267;225;35
267;226;35
267;227;35
267;228;35
267;229;35
267;230;35
267;231;35
267;232;35
267;233;35
267;234;35
267;235;35
267;236;35
267;237;35
267;238;35
267;239;35
267;240;35
267;241;35
267;242;35
267;243;35
267;244;35
267;245;35
267;246;35
267;247;35
267;248;35
267;249;35
267;250;35
267;251;35
267;252;35
267;253;35
267;254;35
267;255;35
267;256;35
267;257;35
267;258;24
267;259;24
267;260;43
267;261;43
267;262;43
267;263;43
267;264;43
267;265;43
267;266;43
267;267;43
267;268;43
267;269;43
267;270;43
267;271;43
267;272;43
267;273;43
267;274;43
267;275;43
267;276;43
267;277;43
267;278;43
267;279;43
267;280;43
267;281;43
267;282;43
267;283;43
267;284;43
267;285;43
267;286;43
267;287;43
267;288;43
267;289;43
267;290;43
267;291;43
267;292;43
267;293;43
267;294;43
267;295;43
267;296;43
267;297;43
267;298;43
267;299;47
267;300;47
267;301;47
267;302;47
267;303;47
267;304;47
267;305;47
267;306;47
267;307;47
267;308;47
267;309;47
267;310;47
267;311;47
267;312;47
267;313;47
267;314;47
267;315;47
267;316;47
267;317;47
267;318;47
267;319;47
267;320;47
267;321;47
267;322;47
267;323;47
267;324;47
267;325;47
267;326;47
267;327;47
267;328;47
267;329;47
267;330;47
267;331;47
267;332;47
267;333;47
267;334;47
267;335;46
267;336;46
267;337;46
267;338;46
267;339;46
267;340;46
267;341;46
267;342;46
267;343;46
267;344;46
267;345;46
267;346;46
267;347;46
267;348;46
267;349;46
267;350;46
267;351;46
267;352;46
267;353;46
267;354;35
267;355;35
267;356;35
267;357;35
267;358;35
267;359;35
267;360;35
267;361;35
267;362;35
267;363;35
267;364;35
267;365;35
267;366;35
267;367;35
267;368;35
267;369;35
267;370;35
267;371;35
267;372;35
267;373;35
267;374;35
267;375;35
267;376;35
267;377;38
267;378;38
267;379;38
267;380;38
267;381;38
267;382;16
267;383;16
267;384;16
267;385;16
267;386;7
267;387;7
267;388;7
267;389;7
267;390;7
267;391;7
267;392;7
267;393;7
267;394;18
267;395;18
267;396;18
267;397;18
267;398;18
267;399;18
267;400;18
267;401;18
267;402;18
267;403;18
267;404;18
267;405;18
267;406;18
267;407;18
267;408;18
267;409;18
267;410;18
267;411;18
267;412;18
267;413;18
267;414;18
267;415;18
267;416;18
267;417;18
267;418;18
267;419;18
267;420;18
267;421;18
267;422;18
267;423;18
267;424;18
267;425;18
267;426;18
267;427;18
267;428;36
267;429;36
267;430;36
267;431;36
267;432;36
267;433;36
267;434;36
267;435;36
267;436;36
267;437;43
267;438;43
267;439;43
267;440;43
267;441;43
267;442;43
267;443;43
267;444;43
267;445;43
267;446;43
267;447;43
267;448;43
267;449;43
267;450;43
267;451;43
267;452;43
267;453;43
267;454;43
267;455;43
267;456;43
267;457;43
267;458;43
267;459;43
267;460;43
267;461;43
267;462;43
267;463;43
267;464;43
267;465;43
267;466;43
267;467;43
267;468;43
267;469;43
267;470;43
267;471;43
267;472;43
267;473;43
267;474;43
267;475;43
267;476;43
267;477;43
267;478;43
267;479;43
267;480;35
267;481;35
267;482;35
267;483;35
267;484;35
267;485;35
267;486;35
267;487;35
267;488;35
267;489;35
267;490;35
267;491;35
267;492;35
267;493;35
267;494;35
267;495;35
267;496;35
267;497;35
267;498;35
267;499;35
268;0;10
268;1;10
268;2;10
268;3;10
268;4;10
268;5;10
268;6;10
268;7;10
268;8;10
268;9;10
268;10;10
268;11;10
268;12;10
268;13;10
268;14;8
268;15;8
268;16;8
268;17;8
268;18;8
268;19;8
268;20;4
268;21;4
268;22;4
268;23;4
268;24;4
268;25;4
268;26;4
268;27;4
268;28;4
268;29;4
268;30;4
268;31;4
268;32;4
268;33;4
268;34;4
268;35;4
268;36;4
268;37;4
268;38;4
268;39;4
268;40;49
268;41;49
268;42;49
268;43;49
268;44;49
268;45;49
268;46;49
268;47;49
268;48;49
268;49;49
268;50;49
268;51;49
268;52;49
268;53;49
268;54;49
268;55;49
268;56;49
268;57;49
268;58;49
268;59;49
268;60;49
268;61;49
268;62;49
268;63;25
268;64;25
268;65;25
268;66;25
268;67;25
268;68;25
268;69;25
268;70;25
268;71;25
268;72;25
268;73;25
268;74;25
268;75;25
268;76;25
268;77;25
268;78;25
268;79;25
268;80;25
268;81;25
268;82;25
268;83;25
268;84;25
268;85;31
268;86;31
268;87;31
268;88;31
268;89;31
268;90;31
268;91;31
268;92;31
268;93;31
268;94;31
268;95;31
268;96;31
268;97;31
268;98;31
268;99;31
268;100;31
268;101;31
268;102;31
268;103;31
268;104;31
268;105;31
268;106;31
268;107;31
268;108;31
268;109;31
268;110;31
268;111;31
268;112;31
268;113;31
268;114;31
268;115;31
268;116;31
268;117;31
268;118;31
268;119;31
268;120;31
268;121;14
268;122;14
268;123;14
268;124;14
268;125;14
268;126;14
268;127;14
268;128;14
268;129;14
268;130;14
268;131;14
268;132;14
268;133;14
268;134;14
268;135;14
268;136;14
268;137;14
268;138;14
268;139;14
268;140;14
268;141;14
268;142;14
268;143;14
268;144;14
268;145;14
268;146;14
268;147;14
268;148;14
268;149;14
268;150;14
268;151;14
268;152;14
268;153;14
268;154;14
268;155;14
268;156;14
268;157;14
268;158;12
268;159;12
268;160;12
268;161;12
268;162;12
268;163;12
268;164;12
268;165;12
268;166;12
268;167;12
268;168;12
268;169;12
268;170;12
268;171;12
268;172;12
268;173;12
268;174;12
268;175;39
268;176;39
268;177;39
268;178;39
268;179;39
268;180;39
268;181;39
268;182;39
268;183;39
268;184;39
268;185;39
268;186;39
268;187;39
268;188;39
268;189;39
268;190;39
268;191;39
268;192;39
268;193;39
268;194;39
268;195;39
268;196;7
268;197;7
268;198;7
268;199;7
268;200;7
268;201;7
268;202;7
268;203;7
268;204;7
268;205;7
268;206;43
268;207;43
268;208;43
268;209;43
268;210;43
268;211;43
268;212;43
268;213;43
268;214;43
268;215;43
268;216;43
268;217;43
268;218;43
268;219;35
268;220;35
268;221;35
268;222;35
268;223;35
268;224;35
268;225;35
268;226;35
268;227;35
268;228;35
268;229;35
268;230;35
268;231;35
268;232;35
268;233;35
268;234;35
268;235;35
268;236;35
268;237;35
268;238;35
268;239;35
268;240;35
268;241;35
268;242;35
268;243;35
268;244;35
268;245;35
268;246;35
268;247;35
268;248;35
268;249;35
268;250;35
268;251;35
268;252;35
268;253;35
268;254;35
268;255;35
268;256;35
268;257;35
268;258;35
268;259;24
268;260;43
268;261;43
268;262;43
268;263;43
268;264;43
268;265;43
268;266;43
268;267;43
268;268;43
268;269;43
268;270;43
268;271;43
268;272;43
268;273;43
268;274;43
268;275;43
268;276;43
268;277;43
268;278;43
268;279;43
268;280;43
268;281;43
268;282;43
268;283;43
268;284;43
268;285;43
268;286;43
268;287;43
268;288;43
268;289;43
268;290;43
268;291;43
268;292;43
268;293;43
268;294;43
268;295;43
268;296;43
268;297;43
268;298;47
268;299;47
268;300;47
268;301;47
268;302;47
268;303;47
268;304;47
268;305;47
268;306;47
268;307;47
268;308;47
268;309;47
268;310;47
268;311;47
268;312;47
268;313;47
268;314;47
268;315;47
268;316;47
268;317;47
268;318;47
268;319;47
268;320;47
268;321;47
268;322;47
268;323;47
268;324;47
268;325;47
268;326;47
268;327;47
268;328;47
268;329;47
268;330;47
268;331;47
268;332;47
268;333;47
268;334;47
268;335;47
268;336;47
268;337;46
268;338;46
268;339;46
268;340;46
268;341;46
268;342;46
268;343;46
268;344;46
268;345;46
268;346;46
268;347;46
268;348;46
268;349;46
268;350;46
268;351;46
268;352;46
268;353;46
268;354;35
268;355;35
268;356;35
268;357;35
268;358;35
268;359;35
268;360;35
268;361;35
268;362;35
268;363;35
268;364;35
268;365;35
268;366;35
268;367;35
268;368;35
268;369;35
268;370;35
268;371;35
268;372;35
268;373;35
268;374;35
268;375;35
268;376;35
268;377;35
268;378;35
268;379;38
268;380;38
268;381;7
268;382;7
268;383;7
268;384;7
268;385;7
268;386;7
268;387;7
268;388;7
268;389;7
268;390;7
268;391;7
268;392;7
268;393;7
268;394;7
268;395;7
268;396;18
268;397;18
268;398;18
268;399;18
268;400;18
268;401;18
268;402;18
268;403;18
268;404;18
268;405;18
268;406;18
268;407;18
268;408;18
268;409;18
268;410;18
268;411;18
268;412;18
268;413;18
268;414;18
268;415;18
268;416;18
268;417;18
268;418;18
268;419;18
268;420;18
268;421;18
268;422;18
268;423;18
268;424;18
268;425;18
268;426;18
268;427;18
268;428;36
268;429;36
268;430;36
268;431;36
268;432;36
268;433;36
268;434;36
268;435;36
268;436;36
268;437;36
268;438;43
268;439;43
268;440;43
268;441;43
268;442;43
268;443;43
268;444;43
268;445;43
268;446;43
268;447;43
268;448;43
268;449;43
268;450;43
268;451;43
268;452;43
268;453;43
268;454;43
268;455;43
268;456;43
268;457;43
268;458;43
268;459;43
268;460;43
268;461;43
268;462;43
268;463;43
268;464;43
268;465;43
268;466;43
268;467;43
268;468;43
268;469;43
268;470;43
268;471;43
268;472;43
268;473;43
268;474;43
268;475;43
268;476;43
268;477;43
268;478;43
268;479;43
268;480;43
268;481;35
268;482;35
268;483;35
268;484;35
268;485;35
268;486;35
268;487;35
268;488;35
268;489;35
268;490;35
268;491;35
268;492;35
268;493;35
268;494;35
268;495;35
268;496;35
268;497;35
268;498;35
268;499;35
269;0;10
269;1;10
269;2;10
269;3;10
269;4;10
269;5;10
269;6;10
269;7;10
269;8;10
269;9;10
269;10;10
269;11;10
269;12;10
269;13;10
269;14;10
269;15;10
269;16;8
269;17;8
269;18;8
269;19;4
269;20;4
269;21;4
269;22;4
269;23;4
269;24;4
269;25;4
269;26;4
269;27;4
269;28;4
269;29;4
269;30;4
269;31;4
269;32;4
269;33;4
269;34;4
269;35;4
269;36;4
269;37;4
269;38;4
269;39;4
269;40;4
269;41;49
269;42;49
269;43;49
269;44;49
269;45;49
269;46;49
269;47;49
269;48;49
269;49;49
269;50;49
269;51;49
269;52;49
269;53;49
269;54;49
269;55;49
269;56;49
269;57;49
269;58;49
269;59;49
269;60;49
269;61;49
269;62;49
269;63;25
269;64;25
269;65;25
269;66;25
269;67;25
269;68;25
269;69;25
269;70;25
269;71;25
269;72;25
269;73;25
269;74;25
269;75;25
269;76;25
269;77;25
269;78;25
269;79;25
269;80;25
269;81;25
269;82;25
269;83;25
269;84;25
269;85;31
269;86;31
269;87;31
269;88;31
269;89;31
269;90;31
269;91;31
269;92;31
269;93;31
269;94;31
269;95;31
269;96;31
269;97;31
269;98;31
269;99;31
269;100;31
269;101;31
269;102;31
269;103;31
269;104;31
269;105;31
269;106;31
269;107;31
269;108;31
269;109;31
269;110;31
269;111;31
269;112;31
269;113;31
269;114;31
269;115;31
269;116;31
269;117;31
269;118;31
269;119;31
269;120;31
269;121;14
269;122;14
269;123;14
269;124;14
269;125;14
269;126;14
269;127;14
269;128;14
269;129;14
269;130;14
269;131;14
269;132;14
269;133;14
269;134;14
269;135;14
269;136;14
269;137;14
269;138;14
269;139;14
269;140;14
269;141;14
269;142;14
269;143;14
269;144;14
269;145;14
269;146;14
269;147;14
269;148;14
269;149;14
269;150;14
269;151;14
269;152;14
269;153;14
269;154;14
269;155;14
269;156;14
269;157;14
269;158;14
269;159;12
269;160;12
269;161;12
269;162;12
269;163;12
269;164;12
269;165;12
269;166;12
269;167;12
269;168;12
269;169;12
269;170;12
269;171;12
269;172;12
269;173;12
269;174;12
269;175;39
269;176;39
269;177;39
269;178;39
269;179;39
269;180;39
269;181;39
269;182;39
269;183;39
269;184;39
269;185;39
269;186;39
269;187;39
269;188;39
269;189;39
269;190;39
269;191;39
269;192;39
269;193;39
269;194;39
269;195;39
269;196;39
269;197;7
269;198;7
269;199;7
269;200;7
269;201;7
269;202;7
269;203;7
269;204;7
269;205;7
269;206;7
269;207;43
269;208;43
269;209;43
269;210;43
269;211;43
269;212;43
269;213;43
269;214;43
269;215;43
269;216;43
269;217;43
269;218;43
269;219;43
269;220;43
269;221;35
269;222;35
269;223;35
269;224;35
269;225;35
269;226;35
269;227;35
269;228;35
269;229;35
269;230;35
269;231;35
269;232;35
269;233;35
269;234;35
269;235;35
269;236;35
269;237;35
269;238;35
269;239;35
269;240;35
269;241;35
269;242;35
269;243;35
269;244;35
269;245;35
269;246;35
269;247;35
269;248;35
269;249;35
269;250;35
269;251;35
269;252;35
269;253;35
269;254;35
269;255;35
269;256;35
269;257;35
269;258;35
269;259;35
269;260;43
269;261;43
269;262;43
269;263;43
269;264;43
269;265;43
269;266;43
269;267;43
269;268;43
269;269;43
269;270;43
269;271;43
269;272;43
269;273;43
269;274;43
269;275;43
269;276;43
269;277;43
269;278;43
269;279;43
269;280;43
269;281;43
269;282;43
269;283;43
269;284;43
269;285;43
269;286;43
269;287;43
269;288;43
269;289;43
269;290;43
269;291;43
269;292;43
269;293;43
269;294;43
269;295;43
269;296;43
269;297;47
269;298;47
269;299;47
269;300;47
269;301;47
269;302;47
269;303;47
269;304;47
269;305;47
269;306;47
269;307;47
269;308;47
269;309;47
269;310;47
269;311;47
269;312;47
269;313;47
269;314;47
269;315;47
269;316;47
269;317;47
269;318;47
269;319;47
269;320;47
269;321;47
269;322;47
269;323;47
269;324;47
269;325;47
269;326;47
269;327;47
269;328;47
269;329;47
269;330;47
269;331;47
269;332;47
269;333;47
269;334;47
269;335;47
269;336;47
269;337;47
269;338;47
269;339;46
269;340;46
269;341;46
269;342;46
269;343;46
269;344;46
269;345;46
269;346;46
269;347;46
269;348;46
269;349;46
269;350;46
269;351;46
269;352;46
269;353;46
269;354;35
269;355;35
269;356;35
269;357;35
269;358;35
269;359;35
269;360;35
269;361;35
269;362;35
269;363;35
269;364;35
269;365;35
269;366;35
269;367;35
269;368;35
269;369;35
269;370;35
269;371;35
269;372;35
269;373;35
269;374;35
269;375;35
269;376;35
269;377;35
269;378;35
269;379;35
269;380;35
269;381;7
269;382;7
269;383;7
269;384;7
269;385;7
269;386;7
269;387;7
269;388;7
269;389;7
269;390;7
269;391;7
269;392;7
269;393;7
269;394;7
269;395;7
269;396;7
269;397;7
269;398;18
269;399;18
269;400;18
269;401;18
269;402;18
269;403;18
269;404;18
269;405;18
269;406;18
269;407;18
269;408;18
269;409;18
269;410;18
269;411;18
269;412;18
269;413;18
269;414;18
269;415;18
269;416;18
269;417;18
269;418;18
269;419;18
269;420;18
269;421;18
269;422;18
269;423;18
269;424;18
269;425;18
269;426;18
269;427;18
269;428;36
269;429;36
269;430;36
269;431;36
269;432;36
269;433;36
269;434;36
269;435;36
269;436;36
269;437;36
269;438;36
269;439;36
269;440;43
269;441;43
269;442;43
269;443;43
269;444;43
269;445;43
269;446;43
269;447;43
269;448;43
269;449;43
269;450;43
269;451;43
269;452;43
269;453;43
269;454;43
269;455;43
269;456;43
269;457;43
269;458;43
269;459;43
269;460;43
269;461;43
269;462;43
269;463;43
269;464;43
269;465;43
269;466;43
269;467;43
269;468;43
269;469;43
269;470;43
269;471;43
269;472;43
269;473;43
269;474;43
269;475;43
269;476;43
269;477;43
269;478;43
269;479;43
269;480;43
269;481;43
269;482;35
269;483;35
269;484;35
269;485;35
269;486;35
269;487;35
269;488;35
269;489;35
269;490;35
269;491;35
269;492;35
269;493;35
269;494;35
269;495;35
269;496;35
269;497;35
269;498;35
269;499;35
270;0;10
270;1;10
270;2;10
270;3;10
270;4;10
270;5;10
270;6;10
270;7;10
270;8;10
270;9;10
270;10;10
270;11;10
270;12;10
270;13;10
270;14;10
270;15;10
270;16;10
270;17;10
270;18;4
270;19;4
270;20;4
270;21;4
270;22;4
270;23;4
270;24;4
270;25;4
270;26;4
270;27;4
270;28;4
270;29;4
270;30;4
270;31;4
270;32;4
270;33;4
270;34;4
270;35;4
270;36;4
270;37;4
270;38;4
270;39;4
270;40;4
270;41;4
270;42;49
270;43;49
270;44;49
270;45;49
270;46;49
270;47;49
270;48;49
270;49;49
270;50;49
270;51;49
270;52;49
270;53;49
270;54;49
270;55;49
270;56;49
270;57;49
270;58;49
270;59;49
270;60;49
270;61;49
270;62;49
270;63;49
270;64;25
270;65;25
270;66;25
270;67;25
270;68;25
270;69;25
270;70;25
270;71;25
270;72;25
270;73;25
270;74;25
270;75;25
270;76;25
270;77;25
270;78;25
270;79;25
270;80;25
270;81;25
270;82;25
270;83;25
270;84;25
270;85;31
270;86;31
270;87;31
270;88;31
270;89;31
270;90;31
270;91;31
270;92;31
270;93;31
270;94;31
270;95;31
270;96;31
270;97;31
270;98;31
270;99;31
270;100;31
270;101;31
270;102;31
270;103;31
270;104;31
270;105;31
270;106;31
270;107;31
270;108;31
270;109;31
270;110;31
270;111;31
270;112;31
270;113;31
270;114;31
270;115;31
270;116;31
270;117;31
270;118;31
270;119;31
270;120;31
270;121;31
270;122;14
270;123;14
270;124;14
270;125;14
270;126;14
270;127;14
270;128;14
270;129;14
270;130;14
270;131;14
270;132;14
270;133;14
270;134;14
270;135;14
270;136;14
270;137;14
270;138;14
270;139;14
270;140;14
270;141;14
270;142;14
270;143;14
270;144;14
270;145;14
270;146;14
270;147;14
270;148;14
270;149;14
270;150;14
270;151;14
270;152;14
270;153;14
270;154;14
270;155;14
270;156;14
270;157;14
270;158;14
270;159;14
270;160;12
270;161;12
270;162;12
270;163;12
270;164;12
270;165;12
270;166;12
270;167;12
270;168;12
270;169;12
270;170;12
270;171;12
270;172;12
270;173;12
270;174;39
270;175;39
270;176;39
270;177;39
270;178;39
270;179;39
270;180;39
270;181;39
270;182;39
270;183;39
270;184;39
270;185;39
270;186;39
270;187;39
270;188;39
270;189;39
270;190;39
270;191;39
270;192;39
270;193;39
270;194;39
270;195;39
270;196;39
270;197;7
270;198;7
270;199;7
270;200;7
270;201;7
270;202;7
270;203;7
270;204;7
270;205;7
270;206;7
270;207;7
270;208;43
270;209;43
270;210;43
270;211;43
270;212;43
270;213;43
270;214;43
270;215;43
270;216;43
270;217;43
270;218;43
270;219;43
270;220;43
270;221;43
270;222;43
270;223;35
270;224;35
270;225;35
270;226;35
270;227;35
270;228;35
270;229;35
270;230;35
270;231;35
270;232;35
270;233;35
270;234;35
270;235;35
270;236;35
270;237;35
270;238;35
270;239;35
270;240;35
270;241;35
270;242;35
270;243;35
270;244;35
270;245;35
270;246;35
270;247;35
270;248;35
270;249;35
270;250;35
270;251;35
270;252;35
270;253;35
270;254;35
270;255;35
270;256;35
270;257;35
270;258;35
270;259;35
270;260;43
270;261;43
270;262;43
270;263;43
270;264;43
270;265;43
270;266;43
270;267;43
270;268;43
270;269;43
270;270;43
270;271;43
270;272;43
270;273;43
270;274;43
270;275;43
270;276;43
270;277;43
270;278;43
270;279;43
270;280;43
270;281;43
270;282;43
270;283;43
270;284;43
270;285;43
270;286;43
270;287;43
270;288;43
270;289;43
270;290;43
270;291;43
270;292;43
270;293;43
270;294;43
270;295;43
270;296;47
270;297;47
270;298;47
270;299;47
270;300;47
270;301;47
270;302;47
270;303;47
270;304;47
270;305;47
270;306;47
270;307;47
270;308;47
270;309;47
270;310;47
270;311;47
270;312;47
270;313;47
270;314;47
270;315;47
270;316;47
270;317;47
270;318;47
270;319;47
270;320;47
270;321;47
270;322;47
270;323;47
270;324;47
270;325;47
270;326;47
270;327;47
270;328;47
270;329;47
270;330;47
270;331;47
270;332;47
270;333;47
270;334;47
270;335;47
270;336;47
270;337;47
270;338;47
270;339;47
270;340;47
270;341;46
270;342;46
270;343;46
270;344;46
270;345;46
270;346;46
270;347;46
270;348;46
270;349;46
270;350;46
270;351;46
270;352;46
270;353;46
270;354;35
270;355;35
270;356;35
270;357;35
270;358;35
270;359;35
270;360;35
270;361;35
270;362;35
270;363;35
270;364;35
270;365;35
270;366;35
270;367;35
270;368;35
270;369;35
270;370;35
270;371;35
270;372;35
270;373;35
270;374;35
270;375;35
270;376;35
270;377;35
270;378;35
270;379;35
270;380;35
270;381;7
270;382;7
270;383;7
270;384;7
270;385;7
270;386;7
270;387;7
270;388;7
270;389;7
270;390;7
270;391;7
270;392;7
270;393;7
270;394;7
270;395;7
270;396;7
270;397;7
270;398;7
270;399;7
270;400;18
270;401;18
270;402;18
270;403;18
270;404;18
270;405;18
270;406;18
270;407;18
270;408;13
270;409;13
270;410;13
270;411;13
270;412;13
270;413;13
270;414;13
270;415;13
270;416;13
270;417;13
270;418;13
270;419;13
270;420;13
270;421;13
270;422;13
270;423;13
270;424;13
270;425;13
270;426;13
270;427;13
270;428;13
270;429;36
270;430;36
270;431;36
270;432;36
270;433;36
270;434;36
270;435;36
270;436;36
270;437;36
270;438;36
270;439;36
270;440;36
270;441;36
270;442;43
270;443;43
270;444;43
270;445;43
270;446;43
270;447;43
270;448;43
270;449;43
270;450;43
270;451;43
270;452;43
270;453;43
270;454;43
270;455;43
270;456;43
270;457;43
270;458;43
270;459;43
270;460;43
270;461;43
270;462;43
270;463;43
270;464;43
270;465;43
270;466;43
270;467;43
270;468;43
270;469;43
270;470;43
270;471;43
270;472;43
270;473;43
270;474;43
270;475;43
270;476;43
270;477;43
270;478;43
270;479;43
270;480;43
270;481;43
270;482;35
270;483;35
270;484;35
270;485;35
270;486;35
270;487;35
270;488;35
270;489;35
270;490;35
270;491;35
270;492;35
270;493;35
270;494;35
270;495;35
270;496;35
270;497;35
270;498;35
270;499;35
271;0;10
271;1;10
271;2;10
271;3;10
271;4;10
271;5;10
271;6;10
271;7;10
271;8;10
271;9;10
271;10;10
271;11;10
271;12;10
271;13;10
271;14;10
271;15;10
271;16;10
271;17;10
271;18;4
271;19;4
271;20;4
271;21;4
271;22;4
271;23;4
271;24;4
271;25;4
271;26;4
271;27;4
271;28;4
271;29;4
271;30;4
271;31;4
271;32;4
271;33;4
271;34;4
271;35;4
271;36;4
271;37;4
271;38;4
271;39;4
271;40;4
271;41;4
271;42;4
271;43;49
271;44;49
271;45;49
271;46;49
271;47;49
271;48;49
271;49;49
271;50;49
271;51;49
271;52;49
271;53;49
271;54;49
271;55;49
271;56;49
271;57;49
271;58;49
271;59;49
271;60;49
271;61;49
271;62;49
271;63;49
271;64;49
271;65;25
271;66;25
271;67;25
271;68;25
271;69;25
271;70;25
271;71;25
271;72;25
271;73;25
271;74;25
271;75;25
271;76;25
271;77;25
271;78;25
271;79;25
271;80;25
271;81;25
271;82;25
271;83;25
271;84;25
271;85;31
271;86;31
271;87;31
271;88;31
271;89;31
271;90;31
271;91;31
271;92;31
271;93;31
271;94;31
271;95;31
271;96;31
271;97;31
271;98;31
271;99;31
271;100;31
271;101;31
271;102;31
271;103;31
271;104;31
271;105;31
271;106;31
271;107;31
271;108;31
271;109;31
271;110;31
271;111;31
271;112;31
271;113;31
271;114;31
271;115;31
271;116;31
271;117;31
271;118;31
271;119;31
271;120;31
271;121;31
271;122;14
271;123;14
271;124;14
271;125;14
271;126;14
271;127;14
271;128;14
271;129;14
271;130;14
271;131;14
271;132;14
271;133;14
271;134;14
271;135;14
271;136;14
271;137;14
271;138;14
271;139;14
271;140;14
271;141;14
271;142;14
271;143;14
271;144;14
271;145;14
271;146;14
271;147;14
271;148;14
271;149;14
271;150;14
271;151;14
271;152;14
271;153;14
271;154;14
271;155;14
271;156;14
271;157;14
271;158;14
271;159;14
271;160;14
271;161;12
271;162;12
271;163;12
271;164;12
271;165;12
271;166;12
271;167;12
271;168;12
271;169;12
271;170;12
271;171;12
271;172;12
271;173;39
271;174;39
271;175;39
271;176;39
271;177;39
271;178;39
271;179;39
271;180;39
271;181;39
271;182;39
271;183;39
271;184;39
271;185;39
271;186;39
271;187;39
271;188;39
271;189;39
271;190;39
271;191;39
271;192;39
271;193;39
271;194;39
271;195;39
271;196;39
271;197;39
271;198;7
271;199;7
271;200;7
271;201;7
271;202;7
271;203;7
271;204;7
271;205;7
271;206;7
271;207;7
271;208;7
271;209;7
271;210;43
271;211;43
271;212;43
271;213;43
271;214;43
271;215;43
271;216;43
271;217;43
271;218;43
271;219;43
271;220;43
271;221;43
271;222;43
271;223;43
271;224;35
271;225;35
271;226;35
271;227;35
271;228;35
271;229;35
271;230;35
271;231;35
271;232;35
271;233;35
271;234;35
271;235;35
271;236;35
271;237;35
271;238;35
271;239;35
271;240;35
271;241;35
271;242;35
271;243;35
271;244;35
271;245;35
271;246;35
271;247;35
271;248;35
271;249;35
271;250;35
271;251;35
271;252;35
271;253;35
271;254;35
271;255;35
271;256;35
271;257;35
271;258;35
271;259;35
271;260;35
271;261;43
271;262;43
271;263;43
271;264;43
271;265;43
271;266;43
271;267;43
271;268;43
271;269;43
271;270;43
271;271;43
271;272;43
271;273;43
271;274;43
271;275;43
271;276;43
271;277;43
271;278;43
271;279;43
271;280;43
271;281;43
271;282;43
271;283;43
271;284;43
271;285;43
271;286;43
271;287;43
271;288;43
271;289;43
271;290;43
271;291;43
271;292;43
271;293;43
271;294;43
271;295;47
271;296;47
271;297;47
271;298;47
271;299;47
271;300;47
271;301;47
271;302;47
271;303;47
271;304;47
271;305;47
271;306;47
271;307;47
271;308;47
271;309;47
271;310;47
271;311;47
271;312;47
271;313;47
271;314;47
271;315;47
271;316;47
271;317;47
271;318;47
271;319;47
271;320;47
271;321;47
271;322;47
271;323;47
271;324;47
271;325;47
271;326;47
271;327;47
271;328;47
271;329;47
271;330;47
271;331;47
271;332;47
271;333;47
271;334;47
271;335;47
271;336;47
271;337;47
271;338;47
271;339;47
271;340;47
271;341;47
271;342;47
271;343;46
271;344;46
271;345;46
271;346;46
271;347;46
271;348;46
271;349;46
271;350;46
271;351;46
271;352;46
271;353;46
271;354;35
271;355;35
271;356;35
271;357;35
271;358;35
271;359;35
271;360;35
271;361;35
271;362;35
271;363;35
271;364;35
271;365;35
271;366;35
271;367;35
271;368;35
271;369;35
271;370;35
271;371;35
271;372;35
271;373;35
271;374;35
271;375;35
271;376;35
271;377;35
271;378;35
271;379;35
271;380;35
271;381;35
271;382;7
271;383;7
271;384;7
271;385;7
271;386;7
271;387;7
271;388;7
271;389;7
271;390;7
271;391;7
271;392;7
271;393;7
271;394;7
271;395;7
271;396;7
271;397;7
271;398;7
271;399;7
271;400;7
271;401;13
271;402;13
271;403;13
271;404;13
271;405;13
271;406;13
271;407;13
271;408;13
271;409;13
271;410;13
271;411;13
271;412;13
271;413;13
271;414;13
271;415;13
271;416;13
271;417;13
271;418;13
271;419;13
271;420;13
271;421;13
271;422;13
271;423;13
271;424;13
271;425;13
271;426;13
271;427;13
271;428;13
271;429;36
271;430;36
271;431;36
271;432;36
271;433;36
271;434;36
271;435;36
271;436;36
271;437;36
271;438;36
271;439;36
271;440;36
271;441;36
271;442;36
271;443;36
271;444;43
271;445;43
271;446;43
271;447;43
271;448;43
271;449;43
271;450;43
271;451;43
271;452;43
271;453;43
271;454;43
271;455;43
271;456;43
271;457;43
271;458;43
271;459;43
271;460;43
271;461;43
271;462;43
271;463;43
271;464;43
271;465;43
271;466;43
271;467;43
271;468;43
271;469;43
271;470;43
271;471;43
271;472;43
271;473;43
271;474;43
271;475;43
271;476;43
271;477;43
271;478;43
271;479;43
271;480;43
271;481;43
271;482;43
271;483;35
271;484;35
271;485;35
271;486;35
271;487;35
271;488;35
271;489;35
271;490;35
271;491;35
271;492;35
271;493;35
271;494;35
271;495;35
271;496;35
271;497;35
271;498;35
271;499;35
272;0;10
272;1;10
272;2;10
272;3;10
272;4;10
272;5;10
272;6;10
272;7;10
272;8;10
272;9;10
272;10;10
272;11;10
272;12;10
272;13;10
272;14;10
272;15;10
272;16;10
272;17;10
272;18;10
272;19;4
272;20;4
272;21;4
272;22;4
272;23;4
272;24;4
272;25;4
272;26;4
272;27;4
272;28;4
272;29;4
272;30;4
272;31;4
272;32;4
272;33;4
272;34;4
272;35;4
272;36;4
272;37;4
272;38;4
272;39;4
272;40;4
272;41;4
272;42;4
272;43;4
272;44;49
272;45;49
272;46;49
272;47;49
272;48;49
272;49;49
272;50;49
272;51;49
272;52;49
272;53;49
272;54;49
272;55;49
272;56;49
272;57;49
272;58;49
272;59;49
272;60;49
272;61;49
272;62;49
272;63;49
272;64;49
272;65;49
272;66;25
272;67;25
272;68;25
272;69;25
272;70;25
272;71;25
272;72;25
272;73;25
272;74;25
272;75;25
272;76;25
272;77;25
272;78;25
272;79;25
272;80;25
272;81;25
272;82;25
272;83;25
272;84;25
272;85;31
272;86;31
272;87;31
272;88;31
272;89;31
272;90;31
272;91;31
272;92;31
272;93;31
272;94;31
272;95;31
272;96;31
272;97;31
272;98;31
272;99;31
272;100;31
272;101;31
272;102;31
272;103;31
272;104;31
272;105;31
272;106;31
272;107;31
272;108;31
272;109;31
272;110;31
272;111;31
272;112;31
272;113;31
272;114;31
272;115;31
272;116;31
272;117;31
272;118;31
272;119;31
272;120;31
272;121;31
272;122;31
272;123;14
272;124;14
272;125;14
272;126;14
272;127;14
272;128;14
272;129;14
272;130;14
272;131;14
272;132;14
272;133;14
272;134;14
272;135;14
272;136;14
272;137;14
272;138;14
272;139;14
272;140;14
272;141;14
272;142;14
272;143;14
272;144;14
272;145;14
272;146;14
272;147;14
272;148;14
272;149;14
272;150;14
272;151;14
272;152;14
272;153;14
272;154;14
272;155;14
272;156;14
272;157;14
272;158;14
272;159;14
272;160;14
272;161;14
272;162;12
272;163;12
272;164;12
272;165;12
272;166;12
272;167;12
272;168;12
272;169;12
272;170;12
272;171;12
272;172;39
272;173;39
272;174;39
272;175;39
272;176;39
272;177;39
272;178;39
272;179;39
272;180;39
272;181;39
272;182;39
272;183;39
272;184;39
272;185;39
272;186;39
272;187;39
272;188;39
272;189;39
272;190;39
272;191;39
272;192;39
272;193;39
272;194;39
272;195;39
272;196;39
272;197;39
272;198;7
272;199;7
272;200;7
272;201;7
272;202;7
272;203;7
272;204;7
272;205;7
272;206;7
272;207;7
272;208;7
272;209;7
272;210;7
272;211;7
272;212;43
272;213;43
272;214;43
272;215;43
272;216;43
272;217;43
272;218;43
272;219;43
272;220;43
272;221;43
272;222;43
272;223;43
272;224;43
272;225;35
272;226;35
272;227;35
272;228;35
272;229;35
272;230;35
272;231;35
272;232;35
272;233;35
272;234;35
272;235;35
272;236;35
272;237;35
272;238;35
272;239;35
272;240;35
272;241;35
272;242;35
272;243;35
272;244;35
272;245;35
272;246;35
272;247;35
272;248;35
272;249;35
272;250;35
272;251;35
272;252;35
272;253;35
272;254;35
272;255;35
272;256;35
272;257;35
272;258;35
272;259;35
272;260;35
272;261;43
272;262;43
272;263;43
272;264;43
272;265;43
272;266;43
272;267;43
272;268;43
272;269;43
272;270;43
272;271;43
272;272;43
272;273;43
272;274;43
272;275;43
272;276;43
272;277;43
272;278;43
272;279;43
272;280;43
272;281;43
272;282;43
272;283;43
272;284;43
272;285;43
272;286;43
272;287;43
272;288;43
272;289;43
272;290;43
272;291;43
272;292;43
272;293;43
272;294;47
272;295;47
272;296;47
272;297;47
272;298;47
272;299;47
272;300;47
272;301;47
272;302;47
272;303;47
272;304;47
272;305;47
272;306;47
272;307;47
272;308;47
272;309;47
272;310;47
272;311;47
272;312;47
272;313;47
272;314;47
272;315;47
272;316;47
272;317;47
272;318;47
272;319;47
272;320;47
272;321;47
272;322;47
272;323;47
272;324;47
272;325;47
272;326;47
272;327;47
272;328;47
272;329;47
272;330;47
272;331;47
272;332;47
272;333;47
272;334;47
272;335;47
272;336;47
272;337;47
272;338;47
272;339;47
272;340;47
272;341;47
272;342;47
272;343;47
272;344;47
272;345;46
272;346;46
272;347;46
272;348;46
272;349;46
272;350;46
272;351;46
272;352;46
272;353;35
272;354;35
272;355;35
272;356;35
272;357;35
272;358;35
272;359;35
272;360;35
272;361;35
272;362;35
272;363;35
272;364;35
272;365;35
272;366;35
272;367;35
272;368;35
272;369;35
272;370;35
272;371;35
272;372;35
272;373;35
272;374;35
272;375;35
272;376;35
272;377;35
272;378;35
272;379;35
272;380;35
272;381;35
272;382;7
272;383;7
272;384;7
272;385;7
272;386;7
272;387;7
272;388;7
272;389;7
272;390;7
272;391;7
272;392;7
272;393;7
272;394;7
272;395;7
272;396;7
272;397;7
272;398;7
272;399;7
272;400;7
272;401;7
272;402;13
272;403;13
272;404;13
272;405;13
272;406;13
272;407;13
272;408;13
272;409;13
272;410;13
272;411;13
272;412;13
272;413;13
272;414;13
272;415;13
272;416;13
272;417;13
272;418;13
272;419;13
272;420;13
272;421;13
272;422;13
272;423;13
272;424;13
272;425;13
272;426;13
272;427;13
272;428;13
272;429;13
272;430;36
272;431;36
272;432;36
272;433;36
272;434;36
272;435;36
272;436;36
272;437;36
272;438;36
272;439;36
272;440;36
272;441;36
272;442;36
272;443;36
272;444;36
272;445;36
272;446;43
272;447;43
272;448;43
272;449;43
272;450;43
272;451;43
272;452;43
272;453;43
272;454;43
272;455;43
272;456;43
272;457;43
272;458;43
272;459;43
272;460;43
272;461;43
272;462;43
272;463;43
272;464;43
272;465;43
272;466;43
272;467;43
272;468;43
272;469;43
272;470;43
272;471;43
272;472;43
272;473;43
272;474;43
272;475;43
272;476;43
272;477;43
272;478;43
272;479;43
272;480;43
272;481;43
272;482;43
272;483;35
272;484;35
272;485;35
272;486;35
272;487;35
272;488;35
272;489;35
272;490;35
272;491;35
272;492;35
272;493;35
272;494;35
272;495;35
272;496;35
272;497;35
272;498;35
272;499;35
273;0;10
273;1;10
273;2;10
273;3;10
273;4;10
273;5;10
273;6;10
273;7;10
273;8;10
273;9;10
273;10;10
273;11;10
273;12;10
273;13;10
273;14;10
273;15;10
273;16;10
273;17;10
273;18;10
273;19;10
273;20;4
273;21;4
273;22;4
273;23;4
273;24;4
273;25;4
273;26;4
273;27;4
273;28;4
273;29;4
273;30;4
273;31;4
273;32;4
273;33;4
273;34;4
273;35;4
273;36;4
273;37;4
273;38;4
273;39;4
273;40;4
273;41;4
273;42;4
273;43;4
273;44;4
273;45;49
273;46;49
273;47;49
273;48;49
273;49;49
273;50;49
273;51;49
273;52;49
273;53;49
273;54;49
273;55;49
273;56;49
273;57;49
273;58;49
273;59;49
273;60;49
273;61;49
273;62;49
273;63;49
273;64;49
273;65;49
273;66;49
273;67;25
273;68;25
273;69;25
273;70;25
273;71;25
273;72;25
273;73;25
273;74;25
273;75;25
273;76;25
273;77;25
273;78;25
273;79;25
273;80;25
273;81;25
273;82;25
273;83;25
273;84;31
273;85;31
273;86;31
273;87;31
273;88;31
273;89;31
273;90;31
273;91;31
273;92;31
273;93;31
273;94;31
273;95;31
273;96;31
273;97;31
273;98;31
273;99;31
273;100;31
273;101;31
273;102;31
273;103;31
273;104;31
273;105;31
273;106;31
273;107;31
273;108;31
273;109;31
273;110;31
273;111;31
273;112;31
273;113;31
273;114;31
273;115;31
273;116;31
273;117;31
273;118;31
273;119;31
273;120;31
273;121;31
273;122;31
273;123;14
273;124;14
273;125;14
273;126;14
273;127;14
273;128;14
273;129;14
273;130;14
273;131;14
273;132;14
273;133;14
273;134;14
273;135;14
273;136;14
273;137;14
273;138;14
273;139;14
273;140;14
273;141;14
273;142;14
273;143;14
273;144;14
273;145;14
273;146;14
273;147;14
273;148;14
273;149;14
273;150;14
273;151;14
273;152;14
273;153;14
273;154;14
273;155;14
273;156;14
273;157;14
273;158;14
273;159;14
273;160;14
273;161;14
273;162;14
273;163;12
273;164;12
273;165;12
273;166;12
273;167;12
273;168;12
273;169;12
273;170;12
273;171;39
273;172;39
273;173;39
273;174;39
273;175;39
273;176;39
273;177;39
273;178;39
273;179;39
273;180;39
273;181;39
273;182;39
273;183;39
273;184;39
273;185;39
273;186;39
273;187;39
273;188;39
273;189;39
273;190;39
273;191;39
273;192;39
273;193;39
273;194;39
273;195;39
273;196;39
273;197;39
273;198;39
273;199;7
273;200;7
273;201;7
273;202;7
273;203;7
273;204;7
273;205;7
273;206;7
273;207;7
273;208;7
273;209;7
273;210;7
273;211;7
273;212;7
273;213;43
273;214;43
273;215;43
273;216;43
273;217;43
273;218;43
273;219;43
273;220;43
273;221;43
273;222;43
273;223;43
273;224;43
273;225;43
273;226;35
273;227;35
273;228;35
273;229;35
273;230;35
273;231;35
273;232;35
273;233;35
273;234;35
273;235;35
273;236;35
273;237;35
273;238;35
273;239;35
273;240;35
273;241;35
273;242;35
273;243;35
273;244;35
273;245;35
273;246;35
273;247;35
273;248;35
273;249;35
273;250;35
273;251;35
273;252;35
273;253;35
273;254;35
273;255;35
273;256;35
273;257;35
273;258;35
273;259;35
273;260;35
273;261;35
273;262;43
273;263;43
273;264;43
273;265;43
273;266;43
273;267;43
273;268;43
273;269;43
273;270;43
273;271;43
273;272;43
273;273;43
273;274;43
273;275;43
273;276;43
273;277;43
273;278;43
273;279;43
273;280;43
273;281;43
273;282;43
273;283;43
273;284;43
273;285;43
273;286;43
273;287;43
273;288;43
273;289;43
273;290;43
273;291;43
273;292;43
273;293;47
273;294;47
273;295;47
273;296;47
273;297;47
273;298;47
273;299;47
273;300;47
273;301;47
273;302;47
273;303;47
273;304;47
273;305;47
273;306;47
273;307;47
273;308;47
273;309;47
273;310;47
273;311;47
273;312;47
273;313;47
273;314;47
273;315;47
273;316;47
273;317;47
273;318;47
273;319;47
273;320;47
273;321;47
273;322;47
273;323;47
273;324;47
273;325;47
273;326;47
273;327;47
273;328;47
273;329;47
273;330;47
273;331;47
273;332;47
273;333;47
273;334;47
273;335;47
273;336;47
273;337;47
273;338;47
273;339;47
273;340;47
273;341;47
273;342;47
273;343;47
273;344;47
273;345;47
273;346;47
273;347;46
273;348;46
273;349;46
273;350;46
273;351;46
273;352;35
273;353;35
273;354;35
273;355;35
273;356;35
273;357;35
273;358;35
273;359;35
273;360;35
273;361;35
273;362;35
273;363;35
273;364;35
273;365;35
273;366;35
273;367;35
273;368;35
273;369;35
273;370;35
273;371;35
273;372;35
273;373;35
273;374;35
273;375;35
273;376;35
273;377;35
273;378;35
273;379;35
273;380;35
273;381;35
273;382;35
273;383;7
273;384;7
273;385;7
273;386;7
273;387;7
273;388;7
273;389;7
273;390;7
273;391;7
273;392;7
273;393;7
273;394;7
273;395;7
273;396;7
273;397;7
273;398;7
273;399;7
273;400;7
273;401;7
273;402;7
273;403;13
273;404;13
273;405;13
273;406;13
273;407;13
273;408;13
273;409;13
273;410;13
273;411;13
273;412;13
273;413;13
273;414;13
273;415;13
273;416;13
273;417;13
273;418;13
273;419;13
273;420;13
273;421;13
273;422;13
273;423;13
273;424;13
273;425;13
273;426;13
273;427;13
273;428;13
273;429;13
273;430;36
273;431;36
273;432;36
273;433;36
273;434;36
273;435;36
273;436;36
273;437;36
273;438;36
273;439;36
273;440;36
273;441;36
273;442;36
273;443;36
273;444;36
273;445;36
273;446;36
273;447;36
273;448;43
273;449;43
273;450;43
273;451;43
273;452;43
273;453;43
273;454;43
273;455;43
273;456;43
273;457;43
273;458;43
273;459;43
273;460;43
273;461;43
273;462;43
273;463;43
273;464;43
273;465;43
273;466;43
273;467;43
273;468;43
273;469;43
273;470;43
273;471;43
273;472;43
273;473;43
273;474;43
273;475;43
273;476;43
273;477;43
273;478;43
273;479;43
273;480;43
273;481;43
273;482;43
273;483;43
273;484;35
273;485;35
273;486;35
273;487;35
273;488;35
273;489;35
273;490;35
273;491;35
273;492;35
273;493;35
273;494;35
273;495;35
273;496;35
273;497;35
273;498;35
273;499;35
274;0;10
274;1;10
274;2;10
274;3;10
274;4;10
274;5;10
274;6;10
274;7;10
274;8;10
274;9;10
274;10;10
274;11;10
274;12;10
274;13;10
274;14;10
274;15;10
274;16;10
274;17;10
274;18;10
274;19;10
274;20;10
274;21;4
274;22;4
274;23;4
274;24;4
274;25;4
274;26;4
274;27;4
274;28;4
274;29;4
274;30;4
274;31;4
274;32;4
274;33;4
274;34;4
274;35;4
274;36;4
274;37;4
274;38;4
274;39;4
274;40;4
274;41;4
274;42;4
274;43;4
274;44;4
274;45;4
274;46;49
274;47;49
274;48;49
274;49;49
274;50;49
274;51;49
274;52;49
274;53;49
274;54;49
274;55;49
274;56;49
274;57;49
274;58;49
274;59;49
274;60;49
274;61;49
274;62;49
274;63;49
274;64;49
274;65;49
274;66;49
274;67;49
274;68;25
274;69;25
274;70;25
274;71;25
274;72;25
274;73;25
274;74;25
274;75;25
274;76;25
274;77;25
274;78;25
274;79;25
274;80;25
274;81;25
274;82;25
274;83;31
274;84;31
274;85;31
274;86;31
274;87;31
274;88;31
274;89;31
274;90;31
274;91;31
274;92;31
274;93;31
274;94;31
274;95;31
274;96;31
274;97;31
274;98;31
274;99;31
274;100;31
274;101;31
274;102;31
274;103;31
274;104;31
274;105;31
274;106;31
274;107;31
274;108;31
274;109;31
274;110;31
274;111;31
274;112;31
274;113;31
274;114;31
274;115;31
274;116;31
274;117;31
274;118;31
274;119;31
274;120;31
274;121;31
274;122;31
274;123;31
274;124;14
274;125;14
274;126;14
274;127;14
274;128;14
274;129;14
274;130;14
274;131;14
274;132;14
274;133;14
274;134;14
274;135;14
274;136;14
274;137;14
274;138;14
274;139;14
274;140;14
274;141;14
274;142;14
274;143;14
274;144;14
274;145;14
274;146;14
274;147;14
274;148;14
274;149;14
274;150;14
274;151;14
274;152;14
274;153;14
274;154;14
274;155;14
274;156;14
274;157;14
274;158;14
274;159;14
274;160;14
274;161;14
274;162;14
274;163;14
274;164;12
274;165;12
274;166;12
274;167;12
274;168;12
274;169;12
274;170;12
274;171;39
274;172;39
274;173;39
274;174;39
274;175;39
274;176;39
274;177;39
274;178;39
274;179;39
274;180;39
274;181;39
274;182;39
274;183;39
274;184;39
274;185;39
274;186;39
274;187;39
274;188;39
274;189;39
274;190;39
274;191;39
274;192;39
274;193;39
274;194;39
274;195;39
274;196;39
274;197;39
274;198;39
274;199;7
274;200;7
274;201;7
274;202;7
274;203;7
274;204;7
274;205;7
274;206;7
274;207;7
274;208;7
274;209;7
274;210;7
274;211;7
274;212;7
274;213;7
274;214;43
274;215;43
274;216;43
274;217;43
274;218;43
274;219;43
274;220;43
274;221;43
274;222;43
274;223;43
274;224;43
274;225;43
274;226;43
274;227;35
274;228;35
274;229;35
274;230;35
274;231;35
274;232;35
274;233;35
274;234;35
274;235;35
274;236;35
274;237;35
274;238;35
274;239;35
274;240;35
274;241;35
274;242;35
274;243;35
274;244;35
274;245;35
274;246;35
274;247;35
274;248;35
274;249;35
274;250;35
274;251;35
274;252;35
274;253;35
274;254;35
274;255;35
274;256;35
274;257;35
274;258;35
274;259;35
274;260;35
274;261;35
274;262;4
274;263;4
274;264;4
274;265;4
274;266;4
274;267;4
274;268;4
274;269;4
274;270;4
274;271;4
274;272;4
274;273;43
274;274;43
274;275;43
274;276;43
274;277;43
274;278;43
274;279;43
274;280;43
274;281;43
274;282;43
274;283;43
274;284;43
274;285;43
274;286;43
274;287;43
274;288;43
274;289;43
274;290;43
274;291;43
274;292;47
274;293;47
274;294;47
274;295;47
274;296;47
274;297;47
274;298;47
274;299;47
274;300;47
274;301;47
274;302;47
274;303;47
274;304;47
274;305;47
274;306;47
274;307;47
274;308;47
274;309;47
274;310;47
274;311;47
274;312;47
274;313;47
274;314;47
274;315;47
274;316;47
274;317;47
274;318;47
274;319;47
274;320;47
274;321;47
274;322;47
274;323;47
274;324;47
274;325;47
274;326;47
274;327;47
274;328;47
274;329;47
274;330;47
274;331;47
274;332;47
274;333;47
274;334;47
274;335;47
274;336;47
274;337;47
274;338;47
274;339;47
274;340;47
274;341;47
274;342;47
274;343;47
274;344;47
274;345;47
274;346;47
274;347;47
274;348;47
274;349;46
274;350;46
274;351;35
274;352;35
274;353;35
274;354;35
274;355;35
274;356;35
274;357;35
274;358;35
274;359;35
274;360;35
274;361;35
274;362;35
274;363;35
274;364;35
274;365;35
274;366;35
274;367;35
274;368;35
274;369;35
274;370;35
274;371;35
274;372;35
274;373;35
274;374;35
274;375;35
274;376;35
274;377;35
274;378;35
274;379;35
274;380;35
274;381;35
274;382;35
274;383;7
274;384;7
274;385;7
274;386;7
274;387;7
274;388;7
274;389;7
274;390;7
274;391;7
274;392;7
274;393;7
274;394;7
274;395;7
274;396;7
274;397;7
274;398;7
274;399;7
274;400;7
274;401;7
274;402;7
274;403;13
274;404;13
274;405;13
274;406;13
274;407;13
274;408;13
274;409;13
274;410;13
274;411;13
274;412;13
274;413;13
274;414;13
274;415;13
274;416;13
274;417;13
274;418;13
274;419;13
274;420;13
274;421;13
274;422;13
274;423;13
274;424;13
274;425;13
274;426;13
274;427;13
274;428;13
274;429;13
274;430;13
274;431;36
274;432;36
274;433;36
274;434;36
274;435;36
274;436;36
274;437;36
274;438;36
274;439;36
274;440;36
274;441;36
274;442;36
274;443;36
274;444;36
274;445;36
274;446;36
274;447;36
274;448;36
274;449;36
274;450;43
274;451;43
274;452;43
274;453;43
274;454;43
274;455;43
274;456;43
274;457;43
274;458;43
274;459;43
274;460;43
274;461;43
274;462;43
274;463;43
274;464;43
274;465;43
274;466;43
274;467;43
274;468;43
274;469;43
274;470;43
274;471;43
274;472;43
274;473;43
274;474;43
274;475;43
274;476;43
274;477;43
274;478;43
274;479;43
274;480;43
274;481;43
274;482;43
274;483;43
274;484;35
274;485;35
274;486;35
274;487;35
274;488;35
274;489;35
274;490;35
274;491;35
274;492;35
274;493;35
274;494;35
274;495;35
274;496;35
274;497;35
274;498;35
274;499;35
275;0;10
275;1;10
275;2;10
275;3;10
275;4;10
275;5;10
275;6;10
275;7;10
275;8;10
275;9;10
275;10;10
275;11;10
275;12;10
275;13;10
275;14;10
275;15;10
275;16;10
275;17;10
275;18;10
275;19;10
275;20;10
275;21;10
275;22;4
275;23;4
275;24;4
275;25;4
275;26;4
275;27;4
275;28;4
275;29;4
275;30;4
275;31;4
275;32;4
275;33;4
275;34;4
275;35;4
275;36;4
275;37;4
275;38;4
275;39;4
275;40;4
275;41;4
275;42;4
275;43;4
275;44;4
275;45;4
275;46;4
275;47;49
275;48;49
275;49;49
275;50;49
275;51;49
275;52;49
275;53;49
275;54;49
275;55;49
275;56;49
275;57;49
275;58;49
275;59;49
275;60;49
275;61;49
275;62;49
275;63;49
275;64;49
275;65;49
275;66;49
275;67;49
275;68;49
275;69;25
275;70;25
275;71;25
275;72;25
275;73;25
275;74;25
275;75;25
275;76;25
275;77;25
275;78;25
275;79;25
275;80;25
275;81;25
275;82;31
275;83;31
275;84;31
275;85;31
275;86;31
275;87;31
275;88;31
275;89;31
275;90;31
275;91;31
275;92;31
275;93;31
275;94;31
275;95;31
275;96;31
275;97;31
275;98;31
275;99;31
275;100;31
275;101;31
275;102;31
275;103;31
275;104;31
275;105;31
275;106;31
275;107;31
275;108;31
275;109;31
275;110;31
275;111;31
275;112;31
275;113;31
275;114;31
275;115;31
275;116;31
275;117;31
275;118;31
275;119;31
275;120;31
275;121;31
275;122;31
275;123;31
275;124;31
275;125;14
275;126;14
275;127;14
275;128;14
275;129;14
275;130;14
275;131;14
275;132;14
275;133;14
275;134;14
275;135;14
275;136;14
275;137;14
275;138;14
275;139;14
275;140;14
275;141;14
275;142;14
275;143;14
275;144;14
275;145;14
275;146;14
275;147;14
275;148;14
275;149;14
275;150;14
275;151;14
275;152;14
275;153;14
275;154;14
275;155;14
275;156;14
275;157;14
275;158;14
275;159;14
275;160;14
275;161;14
275;162;14
275;163;14
275;164;12
275;165;12
275;166;12
275;167;12
275;168;12
275;169;12
275;170;12
275;171;39
275;172;39
275;173;39
275;174;39
275;175;39
275;176;39
275;177;39
275;178;39
275;179;39
275;180;39
275;181;39
275;182;39
275;183;39
275;184;39
275;185;39
275;186;39
275;187;39
275;188;39
275;189;39
275;190;39
275;191;39
275;192;39
275;193;39
275;194;39
275;195;39
275;196;39
275;197;39
275;198;39
275;199;7
275;200;7
275;201;7
275;202;7
275;203;7
275;204;7
275;205;7
275;206;7
275;207;7
275;208;7
275;209;7
275;210;7
275;211;7
275;212;7
275;213;7
275;214;7
275;215;43
275;216;43
275;217;43
275;218;43
275;219;43
275;220;43
275;221;43
275;222;43
275;223;43
275;224;43
275;225;43
275;226;43
275;227;43
275;228;35
275;229;35
275;230;35
275;231;35
275;232;35
275;233;35
275;234;35
275;235;35
275;236;35
275;237;35
275;238;35
275;239;35
275;240;35
275;241;35
275;242;35
275;243;35
275;244;35
275;245;35
275;246;35
275;247;35
275;248;35
275;249;35
275;250;35
275;251;35
275;252;35
275;253;35
275;254;35
275;255;35
275;256;35
275;257;35
275;258;35
275;259;35
275;260;35
275;261;35
275;262;4
275;263;4
275;264;4
275;265;4
275;266;4
275;267;4
275;268;4
275;269;4
275;270;4
275;271;4
275;272;4
275;273;4
275;274;4
275;275;4
275;276;4
275;277;4
275;278;4
275;279;4
275;280;4
275;281;4
275;282;4
275;283;4
275;284;4
275;285;4
275;286;4
275;287;4
275;288;4
275;289;4
275;290;4
275;291;4
275;292;4
275;293;47
275;294;47
275;295;47
275;296;47
275;297;47
275;298;47
275;299;47
275;300;47
275;301;47
275;302;47
275;303;47
275;304;47
275;305;47
275;306;47
275;307;47
275;308;47
275;309;47
275;310;47
275;311;47
275;312;47
275;313;47
275;314;47
275;315;47
275;316;47
275;317;47
275;318;47
275;319;47
275;320;47
275;321;47
275;322;47
275;323;47
275;324;47
275;325;47
275;326;47
275;327;47
275;328;47
275;329;47
275;330;47
275;331;47
275;332;47
275;333;47
275;334;47
275;335;47
275;336;47
275;337;47
275;338;47
275;339;47
275;340;47
275;341;47
275;342;47
275;343;47
275;344;47
275;345;47
275;346;47
275;347;47
275;348;47
275;349;47
275;350;35
275;351;35
275;352;35
275;353;35
275;354;35
275;355;35
275;356;35
275;357;35
275;358;35
275;359;35
275;360;35
275;361;35
275;362;35
275;363;35
275;364;35
275;365;35
275;366;35
275;367;35
275;368;35
275;369;35
275;370;35
275;371;35
275;372;35
275;373;35
275;374;35
275;375;35
275;376;35
275;377;35
275;378;35
275;379;35
275;380;35
275;381;35
275;382;35
275;383;35
275;384;7
275;385;7
275;386;7
275;387;7
275;388;7
275;389;7
275;390;7
275;391;7
275;392;7
275;393;7
275;394;7
275;395;7
275;396;7
275;397;7
275;398;7
275;399;7
275;400;7
275;401;7
275;402;7
275;403;7
275;404;13
275;405;13
275;406;13
275;407;13
275;408;13
275;409;13
275;410;13
275;411;13
275;412;13
275;413;13
275;414;13
275;415;13
275;416;13
275;417;13
275;418;13
275;419;13
275;420;13
275;421;13
275;422;13
275;423;13
275;424;13
275;425;13
275;426;13
275;427;13
275;428;13
275;429;13
275;430;13
275;431;36
275;432;36
275;433;36
275;434;36
275;435;36
275;436;36
275;437;36
275;438;36
275;439;36
275;440;36
275;441;36
275;442;36
275;443;36
275;444;36
275;445;36
275;446;36
275;447;36
275;448;36
275;449;36
275;450;36
275;451;43
275;452;43
275;453;43
275;454;43
275;455;43
275;456;43
275;457;43
275;458;43
275;459;43
275;460;43
275;461;43
275;462;43
275;463;43
275;464;43
275;465;43
275;466;43
275;467;43
275;468;43
275;469;43
275;470;43
275;471;43
275;472;43
275;473;43
275;474;43
275;475;43
275;476;43
275;477;43
275;478;43
275;479;43
275;480;43
275;481;43
275;482;43
275;483;43
275;484;43
275;485;35
275;486;35
275;487;35
275;488;35
275;489;35
275;490;35
275;491;35
275;492;35
275;493;35
275;494;35
275;495;35
275;496;35
275;497;35
275;498;35
275;499;35
276;0;10
276;1;10
276;2;10
276;3;10
276;4;10
276;5;10
276;6;10
276;7;10
276;8;10
276;9;10
276;10;10
276;11;10
276;12;10
276;13;10
276;14;10
276;15;10
276;16;10
276;17;10
276;18;10
276;19;10
276;20;10
276;21;10
276;22;10
276;23;4
276;24;4
276;25;4
276;26;4
276;27;4
276;28;4
276;29;4
276;30;4
276;31;4
276;32;4
276;33;4
276;34;4
276;35;4
276;36;4
276;37;4
276;38;4
276;39;4
276;40;4
276;41;4
276;42;4
276;43;4
276;44;4
276;45;4
276;46;4
276;47;4
276;48;49
276;49;49
276;50;49
276;51;49
276;52;49
276;53;49
276;54;49
276;55;49
276;56;49
276;57;49
276;58;49
276;59;49
276;60;49
276;61;49
276;62;49
276;63;49
276;64;49
276;65;49
276;66;49
276;67;49
276;68;49
276;69;49
276;70;25
276;71;25
276;72;25
276;73;25
276;74;25
276;75;25
276;76;25
276;77;25
276;78;25
276;79;25
276;80;25
276;81;31
276;82;31
276;83;31
276;84;31
276;85;31
276;86;31
276;87;31
276;88;31
276;89;31
276;90;31
276;91;31
276;92;31
276;93;31
276;94;31
276;95;31
276;96;31
276;97;31
276;98;31
276;99;31
276;100;31
276;101;31
276;102;31
276;103;31
276;104;31
276;105;31
276;106;31
276;107;31
276;108;31
276;109;31
276;110;31
276;111;31
276;112;31
276;113;31
276;114;31
276;115;31
276;116;31
276;117;31
276;118;31
276;119;31
276;120;31
276;121;31
276;122;31
276;123;31
276;124;31
276;125;31
276;126;14
276;127;14
276;128;14
276;129;14
276;130;14
276;131;14
276;132;14
276;133;14
276;134;14
276;135;14
276;136;14
276;137;14
276;138;14
276;139;14
276;140;14
276;141;14
276;142;14
276;143;14
276;144;14
276;145;14
276;146;14
276;147;14
276;148;14
276;149;14
276;150;14
276;151;44
276;152;44
276;153;44
276;154;44
276;155;44
276;156;44
276;157;44
276;158;44
276;159;44
276;160;44
276;161;44
276;162;44
276;163;44
276;164;44
276;165;12
276;166;12
276;167;12
276;168;12
276;169;12
276;170;12
276;171;39
276;172;39
276;173;39
276;174;39
276;175;39
276;176;39
276;177;39
276;178;39
276;179;39
276;180;39
276;181;39
276;182;39
276;183;39
276;184;39
276;185;39
276;186;39
276;187;39
276;188;39
276;189;39
276;190;39
276;191;39
276;192;39
276;193;39
276;194;39
276;195;39
276;196;39
276;197;39
276;198;39
276;199;7
276;200;7
276;201;7
276;202;7
276;203;7
276;204;7
276;205;7
276;206;7
276;207;7
276;208;7
276;209;7
276;210;7
276;211;7
276;212;7
276;213;7
276;214;7
276;215;7
276;216;43
276;217;43
276;218;43
276;219;43
276;220;43
276;221;43
276;222;43
276;223;43
276;224;43
276;225;43
276;226;43
276;227;43
276;228;43
276;229;35
276;230;35
276;231;35
276;232;35
276;233;35
276;234;35
276;235;35
276;236;35
276;237;35
276;238;35
276;239;35
276;240;35
276;241;35
276;242;35
276;243;35
276;244;35
276;245;35
276;246;35
276;247;35
276;248;35
276;249;35
276;250;35
276;251;35
276;252;35
276;253;35
276;254;35
276;255;35
276;256;35
276;257;35
276;258;35
276;259;35
276;260;35
276;261;35
276;262;4
276;263;4
276;264;4
276;265;4
276;266;4
276;267;4
276;268;4
276;269;4
276;270;4
276;271;4
276;272;4
276;273;4
276;274;4
276;275;4
276;276;4
276;277;4
276;278;4
276;279;4
276;280;4
276;281;4
276;282;4
276;283;4
276;284;4
276;285;4
276;286;4
276;287;4
276;288;4
276;289;4
276;290;4
276;291;4
276;292;4
276;293;4
276;294;47
276;295;47
276;296;47
276;297;47
276;298;47
276;299;47
276;300;47
276;301;47
276;302;47
276;303;47
276;304;47
276;305;47
276;306;47
276;307;47
276;308;47
276;309;47
276;310;47
276;311;47
276;312;47
276;313;47
276;314;47
276;315;47
276;316;47
276;317;47
276;318;47
276;319;47
276;320;47
276;321;47
276;322;47
276;323;47
276;324;47
276;325;47
276;326;47
276;327;47
276;328;47
276;329;47
276;330;47
276;331;47
276;332;47
276;333;47
276;334;47
276;335;47
276;336;47
276;337;47
276;338;47
276;339;47
276;340;47
276;341;47
276;342;47
276;343;47
276;344;47
276;345;47
276;346;47
276;347;47
276;348;47
276;349;47
276;350;47
276;351;35
276;352;35
276;353;35
276;354;35
276;355;35
276;356;35
276;357;35
276;358;35
276;359;35
276;360;35
276;361;35
276;362;35
276;363;35
276;364;35
276;365;35
276;366;35
276;367;35
276;368;35
276;369;35
276;370;35
276;371;35
276;372;35
276;373;35
276;374;35
276;375;35
276;376;35
276;377;35
276;378;35
276;379;35
276;380;35
276;381;35
276;382;35
276;383;35
276;384;7
276;385;7
276;386;7
276;387;7
276;388;7
276;389;7
276;390;7
276;391;7
276;392;7
276;393;7
276;394;7
276;395;7
276;396;7
276;397;7
276;398;7
276;399;7
276;400;7
276;401;7
276;402;7
276;403;7
276;404;7
276;405;13
276;406;13
276;407;13
276;408;13
276;409;13
276;410;13
276;411;13
276;412;13
276;413;13
276;414;13
276;415;13
276;416;13
276;417;13
276;418;13
276;419;13
276;420;13
276;421;13
276;422;13
276;423;13
276;424;13
276;425;13
276;426;13
276;427;13
276;428;13
276;429;13
276;430;13
276;431;36
276;432;36
276;433;36
276;434;36
276;435;36
276;436;36
276;437;36
276;438;36
276;439;36
276;440;36
276;441;36
276;442;36
276;443;36
276;444;36
276;445;36
276;446;36
276;447;36
276;448;36
276;449;36
276;450;36
276;451;36
276;452;36
276;453;43
276;454;43
276;455;43
276;456;43
276;457;43
276;458;43
276;459;43
276;460;43
276;461;43
276;462;43
276;463;43
276;464;43
276;465;43
276;466;43
276;467;43
276;468;43
276;469;43
276;470;43
276;471;43
276;472;43
276;473;43
276;474;43
276;475;43
276;476;43
276;477;43
276;478;43
276;479;43
276;480;43
276;481;43
276;482;43
276;483;43
276;484;43
276;485;35
276;486;35
276;487;35
276;488;35
276;489;35
276;490;35
276;491;35
276;492;35
276;493;35
276;494;35
276;495;35
276;496;35
276;497;35
276;498;35
276;499;35
277;0;10
277;1;10
277;2;10
277;3;10
277;4;10
277;5;10
277;6;10
277;7;10
277;8;10
277;9;10
277;10;10
277;11;10
277;12;10
277;13;10
277;14;10
277;15;10
277;16;10
277;17;10
277;18;10
277;19;10
277;20;10
277;21;10
277;22;10
277;23;10
277;24;4
277;25;4
277;26;4
277;27;4
277;28;4
277;29;4
277;30;4
277;31;4
277;32;4
277;33;4
277;34;4
277;35;4
277;36;4
277;37;4
277;38;4
277;39;4
277;40;4
277;41;4
277;42;4
277;43;4
277;44;4
277;45;4
277;46;4
277;47;4
277;48;4
277;49;49
277;50;49
277;51;49
277;52;49
277;53;49
277;54;49
277;55;49
277;56;49
277;57;49
277;58;49
277;59;49
277;60;49
277;61;49
277;62;49
277;63;49
277;64;49
277;65;49
277;66;49
277;67;49
277;68;49
277;69;49
277;70;49
277;71;25
277;72;25
277;73;25
277;74;25
277;75;25
277;76;25
277;77;25
277;78;25
277;79;25
277;80;31
277;81;31
277;82;31
277;83;31
277;84;31
277;85;31
277;86;31
277;87;31
277;88;31
277;89;31
277;90;31
277;91;31
277;92;31
277;93;31
277;94;31
277;95;31
277;96;31
277;97;31
277;98;31
277;99;31
277;100;31
277;101;31
277;102;31
277;103;31
277;104;31
277;105;31
277;106;31
277;107;31
277;108;31
277;109;31
277;110;31
277;111;31
277;112;31
277;113;31
277;114;31
277;115;31
277;116;31
277;117;31
277;118;31
277;119;31
277;120;31
277;121;31
277;122;31
277;123;31
277;124;31
277;125;31
277;126;31
277;127;44
277;128;44
277;129;44
277;130;44
277;131;44
277;132;44
277;133;44
277;134;44
277;135;44
277;136;44
277;137;44
277;138;44
277;139;44
277;140;44
277;141;44
277;142;44
277;143;44
277;144;44
277;145;44
277;146;44
277;147;44
277;148;44
277;149;44
277;150;44
277;151;44
277;152;44
277;153;44
277;154;44
277;155;44
277;156;44
277;157;44
277;158;44
277;159;44
277;160;44
277;161;44
277;162;44
277;163;44
277;164;44
277;165;44
277;166;44
277;167;12
277;168;12
277;169;12
277;170;12
277;171;39
277;172;39
277;173;39
277;174;39
277;175;39
277;176;39
277;177;39
277;178;39
277;179;39
277;180;39
277;181;39
277;182;39
277;183;39
277;184;39
277;185;39
277;186;39
277;187;39
277;188;39
277;189;39
277;190;39
277;191;39
277;192;39
277;193;39
277;194;39
277;195;39
277;196;39
277;197;39
277;198;39
277;199;7
277;200;7
277;201;7
277;202;7
277;203;7
277;204;7
277;205;7
277;206;7
277;207;7
277;208;7
277;209;7
277;210;7
277;211;7
277;212;7
277;213;7
277;214;7
277;215;7
277;216;7
277;217;7
277;218;43
277;219;43
277;220;43
277;221;43
277;222;43
277;223;43
277;224;43
277;225;43
277;226;43
277;227;43
277;228;43
277;229;43
277;230;35
277;231;35
277;232;35
277;233;35
277;234;35
277;235;35
277;236;35
277;237;35
277;238;35
277;239;35
277;240;35
277;241;35
277;242;35
277;243;35
277;244;35
277;245;35
277;246;35
277;247;35
277;248;35
277;249;35
277;250;35
277;251;35
277;252;35
277;253;35
277;254;35
277;255;35
277;256;35
277;257;35
277;258;35
277;259;35
277;260;35
277;261;35
277;262;4
277;263;4
277;264;4
277;265;4
277;266;4
277;267;4
277;268;4
277;269;4
277;270;4
277;271;4
277;272;4
277;273;4
277;274;4
277;275;4
277;276;4
277;277;4
277;278;4
277;279;4
277;280;4
277;281;4
277;282;4
277;283;4
277;284;4
277;285;4
277;286;4
277;287;4
277;288;4
277;289;4
277;290;4
277;291;4
277;292;4
277;293;4
277;294;4
277;295;4
277;296;47
277;297;47
277;298;47
277;299;47
277;300;47
277;301;47
277;302;47
277;303;47
277;304;47
277;305;47
277;306;47
277;307;47
277;308;47
277;309;47
277;310;47
277;311;47
277;312;47
277;313;47
277;314;47
277;315;47
277;316;47
277;317;47
277;318;47
277;319;47
277;320;47
277;321;47
277;322;47
277;323;47
277;324;47
277;325;47
277;326;47
277;327;47
277;328;47
277;329;47
277;330;47
277;331;47
277;332;47
277;333;47
277;334;47
277;335;47
277;336;47
277;337;47
277;338;47
277;339;47
277;340;47
277;341;47
277;342;47
277;343;47
277;344;47
277;345;47
277;346;47
277;347;47
277;348;47
277;349;47
277;350;47
277;351;35
277;352;35
277;353;35
277;354;35
277;355;35
277;356;35
277;357;35
277;358;35
277;359;35
277;360;35
277;361;35
277;362;35
277;363;35
277;364;35
277;365;35
277;366;35
277;367;35
277;368;35
277;369;35
277;370;35
277;371;35
277;372;35
277;373;35
277;374;35
277;375;35
277;376;35
277;377;35
277;378;35
277;379;35
277;380;35
277;381;35
277;382;35
277;383;35
277;384;35
277;385;7
277;386;7
277;387;7
277;388;7
277;389;7
277;390;7
277;391;7
277;392;7
277;393;7
277;394;7
277;395;7
277;396;7
277;397;7
277;398;7
277;399;7
277;400;7
277;401;7
277;402;7
277;403;7
277;404;7
277;405;7
277;406;13
277;407;13
277;408;13
277;409;13
277;410;13
277;411;13
277;412;13
277;413;13
277;414;13
277;415;13
277;416;13
277;417;13
277;418;13
277;419;13
277;420;13
277;421;13
277;422;13
277;423;13
277;424;13
277;425;13
277;426;13
277;427;13
277;428;13
277;429;13
277;430;13
277;431;36
277;432;36
277;433;36
277;434;36
277;435;36
277;436;36
277;437;36
277;438;36
277;439;36
277;440;36
277;441;36
277;442;36
277;443;36
277;444;36
277;445;36
277;446;36
277;447;36
277;448;36
277;449;36
277;450;36
277;451;36
277;452;36
277;453;36
277;454;36
277;455;43
277;456;43
277;457;43
277;458;43
277;459;43
277;460;43
277;461;43
277;462;43
277;463;43
277;464;43
277;465;43
277;466;43
277;467;43
277;468;43
277;469;43
277;470;43
277;471;43
277;472;43
277;473;43
277;474;43
277;475;43
277;476;43
277;477;43
277;478;43
277;479;43
277;480;43
277;481;43
277;482;43
277;483;43
277;484;43
277;485;43
277;486;35
277;487;35
277;488;35
277;489;35
277;490;35
277;491;35
277;492;35
277;493;35
277;494;35
277;495;35
277;496;35
277;497;35
277;498;35
277;499;35
278;0;10
278;1;10
278;2;10
278;3;10
278;4;10
278;5;10
278;6;10
278;7;10
278;8;10
278;9;10
278;10;10
278;11;10
278;12;10
278;13;10
278;14;10
278;15;10
278;16;10
278;17;10
278;18;10
278;19;10
278;20;10
278;21;10
278;22;10
278;23;10
278;24;10
278;25;4
278;26;4
278;27;4
278;28;4
278;29;4
278;30;4
278;31;4
278;32;4
278;33;4
278;34;4
278;35;4
278;36;4
278;37;4
278;38;4
278;39;4
278;40;4
278;41;4
278;42;4
278;43;4
278;44;4
278;45;4
278;46;4
278;47;4
278;48;4
278;49;4
278;50;49
278;51;49
278;52;49
278;53;49
278;54;49
278;55;49
278;56;49
278;57;49
278;58;49
278;59;49
278;60;49
278;61;49
278;62;49
278;63;49
278;64;49
278;65;49
278;66;49
278;67;49
278;68;49
278;69;49
278;70;49
278;71;49
278;72;25
278;73;25
278;74;25
278;75;25
278;76;25
278;77;25
278;78;25
278;79;31
278;80;31
278;81;31
278;82;31
278;83;31
278;84;31
278;85;31
278;86;31
278;87;31
278;88;31
278;89;31
278;90;31
278;91;31
278;92;31
278;93;31
278;94;31
278;95;31
278;96;31
278;97;31
278;98;31
278;99;31
278;100;31
278;101;31
278;102;31
278;103;31
278;104;31
278;105;31
278;106;31
278;107;31
278;108;31
278;109;31
278;110;31
278;111;31
278;112;31
278;113;31
278;114;31
278;115;31
278;116;31
278;117;31
278;118;31
278;119;31
278;120;31
278;121;31
278;122;31
278;123;31
278;124;31
278;125;31
278;126;31
278;127;44
278;128;44
278;129;44
278;130;44
278;131;44
278;132;44
278;133;44
278;134;44
278;135;44
278;136;44
278;137;44
278;138;44
278;139;44
278;140;44
278;141;44
278;142;44
278;143;44
278;144;44
278;145;44
278;146;44
278;147;44
278;148;44
278;149;44
278;150;44
278;151;44
278;152;44
278;153;44
278;154;44
278;155;44
278;156;44
278;157;44
278;158;44
278;159;44
278;160;44
278;161;44
278;162;44
278;163;44
278;164;44
278;165;44
278;166;44
278;167;44
278;168;44
278;169;12
278;170;12
278;171;39
278;172;39
278;173;39
278;174;39
278;175;39
278;176;39
278;177;39
278;178;39
278;179;39
278;180;39
278;181;39
278;182;39
278;183;39
278;184;39
278;185;39
278;186;39
278;187;39
278;188;39
278;189;39
278;190;39
278;191;39
278;192;39
278;193;39
278;194;39
278;195;39
278;196;39
278;197;39
278;198;39
278;199;7
278;200;7
278;201;7
278;202;7
278;203;7
278;204;7
278;205;7
278;206;7
278;207;7
278;208;7
278;209;7
278;210;7
278;211;7
278;212;7
278;213;7
278;214;7
278;215;7
278;216;7
278;217;7
278;218;7
278;219;43
278;220;43
278;221;43
278;222;43
278;223;43
278;224;43
278;225;43
278;226;43
278;227;43
278;228;43
278;229;43
278;230;43
278;231;35
278;232;35
278;233;35
278;234;35
278;235;35
278;236;35
278;237;35
278;238;35
278;239;35
278;240;35
278;241;35
278;242;35
278;243;35
278;244;35
278;245;35
278;246;35
278;247;35
278;248;35
278;249;35
278;250;35
278;251;35
278;252;35
278;253;35
278;254;35
278;255;35
278;256;35
278;257;35
278;258;35
278;259;35
278;260;35
278;261;35
278;262;4
278;263;4
278;264;4
278;265;4
278;266;4
278;267;4
278;268;4
278;269;4
278;270;4
278;271;4
278;272;4
278;273;4
278;274;4
278;275;4
278;276;4
278;277;4
278;278;4
278;279;4
278;280;4
278;281;4
278;282;4
278;283;4
278;284;4
278;285;4
278;286;4
278;287;4
278;288;4
278;289;4
278;290;4
278;291;4
278;292;4
278;293;4
278;294;4
278;295;4
278;296;4
278;297;4
278;298;47
278;299;47
278;300;47
278;301;47
278;302;47
278;303;47
278;304;47
278;305;47
278;306;47
278;307;47
278;308;47
278;309;47
278;310;47
278;311;47
278;312;47
278;313;47
278;314;47
278;315;47
278;316;47
278;317;47
278;318;47
278;319;47
278;320;47
278;321;47
278;322;47
278;323;47
278;324;47
278;325;47
278;326;47
278;327;47
278;328;47
278;329;47
278;330;47
278;331;47
278;332;47
278;333;47
278;334;47
278;335;47
278;336;47
278;337;47
278;338;47
278;339;47
278;340;47
278;341;47
278;342;47
278;343;47
278;344;47
278;345;47
278;346;47
278;347;47
278;348;47
278;349;47
278;350;47
278;351;35
278;352;35
278;353;35
278;354;35
278;355;35
278;356;35
278;357;35
278;358;35
278;359;35
278;360;35
278;361;35
278;362;35
278;363;35
278;364;35
278;365;35
278;366;35
278;367;35
278;368;35
278;369;35
278;370;35
278;371;35
278;372;35
278;373;35
278;374;35
278;375;35
278;376;35
278;377;35
278;378;35
278;379;35
278;380;35
278;381;35
278;382;35
278;383;35
278;384;35
278;385;7
278;386;7
278;387;7
278;388;7
278;389;7
278;390;7
278;391;7
278;392;7
278;393;7
278;394;7
278;395;7
278;396;7
278;397;7
278;398;7
278;399;7
278;400;7
278;401;7
278;402;7
278;403;7
278;404;7
278;405;7
278;406;7
278;407;13
278;408;13
278;409;13
278;410;13
278;411;13
278;412;13
278;413;13
278;414;13
278;415;13
278;416;13
278;417;13
278;418;13
278;419;13
278;420;13
278;421;13
278;422;13
278;423;13
278;424;13
278;425;13
278;426;13
278;427;13
278;428;13
278;429;13
278;430;13
278;431;36
278;432;36
278;433;36
278;434;36
278;435;36
278;436;36
278;437;36
278;438;36
278;439;36
278;440;36
278;441;36
278;442;36
278;443;36
278;444;36
278;445;36
278;446;36
278;447;36
278;448;36
278;449;36
278;450;36
278;451;36
278;452;36
278;453;36
278;454;36
278;455;36
278;456;36
278;457;43
278;458;43
278;459;43
278;460;43
278;461;43
278;462;43
278;463;43
278;464;43
278;465;43
278;466;43
278;467;43
278;468;43
278;469;43
278;470;43
278;471;43
278;472;43
278;473;43
278;474;43
278;475;43
278;476;43
278;477;43
278;478;43
278;479;43
278;480;43
278;481;43
278;482;43
278;483;43
278;484;43
278;485;43
278;486;35
278;487;35
278;488;35
278;489;35
278;490;35
278;491;35
278;492;35
278;493;35
278;494;35
278;495;35
278;496;35
278;497;35
278;498;35
278;499;35
279;0;10
279;1;10
279;2;10
279;3;10
279;4;10
279;5;10
279;6;10
279;7;10
279;8;10
279;9;10
279;10;10
279;11;10
279;12;10
279;13;10
279;14;10
279;15;10
279;16;10
279;17;10
279;18;10
279;19;10
279;20;10
279;21;10
279;22;10
279;23;10
279;24;10
279;25;10
279;26;4
279;27;4
279;28;4
279;29;4
279;30;4
279;31;4
279;32;4
279;33;4
279;34;4
279;35;4
279;36;4
279;37;4
279;38;4
279;39;4
279;40;4
279;41;4
279;42;4
279;43;4
279;44;4
279;45;4
279;46;4
279;47;4
279;48;4
279;49;4
279;50;4
279;51;49
279;52;49
279;53;49
279;54;49
279;55;49
279;56;49
279;57;49
279;58;49
279;59;49
279;60;49
279;61;49
279;62;49
279;63;49
279;64;49
279;65;49
279;66;49
279;67;49
279;68;49
279;69;49
279;70;49
279;71;49
279;72;49
279;73;25
279;74;25
279;75;25
279;76;25
279;77;25
279;78;31
279;79;31
279;80;31
279;81;31
279;82;31
279;83;31
279;84;31
279;85;31
279;86;31
279;87;31
279;88;31
279;89;31
279;90;31
279;91;31
279;92;31
279;93;31
279;94;31
279;95;31
279;96;31
279;97;31
279;98;31
279;99;31
279;100;31
279;101;31
279;102;31
279;103;31
279;104;31
279;105;31
279;106;31
279;107;31
279;108;31
279;109;31
279;110;31
279;111;31
279;112;31
279;113;31
279;114;31
279;115;31
279;116;31
279;117;31
279;118;31
279;119;31
279;120;31
279;121;31
279;122;31
279;123;31
279;124;31
279;125;31
279;126;31
279;127;31
279;128;44
279;129;44
279;130;44
279;131;44
279;132;44
279;133;44
279;134;44
279;135;44
279;136;44
279;137;44
279;138;44
279;139;44
279;140;44
279;141;44
279;142;44
279;143;44
279;144;44
279;145;44
279;146;44
279;147;44
279;148;44
279;149;44
279;150;44
279;151;44
279;152;44
279;153;44
279;154;44
279;155;44
279;156;44
279;157;44
279;158;44
279;159;44
279;160;44
279;161;44
279;162;44
279;163;44
279;164;44
279;165;44
279;166;44
279;167;44
279;168;44
279;169;44
279;170;44
279;171;39
279;172;39
279;173;39
279;174;39
279;175;39
279;176;39
279;177;39
279;178;39
279;179;39
279;180;39
279;181;39
279;182;39
279;183;39
279;184;39
279;185;39
279;186;39
279;187;39
279;188;39
279;189;39
279;190;39
279;191;39
279;192;39
279;193;39
279;194;39
279;195;39
279;196;39
279;197;39
279;198;39
279;199;39
279;200;7
279;201;7
279;202;7
279;203;7
279;204;7
279;205;7
279;206;7
279;207;7
279;208;7
279;209;7
279;210;7
279;211;7
279;212;7
279;213;7
279;214;7
279;215;7
279;216;7
279;217;7
279;218;7
279;219;7
279;220;43
279;221;43
279;222;43
279;223;43
279;224;43
279;225;43
279;226;43
279;227;43
279;228;43
279;229;43
279;230;43
279;231;43
279;232;35
279;233;35
279;234;35
279;235;35
279;236;35
279;237;35
279;238;35
279;239;35
279;240;35
279;241;35
279;242;35
279;243;35
279;244;35
279;245;35
279;246;35
279;247;35
279;248;35
279;249;35
279;250;35
279;251;35
279;252;35
279;253;35
279;254;35
279;255;35
279;256;35
279;257;35
279;258;35
279;259;35
279;260;35
279;261;35
279;262;4
279;263;4
279;264;4
279;265;4
279;266;4
279;267;4
279;268;4
279;269;4
279;270;4
279;271;4
279;272;4
279;273;4
279;274;4
279;275;4
279;276;4
279;277;4
279;278;4
279;279;4
279;280;4
279;281;4
279;282;4
279;283;4
279;284;4
279;285;4
279;286;4
279;287;4
279;288;4
279;289;4
279;290;4
279;291;4
279;292;4
279;293;4
279;294;4
279;295;4
279;296;4
279;297;4
279;298;4
279;299;4
279;300;47
279;301;47
279;302;47
279;303;47
279;304;47
279;305;47
279;306;47
279;307;47
279;308;47
279;309;47
279;310;47
279;311;47
279;312;47
279;313;47
279;314;47
279;315;47
279;316;47
279;317;47
279;318;47
279;319;47
279;320;47
279;321;47
279;322;47
279;323;47
279;324;47
279;325;47
279;326;47
279;327;47
279;328;47
279;329;47
279;330;47
279;331;47
279;332;47
279;333;47
279;334;47
279;335;47
279;336;47
279;337;47
279;338;47
279;339;47
279;340;47
279;341;47
279;342;47
279;343;47
279;344;47
279;345;47
279;346;47
279;347;47
279;348;47
279;349;47
279;350;47
279;351;35
279;352;35
279;353;35
279;354;35
279;355;35
279;356;35
279;357;35
279;358;35
279;359;35
279;360;35
279;361;35
279;362;35
279;363;35
279;364;35
279;365;35
279;366;35
279;367;35
279;368;35
279;369;35
279;370;35
279;371;35
279;372;35
279;373;35
279;374;35
279;375;35
279;376;35
279;377;35
279;378;35
279;379;35
279;380;35
279;381;35
279;382;35
279;383;35
279;384;35
279;385;35
279;386;7
279;387;7
279;388;7
279;389;7
279;390;7
279;391;7
279;392;7
279;393;7
279;394;7
279;395;7
279;396;7
279;397;7
279;398;7
279;399;7
279;400;7
279;401;7
279;402;7
279;403;7
279;404;7
279;405;7
279;406;7
279;407;7
279;408;13
279;409;13
279;410;13
279;411;13
279;412;13
279;413;13
279;414;13
279;415;13
279;416;13
279;417;13
279;418;13
279;419;13
279;420;13
279;421;13
279;422;13
279;423;13
279;424;13
279;425;13
279;426;13
279;427;13
279;428;13
279;429;13
279;430;13
279;431;36
279;432;36
279;433;36
279;434;36
279;435;36
279;436;36
279;437;36
279;438;36
279;439;36
279;440;36
279;441;36
279;442;36
279;443;36
279;444;36
279;445;36
279;446;36
279;447;36
279;448;36
279;449;36
279;450;36
279;451;36
279;452;36
279;453;36
279;454;36
279;455;36
279;456;36
279;457;36
279;458;36
279;459;43
279;460;43
279;461;43
279;462;43
279;463;43
279;464;43
279;465;43
279;466;43
279;467;43
279;468;43
279;469;43
279;470;43
279;471;43
279;472;43
279;473;43
279;474;43
279;475;43
279;476;43
279;477;43
279;478;43
279;479;43
279;480;43
279;481;43
279;482;43
279;483;43
279;484;43
279;485;43
279;486;43
279;487;35
279;488;35
279;489;35
279;490;35
279;491;35
279;492;35
279;493;35
279;494;35
279;495;35
279;496;35
279;497;35
279;498;35
279;499;35
280;0;10
280;1;10
280;2;10
280;3;10
280;4;10
280;5;10
280;6;10
280;7;10
280;8;10
280;9;10
280;10;10
280;11;10
280;12;10
280;13;10
280;14;10
280;15;10
280;16;10
280;17;10
280;18;10
280;19;10
280;20;10
280;21;10
280;22;10
280;23;10
280;24;10
280;25;10
280;26;10
280;27;4
280;28;4
280;29;4
280;30;4
280;31;4
280;32;4
280;33;4
280;34;4
280;35;4
280;36;4
280;37;4
280;38;4
280;39;4
280;40;4
280;41;4
280;42;4
280;43;4
280;44;4
280;45;4
280;46;4
280;47;4
280;48;4
280;49;4
280;50;4
280;51;4
280;52;49
280;53;49
280;54;49
280;55;49
280;56;49
280;57;49
280;58;49
280;59;49
280;60;49
280;61;49
280;62;49
280;63;49
280;64;49
280;65;49
280;66;49
280;67;49
280;68;49
280;69;49
280;70;49
280;71;49
280;72;49
280;73;49
280;74;25
280;75;25
280;76;25
280;77;31
280;78;31
280;79;31
280;80;31
280;81;31
280;82;31
280;83;31
280;84;31
280;85;31
280;86;31
280;87;31
280;88;31
280;89;31
280;90;31
280;91;31
280;92;31
280;93;31
280;94;31
280;95;31
280;96;31
280;97;31
280;98;31
280;99;31
280;100;31
280;101;31
280;102;31
280;103;31
280;104;31
280;105;31
280;106;31
280;107;31
280;108;31
280;109;31
280;110;31
280;111;31
280;112;31
280;113;31
280;114;31
280;115;31
280;116;31
280;117;31
280;118;31
280;119;31
280;120;31
280;121;31
280;122;31
280;123;31
280;124;31
280;125;31
280;126;31
280;127;31
280;128;44
280;129;44
280;130;44
280;131;44
280;132;44
280;133;44
280;134;44
280;135;44
280;136;44
280;137;44
280;138;44
280;139;44
280;140;44
280;141;44
280;142;44
280;143;44
280;144;44
280;145;44
280;146;44
280;147;44
280;148;44
280;149;44
280;150;44
280;151;44
280;152;44
280;153;44
280;154;44
280;155;44
280;156;44
280;157;44
280;158;44
280;159;44
280;160;44
280;161;44
280;162;44
280;163;44
280;164;44
280;165;44
280;166;44
280;167;44
280;168;44
280;169;44
280;170;44
280;171;28
280;172;28
280;173;39
280;174;39
280;175;39
280;176;39
280;177;39
280;178;39
280;179;39
280;180;39
280;181;39
280;182;39
280;183;39
280;184;39
280;185;39
280;186;39
280;187;39
280;188;39
280;189;39
280;190;39
280;191;39
280;192;39
280;193;39
280;194;39
280;195;39
280;196;39
280;197;39
280;198;39
280;199;39
280;200;7
280;201;7
280;202;7
280;203;7
280;204;7
280;205;7
280;206;7
280;207;7
280;208;7
280;209;7
280;210;7
280;211;7
280;212;7
280;213;7
280;214;7
280;215;7
280;216;7
280;217;7
280;218;7
280;219;7
280;220;7
280;221;43
280;222;43
280;223;43
280;224;43
280;225;43
280;226;43
280;227;43
280;228;43
280;229;43
280;230;43
280;231;43
280;232;43
280;233;35
280;234;35
280;235;35
280;236;35
280;237;35
280;238;35
280;239;35
280;240;35
280;241;35
280;242;35
280;243;35
280;244;35
280;245;35
280;246;35
280;247;35
280;248;35
280;249;35
280;250;35
280;251;35
280;252;35
280;253;35
280;254;35
280;255;35
280;256;35
280;257;35
280;258;35
280;259;35
280;260;35
280;261;35
280;262;4
280;263;4
280;264;4
280;265;4
280;266;4
280;267;4
280;268;4
280;269;4
280;270;4
280;271;4
280;272;4
280;273;4
280;274;4
280;275;4
280;276;4
280;277;4
280;278;4
280;279;4
280;280;4
280;281;4
280;282;4
280;283;4
280;284;4
280;285;4
280;286;4
280;287;4
280;288;4
280;289;4
280;290;4
280;291;4
280;292;4
280;293;4
280;294;4
280;295;4
280;296;4
280;297;4
280;298;4
280;299;4
280;300;4
280;301;4
280;302;47
280;303;47
280;304;47
280;305;47
280;306;47
280;307;47
280;308;47
280;309;47
280;310;47
280;311;47
280;312;47
280;313;47
280;314;47
280;315;47
280;316;47
280;317;47
280;318;47
280;319;47
280;320;47
280;321;47
280;322;47
280;323;47
280;324;47
280;325;47
280;326;47
280;327;47
280;328;47
280;329;47
280;330;47
280;331;47
280;332;47
280;333;47
280;334;47
280;335;47
280;336;47
280;337;47
280;338;47
280;339;47
280;340;47
280;341;47
280;342;47
280;343;47
280;344;47
280;345;47
280;346;47
280;347;47
280;348;47
280;349;47
280;350;47
280;351;35
280;352;35
280;353;35
280;354;35
280;355;35
280;356;35
280;357;35
280;358;35
280;359;35
280;360;35
280;361;35
280;362;35
280;363;35
280;364;35
280;365;35
280;366;35
280;367;35
280;368;35
280;369;35
280;370;35
280;371;35
280;372;35
280;373;35
280;374;35
280;375;35
280;376;35
280;377;35
280;378;35
280;379;35
280;380;35
280;381;35
280;382;35
280;383;35
280;384;35
280;385;35
280;386;7
280;387;7
280;388;7
280;389;7
280;390;7
280;391;7
280;392;7
280;393;7
280;394;7
280;395;7
280;396;7
280;397;7
280;398;7
280;399;7
280;400;7
280;401;7
280;402;7
280;403;7
280;404;7
280;405;7
280;406;7
280;407;7
280;408;7
280;409;13
280;410;13
280;411;13
280;412;13
280;413;13
280;414;13
280;415;13
280;416;13
280;417;13
280;418;13
280;419;13
280;420;13
280;421;13
280;422;13
280;423;13
280;424;13
280;425;13
280;426;13
280;427;13
280;428;13
280;429;13
280;430;13
280;431;36
280;432;36
280;433;36
280;434;36
280;435;36
280;436;36
280;437;36
280;438;36
280;439;36
280;440;36
280;441;36
280;442;36
280;443;36
280;444;36
280;445;36
280;446;36
280;447;36
280;448;36
280;449;36
280;450;36
280;451;36
280;452;36
280;453;36
280;454;36
280;455;36
280;456;36
280;457;36
280;458;36
280;459;36
280;460;36
280;461;43
280;462;43
280;463;43
280;464;43
280;465;43
280;466;43
280;467;43
280;468;43
280;469;43
280;470;43
280;471;43
280;472;43
280;473;43
280;474;43
280;475;43
280;476;43
280;477;43
280;478;43
280;479;43
280;480;43
280;481;43
280;482;43
280;483;43
280;484;43
280;485;43
280;486;43
280;487;35
280;488;35
280;489;35
280;490;35
280;491;35
280;492;35
280;493;35
280;494;35
280;495;35
280;496;35
280;497;35
280;498;35
280;499;35
281;0;16
281;1;10
281;2;10
281;3;10
281;4;10
281;5;10
281;6;10
281;7;10
281;8;10
281;9;10
281;10;10
281;11;10
281;12;10
281;13;10
281;14;10
281;15;10
281;16;10
281;17;10
281;18;10
281;19;10
281;20;10
281;21;10
281;22;10
281;23;10
281;24;10
281;25;10
281;26;10
281;27;10
281;28;4
281;29;4
281;30;4
281;31;4
281;32;4
281;33;4
281;34;4
281;35;4
281;36;4
281;37;4
281;38;4
281;39;4
281;40;4
281;41;4
281;42;4
281;43;4
281;44;4
281;45;4
281;46;4
281;47;4
281;48;4
281;49;4
281;50;4
281;51;4
281;52;4
281;53;49
281;54;49
281;55;49
281;56;49
281;57;49
281;58;49
281;59;49
281;60;49
281;61;49
281;62;49
281;63;49
281;64;49
281;65;49
281;66;49
281;67;49
281;68;49
281;69;49
281;70;49
281;71;49
281;72;49
281;73;38
281;74;38
281;75;38
281;76;31
281;77;31
281;78;31
281;79;31
281;80;31
281;81;31
281;82;31
281;83;31
281;84;31
281;85;31
281;86;31
281;87;31
281;88;31
281;89;31
281;90;31
281;91;31
281;92;31
281;93;31
281;94;31
281;95;31
281;96;31
281;97;31
281;98;31
281;99;31
281;100;31
281;101;31
281;102;31
281;103;31
281;104;31
281;105;31
281;106;31
281;107;31
281;108;31
281;109;31
281;110;31
281;111;31
281;112;31
281;113;31
281;114;31
281;115;31
281;116;31
281;117;31
281;118;31
281;119;31
281;120;31
281;121;31
281;122;31
281;123;31
281;124;31
281;125;31
281;126;31
281;127;31
281;128;31
281;129;44
281;130;44
281;131;44
281;132;44
281;133;44
281;134;44
281;135;44
281;136;44
281;137;44
281;138;44
281;139;44
281;140;44
281;141;44
281;142;44
281;143;44
281;144;44
281;145;44
281;146;44
281;147;44
281;148;44
281;149;44
281;150;44
281;151;44
281;152;44
281;153;44
281;154;44
281;155;44
281;156;44
281;157;44
281;158;44
281;159;44
281;160;44
281;161;44
281;162;44
281;163;44
281;164;44
281;165;44
281;166;44
281;167;44
281;168;44
281;169;44
281;170;28
281;171;28
281;172;28
281;173;28
281;174;28
281;175;39
281;176;39
281;177;39
281;178;39
281;179;39
281;180;39
281;181;39
281;182;39
281;183;39
281;184;39
281;185;39
281;186;39
281;187;39
281;188;39
281;189;39
281;190;39
281;191;39
281;192;39
281;193;39
281;194;39
281;195;39
281;196;39
281;197;39
281;198;39
281;199;39
281;200;39
281;201;7
281;202;7
281;203;7
281;204;7
281;205;7
281;206;7
281;207;7
281;208;7
281;209;7
281;210;7
281;211;7
281;212;7
281;213;7
281;214;7
281;215;7
281;216;7
281;217;7
281;218;7
281;219;7
281;220;7
281;221;7
281;222;43
281;223;43
281;224;43
281;225;43
281;226;43
281;227;43
281;228;43
281;229;43
281;230;43
281;231;43
281;232;43
281;233;43
281;234;35
281;235;35
281;236;35
281;237;35
281;238;35
281;239;35
281;240;35
281;241;35
281;242;35
281;243;35
281;244;35
281;245;35
281;246;35
281;247;35
281;248;35
281;249;35
281;250;35
281;251;35
281;252;35
281;253;35
281;254;35
281;255;35
281;256;35
281;257;35
281;258;35
281;259;35
281;260;35
281;261;35
281;262;4
281;263;4
281;264;4
281;265;4
281;266;4
281;267;4
281;268;4
281;269;4
281;270;4
281;271;4
281;272;4
281;273;4
281;274;4
281;275;4
281;276;4
281;277;4
281;278;4
281;279;4
281;280;4
281;281;4
281;282;4
281;283;4
281;284;4
281;285;4
281;286;4
281;287;4
281;288;4
281;289;4
281;290;4
281;291;4
281;292;4
281;293;4
281;294;4
281;295;4
281;296;4
281;297;4
281;298;4
281;299;4
281;300;4
281;301;4
281;302;4
281;303;4
281;304;47
281;305;47
281;306;47
281;307;47
281;308;47
281;309;47
281;310;47
281;311;47
281;312;47
281;313;47
281;314;47
281;315;47
281;316;47
281;317;47
281;318;47
281;319;47
281;320;47
281;321;47
281;322;47
281;323;47
281;324;47
281;325;47
281;326;47
281;327;47
281;328;47
281;329;47
281;330;47
281;331;47
281;332;47
281;333;47
281;334;47
281;335;47
281;336;47
281;337;47
281;338;47
281;339;47
281;340;47
281;341;47
281;342;47
281;343;47
281;344;47
281;345;47
281;346;47
281;347;47
281;348;47
281;349;47
281;350;47
281;351;35
281;352;35
281;353;35
281;354;35
281;355;35
281;356;35
281;357;35
281;358;35
281;359;35
281;360;35
281;361;35
281;362;35
281;363;35
281;364;35
281;365;35
281;366;35
281;367;35
281;368;35
281;369;35
281;370;35
281;371;35
281;372;35
281;373;35
281;374;35
281;375;35
281;376;35
281;377;35
281;378;35
281;379;35
281;380;35
281;381;35
281;382;35
281;383;35
281;384;35
281;385;35
281;386;35
281;387;7
281;388;7
281;389;7
281;390;7
281;391;7
281;392;7
281;393;7
281;394;7
281;395;7
281;396;7
281;397;7
281;398;7
281;399;7
281;400;7
281;401;7
281;402;7
281;403;7
281;404;7
281;405;7
281;406;7
281;407;7
281;408;7
281;409;7
281;410;13
281;411;13
281;412;13
281;413;13
281;414;13
281;415;13
281;416;13
281;417;13
281;418;13
281;419;13
281;420;13
281;421;13
281;422;13
281;423;13
281;424;13
281;425;13
281;426;13
281;427;13
281;428;13
281;429;13
281;430;13
281;431;36
281;432;36
281;433;36
281;434;36
281;435;36
281;436;36
281;437;36
281;438;36
281;439;36
281;440;36
281;441;36
281;442;36
281;443;36
281;444;36
281;445;36
281;446;36
281;447;36
281;448;36
281;449;36
281;450;36
281;451;36
281;452;36
281;453;36
281;454;36
281;455;36
281;456;36
281;457;36
281;458;36
281;459;36
281;460;36
281;461;36
281;462;43
281;463;43
281;464;43
281;465;43
281;466;43
281;467;43
281;468;43
281;469;43
281;470;43
281;471;43
281;472;43
281;473;43
281;474;43
281;475;43
281;476;43
281;477;43
281;478;43
281;479;43
281;480;43
281;481;43
281;482;43
281;483;43
281;484;43
281;485;43
281;486;43
281;487;43
281;488;35
281;489;35
281;490;35
281;491;35
281;492;35
281;493;35
281;494;35
281;495;35
281;496;35
281;497;35
281;498;35
281;499;35
282;0;16
282;1;16
282;2;10
282;3;10
282;4;10
282;5;10
282;6;10
282;7;10
282;8;10
282;9;10
282;10;10
282;11;10
282;12;10
282;13;10
282;14;10
282;15;10
282;16;10
282;17;10
282;18;10
282;19;10
282;20;10
282;21;10
282;22;10
282;23;10
282;24;10
282;25;10
282;26;10
282;27;10
282;28;10
282;29;4
282;30;4
282;31;4
282;32;4
282;33;4
282;34;4
282;35;4
282;36;4
282;37;4
282;38;4
282;39;4
282;40;4
282;41;4
282;42;4
282;43;4
282;44;4
282;45;4
282;46;4
282;47;4
282;48;4
282;49;4
282;50;4
282;51;4
282;52;4
282;53;4
282;54;49
282;55;49
282;56;49
282;57;49
282;58;49
282;59;49
282;60;49
282;61;49
282;62;49
282;63;49
282;64;49
282;65;49
282;66;49
282;67;49
282;68;49
282;69;49
282;70;49
282;71;49
282;72;38
282;73;38
282;74;38
282;75;38
282;76;38
282;77;31
282;78;31
282;79;31
282;80;31
282;81;31
282;82;31
282;83;31
282;84;31
282;85;31
282;86;31
282;87;31
282;88;31
282;89;31
282;90;31
282;91;31
282;92;31
282;93;31
282;94;31
282;95;31
282;96;31
282;97;31
282;98;31
282;99;31
282;100;31
282;101;31
282;102;31
282;103;31
282;104;31
282;105;31
282;106;31
282;107;31
282;108;31
282;109;31
282;110;31
282;111;31
282;112;31
282;113;31
282;114;31
282;115;31
282;116;31
282;117;31
282;118;31
282;119;31
282;120;31
282;121;31
282;122;31
282;123;31
282;124;31
282;125;31
282;126;31
282;127;31
282;128;31
282;129;31
282;130;44
282;131;44
282;132;44
282;133;44
282;134;44
282;135;44
282;136;44
282;137;44
282;138;44
282;139;44
282;140;44
282;141;44
282;142;44
282;143;44
282;144;44
282;145;44
282;146;44
282;147;44
282;148;44
282;149;44
282;150;44
282;151;44
282;152;44
282;153;44
282;154;44
282;155;44
282;156;44
282;157;44
282;158;44
282;159;44
282;160;44
282;161;44
282;162;44
282;163;44
282;164;44
282;165;44
282;166;44
282;167;44
282;168;44
282;169;28
282;170;28
282;171;28
282;172;28
282;173;28
282;174;28
282;175;28
282;176;28
282;177;39
282;178;39
282;179;39
282;180;39
282;181;39
282;182;39
282;183;39
282;184;39
282;185;39
282;186;39
282;187;39
282;188;39
282;189;39
282;190;39
282;191;39
282;192;39
282;193;39
282;194;39
282;195;39
282;196;39
282;197;39
282;198;39
282;199;39
282;200;6
282;201;6
282;202;7
282;203;7
282;204;7
282;205;7
282;206;7
282;207;7
282;208;7
282;209;7
282;210;7
282;211;7
282;212;7
282;213;7
282;214;7
282;215;7
282;216;7
282;217;7
282;218;7
282;219;7
282;220;7
282;221;7
282;222;7
282;223;43
282;224;43
282;225;43
282;226;43
282;227;43
282;228;43
282;229;43
282;230;43
282;231;43
282;232;43
282;233;43
282;234;43
282;235;35
282;236;35
282;237;35
282;238;35
282;239;35
282;240;35
282;241;35
282;242;35
282;243;35
282;244;35
282;245;35
282;246;35
282;247;35
282;248;35
282;249;35
282;250;35
282;251;35
282;252;35
282;253;35
282;254;35
282;255;35
282;256;35
282;257;35
282;258;35
282;259;35
282;260;35
282;261;35
282;262;4
282;263;4
282;264;4
282;265;4
282;266;4
282;267;4
282;268;4
282;269;4
282;270;4
282;271;4
282;272;4
282;273;4
282;274;4
282;275;4
282;276;4
282;277;4
282;278;4
282;279;4
282;280;4
282;281;4
282;282;4
282;283;4
282;284;4
282;285;4
282;286;4
282;287;4
282;288;4
282;289;4
282;290;4
282;291;4
282;292;4
282;293;4
282;294;4
282;295;4
282;296;4
282;297;4
282;298;4
282;299;4
282;300;4
282;301;4
282;302;4
282;303;4
282;304;4
282;305;4
282;306;47
282;307;47
282;308;47
282;309;47
282;310;47
282;311;47
282;312;47
282;313;47
282;314;47
282;315;47
282;316;47
282;317;47
282;318;47
282;319;47
282;320;47
282;321;47
282;322;47
282;323;47
282;324;47
282;325;47
282;326;47
282;327;47
282;328;47
282;329;47
282;330;47
282;331;47
282;332;47
282;333;47
282;334;47
282;335;47
282;336;47
282;337;47
282;338;47
282;339;47
282;340;47
282;341;47
282;342;47
282;343;47
282;344;47
282;345;47
282;346;47
282;347;47
282;348;47
282;349;47
282;350;47
282;351;35
282;352;35
282;353;35
282;354;35
282;355;35
282;356;35
282;357;35
282;358;35
282;359;35
282;360;35
282;361;35
282;362;35
282;363;35
282;364;35
282;365;35
282;366;35
282;367;35
282;368;35
282;369;35
282;370;35
282;371;35
282;372;35
282;373;35
282;374;35
282;375;35
282;376;35
282;377;35
282;378;35
282;379;35
282;380;35
282;381;35
282;382;35
282;383;35
282;384;35
282;385;35
282;386;35
282;387;7
282;388;7
282;389;7
282;390;7
282;391;7
282;392;7
282;393;7
282;394;7
282;395;7
282;396;7
282;397;7
282;398;7
282;399;7
282;400;7
282;401;7
282;402;7
282;403;7
282;404;7
282;405;7
282;406;7
282;407;7
282;408;7
282;409;7
282;410;7
282;411;13
282;412;13
282;413;13
282;414;13
282;415;13
282;416;13
282;417;13
282;418;13
282;419;13
282;420;13
282;421;13
282;422;13
282;423;13
282;424;13
282;425;13
282;426;13
282;427;13
282;428;13
282;429;13
282;430;13
282;431;13
282;432;36
282;433;36
282;434;36
282;435;36
282;436;36
282;437;36
282;438;36
282;439;36
282;440;36
282;441;36
282;442;36
282;443;36
282;444;36
282;445;36
282;446;36
282;447;36
282;448;36
282;449;36
282;450;36
282;451;36
282;452;36
282;453;36
282;454;36
282;455;36
282;456;36
282;457;36
282;458;36
282;459;36
282;460;36
282;461;36
282;462;36
282;463;43
282;464;43
282;465;43
282;466;43
282;467;43
282;468;43
282;469;43
282;470;43
282;471;43
282;472;43
282;473;43
282;474;43
282;475;43
282;476;43
282;477;43
282;478;43
282;479;43
282;480;43
282;481;43
282;482;43
282;483;43
282;484;43
282;485;43
282;486;43
282;487;43
282;488;35
282;489;35
282;490;35
282;491;35
282;492;35
282;493;35
282;494;35
282;495;35
282;496;35
282;497;35
282;498;35
282;499;35
283;0;16
283;1;16
283;2;16
283;3;10
283;4;10
283;5;10
283;6;10
283;7;10
283;8;10
283;9;10
283;10;10
283;11;10
283;12;10
283;13;10
283;14;10
283;15;10
283;16;10
283;17;10
283;18;10
283;19;10
283;20;10
283;21;10
283;22;10
283;23;10
283;24;10
283;25;10
283;26;10
283;27;10
283;28;10
283;29;10
283;30;4
283;31;4
283;32;4
283;33;4
283;34;4
283;35;4
283;36;4
283;37;4
283;38;4
283;39;4
283;40;4
283;41;4
283;42;4
283;43;4
283;44;4
283;45;4
283;46;4
283;47;4
283;48;4
283;49;4
283;50;4
283;51;4
283;52;4
283;53;4
283;54;25
283;55;25
283;56;25
283;57;49
283;58;49
283;59;49
283;60;49
283;61;49
283;62;49
283;63;49
283;64;49
283;65;49
283;66;49
283;67;49
283;68;49
283;69;49
283;70;49
283;71;38
283;72;38
283;73;38
283;74;38
283;75;38
283;76;38
283;77;38
283;78;31
283;79;31
283;80;31
283;81;31
283;82;31
283;83;31
283;84;31
283;85;31
283;86;31
283;87;31
283;88;31
283;89;31
283;90;31
283;91;31
283;92;31
283;93;31
283;94;31
283;95;31
283;96;31
283;97;31
283;98;31
283;99;31
283;100;31
283;101;31
283;102;31
283;103;31
283;104;31
283;105;31
283;106;31
283;107;31
283;108;31
283;109;31
283;110;31
283;111;31
283;112;31
283;113;31
283;114;31
283;115;31
283;116;31
283;117;31
283;118;31
283;119;31
283;120;31
283;121;31
283;122;31
283;123;31
283;124;31
283;125;31
283;126;31
283;127;31
283;128;31
283;129;31
283;130;31
283;131;44
283;132;44
283;133;44
283;134;44
283;135;44
283;136;44
283;137;44
283;138;44
283;139;44
283;140;44
283;141;44
283;142;44
283;143;44
283;144;44
283;145;44
283;146;44
283;147;44
283;148;44
283;149;44
283;150;44
283;151;44
283;152;44
283;153;44
283;154;44
283;155;44
283;156;44
283;157;44
283;158;44
283;159;44
283;160;44
283;161;44
283;162;44
283;163;44
283;164;44
283;165;44
283;166;44
283;167;44
283;168;28
283;169;28
283;170;28
283;171;28
283;172;28
283;173;28
283;174;28
283;175;28
283;176;28
283;177;28
283;178;39
283;179;39
283;180;39
283;181;39
283;182;39
283;183;39
283;184;39
283;185;39
283;186;39
283;187;39
283;188;39
283;189;39
283;190;39
283;191;39
283;192;39
283;193;39
283;194;39
283;195;39
283;196;39
283;197;39
283;198;39
283;199;6
283;200;6
283;201;6
283;202;6
283;203;6
283;204;7
283;205;7
283;206;7
283;207;7
283;208;7
283;209;7
283;210;7
283;211;7
283;212;7
283;213;7
283;214;7
283;215;7
283;216;7
283;217;7
283;218;7
283;219;7
283;220;7
283;221;7
283;222;7
283;223;7
283;224;43
283;225;43
283;226;43
283;227;43
283;228;43
283;229;43
283;230;43
283;231;43
283;232;43
283;233;43
283;234;43
283;235;43
283;236;35
283;237;35
283;238;35
283;239;35
283;240;35
283;241;35
283;242;35
283;243;35
283;244;35
283;245;35
283;246;35
283;247;35
283;248;35
283;249;35
283;250;35
283;251;35
283;252;35
283;253;35
283;254;35
283;255;35
283;256;35
283;257;35
283;258;35
283;259;35
283;260;35
283;261;35
283;262;4
283;263;4
283;264;4
283;265;4
283;266;4
283;267;4
283;268;4
283;269;4
283;270;4
283;271;4
283;272;4
283;273;4
283;274;4
283;275;4
283;276;4
283;277;4
283;278;4
283;279;4
283;280;4
283;281;4
283;282;4
283;283;4
283;284;4
283;285;4
283;286;4
283;287;4
283;288;4
283;289;4
283;290;4
283;291;4
283;292;4
283;293;4
283;294;4
283;295;4
283;296;4
283;297;4
283;298;4
283;299;4
283;300;4
283;301;4
283;302;4
283;303;4
283;304;4
283;305;4
283;306;4
283;307;47
283;308;47
283;309;47
283;310;47
283;311;47
283;312;47
283;313;47
283;314;47
283;315;47
283;316;47
283;317;47
283;318;47
283;319;47
283;320;47
283;321;47
283;322;47
283;323;47
283;324;47
283;325;47
283;326;47
283;327;47
283;328;47
283;329;47
283;330;47
283;331;47
283;332;47
283;333;47
283;334;47
283;335;47
283;336;47
283;337;47
283;338;47
283;339;47
283;340;47
283;341;47
283;342;47
283;343;47
283;344;47
283;345;47
283;346;47
283;347;47
283;348;47
283;349;47
283;350;47
283;351;35
283;352;35
283;353;35
283;354;35
283;355;35
283;356;35
283;357;35
283;358;35
283;359;35
283;360;35
283;361;35
283;362;35
283;363;35
283;364;35
283;365;35
283;366;35
283;367;35
283;368;35
283;369;35
283;370;35
283;371;35
283;372;35
283;373;35
283;374;35
283;375;35
283;376;35
283;377;35
283;378;35
283;379;35
283;380;35
283;381;35
283;382;35
283;383;35
283;384;35
283;385;35
283;386;35
283;387;35
283;388;17
283;389;7
283;390;7
283;391;7
283;392;7
283;393;7
283;394;7
283;395;7
283;396;7
283;397;7
283;398;7
283;399;7
283;400;7
283;401;7
283;402;7
283;403;7
283;404;7
283;405;7
283;406;7
283;407;7
283;408;7
283;409;7
283;410;7
283;411;7
283;412;13
283;413;13
283;414;13
283;415;13
283;416;13
283;417;13
283;418;13
283;419;13
283;420;13
283;421;13
283;422;13
283;423;13
283;424;13
283;425;13
283;426;13
283;427;13
283;428;13
283;429;13
283;430;13
283;431;13
283;432;36
283;433;36
283;434;36
283;435;36
283;436;36
283;437;36
283;438;36
283;439;36
283;440;36
283;441;36
283;442;36
283;443;36
283;444;36
283;445;36
283;446;36
283;447;36
283;448;36
283;449;36
283;450;36
283;451;36
283;452;36
283;453;36
283;454;36
283;455;36
283;456;36
283;457;36
283;458;36
283;459;36
283;460;36
283;461;36
283;462;36
283;463;36
283;464;43
283;465;43
283;466;43
283;467;43
283;468;43
283;469;43
283;470;43
283;471;43
283;472;43
283;473;43
283;474;43
283;475;43
283;476;43
283;477;43
283;478;43
283;479;43
283;480;43
283;481;43
283;482;43
283;483;43
283;484;43
283;485;43
283;486;43
283;487;43
283;488;43
283;489;35
283;490;35
283;491;35
283;492;35
283;493;35
283;494;35
283;495;35
283;496;35
283;497;35
283;498;35
283;499;35
284;0;16
284;1;16
284;2;16
284;3;16
284;4;10
284;5;10
284;6;10
284;7;10
284;8;10
284;9;10
284;10;10
284;11;10
284;12;10
284;13;10
284;14;10
284;15;10
284;16;10
284;17;10
284;18;10
284;19;10
284;20;10
284;21;10
284;22;10
284;23;10
284;24;10
284;25;10
284;26;10
284;27;10
284;28;10
284;29;10
284;30;10
284;31;4
284;32;4
284;33;4
284;34;4
284;35;4
284;36;4
284;37;4
284;38;4
284;39;4
284;40;4
284;41;4
284;42;4
284;43;4
284;44;4
284;45;4
284;46;4
284;47;4
284;48;4
284;49;4
284;50;4
284;51;4
284;52;4
284;53;25
284;54;25
284;55;25
284;56;25
284;57;25
284;58;25
284;59;49
284;60;49
284;61;49
284;62;49
284;63;49
284;64;49
284;65;49
284;66;49
284;67;49
284;68;49
284;69;49
284;70;38
284;71;38
284;72;38
284;73;38
284;74;38
284;75;38
284;76;38
284;77;38
284;78;38
284;79;31
284;80;31
284;81;31
284;82;31
284;83;31
284;84;31
284;85;31
284;86;31
284;87;31
284;88;31
284;89;31
284;90;31
284;91;31
284;92;31
284;93;31
284;94;31
284;95;31
284;96;31
284;97;31
284;98;31
284;99;31
284;100;31
284;101;31
284;102;31
284;103;31
284;104;31
284;105;31
284;106;31
284;107;31
284;108;31
284;109;31
284;110;31
284;111;31
284;112;31
284;113;31
284;114;31
284;115;31
284;116;31
284;117;31
284;118;31
284;119;31
284;120;31
284;121;31
284;122;31
284;123;31
284;124;31
284;125;31
284;126;31
284;127;31
284;128;31
284;129;31
284;130;31
284;131;44
284;132;44
284;133;44
284;134;44
284;135;44
284;136;44
284;137;44
284;138;44
284;139;44
284;140;44
284;141;44
284;142;44
284;143;44
284;144;44
284;145;44
284;146;44
284;147;44
284;148;44
284;149;44
284;150;44
284;151;44
284;152;44
284;153;44
284;154;44
284;155;44
284;156;44
284;157;44
284;158;44
284;159;44
284;160;44
284;161;44
284;162;44
284;163;44
284;164;44
284;165;44
284;166;44
284;167;28
284;168;28
284;169;28
284;170;28
284;171;28
284;172;28
284;173;28
284;174;28
284;175;28
284;176;28
284;177;28
284;178;28
284;179;39
284;180;39
284;181;39
284;182;39
284;183;39
284;184;39
284;185;39
284;186;39
284;187;39
284;188;39
284;189;39
284;190;39
284;191;39
284;192;39
284;193;39
284;194;39
284;195;39
284;196;39
284;197;39
284;198;6
284;199;6
284;200;6
284;201;6
284;202;6
284;203;6
284;204;6
284;205;6
284;206;7
284;207;7
284;208;7
284;209;7
284;210;7
284;211;7
284;212;7
284;213;7
284;214;7
284;215;7
284;216;7
284;217;7
284;218;7
284;219;7
284;220;7
284;221;7
284;222;7
284;223;7
284;224;7
284;225;43
284;226;43
284;227;43
284;228;43
284;229;43
284;230;43
284;231;43
284;232;43
284;233;43
284;234;43
284;235;43
284;236;43
284;237;35
284;238;35
284;239;35
284;240;35
284;241;35
284;242;35
284;243;35
284;244;35
284;245;35
284;246;35
284;247;35
284;248;35
284;249;35
284;250;35
284;251;35
284;252;35
284;253;35
284;254;35
284;255;35
284;256;35
284;257;35
284;258;35
284;259;35
284;260;35
284;261;35
284;262;4
284;263;4
284;264;4
284;265;4
284;266;4
284;267;4
284;268;4
284;269;4
284;270;4
284;271;4
284;272;4
284;273;4
284;274;4
284;275;4
284;276;4
284;277;4
284;278;4
284;279;4
284;280;4
284;281;4
284;282;4
284;283;4
284;284;4
284;285;4
284;286;4
284;287;4
284;288;4
284;289;4
284;290;4
284;291;4
284;292;4
284;293;4
284;294;4
284;295;4
284;296;4
284;297;4
284;298;4
284;299;4
284;300;4
284;301;4
284;302;4
284;303;4
284;304;4
284;305;4
284;306;4
284;307;4
284;308;47
284;309;47
284;310;47
284;311;47
284;312;47
284;313;47
284;314;47
284;315;47
284;316;47
284;317;47
284;318;47
284;319;47
284;320;47
284;321;47
284;322;47
284;323;47
284;324;47
284;325;47
284;326;47
284;327;47
284;328;47
284;329;47
284;330;47
284;331;47
284;332;47
284;333;47
284;334;47
284;335;47
284;336;47
284;337;47
284;338;47
284;339;47
284;340;47
284;341;47
284;342;47
284;343;47
284;344;47
284;345;47
284;346;47
284;347;47
284;348;47
284;349;47
284;350;47
284;351;35
284;352;35
284;353;35
284;354;35
284;355;35
284;356;35
284;357;35
284;358;35
284;359;35
284;360;35
284;361;35
284;362;35
284;363;35
284;364;35
284;365;35
284;366;35
284;367;35
284;368;35
284;369;35
284;370;35
284;371;35
284;372;35
284;373;35
284;374;35
284;375;35
284;376;35
284;377;35
284;378;35
284;379;35
284;380;35
284;381;35
284;382;35
284;383;35
284;384;35
284;385;35
284;386;35
284;387;35
284;388;17
284;389;17
284;390;24
284;391;24
284;392;24
284;393;24
284;394;24
284;395;24
284;396;24
284;397;24
284;398;24
284;399;24
284;400;7
284;401;7
284;402;7
284;403;7
284;404;7
284;405;7
284;406;7
284;407;7
284;408;7
284;409;7
284;410;7
284;411;7
284;412;13
284;413;13
284;414;13
284;415;13
284;416;13
284;417;13
284;418;13
284;419;13
284;420;13
284;421;13
284;422;13
284;423;13
284;424;13
284;425;13
284;426;13
284;427;13
284;428;13
284;429;13
284;430;13
284;431;13
284;432;13
284;433;36
284;434;36
284;435;36
284;436;36
284;437;36
284;438;36
284;439;36
284;440;36
284;441;36
284;442;36
284;443;36
284;444;36
284;445;36
284;446;36
284;447;36
284;448;36
284;449;36
284;450;36
284;451;36
284;452;36
284;453;36
284;454;36
284;455;36
284;456;36
284;457;36
284;458;36
284;459;36
284;460;36
284;461;36
284;462;36
284;463;36
284;464;36
284;465;43
284;466;43
284;467;43
284;468;43
284;469;43
284;470;43
284;471;43
284;472;43
284;473;43
284;474;43
284;475;43
284;476;43
284;477;43
284;478;43
284;479;43
284;480;43
284;481;43
284;482;43
284;483;43
284;484;43
284;485;43
284;486;43
284;487;43
284;488;43
284;489;35
284;490;35
284;491;35
284;492;35
284;493;35
284;494;35
284;495;35
284;496;35
284;497;35
284;498;35
284;499;35
285;0;16
285;1;16
285;2;16
285;3;16
285;4;16
285;5;10
285;6;10
285;7;10
285;8;10
285;9;10
285;10;10
285;11;10
285;12;10
285;13;10
285;14;10
285;15;10
285;16;10
285;17;10
285;18;10
285;19;10
285;20;10
285;21;10
285;22;10
285;23;10
285;24;10
285;25;10
285;26;10
285;27;10
285;28;10
285;29;10
285;30;10
285;31;10
285;32;4
285;33;4
285;34;4
285;35;4
285;36;4
285;37;4
285;38;4
285;39;4
285;40;4
285;41;4
285;42;4
285;43;4
285;44;4
285;45;4
285;46;4
285;47;4
285;48;4
285;49;4
285;50;4
285;51;4
285;52;25
285;53;25
285;54;25
285;55;25
285;56;25
285;57;25
285;58;25
285;59;25
285;60;25
285;61;49
285;62;49
285;63;49
285;64;49
285;65;49
285;66;49
285;67;49
285;68;49
285;69;38
285;70;38
285;71;38
285;72;38
285;73;38
285;74;38
285;75;38
285;76;38
285;77;38
285;78;38
285;79;38
285;80;31
285;81;31
285;82;31
285;83;31
285;84;31
285;85;31
285;86;31
285;87;31
285;88;31
285;89;31
285;90;31
285;91;31
285;92;31
285;93;31
285;94;31
285;95;31
285;96;31
285;97;31
285;98;31
285;99;31
285;100;31
285;101;31
285;102;31
285;103;31
285;104;31
285;105;31
285;106;31
285;107;31
285;108;31
285;109;31
285;110;31
285;111;31
285;112;31
285;113;31
285;114;31
285;115;31
285;116;31
285;117;31
285;118;31
285;119;31
285;120;31
285;121;31
285;122;31
285;123;31
285;124;31
285;125;31
285;126;31
285;127;31
285;128;31
285;129;31
285;130;31
285;131;31
285;132;44
285;133;44
285;134;44
285;135;44
285;136;44
285;137;44
285;138;44
285;139;44
285;140;44
285;141;44
285;142;44
285;143;44
285;144;44
285;145;44
285;146;44
285;147;44
285;148;44
285;149;44
285;150;44
285;151;44
285;152;44
285;153;44
285;154;44
285;155;44
285;156;44
285;157;44
285;158;44
285;159;44
285;160;44
285;161;44
285;162;44
285;163;44
285;164;44
285;165;44
285;166;28
285;167;28
285;168;28
285;169;28
285;170;28
285;171;28
285;172;28
285;173;28
285;174;28
285;175;28
285;176;28
285;177;28
285;178;28
285;179;28
285;180;39
285;181;39
285;182;39
285;183;39
285;184;39
285;185;39
285;186;39
285;187;39
285;188;39
285;189;39
285;190;39
285;191;39
285;192;39
285;193;39
285;194;6
285;195;6
285;196;6
285;197;6
285;198;6
285;199;6
285;200;6
285;201;6
285;202;6
285;203;6
285;204;6
285;205;6
285;206;6
285;207;7
285;208;7
285;209;7
285;210;7
285;211;7
285;212;7
285;213;7
285;214;7
285;215;7
285;216;7
285;217;7
285;218;7
285;219;7
285;220;7
285;221;7
285;222;7
285;223;7
285;224;7
285;225;7
285;226;43
285;227;43
285;228;43
285;229;43
285;230;43
285;231;43
285;232;43
285;233;43
285;234;43
285;235;43
285;236;43
285;237;43
285;238;35
285;239;35
285;240;35
285;241;35
285;242;35
285;243;35
285;244;35
285;245;35
285;246;35
285;247;35
285;248;35
285;249;35
285;250;35
285;251;35
285;252;35
285;253;35
285;254;35
285;255;35
285;256;35
285;257;35
285;258;35
285;259;35
285;260;35
285;261;35
285;262;4
285;263;4
285;264;4
285;265;4
285;266;4
285;267;4
285;268;4
285;269;4
285;270;4
285;271;4
285;272;4
285;273;4
285;274;4
285;275;4
285;276;4
285;277;4
285;278;4
285;279;4
285;280;4
285;281;4
285;282;4
285;283;4
285;284;4
285;285;4
285;286;4
285;287;4
285;288;4
285;289;4
285;290;4
285;291;4
285;292;4
285;293;4
285;294;4
285;295;4
285;296;4
285;297;4
285;298;4
285;299;4
285;300;4
285;301;4
285;302;4
285;303;4
285;304;4
285;305;4
285;306;4
285;307;4
285;308;4
285;309;47
285;310;47
285;311;47
285;312;47
285;313;47
285;314;47
285;315;47
285;316;47
285;317;47
285;318;47
285;319;47
285;320;47
285;321;47
285;322;47
285;323;47
285;324;47
285;325;47
285;326;47
285;327;47
285;328;47
285;329;47
285;330;47
285;331;47
285;332;47
285;333;47
285;334;47
285;335;47
285;336;47
285;337;47
285;338;47
285;339;47
285;340;47
285;341;47
285;342;47
285;343;47
285;344;47
285;345;47
285;346;47
285;347;47
285;348;47
285;349;47
285;350;47
285;351;35
285;352;35
285;353;35
285;354;35
285;355;35
285;356;35
285;357;35
285;358;35
285;359;35
285;360;35
285;361;35
285;362;35
285;363;35
285;364;35
285;365;35
285;366;35
285;367;35
285;368;35
285;369;35
285;370;35
285;371;35
285;372;35
285;373;35
285;374;35
285;375;35
285;376;35
285;377;35
285;378;35
285;379;35
285;380;35
285;381;35
285;382;35
285;383;35
285;384;35
285;385;35
285;386;35
285;387;35
285;388;17
285;389;17
285;390;24
285;391;24
285;392;24
285;393;24
285;394;24
285;395;24
285;396;24
285;397;24
285;398;24
285;399;24
285;400;24
285;401;24
285;402;7
285;403;7
285;404;7
285;405;7
285;406;7
285;407;7
285;408;7
285;409;7
285;410;7
285;411;7
285;412;7
285;413;13
285;414;13
285;415;13
285;416;13
285;417;13
285;418;13
285;419;13
285;420;13
285;421;13
285;422;13
285;423;13
285;424;13
285;425;13
285;426;13
285;427;13
285;428;13
285;429;13
285;430;13
285;431;13
285;432;13
285;433;36
285;434;36
285;435;36
285;436;36
285;437;36
285;438;36
285;439;36
285;440;36
285;441;36
285;442;36
285;443;36
285;444;36
285;445;36
285;446;36
285;447;36
285;448;36
285;449;36
285;450;36
285;451;36
285;452;36
285;453;36
285;454;36
285;455;36
285;456;36
285;457;36
285;458;36
285;459;36
285;460;36
285;461;36
285;462;36
285;463;36
285;464;36
285;465;36
285;466;43
285;467;43
285;468;43
285;469;43
285;470;43
285;471;43
285;472;43
285;473;43
285;474;43
285;475;43
285;476;43
285;477;43
285;478;43
285;479;43
285;480;43
285;481;43
285;482;43
285;483;43
285;484;43
285;485;43
285;486;43
285;487;43
285;488;43
285;489;43
285;490;35
285;491;35
285;492;35
285;493;35
285;494;35
285;495;35
285;496;35
285;497;35
285;498;35
285;499;35
286;0;16
286;1;16
286;2;16
286;3;16
286;4;16
286;5;16
286;6;16
286;7;10
286;8;10
286;9;10
286;10;10
286;11;10
286;12;10
286;13;10
286;14;10
286;15;10
286;16;10
286;17;10
286;18;10
286;19;10
286;20;10
286;21;10
286;22;10
286;23;10
286;24;10
286;25;10
286;26;10
286;27;10
286;28;10
286;29;10
286;30;10
286;31;10
286;32;10
286;33;4
286;34;4
286;35;4
286;36;4
286;37;4
286;38;4
286;39;4
286;40;4
286;41;25
286;42;25
286;43;25
286;44;25
286;45;25
286;46;25
286;47;25
286;48;25
286;49;25
286;50;25
286;51;25
286;52;25
286;53;25
286;54;25
286;55;25
286;56;25
286;57;25
286;58;25
286;59;25
286;60;25
286;61;25
286;62;25
286;63;49
286;64;49
286;65;49
286;66;49
286;67;49
286;68;38
286;69;38
286;70;38
286;71;38
286;72;38
286;73;38
286;74;38
286;75;38
286;76;38
286;77;38
286;78;38
286;79;38
286;80;38
286;81;31
286;82;31
286;83;31
286;84;31
286;85;31
286;86;31
286;87;31
286;88;31
286;89;31
286;90;31
286;91;31
286;92;31
286;93;31
286;94;31
286;95;31
286;96;31
286;97;31
286;98;31
286;99;31
286;100;31
286;101;31
286;102;31
286;103;31
286;104;31
286;105;31
286;106;31
286;107;31
286;108;31
286;109;31
286;110;31
286;111;31
286;112;31
286;113;31
286;114;31
286;115;31
286;116;31
286;117;31
286;118;31
286;119;31
286;120;31
286;121;31
286;122;31
286;123;31
286;124;31
286;125;31
286;126;31
286;127;31
286;128;31
286;129;31
286;130;31
286;131;15
286;132;15
286;133;15
286;134;44
286;135;44
286;136;44
286;137;44
286;138;44
286;139;44
286;140;44
286;141;44
286;142;44
286;143;44
286;144;44
286;145;44
286;146;44
286;147;44
286;148;44
286;149;44
286;150;44
286;151;44
286;152;44
286;153;44
286;154;44
286;155;44
286;156;44
286;157;44
286;158;44
286;159;44
286;160;44
286;161;44
286;162;44
286;163;44
286;164;44
286;165;28
286;166;28
286;167;28
286;168;28
286;169;28
286;170;28
286;171;28
286;172;28
286;173;28
286;174;28
286;175;28
286;176;28
286;177;28
286;178;28
286;179;28
286;180;28
286;181;39
286;182;39
286;183;39
286;184;39
286;185;39
286;186;39
286;187;39
286;188;39
286;189;39
286;190;39
286;191;39
286;192;39
286;193;6
286;194;6
286;195;6
286;196;6
286;197;6
286;198;6
286;199;6
286;200;6
286;201;6
286;202;6
286;203;6
286;204;6
286;205;6
286;206;6
286;207;6
286;208;7
286;209;7
286;210;7
286;211;7
286;212;7
286;213;7
286;214;7
286;215;7
286;216;7
286;217;7
286;218;7
286;219;7
286;220;7
286;221;7
286;222;7
286;223;7
286;224;7
286;225;7
286;226;7
286;227;43
286;228;43
286;229;43
286;230;43
286;231;43
286;232;43
286;233;43
286;234;43
286;235;43
286;236;43
286;237;43
286;238;43
286;239;35
286;240;35
286;241;35
286;242;35
286;243;35
286;244;35
286;245;35
286;246;35
286;247;35
286;248;35
286;249;35
286;250;35
286;251;35
286;252;35
286;253;35
286;254;35
286;255;35
286;256;35
286;257;35
286;258;35
286;259;35
286;260;35
286;261;35
286;262;4
286;263;4
286;264;4
286;265;4
286;266;4
286;267;4
286;268;4
286;269;4
286;270;4
286;271;4
286;272;4
286;273;4
286;274;4
286;275;4
286;276;4
286;277;4
286;278;4
286;279;4
286;280;4
286;281;4
286;282;4
286;283;4
286;284;4
286;285;4
286;286;4
286;287;4
286;288;4
286;289;4
286;290;4
286;291;4
286;292;4
286;293;4
286;294;4
286;295;4
286;296;4
286;297;4
286;298;4
286;299;4
286;300;4
286;301;4
286;302;4
286;303;4
286;304;4
286;305;4
286;306;4
286;307;4
286;308;4
286;309;4
286;310;47
286;311;47
286;312;47
286;313;47
286;314;47
286;315;47
286;316;47
286;317;47
286;318;47
286;319;47
286;320;47
286;321;47
286;322;47
286;323;47
286;324;47
286;325;47
286;326;47
286;327;47
286;328;47
286;329;47
286;330;47
286;331;47
286;332;47
286;333;47
286;334;47
286;335;47
286;336;47
286;337;47
286;338;47
286;339;47
286;340;47
286;341;47
286;342;47
286;343;47
286;344;47
286;345;47
286;346;47
286;347;47
286;348;47
286;349;47
286;350;47
286;351;35
286;352;35
286;353;35
286;354;35
286;355;35
286;356;35
286;357;35
286;358;35
286;359;35
286;360;35
286;361;35
286;362;35
286;363;35
286;364;35
286;365;35
286;366;35
286;367;35
286;368;35
286;369;35
286;370;35
286;371;35
286;372;35
286;373;35
286;374;35
286;375;35
286;376;35
286;377;35
286;378;35
286;379;35
286;380;35
286;381;35
286;382;35
286;383;35
286;384;35
286;385;35
286;386;35
286;387;35
286;388;17
286;389;17
286;390;17
286;391;24
286;392;24
286;393;24
286;394;24
286;395;24
286;396;24
286;397;24
286;398;24
286;399;24
286;400;24
286;401;24
286;402;24
286;403;24
286;404;24
286;405;24
286;406;7
286;407;7
286;408;7
286;409;7
286;410;7
286;411;7
286;412;7
286;413;7
286;414;13
286;415;13
286;416;13
286;417;13
286;418;13
286;419;13
286;420;13
286;421;13
286;422;13
286;423;13
286;424;13
286;425;13
286;426;13
286;427;13
286;428;13
286;429;13
286;430;13
286;431;13
286;432;13
286;433;13
286;434;36
286;435;36
286;436;36
286;437;36
286;438;36
286;439;36
286;440;36
286;441;36
286;442;36
286;443;36
286;444;36
286;445;36
286;446;36
286;447;36
286;448;36
286;449;36
286;450;36
286;451;36
286;452;36
286;453;36
286;454;36
286;455;36
286;456;36
286;457;36
286;458;36
286;459;36
286;460;36
286;461;36
286;462;36
286;463;36
286;464;36
286;465;36
286;466;36
286;467;43
286;468;43
286;469;43
286;470;43
286;471;43
286;472;43
286;473;43
286;474;43
286;475;43
286;476;43
286;477;43
286;478;43
286;479;43
286;480;43
286;481;43
286;482;43
286;483;43
286;484;43
286;485;43
286;486;43
286;487;43
286;488;43
286;489;43
286;490;43
286;491;35
286;492;35
286;493;35
286;494;35
286;495;35
286;496;35
286;497;35
286;498;35
286;499;35
287;0;16
287;1;16
287;2;16
287;3;16
287;4;16
287;5;16
287;6;16
287;7;16
287;8;16
287;9;10
287;10;10
287;11;10
287;12;10
287;13;10
287;14;10
287;15;10
287;16;10
287;17;10
287;18;10
287;19;10
287;20;10
287;21;10
287;22;10
287;23;10
287;24;10
287;25;10
287;26;10
287;27;10
287;28;10
287;29;10
287;30;10
287;31;10
287;32;10
287;33;4
287;34;4
287;35;4
287;36;4
287;37;4
287;38;4
287;39;4
287;40;25
287;41;25
287;42;25
287;43;25
287;44;25
287;45;25
287;46;25
287;47;25
287;48;25
287;49;25
287;50;25
287;51;25
287;52;25
287;53;25
287;54;25
287;55;25
287;56;25
287;57;25
287;58;25
287;59;25
287;60;25
287;61;25
287;62;25
287;63;25
287;64;25
287;65;49
287;66;49
287;67;38
287;68;38
287;69;38
287;70;38
287;71;38
287;72;38
287;73;38
287;74;38
287;75;38
287;76;38
287;77;38
287;78;38
287;79;38
287;80;38
287;81;38
287;82;31
287;83;31
287;84;31
287;85;31
287;86;31
287;87;31
287;88;31
287;89;31
287;90;31
287;91;31
287;92;31
287;93;31
287;94;31
287;95;31
287;96;31
287;97;31
287;98;31
287;99;31
287;100;31
287;101;31
287;102;31
287;103;31
287;104;31
287;105;31
287;106;31
287;107;31
287;108;31
287;109;31
287;110;31
287;111;31
287;112;31
287;113;31
287;114;31
287;115;31
287;116;31
287;117;31
287;118;31
287;119;31
287;120;31
287;121;31
287;122;31
287;123;31
287;124;31
287;125;31
287;126;31
287;127;31
287;128;31
287;129;31
287;130;15
287;131;15
287;132;15
287;133;15
287;134;15
287;135;15
287;136;44
287;137;44
287;138;44
287;139;44
287;140;44
287;141;44
287;142;44
287;143;44
287;144;44
287;145;44
287;146;44
287;147;44
287;148;44
287;149;44
287;150;44
287;151;44
287;152;44
287;153;44
287;154;44
287;155;44
287;156;44
287;157;44
287;158;44
287;159;44
287;160;44
287;161;44
287;162;44
287;163;44
287;164;44
287;165;28
287;166;28
287;167;28
287;168;28
287;169;28
287;170;28
287;171;28
287;172;28
287;173;28
287;174;28
287;175;28
287;176;28
287;177;28
287;178;28
287;179;28
287;180;28
287;181;28
287;182;39
287;183;39
287;184;39
287;185;39
287;186;39
287;187;39
287;188;39
287;189;39
287;190;39
287;191;39
287;192;6
287;193;6
287;194;6
287;195;6
287;196;6
287;197;6
287;198;6
287;199;6
287;200;6
287;201;6
287;202;6
287;203;6
287;204;6
287;205;6
287;206;6
287;207;6
287;208;6
287;209;7
287;210;7
287;211;7
287;212;7
287;213;7
287;214;7
287;215;7
287;216;7
287;217;7
287;218;7
287;219;7
287;220;7
287;221;7
287;222;7
287;223;7
287;224;7
287;225;7
287;226;7
287;227;7
287;228;43
287;229;43
287;230;43
287;231;43
287;232;43
287;233;43
287;234;43
287;235;43
287;236;43
287;237;43
287;238;43
287;239;43
287;240;35
287;241;35
287;242;35
287;243;35
287;244;35
287;245;35
287;246;35
287;247;35
287;248;35
287;249;35
287;250;35
287;251;35
287;252;35
287;253;35
287;254;35
287;255;35
287;256;35
287;257;35
287;258;35
287;259;35
287;260;35
287;261;35
287;262;4
287;263;4
287;264;4
287;265;4
287;266;4
287;267;4
287;268;4
287;269;4
287;270;4
287;271;4
287;272;4
287;273;4
287;274;4
287;275;4
287;276;4
287;277;4
287;278;4
287;279;4
287;280;4
287;281;4
287;282;4
287;283;4
287;284;4
287;285;4
287;286;4
287;287;4
287;288;4
287;289;4
287;290;4
287;291;4
287;292;4
287;293;4
287;294;4
287;295;4
287;296;4
287;297;4
287;298;4
287;299;4
287;300;4
287;301;4
287;302;4
287;303;4
287;304;4
287;305;4
287;306;4
287;307;4
287;308;4
287;309;4
287;310;4
287;311;47
287;312;47
287;313;47
287;314;47
287;315;47
287;316;47
287;317;47
287;318;47
287;319;47
287;320;47
287;321;47
287;322;47
287;323;47
287;324;47
287;325;47
287;326;47
287;327;47
287;328;47
287;329;47
287;330;47
287;331;47
287;332;47
287;333;47
287;334;47
287;335;47
287;336;47
287;337;47
287;338;47
287;339;47
287;340;47
287;341;47
287;342;47
287;343;47
287;344;47
287;345;47
287;346;47
287;347;47
287;348;47
287;349;47
287;350;47
287;351;35
287;352;35
287;353;35
287;354;35
287;355;35
287;356;35
287;357;35
287;358;35
287;359;35
287;360;35
287;361;35
287;362;35
287;363;35
287;364;35
287;365;35
287;366;35
287;367;35
287;368;35
287;369;35
287;370;35
287;371;35
287;372;35
287;373;35
287;374;35
287;375;35
287;376;35
287;377;35
287;378;35
287;379;35
287;380;35
287;381;35
287;382;35
287;383;35
287;384;35
287;385;35
287;386;35
287;387;17
287;388;17
287;389;17
287;390;17
287;391;24
287;392;24
287;393;24
287;394;24
287;395;24
287;396;24
287;397;24
287;398;24
287;399;24
287;400;24
287;401;24
287;402;24
287;403;24
287;404;24
287;405;24
287;406;24
287;407;24
287;408;24
287;409;24
287;410;24
287;411;24
287;412;24
287;413;24
287;414;24
287;415;24
287;416;13
287;417;13
287;418;13
287;419;13
287;420;13
287;421;13
287;422;13
287;423;13
287;424;13
287;425;13
287;426;13
287;427;13
287;428;13
287;429;13
287;430;13
287;431;13
287;432;13
287;433;42
287;434;42
287;435;42
287;436;36
287;437;36
287;438;36
287;439;36
287;440;36
287;441;36
287;442;36
287;443;36
287;444;36
287;445;36
287;446;36
287;447;36
287;448;36
287;449;36
287;450;36
287;451;36
287;452;36
287;453;36
287;454;36
287;455;36
287;456;36
287;457;36
287;458;36
287;459;36
287;460;36
287;461;36
287;462;36
287;463;36
287;464;36
287;465;36
287;466;36
287;467;36
287;468;43
287;469;43
287;470;43
287;471;43
287;472;43
287;473;43
287;474;43
287;475;43
287;476;43
287;477;43
287;478;43
287;479;43
287;480;43
287;481;43
287;482;43
287;483;43
287;484;43
287;485;43
287;486;43
287;487;43
287;488;43
287;489;43
287;490;43
287;491;43
287;492;35
287;493;35
287;494;35
287;495;35
287;496;35
287;497;35
287;498;35
287;499;35
288;0;40
288;1;16
288;2;16
288;3;16
288;4;16
288;5;16
288;6;16
288;7;16
288;8;16
288;9;16
288;10;16
288;11;10
288;12;10
288;13;10
288;14;10
288;15;10
288;16;10
288;17;10
288;18;10
288;19;10
288;20;10
288;21;10
288;22;10
288;23;10
288;24;10
288;25;10
288;26;10
288;27;10
288;28;10
288;29;10
288;30;10
288;31;10
288;32;10
288;33;10
288;34;4
288;35;4
288;36;4
288;37;4
288;38;4
288;39;25
288;40;25
288;41;25
288;42;25
288;43;25
288;44;25
288;45;25
288;46;25
288;47;25
288;48;25
288;49;25
288;50;25
288;51;25
288;52;25
288;53;25
288;54;25
288;55;25
288;56;25
288;57;25
288;58;25
288;59;25
288;60;25
288;61;25
288;62;25
288;63;25
288;64;25
288;65;38
288;66;38
288;67;38
288;68;38
288;69;38
288;70;38
288;71;38
288;72;38
288;73;38
288;74;38
288;75;38
288;76;38
288;77;38
288;78;38
288;79;38
288;80;38
288;81;38
288;82;38
288;83;31
288;84;31
288;85;31
288;86;31
288;87;31
288;88;31
288;89;31
288;90;31
288;91;31
288;92;31
288;93;31
288;94;31
288;95;31
288;96;31
288;97;31
288;98;31
288;99;31
288;100;31
288;101;31
288;102;31
288;103;31
288;104;31
288;105;31
288;106;31
288;107;31
288;108;31
288;109;31
288;110;31
288;111;31
288;112;31
288;113;31
288;114;31
288;115;31
288;116;31
288;117;31
288;118;31
288;119;31
288;120;31
288;121;31
288;122;31
288;123;31
288;124;31
288;125;31
288;126;31
288;127;31
288;128;31
288;129;15
288;130;15
288;131;15
288;132;15
288;133;15
288;134;15
288;135;15
288;136;15
288;137;15
288;138;44
288;139;44
288;140;44
288;141;44
288;142;44
288;143;44
288;144;44
288;145;44
288;146;44
288;147;44
288;148;44
288;149;44
288;150;44
288;151;44
288;152;44
288;153;44
288;154;44
288;155;44
288;156;44
288;157;44
288;158;44
288;159;44
288;160;44
288;161;44
288;162;44
288;163;44
288;164;44
288;165;28
288;166;28
288;167;28
288;168;28
288;169;28
288;170;28
288;171;28
288;172;28
288;173;28
288;174;28
288;175;28
288;176;28
288;177;28
288;178;28
288;179;28
288;180;28
288;181;28
288;182;28
288;183;39
288;184;39
288;185;39
288;186;39
288;187;39
288;188;39
288;189;39
288;190;39
288;191;6
288;192;6
288;193;6
288;194;6
288;195;6
288;196;6
288;197;6
288;198;6
288;199;6
288;200;6
288;201;6
288;202;6
288;203;6
288;204;6
288;205;6
288;206;6
288;207;6
288;208;6
288;209;6
288;210;7
288;211;7
288;212;7
288;213;7
288;214;7
288;215;7
288;216;7
288;217;7
288;218;7
288;219;7
288;220;7
288;221;7
288;222;7
288;223;7
288;224;7
288;225;7
288;226;7
288;227;7
288;228;7
288;229;43
288;230;43
288;231;43
288;232;43
288;233;43
288;234;43
288;235;43
288;236;43
288;237;43
288;238;43
288;239;43
288;240;43
288;241;35
288;242;35
288;243;35
288;244;35
288;245;35
288;246;35
288;247;35
288;248;35
288;249;35
288;250;35
288;251;35
288;252;35
288;253;35
288;254;35
288;255;35
288;256;35
288;257;35
288;258;35
288;259;35
288;260;35
288;261;35
288;262;7
288;263;4
288;264;4
288;265;4
288;266;4
288;267;4
288;268;4
288;269;4
288;270;4
288;271;4
288;272;4
288;273;4
288;274;4
288;275;4
288;276;4
288;277;4
288;278;4
288;279;4
288;280;4
288;281;4
288;282;4
288;283;4
288;284;4
288;285;4
288;286;4
288;287;4
288;288;4
288;289;4
288;290;4
288;291;4
288;292;4
288;293;4
288;294;4
288;295;4
288;296;4
288;297;4
288;298;4
288;299;4
288;300;4
288;301;4
288;302;4
288;303;4
288;304;4
288;305;4
288;306;4
288;307;4
288;308;4
288;309;4
288;310;4
288;311;4
288;312;47
288;313;47
288;314;47
288;315;47
288;316;47
288;317;47
288;318;47
288;319;47
288;320;47
288;321;47
288;322;47
288;323;47
288;324;47
288;325;47
288;326;47
288;327;47
288;328;47
288;329;47
288;330;47
288;331;47
288;332;47
288;333;47
288;334;47
288;335;47
288;336;47
288;337;47
288;338;47
288;339;47
288;340;47
288;341;47
288;342;47
288;343;47
288;344;47
288;345;47
288;346;47
288;347;47
288;348;47
288;349;47
288;350;47
288;351;29
288;352;29
288;353;29
288;354;29
288;355;29
288;356;29
288;357;29
288;358;29
288;359;29
288;360;35
288;361;35
288;362;35
288;363;35
288;364;35
288;365;35
288;366;35
288;367;35
288;368;35
288;369;35
288;370;35
288;371;35
288;372;35
288;373;35
288;374;35
288;375;35
288;376;35
288;377;35
288;378;35
288;379;35
288;380;35
288;381;35
288;382;35
288;383;35
288;384;35
288;385;35
288;386;17
288;387;17
288;388;17
288;389;17
288;390;17
288;391;17
288;392;24
288;393;24
288;394;24
288;395;24
288;396;24
288;397;24
288;398;24
288;399;24
288;400;24
288;401;24
288;402;24
288;403;24
288;404;24
288;405;24
288;406;24
288;407;24
288;408;24
288;409;24
288;410;24
288;411;24
288;412;24
288;413;24
288;414;24
288;415;24
288;416;24
288;417;24
288;418;13
288;419;13
288;420;13
288;421;13
288;422;13
288;423;13
288;424;13
288;425;13
288;426;13
288;427;13
288;428;13
288;429;13
288;430;13
288;431;13
288;432;42
288;433;42
288;434;42
288;435;42
288;436;42
288;437;42
288;438;36
288;439;36
288;440;36
288;441;36
288;442;36
288;443;36
288;444;36
288;445;36
288;446;36
288;447;36
288;448;36
288;449;36
288;450;36
288;451;36
288;452;36
288;453;36
288;454;36
288;455;36
288;456;36
288;457;36
288;458;36
288;459;36
288;460;36
288;461;36
288;462;36
288;463;36
288;464;36
288;465;36
288;466;36
288;467;36
288;468;36
288;469;43
288;470;43
288;471;43
288;472;43
288;473;43
288;474;43
288;475;43
288;476;43
288;477;43
288;478;43
288;479;43
288;480;43
288;481;43
288;482;43
288;483;43
288;484;43
288;485;43
288;486;43
288;487;43
288;488;43
288;489;43
288;490;43
288;491;43
288;492;43
288;493;35
288;494;35
288;495;35
288;496;35
288;497;35
288;498;35
288;499;35
289;0;40
289;1;40
289;2;16
289;3;16
289;4;16
289;5;16
289;6;16
289;7;16
289;8;16
289;9;16
289;10;16
289;11;16
289;12;10
289;13;10
289;14;10
289;15;10
289;16;10
289;17;10
289;18;10
289;19;10
289;20;10
289;21;10
289;22;10
289;23;10
289;24;10
289;25;10
289;26;10
289;27;10
289;28;10
289;29;10
289;30;10
289;31;10
289;32;10
289;33;10
289;34;4
289;35;4
289;36;4
289;37;4
289;38;25
289;39;25
289;40;25
289;41;25
289;42;25
289;43;25
289;44;25
289;45;25
289;46;25
289;47;25
289;48;25
289;49;25
289;50;25
289;51;25
289;52;25
289;53;25
289;54;25
289;55;25
289;56;25
289;57;25
289;58;25
289;59;25
289;60;25
289;61;25
289;62;25
289;63;25
289;64;25
289;65;38
289;66;38
289;67;38
289;68;38
289;69;38
289;70;38
289;71;38
289;72;38
289;73;38
289;74;38
289;75;38
289;76;38
289;77;38
289;78;38
289;79;38
289;80;38
289;81;38
289;82;38
289;83;38
289;84;31
289;85;31
289;86;31
289;87;31
289;88;31
289;89;31
289;90;31
289;91;31
289;92;31
289;93;31
289;94;31
289;95;31
289;96;31
289;97;31
289;98;31
289;99;31
289;100;31
289;101;31
289;102;31
289;103;31
289;104;31
289;105;31
289;106;31
289;107;31
289;108;31
289;109;31
289;110;31
289;111;31
289;112;31
289;113;31
289;114;31
289;115;31
289;116;31
289;117;31
289;118;31
289;119;31
289;120;31
289;121;31
289;122;31
289;123;31
289;124;31
289;125;31
289;126;31
289;127;31
289;128;15
289;129;15
289;130;15
289;131;15
289;132;15
289;133;15
289;134;15
289;135;15
289;136;15
289;137;15
289;138;15
289;139;15
289;140;44
289;141;44
289;142;44
289;143;44
289;144;44
289;145;44
289;146;44
289;147;44
289;148;44
289;149;44
289;150;44
289;151;44
289;152;44
289;153;44
289;154;44
289;155;44
289;156;44
289;157;44
289;158;44
289;159;44
289;160;44
289;161;44
289;162;44
289;163;44
289;164;44
289;165;28
289;166;28
289;167;28
289;168;28
289;169;28
289;170;28
289;171;28
289;172;28
289;173;28
289;174;28
289;175;28
289;176;28
289;177;28
289;178;28
289;179;28
289;180;28
289;181;28
289;182;28
289;183;28
289;184;39
289;185;39
289;186;39
289;187;39
289;188;39
289;189;39
289;190;6
289;191;6
289;192;6
289;193;6
289;194;6
289;195;6
289;196;6
289;197;6
289;198;6
289;199;6
289;200;6
289;201;6
289;202;6
289;203;6
289;204;6
289;205;6
289;206;6
289;207;6
289;208;6
289;209;6
289;210;6
289;211;7
289;212;7
289;213;7
289;214;7
289;215;7
289;216;7
289;217;7
289;218;7
289;219;7
289;220;7
289;221;7
289;222;7
289;223;7
289;224;7
289;225;7
289;226;7
289;227;7
289;228;7
289;229;7
289;230;43
289;231;43
289;232;43
289;233;43
289;234;43
289;235;43
289;236;43
289;237;43
289;238;43
289;239;43
289;240;43
289;241;43
289;242;35
289;243;35
289;244;35
289;245;35
289;246;35
289;247;35
289;248;35
289;249;35
289;250;35
289;251;35
289;252;35
289;253;35
289;254;35
289;255;35
289;256;35
289;257;35
289;258;35
289;259;35
289;260;35
289;261;7
289;262;7
289;263;7
289;264;4
289;265;4
289;266;4
289;267;4
289;268;4
289;269;4
289;270;4
289;271;4
289;272;4
289;273;4
289;274;4
289;275;4
289;276;4
289;277;4
289;278;4
289;279;4
289;280;4
289;281;4
289;282;4
289;283;4
289;284;4
289;285;4
289;286;4
289;287;4
289;288;4
289;289;4
289;290;4
289;291;4
289;292;4
289;293;4
289;294;4
289;295;4
289;296;4
289;297;4
289;298;4
289;299;4
289;300;4
289;301;4
289;302;4
289;303;4
289;304;4
289;305;4
289;306;4
289;307;4
289;308;4
289;309;4
289;310;4
289;311;4
289;312;18
289;313;47
289;314;47
289;315;47
289;316;47
289;317;47
289;318;47
289;319;47
289;320;47
289;321;47
289;322;47
289;323;47
289;324;47
289;325;47
289;326;47
289;327;47
289;328;47
289;329;47
289;330;47
289;331;47
289;332;47
289;333;47
289;334;47
289;335;47
289;336;47
289;337;47
289;338;47
289;339;47
289;340;47
289;341;47
289;342;47
289;343;47
289;344;47
289;345;47
289;346;47
289;347;47
289;348;47
289;349;47
289;350;47
289;351;29
289;352;29
289;353;29
289;354;29
289;355;29
289;356;29
289;357;29
289;358;29
289;359;29
289;360;29
289;361;29
289;362;35
289;363;35
289;364;35
289;365;35
289;366;35
289;367;35
289;368;35
289;369;35
289;370;35
289;371;35
289;372;35
289;373;35
289;374;35
289;375;35
289;376;35
289;377;35
289;378;35
289;379;35
289;380;35
289;381;35
289;382;35
289;383;35
289;384;35
289;385;17
289;386;17
289;387;17
289;388;17
289;389;17
289;390;17
289;391;17
289;392;24
289;393;24
289;394;24
289;395;24
289;396;24
289;397;24
289;398;24
289;399;24
289;400;24
289;401;24
289;402;24
289;403;24
289;404;24
289;405;24
289;406;24
289;407;24
289;408;24
289;409;24
289;410;24
289;411;24
289;412;24
289;413;24
289;414;24
289;415;24
289;416;24
289;417;24
289;418;24
289;419;24
289;420;13
289;421;13
289;422;13
289;423;13
289;424;13
289;425;13
289;426;13
289;427;13
289;428;13
289;429;13
289;430;13
289;431;42
289;432;42
289;433;42
289;434;42
289;435;42
289;436;42
289;437;42
289;438;42
289;439;42
289;440;36
289;441;36
289;442;36
289;443;36
289;444;36
289;445;36
289;446;36
289;447;36
289;448;36
289;449;36
289;450;36
289;451;36
289;452;36
289;453;36
289;454;36
289;455;36
289;456;36
289;457;36
289;458;36
289;459;36
289;460;36
289;461;36
289;462;36
289;463;36
289;464;36
289;465;36
289;466;36
289;467;36
289;468;36
289;469;36
289;470;43
289;471;43
289;472;43
289;473;43
289;474;43
289;475;43
289;476;43
289;477;43
289;478;43
289;479;43
289;480;43
289;481;43
289;482;43
289;483;43
289;484;43
289;485;43
289;486;43
289;487;43
289;488;43
289;489;43
289;490;43
289;491;43
289;492;43
289;493;43
289;494;35
289;495;35
289;496;35
289;497;35
289;498;35
289;499;35
290;0;40
290;1;40
290;2;40
290;3;16
290;4;16
290;5;16
290;6;16
290;7;16
290;8;16
290;9;16
290;10;16
290;11;16
290;12;16
290;13;10
290;14;10
290;15;10
290;16;10
290;17;10
290;18;10
290;19;10
290;20;10
290;21;10
290;22;10
290;23;10
290;24;10
290;25;10
290;26;10
290;27;10
290;28;10
290;29;10
290;30;10
290;31;10
290;32;10
290;33;10
290;34;10
290;35;4
290;36;4
290;37;25
290;38;25
290;39;25
290;40;25
290;41;25
290;42;25
290;43;25
290;44;25
290;45;25
290;46;25
290;47;25
290;48;25
290;49;25
290;50;25
290;51;25
290;52;25
290;53;25
290;54;25
290;55;25
290;56;25
290;57;25
290;58;25
290;59;25
290;60;25
290;61;25
290;62;25
290;63;25
290;64;25
290;65;38
290;66;38
290;67;38
290;68;38
290;69;38
290;70;38
290;71;38
290;72;38
290;73;38
290;74;38
290;75;38
290;76;38
290;77;38
290;78;38
290;79;38
290;80;38
290;81;38
290;82;38
290;83;38
290;84;38
290;85;31
290;86;31
290;87;31
290;88;31
290;89;31
290;90;31
290;91;31
290;92;31
290;93;31
290;94;31
290;95;31
290;96;31
290;97;31
290;98;31
290;99;31
290;100;31
290;101;31
290;102;31
290;103;31
290;104;31
290;105;31
290;106;31
290;107;31
290;108;31
290;109;31
290;110;31
290;111;31
290;112;31
290;113;31
290;114;31
290;115;31
290;116;31
290;117;31
290;118;31
290;119;31
290;120;31
290;121;31
290;122;31
290;123;31
290;124;31
290;125;31
290;126;31
290;127;15
290;128;15
290;129;15
290;130;15
290;131;15
290;132;15
290;133;15
290;134;15
290;135;15
290;136;15
290;137;15
290;138;15
290;139;15
290;140;15
290;141;15
290;142;44
290;143;44
290;144;44
290;145;44
290;146;44
290;147;44
290;148;44
290;149;44
290;150;44
290;151;44
290;152;44
290;153;44
290;154;44
290;155;44
290;156;44
290;157;44
290;158;44
290;159;44
290;160;44
290;161;44
290;162;44
290;163;44
290;164;44
290;165;28
290;166;28
290;167;28
290;168;28
290;169;28
290;170;28
290;171;28
290;172;28
290;173;28
290;174;28
290;175;28
290;176;28
290;177;28
290;178;28
290;179;28
290;180;28
290;181;28
290;182;28
290;183;28
290;184;28
290;185;39
290;186;25
290;187;25
290;188;25
290;189;25
290;190;25
290;191;6
290;192;6
290;193;6
290;194;6
290;195;6
290;196;6
290;197;6
290;198;6
290;199;6
290;200;6
290;201;6
290;202;6
290;203;6
290;204;6
290;205;6
290;206;6
290;207;6
290;208;6
290;209;6
290;210;6
290;211;6
290;212;7
290;213;7
290;214;7
290;215;7
290;216;7
290;217;7
290;218;7
290;219;7
290;220;7
290;221;7
290;222;7
290;223;7
290;224;7
290;225;7
290;226;7
290;227;7
290;228;7
290;229;7
290;230;7
290;231;43
290;232;43
290;233;43
290;234;43
290;235;43
290;236;43
290;237;43
290;238;43
290;239;43
290;240;43
290;241;43
290;242;43
290;243;35
290;244;35
290;245;35
290;246;35
290;247;35
290;248;35
290;249;35
290;250;35
290;251;35
290;252;35
290;253;35
290;254;35
290;255;35
290;256;35
290;257;35
290;258;35
290;259;35
290;260;35
290;261;7
290;262;7
290;263;7
290;264;7
290;265;4
290;266;4
290;267;4
290;268;4
290;269;4
290;270;4
290;271;4
290;272;4
290;273;4
290;274;4
290;275;4
290;276;4
290;277;4
290;278;4
290;279;4
290;280;4
290;281;4
290;282;4
290;283;4
290;284;4
290;285;4
290;286;4
290;287;4
290;288;4
290;289;4
290;290;4
290;291;4
290;292;4
290;293;4
290;294;4
290;295;4
290;296;4
290;297;4
290;298;4
290;299;4
290;300;4
290;301;4
290;302;4
290;303;4
290;304;4
290;305;4
290;306;4
290;307;4
290;308;4
290;309;4
290;310;4
290;311;4
290;312;18
290;313;18
290;314;18
290;315;47
290;316;47
290;317;47
290;318;47
290;319;47
290;320;47
290;321;47
290;322;47
290;323;47
290;324;47
290;325;47
290;326;47
290;327;47
290;328;47
290;329;47
290;330;47
290;331;47
290;332;47
290;333;47
290;334;47
290;335;47
290;336;47
290;337;47
290;338;47
290;339;47
290;340;47
290;341;47
290;342;47
290;343;47
290;344;47
290;345;47
290;346;47
290;347;47
290;348;47
290;349;47
290;350;3
290;351;3
290;352;29
290;353;29
290;354;29
290;355;29
290;356;29
290;357;29
290;358;29
290;359;29
290;360;29
290;361;29
290;362;29
290;363;29
290;364;35
290;365;35
290;366;35
290;367;35
290;368;35
290;369;35
290;370;35
290;371;35
290;372;35
290;373;35
290;374;35
290;375;35
290;376;35
290;377;35
290;378;35
290;379;35
290;380;35
290;381;35
290;382;35
290;383;35
290;384;17
290;385;17
290;386;17
290;387;17
290;388;17
290;389;17
290;390;17
290;391;17
290;392;17
290;393;24
290;394;24
290;395;24
290;396;24
290;397;24
290;398;24
290;399;24
290;400;24
290;401;24
290;402;24
290;403;24
290;404;24
290;405;24
290;406;24
290;407;24
290;408;24
290;409;24
290;410;24
290;411;24
290;412;24
290;413;24
290;414;24
290;415;24
290;416;24
290;417;24
290;418;24
290;419;24
290;420;24
290;421;13
290;422;13
290;423;13
290;424;13
290;425;13
290;426;13
290;427;13
290;428;13
290;429;13
290;430;42
290;431;42
290;432;42
290;433;42
290;434;42
290;435;42
290;436;42
290;437;42
290;438;42
290;439;42
290;440;42
290;441;42
290;442;36
290;443;36
290;444;36
290;445;36
290;446;36
290;447;36
290;448;36
290;449;36
290;450;36
290;451;36
290;452;36
290;453;36
290;454;36
290;455;36
290;456;36
290;457;36
290;458;36
290;459;36
290;460;36
290;461;36
290;462;36
290;463;36
290;464;36
290;465;36
290;466;36
290;467;36
290;468;36
290;469;36
290;470;36
290;471;43
290;472;43
290;473;43
290;474;43
290;475;43
290;476;43
290;477;43
290;478;43
290;479;43
290;480;43
290;481;43
290;482;43
290;483;43
290;484;43
290;485;43
290;486;43
290;487;43
290;488;43
290;489;43
290;490;43
290;491;43
290;492;43
290;493;43
290;494;43
290;495;35
290;496;35
290;497;35
290;498;35
290;499;35
291;0;40
291;1;40
291;2;40
291;3;40
291;4;16
291;5;16
291;6;16
291;7;16
291;8;16
291;9;16
291;10;16
291;11;16
291;12;16
291;13;16
291;14;16
291;15;10
291;16;10
291;17;10
291;18;10
291;19;10
291;20;10
291;21;10
291;22;10
291;23;10
291;24;10
291;25;10
291;26;10
291;27;10
291;28;10
291;29;10
291;30;10
291;31;10
291;32;10
291;33;10
291;34;10
291;35;25
291;36;25
291;37;25
291;38;25
291;39;25
291;40;25
291;41;25
291;42;25
291;43;25
291;44;25
291;45;25
291;46;25
291;47;25
291;48;25
291;49;25
291;50;25
291;51;25
291;52;25
291;53;25
291;54;25
291;55;25
291;56;25
291;57;25
291;58;25
291;59;25
291;60;25
291;61;25
291;62;25
291;63;25
291;64;25
291;65;38
291;66;38
291;67;38
291;68;38
291;69;38
291;70;38
291;71;38
291;72;38
291;73;38
291;74;38
291;75;38
291;76;38
291;77;38
291;78;38
291;79;38
291;80;38
291;81;38
291;82;38
291;83;38
291;84;38
291;85;38
291;86;31
291;87;31
291;88;31
291;89;31
291;90;31
291;91;31
291;92;31
291;93;31
291;94;31
291;95;31
291;96;31
291;97;31
291;98;31
291;99;31
291;100;31
291;101;31
291;102;31
291;103;31
291;104;31
291;105;31
291;106;31
291;107;31
291;108;31
291;109;31
291;110;31
291;111;31
291;112;31
291;113;31
291;114;31
291;115;31
291;116;31
291;117;31
291;118;31
291;119;31
291;120;31
291;121;31
291;122;31
291;123;31
291;124;31
291;125;31
291;126;15
291;127;15
291;128;15
291;129;15
291;130;15
291;131;15
291;132;15
291;133;15
291;134;15
291;135;15
291;136;15
291;137;15
291;138;15
291;139;15
291;140;15
291;141;15
291;142;15
291;143;15
291;144;44
291;145;44
291;146;44
291;147;44
291;148;44
291;149;44
291;150;44
291;151;44
291;152;44
291;153;44
291;154;44
291;155;44
291;156;44
291;157;44
291;158;44
291;159;44
291;160;44
291;161;44
291;162;44
291;163;44
291;164;44
291;165;28
291;166;28
291;167;28
291;168;28
291;169;28
291;170;28
291;171;28
291;172;28
291;173;28
291;174;28
291;175;28
291;176;28
291;177;28
291;178;28
291;179;28
291;180;28
291;181;28
291;182;28
291;183;28
291;184;28
291;185;28
291;186;25
291;187;25
291;188;25
291;189;25
291;190;25
291;191;25
291;192;6
291;193;6
291;194;6
291;195;6
291;196;6
291;197;6
291;198;6
291;199;6
291;200;6
291;201;6
291;202;6
291;203;6
291;204;6
291;205;6
291;206;6
291;207;6
291;208;6
291;209;6
291;210;6
291;211;6
291;212;6
291;213;6
291;214;7
291;215;7
291;216;7
291;217;7
291;218;7
291;219;7
291;220;7
291;221;7
291;222;7
291;223;7
291;224;7
291;225;7
291;226;7
291;227;7
291;228;7
291;229;7
291;230;7
291;231;7
291;232;43
291;233;43
291;234;43
291;235;43
291;236;43
291;237;43
291;238;43
291;239;43
291;240;43
291;241;43
291;242;43
291;243;43
291;244;35
291;245;35
291;246;35
291;247;35
291;248;35
291;249;35
291;250;35
291;251;35
291;252;35
291;253;35
291;254;35
291;255;35
291;256;35
291;257;35
291;258;35
291;259;35
291;260;35
291;261;7
291;262;7
291;263;7
291;264;7
291;265;7
291;266;4
291;267;4
291;268;4
291;269;4
291;270;4
291;271;4
291;272;4
291;273;4
291;274;4
291;275;4
291;276;4
291;277;4
291;278;4
291;279;4
291;280;4
291;281;4
291;282;4
291;283;4
291;284;4
291;285;4
291;286;4
291;287;4
291;288;4
291;289;4
291;290;4
291;291;4
291;292;4
291;293;4
291;294;4
291;295;4
291;296;4
291;297;4
291;298;4
291;299;4
291;300;4
291;301;4
291;302;4
291;303;4
291;304;4
291;305;4
291;306;4
291;307;4
291;308;4
291;309;4
291;310;4
291;311;4
291;312;18
291;313;18
291;314;18
291;315;18
291;316;18
291;317;47
291;318;47
291;319;47
291;320;47
291;321;47
291;322;47
291;323;47
291;324;47
291;325;47
291;326;47
291;327;47
291;328;47
291;329;47
291;330;47
291;331;47
291;332;47
291;333;47
291;334;47
291;335;47
291;336;47
291;337;47
291;338;47
291;339;47
291;340;47
291;341;47
291;342;47
291;343;47
291;344;47
291;345;47
291;346;47
291;347;47
291;348;47
291;349;47
291;350;3
291;351;3
291;352;3
291;353;29
291;354;29
291;355;29
291;356;29
291;357;29
291;358;29
291;359;29
291;360;29
291;361;29
291;362;29
291;363;29
291;364;29
291;365;29
291;366;35
291;367;35
291;368;35
291;369;35
291;370;35
291;371;35
291;372;35
291;373;35
291;374;35
291;375;35
291;376;35
291;377;35
291;378;35
291;379;35
291;380;35
291;381;35
291;382;35
291;383;17
291;384;17
291;385;17
291;386;17
291;387;17
291;388;17
291;389;17
291;390;17
291;391;17
291;392;17
291;393;17
291;394;24
291;395;24
291;396;24
291;397;24
291;398;24
291;399;24
291;400;24
291;401;24
291;402;24
291;403;24
291;404;24
291;405;24
291;406;24
291;407;24
291;408;24
291;409;24
291;410;24
291;411;24
291;412;24
291;413;24
291;414;24
291;415;24
291;416;24
291;417;24
291;418;24
291;419;24
291;420;28
291;421;28
291;422;28
291;423;13
291;424;13
291;425;13
291;426;13
291;427;13
291;428;13
291;429;42
291;430;42
291;431;42
291;432;42
291;433;42
291;434;42
291;435;42
291;436;42
291;437;42
291;438;42
291;439;42
291;440;42
291;441;42
291;442;42
291;443;42
291;444;36
291;445;36
291;446;36
291;447;36
291;448;36
291;449;36
291;450;36
291;451;36
291;452;36
291;453;36
291;454;36
291;455;36
291;456;36
291;457;36
291;458;36
291;459;36
291;460;36
291;461;36
291;462;36
291;463;36
291;464;36
291;465;36
291;466;36
291;467;36
291;468;36
291;469;36
291;470;36
291;471;36
291;472;43
291;473;43
291;474;43
291;475;43
291;476;43
291;477;43
291;478;43
291;479;43
291;480;43
291;481;43
291;482;43
291;483;43
291;484;43
291;485;43
291;486;43
291;487;43
291;488;43
291;489;43
291;490;43
291;491;43
291;492;43
291;493;43
291;494;43
291;495;43
291;496;35
291;497;35
291;498;35
291;499;35
292;0;40
292;1;40
292;2;40
292;3;40
292;4;16
292;5;16
292;6;16
292;7;16
292;8;16
292;9;16
292;10;16
292;11;16
292;12;16
292;13;16
292;14;16
292;15;16
292;16;16
292;17;10
292;18;10
292;19;10
292;20;10
292;21;10
292;22;10
292;23;10
292;24;10
292;25;10
292;26;10
292;27;10
292;28;10
292;29;10
292;30;10
292;31;10
292;32;10
292;33;10
292;34;10
292;35;25
292;36;25
292;37;25
292;38;25
292;39;25
292;40;25
292;41;25
292;42;25
292;43;25
292;44;25
292;45;25
292;46;25
292;47;25
292;48;25
292;49;25
292;50;25
292;51;25
292;52;25
292;53;25
292;54;25
292;55;25
292;56;25
292;57;25
292;58;25
292;59;25
292;60;25
292;61;25
292;62;25
292;63;25
292;64;25
292;65;38
292;66;38
292;67;38
292;68;38
292;69;38
292;70;38
292;71;38
292;72;38
292;73;38
292;74;38
292;75;38
292;76;38
292;77;38
292;78;38
292;79;38
292;80;38
292;81;38
292;82;38
292;83;38
292;84;38
292;85;38
292;86;38
292;87;31
292;88;31
292;89;31
292;90;31
292;91;31
292;92;31
292;93;31
292;94;31
292;95;31
292;96;31
292;97;31
292;98;31
292;99;31
292;100;31
292;101;31
292;102;31
292;103;31
292;104;31
292;105;31
292;106;31
292;107;31
292;108;31
292;109;31
292;110;31
292;111;31
292;112;31
292;113;31
292;114;31
292;115;31
292;116;31
292;117;31
292;118;31
292;119;31
292;120;31
292;121;31
292;122;31
292;123;31
292;124;31
292;125;31
292;126;15
292;127;15
292;128;15
292;129;15
292;130;15
292;131;15
292;132;15
292;133;15
292;134;15
292;135;15
292;136;15
292;137;15
292;138;15
292;139;15
292;140;15
292;141;15
292;142;15
292;143;15
292;144;15
292;145;44
292;146;44
292;147;44
292;148;44
292;149;44
292;150;44
292;151;44
292;152;44
292;153;44
292;154;44
292;155;44
292;156;44
292;157;44
292;158;44
292;159;44
292;160;44
292;161;44
292;162;44
292;163;44
292;164;44
292;165;28
292;166;28
292;167;28
292;168;28
292;169;28
292;170;28
292;171;28
292;172;28
292;173;28
292;174;28
292;175;28
292;176;28
292;177;28
292;178;28
292;179;28
292;180;28
292;181;28
292;182;28
292;183;28
292;184;28
292;185;28
292;186;28
292;187;25
292;188;25
292;189;25
292;190;25
292;191;25
292;192;25
292;193;6
292;194;6
292;195;6
292;196;6
292;197;6
292;198;6
292;199;6
292;200;6
292;201;6
292;202;6
292;203;6
292;204;6
292;205;6
292;206;6
292;207;6
292;208;6
292;209;6
292;210;6
292;211;6
292;212;6
292;213;6
292;214;6
292;215;6
292;216;7
292;217;7
292;218;7
292;219;7
292;220;7
292;221;7
292;222;7
292;223;7
292;224;7
292;225;7
292;226;7
292;227;7
292;228;7
292;229;7
292;230;7
292;231;7
292;232;7
292;233;43
292;234;43
292;235;43
292;236;43
292;237;43
292;238;43
292;239;43
292;240;43
292;241;43
292;242;43
292;243;43
292;244;43
292;245;35
292;246;35
292;247;35
292;248;35
292;249;35
292;250;35
292;251;35
292;252;35
292;253;35
292;254;35
292;255;35
292;256;35
292;257;35
292;258;35
292;259;35
292;260;35
292;261;7
292;262;7
292;263;7
292;264;7
292;265;7
292;266;7
292;267;4
292;268;4
292;269;4
292;270;4
292;271;4
292;272;4
292;273;4
292;274;4
292;275;4
292;276;4
292;277;4
292;278;4
292;279;4
292;280;4
292;281;4
292;282;4
292;283;4
292;284;4
292;285;4
292;286;4
292;287;4
292;288;4
292;289;4
292;290;4
292;291;4
292;292;4
292;293;4
292;294;4
292;295;4
292;296;4
292;297;4
292;298;4
292;299;4
292;300;4
292;301;4
292;302;4
292;303;4
292;304;4
292;305;4
292;306;4
292;307;4
292;308;4
292;309;4
292;310;4
292;311;4
292;312;18
292;313;18
292;314;18
292;315;18
292;316;18
292;317;18
292;318;18
292;319;47
292;320;47
292;321;47
292;322;47
292;323;47
292;324;47
292;325;47
292;326;47
292;327;47
292;328;47
292;329;47
292;330;47
292;331;47
292;332;47
292;333;47
292;334;47
292;335;47
292;336;47
292;337;47
292;338;47
292;339;47
292;340;47
292;341;47
292;342;47
292;343;47
292;344;47
292;345;47
292;346;47
292;347;47
292;348;47
292;349;47
292;350;3
292;351;3
292;352;3
292;353;3
292;354;29
292;355;29
292;356;29
292;357;29
292;358;29
292;359;29
292;360;29
292;361;29
292;362;29
292;363;29
292;364;29
292;365;29
292;366;29
292;367;29
292;368;35
292;369;35
292;370;35
292;371;35
292;372;35
292;373;35
292;374;35
292;375;35
292;376;35
292;377;35
292;378;35
292;379;35
292;380;35
292;381;35
292;382;35
292;383;17
292;384;17
292;385;17
292;386;17
292;387;17
292;388;17
292;389;17
292;390;17
292;391;17
292;392;17
292;393;17
292;394;17
292;395;24
292;396;24
292;397;24
292;398;24
292;399;24
292;400;24
292;401;24
292;402;24
292;403;24
292;404;24
292;405;24
292;406;24
292;407;24
292;408;24
292;409;24
292;410;24
292;411;24
292;412;24
292;413;24
292;414;24
292;415;24
292;416;24
292;417;24
292;418;24
292;419;28
292;420;28
292;421;28
292;422;28
292;423;28
292;424;28
292;425;13
292;426;13
292;427;13
292;428;42
292;429;42
292;430;42
292;431;42
292;432;42
292;433;42
292;434;42
292;435;42
292;436;42
292;437;42
292;438;42
292;439;42
292;440;42
292;441;42
292;442;42
292;443;42
292;444;42
292;445;42
292;446;36
292;447;36
292;448;36
292;449;36
292;450;36
292;451;36
292;452;36
292;453;36
292;454;36
292;455;36
292;456;36
292;457;36
292;458;36
292;459;36
292;460;36
292;461;36
292;462;36
292;463;36
292;464;36
292;465;36
292;466;36
292;467;36
292;468;36
292;469;36
292;470;36
292;471;36
292;472;36
292;473;43
292;474;43
292;475;43
292;476;43
292;477;43
292;478;43
292;479;43
292;480;43
292;481;43
292;482;43
292;483;43
292;484;43
292;485;43
292;486;43
292;487;43
292;488;43
292;489;43
292;490;43
292;491;43
292;492;43
292;493;43
292;494;43
292;495;43
292;496;43
292;497;35
292;498;35
292;499;35
293;0;40
293;1;40
293;2;40
293;3;40
293;4;40
293;5;16
293;6;16
293;7;16
293;8;16
293;9;16
293;10;16
293;11;16
293;12;16
293;13;16
293;14;16
293;15;16
293;16;16
293;17;16
293;18;16
293;19;10
293;20;10
293;21;10
293;22;10
293;23;10
293;24;10
293;25;10
293;26;10
293;27;10
293;28;10
293;29;10
293;30;10
293;31;10
293;32;10
293;33;10
293;34;10
293;35;25
293;36;25
293;37;25
293;38;25
293;39;25
293;40;25
293;41;25
293;42;25
293;43;25
293;44;25
293;45;25
293;46;25
293;47;25
293;48;25
293;49;25
293;50;25
293;51;25
293;52;25
293;53;25
293;54;25
293;55;25
293;56;25
293;57;25
293;58;25
293;59;25
293;60;25
293;61;25
293;62;25
293;63;25
293;64;25
293;65;38
293;66;38
293;67;38
293;68;38
293;69;38
293;70;38
293;71;38
293;72;38
293;73;38
293;74;38
293;75;38
293;76;38
293;77;38
293;78;38
293;79;38
293;80;38
293;81;38
293;82;38
293;83;38
293;84;38
293;85;38
293;86;38
293;87;38
293;88;31
293;89;31
293;90;31
293;91;31
293;92;31
293;93;31
293;94;31
293;95;31
293;96;31
293;97;31
293;98;31
293;99;31
293;100;31
293;101;31
293;102;31
293;103;31
293;104;31
293;105;31
293;106;31
293;107;31
293;108;31
293;109;31
293;110;31
293;111;31
293;112;31
293;113;31
293;114;31
293;115;31
293;116;31
293;117;31
293;118;31
293;119;31
293;120;31
293;121;31
293;122;31
293;123;31
293;124;31
293;125;31
293;126;15
293;127;15
293;128;15
293;129;15
293;130;15
293;131;15
293;132;15
293;133;15
293;134;15
293;135;15
293;136;15
293;137;15
293;138;15
293;139;15
293;140;15
293;141;15
293;142;15
293;143;15
293;144;15
293;145;15
293;146;44
293;147;44
293;148;44
293;149;44
293;150;44
293;151;44
293;152;44
293;153;44
293;154;44
293;155;44
293;156;44
293;157;44
293;158;44
293;159;44
293;160;44
293;161;44
293;162;44
293;163;44
293;164;44
293;165;28
293;166;28
293;167;28
293;168;28
293;169;28
293;170;28
293;171;28
293;172;28
293;173;28
293;174;28
293;175;28
293;176;28
293;177;28
293;178;28
293;179;28
293;180;28
293;181;28
293;182;28
293;183;28
293;184;28
293;185;28
293;186;28
293;187;25
293;188;25
293;189;25
293;190;25
293;191;25
293;192;25
293;193;25
293;194;6
293;195;6
293;196;6
293;197;6
293;198;6
293;199;6
293;200;6
293;201;6
293;202;6
293;203;6
293;204;6
293;205;6
293;206;6
293;207;6
293;208;6
293;209;6
293;210;6
293;211;6
293;212;6
293;213;6
293;214;6
293;215;6
293;216;6
293;217;6
293;218;7
293;219;7
293;220;7
293;221;7
293;222;7
293;223;7
293;224;7
293;225;7
293;226;7
293;227;7
293;228;7
293;229;7
293;230;7
293;231;7
293;232;7
293;233;7
293;234;43
293;235;43
293;236;43
293;237;43
293;238;43
293;239;43
293;240;43
293;241;43
293;242;43
293;243;43
293;244;43
293;245;43
293;246;35
293;247;35
293;248;35
293;249;35
293;250;35
293;251;35
293;252;35
293;253;35
293;254;35
293;255;35
293;256;35
293;257;35
293;258;35
293;259;35
293;260;35
293;261;7
293;262;7
293;263;7
293;264;7
293;265;7
293;266;7
293;267;7
293;268;4
293;269;4
293;270;4
293;271;4
293;272;4
293;273;4
293;274;4
293;275;4
293;276;4
293;277;4
293;278;4
293;279;4
293;280;4
293;281;4
293;282;4
293;283;4
293;284;4
293;285;4
293;286;4
293;287;4
293;288;4
293;289;4
293;290;4
293;291;4
293;292;4
293;293;4
293;294;4
293;295;4
293;296;4
293;297;4
293;298;4
293;299;4
293;300;4
293;301;4
293;302;4
293;303;4
293;304;4
293;305;4
293;306;4
293;307;4
293;308;4
293;309;4
293;310;4
293;311;4
293;312;18
293;313;18
293;314;18
293;315;18
293;316;18
293;317;18
293;318;18
293;319;18
293;320;18
293;321;47
293;322;47
293;323;47
293;324;47
293;325;47
293;326;47
293;327;47
293;328;47
293;329;47
293;330;47
293;331;47
293;332;47
293;333;47
293;334;47
293;335;47
293;336;47
293;337;47
293;338;47
293;339;47
293;340;47
293;341;47
293;342;47
293;343;47
293;344;47
293;345;47
293;346;47
293;347;47
293;348;47
293;349;47
293;350;3
293;351;3
293;352;3
293;353;3
293;354;3
293;355;29
293;356;29
293;357;29
293;358;29
293;359;29
293;360;29
293;361;29
293;362;29
293;363;29
293;364;29
293;365;29
293;366;29
293;367;29
293;368;29
293;369;29
293;370;35
293;371;35
293;372;35
293;373;35
293;374;35
293;375;35
293;376;35
293;377;35
293;378;35
293;379;35
293;380;35
293;381;35
293;382;35
293;383;17
293;384;17
293;385;17
293;386;17
293;387;17
293;388;17
293;389;17
293;390;17
293;391;17
293;392;17
293;393;17
293;394;17
293;395;17
293;396;24
293;397;24
293;398;24
293;399;24
293;400;24
293;401;24
293;402;24
293;403;24
293;404;24
293;405;24
293;406;24
293;407;24
293;408;24
293;409;24
293;410;24
293;411;24
293;412;24
293;413;24
293;414;24
293;415;24
293;416;24
293;417;24
293;418;28
293;419;28
293;420;28
293;421;28
293;422;28
293;423;28
293;424;28
293;425;28
293;426;28
293;427;42
293;428;42
293;429;42
293;430;42
293;431;42
293;432;42
293;433;42
293;434;42
293;435;42
293;436;42
293;437;42
293;438;42
293;439;42
293;440;42
293;441;42
293;442;42
293;443;42
293;444;42
293;445;42
293;446;42
293;447;36
293;448;36
293;449;36
293;450;36
293;451;36
293;452;36
293;453;36
293;454;36
293;455;36
293;456;36
293;457;36
293;458;36
293;459;36
293;460;36
293;461;36
293;462;36
293;463;36
293;464;36
293;465;36
293;466;36
293;467;36
293;468;36
293;469;36
293;470;36
293;471;36
293;472;36
293;473;36
293;474;43
293;475;43
293;476;43
293;477;43
293;478;43
293;479;43
293;480;43
293;481;43
293;482;43
293;483;43
293;484;43
293;485;43
293;486;43
293;487;43
293;488;43
293;489;43
293;490;43
293;491;43
293;492;43
293;493;43
293;494;43
293;495;43
293;496;43
293;497;43
293;498;35
293;499;35
294;0;40
294;1;40
294;2;40
294;3;40
294;4;40
294;5;16
294;6;16
294;7;16
294;8;16
294;9;16
294;10;16
294;11;16
294;12;16
294;13;16
294;14;16
294;15;16
294;16;16
294;17;16
294;18;16
294;19;16
294;20;16
294;21;10
294;22;10
294;23;10
294;24;10
294;25;10
294;26;10
294;27;10
294;28;10
294;29;10
294;30;10
294;31;10
294;32;10
294;33;10
294;34;10
294;35;25
294;36;25
294;37;25
294;38;25
294;39;25
294;40;25
294;41;25
294;42;25
294;43;25
294;44;25
294;45;25
294;46;25
294;47;25
294;48;25
294;49;25
294;50;25
294;51;25
294;52;25
294;53;25
294;54;25
294;55;25
294;56;25
294;57;25
294;58;25
294;59;25
294;60;25
294;61;25
294;62;25
294;63;25
294;64;25
294;65;38
294;66;38
294;67;38
294;68;38
294;69;38
294;70;38
294;71;38
294;72;38
294;73;38
294;74;38
294;75;38
294;76;38
294;77;38
294;78;38
294;79;38
294;80;38
294;81;38
294;82;38
294;83;38
294;84;38
294;85;38
294;86;38
294;87;38
294;88;38
294;89;31
294;90;31
294;91;31
294;92;31
294;93;31
294;94;31
294;95;31
294;96;31
294;97;31
294;98;31
294;99;31
294;100;31
294;101;31
294;102;31
294;103;31
294;104;31
294;105;31
294;106;31
294;107;31
294;108;31
294;109;31
294;110;31
294;111;31
294;112;31
294;113;31
294;114;31
294;115;31
294;116;31
294;117;31
294;118;31
294;119;31
294;120;31
294;121;31
294;122;31
294;123;31
294;124;31
294;125;31
294;126;15
294;127;15
294;128;15
294;129;15
294;130;15
294;131;15
294;132;15
294;133;15
294;134;15
294;135;15
294;136;15
294;137;15
294;138;15
294;139;15
294;140;15
294;141;15
294;142;15
294;143;15
294;144;15
294;145;15
294;146;15
294;147;44
294;148;44
294;149;44
294;150;44
294;151;44
294;152;44
294;153;44
294;154;44
294;155;44
294;156;44
294;157;44
294;158;44
294;159;44
294;160;44
294;161;44
294;162;44
294;163;44
294;164;28
294;165;28
294;166;28
294;167;28
294;168;28
294;169;28
294;170;28
294;171;28
294;172;28
294;173;28
294;174;28
294;175;28
294;176;28
294;177;28
294;178;28
294;179;28
294;180;28
294;181;28
294;182;28
294;183;28
294;184;28
294;185;28
294;186;28
294;187;28
294;188;25
294;189;25
294;190;25
294;191;25
294;192;25
294;193;25
294;194;25
294;195;6
294;196;6
294;197;6
294;198;6
294;199;6
294;200;6
294;201;6
294;202;6
294;203;6
294;204;6
294;205;6
294;206;6
294;207;6
294;208;6
294;209;6
294;210;6
294;211;6
294;212;6
294;213;6
294;214;6
294;215;6
294;216;6
294;217;6
294;218;6
294;219;6
294;220;7
294;221;7
294;222;7
294;223;7
294;224;7
294;225;7
294;226;7
294;227;7
294;228;7
294;229;7
294;230;7
294;231;7
294;232;7
294;233;7
294;234;7
294;235;43
294;236;43
294;237;43
294;238;43
294;239;43
294;240;43
294;241;43
294;242;43
294;243;43
294;244;43
294;245;43
294;246;43
294;247;35
294;248;35
294;249;35
294;250;35
294;251;35
294;252;35
294;253;35
294;254;35
294;255;35
294;256;35
294;257;35
294;258;35
294;259;35
294;260;35
294;261;7
294;262;7
294;263;7
294;264;7
294;265;7
294;266;7
294;267;7
294;268;7
294;269;4
294;270;4
294;271;4
294;272;4
294;273;4
294;274;4
294;275;4
294;276;4
294;277;4
294;278;4
294;279;4
294;280;4
294;281;4
294;282;4
294;283;4
294;284;4
294;285;4
294;286;4
294;287;4
294;288;4
294;289;4
294;290;4
294;291;4
294;292;4
294;293;4
294;294;4
294;295;4
294;296;4
294;297;4
294;298;4
294;299;4
294;300;4
294;301;4
294;302;4
294;303;4
294;304;4
294;305;4
294;306;4
294;307;4
294;308;4
294;309;4
294;310;4
294;311;4
294;312;4
294;313;18
294;314;18
294;315;18
294;316;18
294;317;18
294;318;18
294;319;18
294;320;18
294;321;18
294;322;18
294;323;47
294;324;47
294;325;47
294;326;47
294;327;47
294;328;47
294;329;47
294;330;47
294;331;47
294;332;47
294;333;47
294;334;47
294;335;47
294;336;47
294;337;47
294;338;47
294;339;47
294;340;47
294;341;47
294;342;47
294;343;47
294;344;47
294;345;47
294;346;47
294;347;47
294;348;47
294;349;47
294;350;3
294;351;3
294;352;3
294;353;3
294;354;3
294;355;3
294;356;29
294;357;29
294;358;29
294;359;29
294;360;29
294;361;29
294;362;29
294;363;29
294;364;29
294;365;29
294;366;29
294;367;29
294;368;29
294;369;29
294;370;29
294;371;29
294;372;35
294;373;35
294;374;35
294;375;35
294;376;35
294;377;35
294;378;35
294;379;35
294;380;35
294;381;35
294;382;17
294;383;17
294;384;17
294;385;17
294;386;17
294;387;17
294;388;17
294;389;17
294;390;17
294;391;17
294;392;17
294;393;17
294;394;17
294;395;17
294;396;17
294;397;24
294;398;24
294;399;24
294;400;24
294;401;24
294;402;24
294;403;24
294;404;24
294;405;24
294;406;24
294;407;24
294;408;24
294;409;24
294;410;24
294;411;24
294;412;24
294;413;24
294;414;24
294;415;24
294;416;24
294;417;28
294;418;28
294;419;28
294;420;28
294;421;28
294;422;28
294;423;28
294;424;28
294;425;28
294;426;28
294;427;10
294;428;42
294;429;42
294;430;42
294;431;42
294;432;42
294;433;42
294;434;42
294;435;42
294;436;42
294;437;42
294;438;42
294;439;42
294;440;42
294;441;42
294;442;42
294;443;42
294;444;42
294;445;42
294;446;42
294;447;42
294;448;36
294;449;36
294;450;36
294;451;36
294;452;36
294;453;36
294;454;36
294;455;36
294;456;36
294;457;36
294;458;36
294;459;36
294;460;36
294;461;36
294;462;36
294;463;36
294;464;36
294;465;36
294;466;36
294;467;36
294;468;36
294;469;36
294;470;36
294;471;36
294;472;36
294;473;36
294;474;36
294;475;43
294;476;43
294;477;43
294;478;43
294;479;43
294;480;43
294;481;43
294;482;43
294;483;43
294;484;43
294;485;43
294;486;43
294;487;43
294;488;43
294;489;43
294;490;43
294;491;43
294;492;43
294;493;43
294;494;43
294;495;43
294;496;43
294;497;43
294;498;43
294;499;35
295;0;40
295;1;40
295;2;40
295;3;40
295;4;40
295;5;40
295;6;16
295;7;16
295;8;16
295;9;16
295;10;16
295;11;16
295;12;16
295;13;16
295;14;16
295;15;16
295;16;16
295;17;16
295;18;16
295;19;16
295;20;16
295;21;16
295;22;10
295;23;10
295;24;10
295;25;10
295;26;10
295;27;10
295;28;10
295;29;10
295;30;10
295;31;10
295;32;10
295;33;10
295;34;10
295;35;25
295;36;25
295;37;25
295;38;25
295;39;25
295;40;25
295;41;25
295;42;25
295;43;25
295;44;25
295;45;25
295;46;25
295;47;25
295;48;25
295;49;25
295;50;25
295;51;25
295;52;25
295;53;25
295;54;25
295;55;25
295;56;25
295;57;25
295;58;25
295;59;25
295;60;25
295;61;25
295;62;25
295;63;25
295;64;25
295;65;38
295;66;38
295;67;38
295;68;38
295;69;38
295;70;38
295;71;38
295;72;38
295;73;38
295;74;38
295;75;38
295;76;38
295;77;38
295;78;38
295;79;38
295;80;38
295;81;38
295;82;38
295;83;38
295;84;38
295;85;38
295;86;38
295;87;38
295;88;38
295;89;38
295;90;31
295;91;31
295;92;31
295;93;31
295;94;31
295;95;31
295;96;31
295;97;31
295;98;31
295;99;31
295;100;31
295;101;31
295;102;31
295;103;31
295;104;31
295;105;31
295;106;31
295;107;31
295;108;31
295;109;31
295;110;31
295;111;31
295;112;31
295;113;31
295;114;31
295;115;31
295;116;31
295;117;31
295;118;31
295;119;31
295;120;31
295;121;31
295;122;31
295;123;31
295;124;31
295;125;31
295;126;15
295;127;15
295;128;15
295;129;15
295;130;15
295;131;15
295;132;15
295;133;15
295;134;15
295;135;15
295;136;15
295;137;15
295;138;15
295;139;15
295;140;15
295;141;15
295;142;15
295;143;15
295;144;15
295;145;15
295;146;15
295;147;15
295;148;44
295;149;44
295;150;44
295;151;44
295;152;44
295;153;44
295;154;44
295;155;44
295;156;44
295;157;44
295;158;44
295;159;44
295;160;44
295;161;44
295;162;44
295;163;28
295;164;28
295;165;28
295;166;28
295;167;28
295;168;28
295;169;28
295;170;28
295;171;28
295;172;28
295;173;28
295;174;28
295;175;28
295;176;28
295;177;28
295;178;28
295;179;28
295;180;28
295;181;28
295;182;28
295;183;28
295;184;28
295;185;28
295;186;28
295;187;28
295;188;25
295;189;25
295;190;25
295;191;25
295;192;25
295;193;25
295;194;25
295;195;25
295;196;6
295;197;6
295;198;6
295;199;6
295;200;6
295;201;6
295;202;6
295;203;6
295;204;6
295;205;6
295;206;6
295;207;6
295;208;6
295;209;6
295;210;6
295;211;6
295;212;6
295;213;6
295;214;6
295;215;6
295;216;6
295;217;6
295;218;6
295;219;6
295;220;6
295;221;6
295;222;7
295;223;7
295;224;7
295;225;7
295;226;7
295;227;7
295;228;7
295;229;7
295;230;7
295;231;7
295;232;7
295;233;7
295;234;7
295;235;7
295;236;43
295;237;43
295;238;43
295;239;43
295;240;43
295;241;43
295;242;43
295;243;43
295;244;43
295;245;43
295;246;43
295;247;43
295;248;35
295;249;35
295;250;35
295;251;35
295;252;35
295;253;35
295;254;35
295;255;35
295;256;35
295;257;35
295;258;35
295;259;35
295;260;35
295;261;7
295;262;7
295;263;7
295;264;7
295;265;7
295;266;7
295;267;7
295;268;7
295;269;7
295;270;4
295;271;4
295;272;4
295;273;4
295;274;4
295;275;4
295;276;4
295;277;4
295;278;4
295;279;4
295;280;4
295;281;4
295;282;4
295;283;4
295;284;4
295;285;4
295;286;4
295;287;4
295;288;4
295;289;4
295;290;4
295;291;4
295;292;4
295;293;4
295;294;4
295;295;4
295;296;4
295;297;4
295;298;4
295;299;4
295;300;4
295;301;4
295;302;4
295;303;4
295;304;4
295;305;4
295;306;4
295;307;4
295;308;4
295;309;4
295;310;4
295;311;4
295;312;4
295;313;18
295;314;18
295;315;18
295;316;18
295;317;18
295;318;18
295;319;18
295;320;18
295;321;18
295;322;18
295;323;18
295;324;18
295;325;47
295;326;47
295;327;47
295;328;47
295;329;47
295;330;47
295;331;47
295;332;47
295;333;47
295;334;47
295;335;47
295;336;47
295;337;47
295;338;47
295;339;47
295;340;47
295;341;47
295;342;47
295;343;47
295;344;47
295;345;47
295;346;47
295;347;47
295;348;47
295;349;47
295;350;3
295;351;3
295;352;3
295;353;3
295;354;3
295;355;3
295;356;3
295;357;29
295;358;29
295;359;29
295;360;29
295;361;29
295;362;29
295;363;29
295;364;29
295;365;29
295;366;29
295;367;29
295;368;29
295;369;29
295;370;29
295;371;29
295;372;29
295;373;29
295;374;35
295;375;35
295;376;35
295;377;35
295;378;35
295;379;35
295;380;35
295;381;17
295;382;17
295;383;17
295;384;17
295;385;17
295;386;17
295;387;17
295;388;17
295;389;17
295;390;17
295;391;17
295;392;17
295;393;17
295;394;17
295;395;17
295;396;17
295;397;17
295;398;24
295;399;24
295;400;24
295;401;24
295;402;24
295;403;24
295;404;24
295;405;24
295;406;24
295;407;24
295;408;24
295;409;24
295;410;24
295;411;24
295;412;24
295;413;24
295;414;24
295;415;24
295;416;28
295;417;28
295;418;28
295;419;28
295;420;28
295;421;28
295;422;28
295;423;28
295;424;28
295;425;28
295;426;28
295;427;10
295;428;10
295;429;42
295;430;42
295;431;42
295;432;42
295;433;42
295;434;42
295;435;42
295;436;42
295;437;42
295;438;42
295;439;42
295;440;42
295;441;42
295;442;42
295;443;42
295;444;42
295;445;42
295;446;42
295;447;42
295;448;42
295;449;36
295;450;36
295;451;36
295;452;36
295;453;36
295;454;36
295;455;36
295;456;36
295;457;36
295;458;36
295;459;36
295;460;36
295;461;36
295;462;36
295;463;36
295;464;36
295;465;36
295;466;36
295;467;36
295;468;36
295;469;36
295;470;36
295;471;36
295;472;36
295;473;36
295;474;36
295;475;36
295;476;43
295;477;43
295;478;43
295;479;43
295;480;43
295;481;43
295;482;43
295;483;43
295;484;43
295;485;43
295;486;43
295;487;43
295;488;43
295;489;43
295;490;43
295;491;43
295;492;43
295;493;43
295;494;43
295;495;43
295;496;43
295;497;43
295;498;43
295;499;43
296;0;40
296;1;40
296;2;40
296;3;40
296;4;40
296;5;40
296;6;40
296;7;16
296;8;16
296;9;16
296;10;16
296;11;16
296;12;16
296;13;16
296;14;16
296;15;16
296;16;16
296;17;16
296;18;16
296;19;16
296;20;16
296;21;16
296;22;16
296;23;10
296;24;10
296;25;10
296;26;10
296;27;10
296;28;10
296;29;10
296;30;10
296;31;10
296;32;10
296;33;10
296;34;10
296;35;25
296;36;25
296;37;25
296;38;25
296;39;25
296;40;25
296;41;25
296;42;25
296;43;25
296;44;25
296;45;25
296;46;25
296;47;25
296;48;25
296;49;25
296;50;25
296;51;25
296;52;25
296;53;25
296;54;25
296;55;25
296;56;25
296;57;25
296;58;25
296;59;25
296;60;25
296;61;25
296;62;25
296;63;25
296;64;25
296;65;38
296;66;38
296;67;38
296;68;38
296;69;38
296;70;38
296;71;38
296;72;38
296;73;38
296;74;38
296;75;38
296;76;38
296;77;38
296;78;38
296;79;38
296;80;38
296;81;38
296;82;38
296;83;38
296;84;38
296;85;38
296;86;38
296;87;38
296;88;38
296;89;38
296;90;38
296;91;31
296;92;31
296;93;31
296;94;31
296;95;31
296;96;31
296;97;31
296;98;31
296;99;31
296;100;31
296;101;31
296;102;31
296;103;31
296;104;31
296;105;31
296;106;31
296;107;31
296;108;31
296;109;31
296;110;31
296;111;31
296;112;31
296;113;31
296;114;31
296;115;31
296;116;31
296;117;31
296;118;31
296;119;31
296;120;31
296;121;31
296;122;31
296;123;31
296;124;31
296;125;31
296;126;15
296;127;15
296;128;15
296;129;15
296;130;15
296;131;15
296;132;15
296;133;15
296;134;15
296;135;15
296;136;15
296;137;15
296;138;15
296;139;15
296;140;15
296;141;15
296;142;15
296;143;15
296;144;15
296;145;15
296;146;15
296;147;15
296;148;15
296;149;44
296;150;44
296;151;44
296;152;44
296;153;44
296;154;44
296;155;44
296;156;44
296;157;44
296;158;44
296;159;44
296;160;44
296;161;44
296;162;28
296;163;28
296;164;28
296;165;28
296;166;28
296;167;28
296;168;28
296;169;28
296;170;28
296;171;28
296;172;28
296;173;28
296;174;28
296;175;28
296;176;28
296;177;28
296;178;28
296;179;28
296;180;28
296;181;28
296;182;28
296;183;28
296;184;28
296;185;28
296;186;28
296;187;28
296;188;28
296;189;25
296;190;25
296;191;25
296;192;25
296;193;25
296;194;25
296;195;25
296;196;25
296;197;6
296;198;6
296;199;6
296;200;6
296;201;6
296;202;6
296;203;6
296;204;6
296;205;6
296;206;6
296;207;6
296;208;6
296;209;6
296;210;6
296;211;6
296;212;6
296;213;6
296;214;6
296;215;6
296;216;6
296;217;6
296;218;6
296;219;6
296;220;6
296;221;6
296;222;6
296;223;6
296;224;7
296;225;7
296;226;7
296;227;7
296;228;7
296;229;7
296;230;7
296;231;7
296;232;7
296;233;7
296;234;7
296;235;7
296;236;7
296;237;43
296;238;43
296;239;43
296;240;43
296;241;43
296;242;43
296;243;43
296;244;43
296;245;43
296;246;43
296;247;43
296;248;43
296;249;35
296;250;35
296;251;35
296;252;35
296;253;35
296;254;35
296;255;35
296;256;35
296;257;35
296;258;35
296;259;35
296;260;35
296;261;7
296;262;7
296;263;7
296;264;7
296;265;7
296;266;7
296;267;7
296;268;7
296;269;7
296;270;7
296;271;4
296;272;4
296;273;4
296;274;4
296;275;4
296;276;4
296;277;4
296;278;4
296;279;4
296;280;4
296;281;4
296;282;4
296;283;4
296;284;4
296;285;4
296;286;4
296;287;4
296;288;4
296;289;4
296;290;4
296;291;4
296;292;4
296;293;4
296;294;4
296;295;4
296;296;4
296;297;4
296;298;4
296;299;4
296;300;4
296;301;4
296;302;4
296;303;4
296;304;4
296;305;4
296;306;4
296;307;4
296;308;4
296;309;4
296;310;4
296;311;4
296;312;4
296;313;4
296;314;18
296;315;18
296;316;18
296;317;18
296;318;18
296;319;18
296;320;18
296;321;18
296;322;18
296;323;18
296;324;18
296;325;18
296;326;18
296;327;18
296;328;18
296;329;18
296;330;18
296;331;18
296;332;18
296;333;18
296;334;18
296;335;47
296;336;47
296;337;47
296;338;47
296;339;47
296;340;47
296;341;47
296;342;47
296;343;47
296;344;47
296;345;47
296;346;47
296;347;47
296;348;47
296;349;47
296;350;3
296;351;3
296;352;3
296;353;3
296;354;3
296;355;3
296;356;3
296;357;3
296;358;29
296;359;29
296;360;29
296;361;29
296;362;29
296;363;29
296;364;29
296;365;29
296;366;29
296;367;29
296;368;29
296;369;29
296;370;29
296;371;29
296;372;29
296;373;29
296;374;29
296;375;29
296;376;29
296;377;35
296;378;35
296;379;35
296;380;17
296;381;17
296;382;17
296;383;17
296;384;17
296;385;17
296;386;17
296;387;17
296;388;17
296;389;17
296;390;17
296;391;17
296;392;17
296;393;17
296;394;17
296;395;17
296;396;17
296;397;17
296;398;17
296;399;24
296;400;24
296;401;24
296;402;24
296;403;24
296;404;24
296;405;24
296;406;24
296;407;24
296;408;24
296;409;24
296;410;24
296;411;24
296;412;24
296;413;24
296;414;24
296;415;28
296;416;28
296;417;28
296;418;28
296;419;28
296;420;28
296;421;28
296;422;28
296;423;28
296;424;28
296;425;28
296;426;28
296;427;10
296;428;10
296;429;10
296;430;42
296;431;42
296;432;42
296;433;42
296;434;42
296;435;42
296;436;42
296;437;42
296;438;42
296;439;42
296;440;42
296;441;42
296;442;42
296;443;42
296;444;42
296;445;42
296;446;42
296;447;42
296;448;42
296;449;42
296;450;42
296;451;36
296;452;36
296;453;36
296;454;36
296;455;36
296;456;36
296;457;36
296;458;36
296;459;36
296;460;36
296;461;36
296;462;36
296;463;36
296;464;36
296;465;36
296;466;36
296;467;36
296;468;36
296;469;36
296;470;36
296;471;36
296;472;36
296;473;36
296;474;36
296;475;36
296;476;36
296;477;43
296;478;43
296;479;43
296;480;43
296;481;43
296;482;43
296;483;43
296;484;43
296;485;43
296;486;43
296;487;43
296;488;43
296;489;43
296;490;43
296;491;43
296;492;43
296;493;43
296;494;43
296;495;43
296;496;43
296;497;43
296;498;43
296;499;43
297;0;40
297;1;40
297;2;40
297;3;40
297;4;40
297;5;40
297;6;40
297;7;40
297;8;16
297;9;16
297;10;16
297;11;16
297;12;16
297;13;16
297;14;16
297;15;16
297;16;16
297;17;16
297;18;16
297;19;16
297;20;16
297;21;16
297;22;16
297;23;16
297;24;10
297;25;10
297;26;10
297;27;10
297;28;10
297;29;10
297;30;10
297;31;10
297;32;10
297;33;10
297;34;10
297;35;25
297;36;25
297;37;25
297;38;25
297;39;25
297;40;25
297;41;25
297;42;25
297;43;25
297;44;25
297;45;25
297;46;25
297;47;25
297;48;25
297;49;25
297;50;25
297;51;25
297;52;25
297;53;25
297;54;25
297;55;25
297;56;25
297;57;25
297;58;25
297;59;25
297;60;25
297;61;25
297;62;25
297;63;25
297;64;25
297;65;38
297;66;38
297;67;38
297;68;38
297;69;38
297;70;38
297;71;38
297;72;38
297;73;38
297;74;38
297;75;38
297;76;38
297;77;38
297;78;38
297;79;38
297;80;38
297;81;38
297;82;38
297;83;38
297;84;38
297;85;38
297;86;38
297;87;38
297;88;38
297;89;38
297;90;38
297;91;38
297;92;31
297;93;31
297;94;31
297;95;31
297;96;31
297;97;31
297;98;31
297;99;31
297;100;31
297;101;31
297;102;31
297;103;31
297;104;31
297;105;31
297;106;31
297;107;31
297;108;31
297;109;31
297;110;31
297;111;31
297;112;31
297;113;31
297;114;31
297;115;31
297;116;31
297;117;31
297;118;31
297;119;31
297;120;31
297;121;31
297;122;31
297;123;31
297;124;31
297;125;31
297;126;15
297;127;15
297;128;15
297;129;15
297;130;15
297;131;15
297;132;15
297;133;15
297;134;15
297;135;15
297;136;15
297;137;15
297;138;15
297;139;15
297;140;15
297;141;15
297;142;15
297;143;15
297;144;15
297;145;15
297;146;15
297;147;15
297;148;15
297;149;15
297;150;44
297;151;44
297;152;44
297;153;44
297;154;44
297;155;44
297;156;44
297;157;44
297;158;44
297;159;44
297;160;44
297;161;28
297;162;28
297;163;28
297;164;28
297;165;28
297;166;28
297;167;28
297;168;28
297;169;28
297;170;28
297;171;28
297;172;28
297;173;28
297;174;28
297;175;28
297;176;28
297;177;28
297;178;28
297;179;28
297;180;28
297;181;28
297;182;28
297;183;28
297;184;28
297;185;28
297;186;28
297;187;28
297;188;28
297;189;25
297;190;25
297;191;25
297;192;25
297;193;25
297;194;25
297;195;25
297;196;25
297;197;25
297;198;25
297;199;6
297;200;6
297;201;6
297;202;6
297;203;6
297;204;6
297;205;6
297;206;6
297;207;6
297;208;6
297;209;6
297;210;6
297;211;6
297;212;6
297;213;6
297;214;6
297;215;6
297;216;6
297;217;6
297;218;6
297;219;6
297;220;6
297;221;6
297;222;6
297;223;6
297;224;6
297;225;7
297;226;7
297;227;7
297;228;7
297;229;7
297;230;7
297;231;7
297;232;7
297;233;7
297;234;7
297;235;7
297;236;7
297;237;7
297;238;43
297;239;43
297;240;43
297;241;43
297;242;43
297;243;43
297;244;43
297;245;43
297;246;43
297;247;43
297;248;43
297;249;43
297;250;35
297;251;35
297;252;35
297;253;35
297;254;35
297;255;35
297;256;35
297;257;35
297;258;35
297;259;35
297;260;35
297;261;7
297;262;7
297;263;7
297;264;7
297;265;7
297;266;7
297;267;7
297;268;7
297;269;7
297;270;7
297;271;7
297;272;4
297;273;4
297;274;4
297;275;4
297;276;4
297;277;4
297;278;4
297;279;4
297;280;4
297;281;4
297;282;4
297;283;4
297;284;4
297;285;4
297;286;4
297;287;4
297;288;4
297;289;4
297;290;4
297;291;4
297;292;4
297;293;4
297;294;4
297;295;4
297;296;4
297;297;4
297;298;4
297;299;4
297;300;4
297;301;4
297;302;4
297;303;4
297;304;4
297;305;4
297;306;4
297;307;4
297;308;4
297;309;4
297;310;4
297;311;4
297;312;4
297;313;4
297;314;18
297;315;18
297;316;18
297;317;18
297;318;18
297;319;18
297;320;18
297;321;18
297;322;18
297;323;18
297;324;18
297;325;18
297;326;18
297;327;18
297;328;18
297;329;18
297;330;18
297;331;18
297;332;18
297;333;18
297;334;18
297;335;18
297;336;18
297;337;47
297;338;47
297;339;47
297;340;47
297;341;47
297;342;47
297;343;47
297;344;47
297;345;47
297;346;47
297;347;47
297;348;47
297;349;47
297;350;3
297;351;3
297;352;3
297;353;3
297;354;3
297;355;3
297;356;3
297;357;3
297;358;3
297;359;29
297;360;29
297;361;29
297;362;29
297;363;29
297;364;29
297;365;29
297;366;29
297;367;29
297;368;29
297;369;29
297;370;29
297;371;29
297;372;29
297;373;29
297;374;29
297;375;29
297;376;29
297;377;29
297;378;29
297;379;17
297;380;17
297;381;17
297;382;17
297;383;17
297;384;17
297;385;17
297;386;17
297;387;17
297;388;17
297;389;17
297;390;17
297;391;17
297;392;17
297;393;17
297;394;17
297;395;17
297;396;17
297;397;17
297;398;17
297;399;17
297;400;24
297;401;24
297;402;24
297;403;24
297;404;24
297;405;24
297;406;24
297;407;24
297;408;24
297;409;24
297;410;24
297;411;24
297;412;24
297;413;24
297;414;28
297;415;28
297;416;28
297;417;28
297;418;28
297;419;28
297;420;28
297;421;28
297;422;28
297;423;28
297;424;28
297;425;28
297;426;28
297;427;10
297;428;10
297;429;10
297;430;10
297;431;42
297;432;42
297;433;42
297;434;42
297;435;42
297;436;42
297;437;42
297;438;42
297;439;42
297;440;42
297;441;42
297;442;42
297;443;42
297;444;42
297;445;42
297;446;42
297;447;42
297;448;42
297;449;42
297;450;42
297;451;42
297;452;42
297;453;36
297;454;36
297;455;36
297;456;36
297;457;36
297;458;36
297;459;36
297;460;36
297;461;36
297;462;36
297;463;36
297;464;36
297;465;36
297;466;36
297;467;36
297;468;36
297;469;36
297;470;36
297;471;36
297;472;36
297;473;36
297;474;36
297;475;36
297;476;36
297;477;36
297;478;43
297;479;43
297;480;43
297;481;43
297;482;43
297;483;43
297;484;43
297;485;43
297;486;43
297;487;43
297;488;43
297;489;43
297;490;43
297;491;43
297;492;43
297;493;43
297;494;43
297;495;43
297;496;43
297;497;43
297;498;43
297;499;43
298;0;40
298;1;40
298;2;40
298;3;40
298;4;40
298;5;40
298;6;40
298;7;40
298;8;40
298;9;16
298;10;16
298;11;16
298;12;16
298;13;16
298;14;16
298;15;16
298;16;16
298;17;16
298;18;16
298;19;16
298;20;16
298;21;16
298;22;16
298;23;16
298;24;16
298;25;10
298;26;10
298;27;10
298;28;10
298;29;10
298;30;10
298;31;10
298;32;10
298;33;10
298;34;10
298;35;25
298;36;25
298;37;25
298;38;25
298;39;25
298;40;25
298;41;25
298;42;25
298;43;25
298;44;25
298;45;25
298;46;25
298;47;25
298;48;25
298;49;25
298;50;25
298;51;25
298;52;25
298;53;25
298;54;25
298;55;25
298;56;25
298;57;25
298;58;25
298;59;25
298;60;25
298;61;25
298;62;25
298;63;25
298;64;25
298;65;38
298;66;38
298;67;38
298;68;38
298;69;38
298;70;38
298;71;38
298;72;38
298;73;38
298;74;38
298;75;38
298;76;38
298;77;38
298;78;38
298;79;38
298;80;38
298;81;38
298;82;38
298;83;38
298;84;38
298;85;38
298;86;38
298;87;38
298;88;38
298;89;38
298;90;38
298;91;38
298;92;38
298;93;31
298;94;31
298;95;31
298;96;31
298;97;31
298;98;31
298;99;31
298;100;31
298;101;31
298;102;31
298;103;31
298;104;31
298;105;31
298;106;31
298;107;31
298;108;31
298;109;31
298;110;31
298;111;31
298;112;31
298;113;31
298;114;31
298;115;31
298;116;31
298;117;31
298;118;31
298;119;31
298;120;31
298;121;31
298;122;31
298;123;31
298;124;31
298;125;31
298;126;15
298;127;15
298;128;15
298;129;15
298;130;15
298;131;15
298;132;15
298;133;15
298;134;15
298;135;15
298;136;15
298;137;15
298;138;15
298;139;15
298;140;15
298;141;15
298;142;15
298;143;15
298;144;15
298;145;15
298;146;15
298;147;15
298;148;15
298;149;15
298;150;15
298;151;44
298;152;44
298;153;44
298;154;44
298;155;44
298;156;44
298;157;44
298;158;44
298;159;44
298;160;28
298;161;28
298;162;28
298;163;28
298;164;28
298;165;28
298;166;28
298;167;28
298;168;28
298;169;28
298;170;28
298;171;28
298;172;28
298;173;28
298;174;28
298;175;28
298;176;28
298;177;28
298;178;28
298;179;28
298;180;28
298;181;28
298;182;28
298;183;28
298;184;28
298;185;28
298;186;28
298;187;28
298;188;28
298;189;28
298;190;25
298;191;25
298;192;25
298;193;25
298;194;25
298;195;25
298;196;25
298;197;25
298;198;25
298;199;25
298;200;25
298;201;6
298;202;6
298;203;6
298;204;6
298;205;6
298;206;6
298;207;6
298;208;6
298;209;6
298;210;6
298;211;6
298;212;6
298;213;6
298;214;6
298;215;6
298;216;6
298;217;6
298;218;6
298;219;6
298;220;6
298;221;6
298;222;6
298;223;6
298;224;6
298;225;6
298;226;7
298;227;7
298;228;7
298;229;7
298;230;7
298;231;7
298;232;7
298;233;7
298;234;7
298;235;7
298;236;7
298;237;7
298;238;7
298;239;43
298;240;43
298;241;43
298;242;43
298;243;43
298;244;43
298;245;43
298;246;43
298;247;43
298;248;43
298;249;43
298;250;43
298;251;35
298;252;35
298;253;35
298;254;35
298;255;35
298;256;35
298;257;35
298;258;35
298;259;35
298;260;35
298;261;7
298;262;7
298;263;7
298;264;7
298;265;7
298;266;7
298;267;7
298;268;7
298;269;7
298;270;7
298;271;7
298;272;7
298;273;4
298;274;4
298;275;4
298;276;4
298;277;4
298;278;4
298;279;4
298;280;4
298;281;4
298;282;4
298;283;4
298;284;4
298;285;4
298;286;4
298;287;4
298;288;4
298;289;4
298;290;4
298;291;4
298;292;4
298;293;4
298;294;4
298;295;4
298;296;4
298;297;4
298;298;4
298;299;4
298;300;4
298;301;4
298;302;4
298;303;4
298;304;4
298;305;4
298;306;4
298;307;4
298;308;4
298;309;4
298;310;4
298;311;4
298;312;4
298;313;4
298;314;4
298;315;18
298;316;18
298;317;18
298;318;18
298;319;18
298;320;18
298;321;18
298;322;18
298;323;18
298;324;18
298;325;18
298;326;18
298;327;18
298;328;18
298;329;18
298;330;18
298;331;18
298;332;18
298;333;18
298;334;18
298;335;18
298;336;18
298;337;18
298;338;18
298;339;47
298;340;47
298;341;47
298;342;47
298;343;47
298;344;47
298;345;47
298;346;47
298;347;47
298;348;47
298;349;47
298;350;3
298;351;3
298;352;3
298;353;3
298;354;3
298;355;3
298;356;3
298;357;3
298;358;3
298;359;3
298;360;29
298;361;29
298;362;29
298;363;29
298;364;29
298;365;29
298;366;29
298;367;29
298;368;29
298;369;29
298;370;29
298;371;29
298;372;29
298;373;29
298;374;29
298;375;29
298;376;29
298;377;29
298;378;29
298;379;29
298;380;17
298;381;17
298;382;17
298;383;17
298;384;17
298;385;17
298;386;17
298;387;17
298;388;17
298;389;17
298;390;17
298;391;17
298;392;17
298;393;17
298;394;17
298;395;17
298;396;17
298;397;17
298;398;17
298;399;17
298;400;17
298;401;24
298;402;24
298;403;24
298;404;24
298;405;24
298;406;24
298;407;24
298;408;24
298;409;24
298;410;24
298;411;24
298;412;28
298;413;28
298;414;28
298;415;28
298;416;28
298;417;28
298;418;28
298;419;28
298;420;28
298;421;28
298;422;28
298;423;28
298;424;28
298;425;28
298;426;28
298;427;10
298;428;10
298;429;10
298;430;10
298;431;10
298;432;42
298;433;42
298;434;42
298;435;42
298;436;42
298;437;42
298;438;42
298;439;42
298;440;42
298;441;42
298;442;42
298;443;42
298;444;42
298;445;42
298;446;42
298;447;42
298;448;42
298;449;42
298;450;42
298;451;42
298;452;42
298;453;42
298;454;42
298;455;36
298;456;36
298;457;36
298;458;36
298;459;36
298;460;36
298;461;36
298;462;36
298;463;36
298;464;36
298;465;36
298;466;36
298;467;36
298;468;36
298;469;36
298;470;36
298;471;36
298;472;36
298;473;36
298;474;36
298;475;36
298;476;36
298;477;36
298;478;36
298;479;43
298;480;43
298;481;43
298;482;43
298;483;43
298;484;43
298;485;43
298;486;43
298;487;43
298;488;43
298;489;43
298;490;43
298;491;43
298;492;43
298;493;43
298;494;43
298;495;43
298;496;43
298;497;43
298;498;43
298;499;43
299;0;40
299;1;40
299;2;40
299;3;40
299;4;40
299;5;40
299;6;40
299;7;40
299;8;40
299;9;40
299;10;16
299;11;16
299;12;16
299;13;16
299;14;16
299;15;16
299;16;16
299;17;16
299;18;16
299;19;16
299;20;16
299;21;16
299;22;16
299;23;16
299;24;16
299;25;16
299;26;10
299;27;10
299;28;10
299;29;10
299;30;10
299;31;10
299;32;10
299;33;10
299;34;10
299;35;25
299;36;25
299;37;25
299;38;25
299;39;25
299;40;25
299;41;25
299;42;25
299;43;25
299;44;25
299;45;25
299;46;25
299;47;25
299;48;25
299;49;25
299;50;25
299;51;25
299;52;25
299;53;25
299;54;25
299;55;25
299;56;25
299;57;25
299;58;25
299;59;25
299;60;25
299;61;25
299;62;25
299;63;25
299;64;25
299;65;38
299;66;38
299;67;38
299;68;38
299;69;38
299;70;38
299;71;38
299;72;38
299;73;38
299;74;38
299;75;38
299;76;38
299;77;38
299;78;38
299;79;38
299;80;38
299;81;38
299;82;38
299;83;38
299;84;38
299;85;38
299;86;38
299;87;38
299;88;38
299;89;38
299;90;38
299;91;38
299;92;38
299;93;38
299;94;31
299;95;31
299;96;31
299;97;31
299;98;31
299;99;31
299;100;31
299;101;31
299;102;31
299;103;31
299;104;31
299;105;31
299;106;31
299;107;31
299;108;31
299;109;31
299;110;31
299;111;31
299;112;31
299;113;31
299;114;31
299;115;31
299;116;31
299;117;31
299;118;31
299;119;31
299;120;31
299;121;31
299;122;31
299;123;31
299;124;31
299;125;31
299;126;15
299;127;15
299;128;15
299;129;15
299;130;15
299;131;15
299;132;15
299;133;15
299;134;15
299;135;15
299;136;15
299;137;15
299;138;15
299;139;15
299;140;15
299;141;15
299;142;15
299;143;15
299;144;15
299;145;15
299;146;15
299;147;15
299;148;15
299;149;15
299;150;15
299;151;15
299;152;44
299;153;44
299;154;44
299;155;44
299;156;44
299;157;44
299;158;44
299;159;28
299;160;28
299;161;28
299;162;28
299;163;28
299;164;28
299;165;28
299;166;28
299;167;28
299;168;28
299;169;28
299;170;28
299;171;28
299;172;28
299;173;28
299;174;28
299;175;28
299;176;28
299;177;28
299;178;28
299;179;28
299;180;28
299;181;28
299;182;28
299;183;28
299;184;28
299;185;28
299;186;28
299;187;28
299;188;28
299;189;28
299;190;25
299;191;25
299;192;25
299;193;25
299;194;25
299;195;25
299;196;25
299;197;25
299;198;25
299;199;25
299;200;25
299;201;25
299;202;25
299;203;6
299;204;6
299;205;6
299;206;6
299;207;6
299;208;6
299;209;6
299;210;6
299;211;6
299;212;6
299;213;6
299;214;6
299;215;6
299;216;6
299;217;6
299;218;6
299;219;6
299;220;6
299;221;6
299;222;6
299;223;6
299;224;6
299;225;6
299;226;6
299;227;7
299;228;7
299;229;7
299;230;7
299;231;7
299;232;7
299;233;7
299;234;7
299;235;7
299;236;7
299;237;7
299;238;7
299;239;7
299;240;43
299;241;43
299;242;43
299;243;43
299;244;43
299;245;43
299;246;43
299;247;43
299;248;43
299;249;43
299;250;43
299;251;43
299;252;35
299;253;35
299;254;35
299;255;35
299;256;35
299;257;35
299;258;35
299;259;35
299;260;2
299;261;7
299;262;7
299;263;7
299;264;7
299;265;7
299;266;7
299;267;7
299;268;7
299;269;7
299;270;7
299;271;7
299;272;7
299;273;7
299;274;4
299;275;4
299;276;4
299;277;4
299;278;4
299;279;4
299;280;4
299;281;4
299;282;4
299;283;4
299;284;4
299;285;4
299;286;4
299;287;4
299;288;4
299;289;4
299;290;4
299;291;4
299;292;4
299;293;4
299;294;4
299;295;4
299;296;4
299;297;4
299;298;4
299;299;4
299;300;4
299;301;4
299;302;4
299;303;4
299;304;4
299;305;4
299;306;4
299;307;4
299;308;4
299;309;4
299;310;4
299;311;4
299;312;4
299;313;4
299;314;4
299;315;18
299;316;18
299;317;18
299;318;18
299;319;18
299;320;18
299;321;18
299;322;18
299;323;18
299;324;18
299;325;18
299;326;18
299;327;18
299;328;18
299;329;18
299;330;18
299;331;18
299;332;18
299;333;18
299;334;18
299;335;18
299;336;18
299;337;18
299;338;18
299;339;18
299;340;18
299;341;47
299;342;47
299;343;47
299;344;47
299;345;47
299;346;47
299;347;47
299;348;47
299;349;47
299;350;3
299;351;3
299;352;3
299;353;3
299;354;3
299;355;3
299;356;3
299;357;3
299;358;3
299;359;3
299;360;3
299;361;29
299;362;29
299;363;29
299;364;29
299;365;29
299;366;29
299;367;29
299;368;29
299;369;29
299;370;29
299;371;29
299;372;29
299;373;29
299;374;29
299;375;29
299;376;29
299;377;29
299;378;29
299;379;29
299;380;29
299;381;17
299;382;17
299;383;17
299;384;17
299;385;17
299;386;17
299;387;17
299;388;17
299;389;17
299;390;17
299;391;17
299;392;17
299;393;17
299;394;17
299;395;17
299;396;17
299;397;17
299;398;17
299;399;17
299;400;17
299;401;17
299;402;24
299;403;24
299;404;24
299;405;24
299;406;24
299;407;24
299;408;24
299;409;24
299;410;24
299;411;28
299;412;28
299;413;28
299;414;28
299;415;28
299;416;28
299;417;28
299;418;28
299;419;28
299;420;28
299;421;28
299;422;28
299;423;28
299;424;28
299;425;28
299;426;28
299;427;10
299;428;10
299;429;10
299;430;10
299;431;10
299;432;10
299;433;42
299;434;42
299;435;42
299;436;42
299;437;42
299;438;42
299;439;42
299;440;42
299;441;42
299;442;42
299;443;42
299;444;42
299;445;42
299;446;42
299;447;42
299;448;42
299;449;42
299;450;42
299;451;42
299;452;42
299;453;42
299;454;42
299;455;42
299;456;42
299;457;36
299;458;36
299;459;36
299;460;36
299;461;36
299;462;36
299;463;36
299;464;36
299;465;36
299;466;36
299;467;36
299;468;36
299;469;36
299;470;36
299;471;36
299;472;36
299;473;36
299;474;36
299;475;36
299;476;36
299;477;36
299;478;36
299;479;36
299;480;43
299;481;43
299;482;43
299;483;43
299;484;43
299;485;43
299;486;43
299;487;43
299;488;43
299;489;43
299;490;43
299;491;43
299;492;43
299;493;43
299;494;43
299;495;43
299;496;43
299;497;43
299;498;43
299;499;43
300;0;40
300;1;40
300;2;40
300;3;40
300;4;40
300;5;40
300;6;40
300;7;40
300;8;40
300;9;40
300;10;40
300;11;16
300;12;16
300;13;16
300;14;16
300;15;16
300;16;16
300;17;16
300;18;16
300;19;16
300;20;16
300;21;16
300;22;16
300;23;16
300;24;16
300;25;16
300;26;16
300;27;10
300;28;10
300;29;10
300;30;10
300;31;10
300;32;10
300;33;10
300;34;10
300;35;25
300;36;25
300;37;25
300;38;25
300;39;25
300;40;25
300;41;25
300;42;25
300;43;25
300;44;25
300;45;25
300;46;25
300;47;25
300;48;25
300;49;25
300;50;25
300;51;25
300;52;25
300;53;25
300;54;25
300;55;25
300;56;25
300;57;25
300;58;25
300;59;25
300;60;25
300;61;25
300;62;25
300;63;25
300;64;25
300;65;38
300;66;38
300;67;38
300;68;38
300;69;38
300;70;38
300;71;38
300;72;38
300;73;38
300;74;38
300;75;38
300;76;38
300;77;38
300;78;38
300;79;38
300;80;38
300;81;38
300;82;38
300;83;38
300;84;38
300;85;38
300;86;38
300;87;38
300;88;38
300;89;38
300;90;38
300;91;38
300;92;38
300;93;38
300;94;38
300;95;31
300;96;31
300;97;31
300;98;31
300;99;31
300;100;31
300;101;31
300;102;31
300;103;31
300;104;31
300;105;31
300;106;31
300;107;31
300;108;31
300;109;31
300;110;31
300;111;31
300;112;31
300;113;31
300;114;31
300;115;2
300;116;2
300;117;2
300;118;2
300;119;2
300;120;2
300;121;2
300;122;2
300;123;2
300;124;2
300;125;2
300;126;15
300;127;15
300;128;15
300;129;15
300;130;15
300;131;15
300;132;15
300;133;15
300;134;15
300;135;15
300;136;15
300;137;15
300;138;15
300;139;15
300;140;15
300;141;15
300;142;15
300;143;15
300;144;15
300;145;15
300;146;15
300;147;15
300;148;15
300;149;15
300;150;15
300;151;15
300;152;15
300;153;15
300;154;44
300;155;44
300;156;44
300;157;44
300;158;44
300;159;28
300;160;28
300;161;28
300;162;28
300;163;28
300;164;28
300;165;28
300;166;28
300;167;28
300;168;28
300;169;28
300;170;28
300;171;28
300;172;28
300;173;28
300;174;28
300;175;28
300;176;28
300;177;28
300;178;28
300;179;28
300;180;28
300;181;28
300;182;28
300;183;28
300;184;28
300;185;28
300;186;28
300;187;28
300;188;28
300;189;28
300;190;25
300;191;25
300;192;25
300;193;25
300;194;25
300;195;25
300;196;25
300;197;25
300;198;25
300;199;25
300;200;25
300;201;25
300;202;25
300;203;25
300;204;6
300;205;6
300;206;6
300;207;6
300;208;6
300;209;6
300;210;6
300;211;6
300;212;6
300;213;6
300;214;6
300;215;6
300;216;6
300;217;6
300;218;6
300;219;6
300;220;6
300;221;6
300;222;6
300;223;6
300;224;6
300;225;6
300;226;6
300;227;6
300;228;7
300;229;7
300;230;7
300;231;7
300;232;7
300;233;7
300;234;7
300;235;7
300;236;7
300;237;7
300;238;7
300;239;7
300;240;7
300;241;43
300;242;43
300;243;43
300;244;43
300;245;43
300;246;43
300;247;43
300;248;43
300;249;43
300;250;43
300;251;43
300;252;43
300;253;35
300;254;35
300;255;35
300;256;35
300;257;35
300;258;35
300;259;2
300;260;2
300;261;2
300;262;7
300;263;7
300;264;7
300;265;7
300;266;7
300;267;7
300;268;7
300;269;7
300;270;7
300;271;7
300;272;7
300;273;7
300;274;7
300;275;4
300;276;4
300;277;4
300;278;4
300;279;4
300;280;4
300;281;4
300;282;4
300;283;4
300;284;4
300;285;4
300;286;4
300;287;4
300;288;4
300;289;4
300;290;4
300;291;4
300;292;4
300;293;4
300;294;4
300;295;4
300;296;4
300;297;4
300;298;4
300;299;4
300;300;4
300;301;4
300;302;4
300;303;4
300;304;4
300;305;4
300;306;4
300;307;4
300;308;4
300;309;4
300;310;4
300;311;4
300;312;4
300;313;4
300;314;4
300;315;4
300;316;18
300;317;18
300;318;18
300;319;18
300;320;18
300;321;18
300;322;18
300;323;18
300;324;18
300;325;18
300;326;18
300;327;18
300;328;18
300;329;18
300;330;18
300;331;18
300;332;18
300;333;18
300;334;18
300;335;18
300;336;18
300;337;18
300;338;18
300;339;18
300;340;18
300;341;18
300;342;18
300;343;47
300;344;47
300;345;47
300;346;47
300;347;47
300;348;47
300;349;47
300;350;3
300;351;3
300;352;3
300;353;3
300;354;3
300;355;3
300;356;3
300;357;3
300;358;3
300;359;3
300;360;3
300;361;3
300;362;29
300;363;29
300;364;29
300;365;29
300;366;29
300;367;29
300;368;29
300;369;29
300;370;29
300;371;29
300;372;29
300;373;29
300;374;29
300;375;29
300;376;29
300;377;29
300;378;29
300;379;29
300;380;29
300;381;29
300;382;17
300;383;17
300;384;17
300;385;17
300;386;17
300;387;17
300;388;17
300;389;17
300;390;17
300;391;17
300;392;17
300;393;17
300;394;17
300;395;17
300;396;17
300;397;17
300;398;17
300;399;17
300;400;17
300;401;17
300;402;24
300;403;24
300;404;24
300;405;24
300;406;24
300;407;24
300;408;24
300;409;24
300;410;28
300;411;28
300;412;28
300;413;28
300;414;28
300;415;28
300;416;28
300;417;28
300;418;28
300;419;28
300;420;28
300;421;28
300;422;28
300;423;28
300;424;28
300;425;28
300;426;28
300;427;10
300;428;10
300;429;10
300;430;10
300;431;10
300;432;10
300;433;10
300;434;42
300;435;42
300;436;42
300;437;42
300;438;42
300;439;42
300;440;42
300;441;42
300;442;42
300;443;42
300;444;42
300;445;42
300;446;42
300;447;42
300;448;42
300;449;42
300;450;42
300;451;42
300;452;42
300;453;42
300;454;42
300;455;42
300;456;42
300;457;42
300;458;42
300;459;36
300;460;36
300;461;36
300;462;36
300;463;36
300;464;36
300;465;36
300;466;36
300;467;36
300;468;36
300;469;36
300;470;36
300;471;36
300;472;36
300;473;36
300;474;36
300;475;36
300;476;36
300;477;36
300;478;36
300;479;36
300;480;36
300;481;43
300;482;43
300;483;43
300;484;43
300;485;43
300;486;43
300;487;43
300;488;43
300;489;43
300;490;43
300;491;43
300;492;43
300;493;43
300;494;43
300;495;43
300;496;43
300;497;43
300;498;43
300;499;43
301;0;40
301;1;40
301;2;40
301;3;40
301;4;40
301;5;40
301;6;40
301;7;40
301;8;40
301;9;40
301;10;40
301;11;16
301;12;16
301;13;16
301;14;16
301;15;16
301;16;16
301;17;16
301;18;16
301;19;16
301;20;16
301;21;16
301;22;16
301;23;16
301;24;16
301;25;16
301;26;16
301;27;16
301;28;10
301;29;10
301;30;10
301;31;10
301;32;10
301;33;10
301;34;10
301;35;25
301;36;25
301;37;25
301;38;25
301;39;25
301;40;25
301;41;25
301;42;25
301;43;25
301;44;25
301;45;25
301;46;25
301;47;25
301;48;25
301;49;25
301;50;25
301;51;25
301;52;25
301;53;25
301;54;25
301;55;25
301;56;25
301;57;25
301;58;25
301;59;25
301;60;25
301;61;25
301;62;25
301;63;25
301;64;25
301;65;38
301;66;38
301;67;38
301;68;38
301;69;38
301;70;38
301;71;38
301;72;38
301;73;38
301;74;38
301;75;38
301;76;38
301;77;38
301;78;38
301;79;38
301;80;38
301;81;38
301;82;38
301;83;38
301;84;38
301;85;38
301;86;38
301;87;38
301;88;38
301;89;38
301;90;38
301;91;38
301;92;38
301;93;38
301;94;38
301;95;38
301;96;31
301;97;31
301;98;31
301;99;31
301;100;31
301;101;31
301;102;31
301;103;31
301;104;31
301;105;31
301;106;31
301;107;31
301;108;31
301;109;31
301;110;31
301;111;31
301;112;31
301;113;31
301;114;2
301;115;2
301;116;2
301;117;2
301;118;2
301;119;2
301;120;2
301;121;2
301;122;2
301;123;2
301;124;2
301;125;2
301;126;2
301;127;15
301;128;15
301;129;15
301;130;15
301;131;15
301;132;15
301;133;15
301;134;15
301;135;15
301;136;15
301;137;15
301;138;15
301;139;15
301;140;15
301;141;15
301;142;15
301;143;15
301;144;15
301;145;15
301;146;15
301;147;15
301;148;15
301;149;15
301;150;15
301;151;15
301;152;15
301;153;15
301;154;15
301;155;15
301;156;44
301;157;44
301;158;44
301;159;28
301;160;28
301;161;28
301;162;28
301;163;28
301;164;28
301;165;28
301;166;28
301;167;28
301;168;28
301;169;28
301;170;28
301;171;28
301;172;28
301;173;28
301;174;28
301;175;28
301;176;28
301;177;28
301;178;28
301;179;28
301;180;28
301;181;28
301;182;28
301;183;28
301;184;28
301;185;28
301;186;28
301;187;28
301;188;28
301;189;28
301;190;25
301;191;25
301;192;25
301;193;25
301;194;25
301;195;25
301;196;25
301;197;25
301;198;25
301;199;25
301;200;25
301;201;25
301;202;25
301;203;25
301;204;25
301;205;6
301;206;6
301;207;6
301;208;6
301;209;6
301;210;6
301;211;6
301;212;6
301;213;6
301;214;6
301;215;6
301;216;6
301;217;6
301;218;6
301;219;6
301;220;6
301;221;6
301;222;6
301;223;6
301;224;6
301;225;6
301;226;6
301;227;6
301;228;6
301;229;7
301;230;7
301;231;7
301;232;7
301;233;7
301;234;7
301;235;7
301;236;7
301;237;7
301;238;7
301;239;7
301;240;7
301;241;7
301;242;43
301;243;43
301;244;43
301;245;43
301;246;43
301;247;43
301;248;43
301;249;43
301;250;43
301;251;43
301;252;43
301;253;43
301;254;35
301;255;35
301;256;35
301;257;35
301;258;2
301;259;2
301;260;2
301;261;2
301;262;2
301;263;7
301;264;7
301;265;7
301;266;7
301;267;7
301;268;7
301;269;7
301;270;7
301;271;7
301;272;7
301;273;7
301;274;7
301;275;7
301;276;4
301;277;4
301;278;4
301;279;4
301;280;4
301;281;4
301;282;4
301;283;4
301;284;4
301;285;4
301;286;4
301;287;4
301;288;4
301;289;4
301;290;4
301;291;4
301;292;4
301;293;4
301;294;4
301;295;4
301;296;4
301;297;4
301;298;4
301;299;4
301;300;4
301;301;4
301;302;4
301;303;4
301;304;4
301;305;4
301;306;4
301;307;4
301;308;4
301;309;4
301;310;4
301;311;4
301;312;4
301;313;4
301;314;4
301;315;4
301;316;18
301;317;18
301;318;18
301;319;18
301;320;18
301;321;18
301;322;18
301;323;18
301;324;18
301;325;18
301;326;18
301;327;18
301;328;18
301;329;18
301;330;18
301;331;18
301;332;18
301;333;18
301;334;18
301;335;18
301;336;18
301;337;18
301;338;18
301;339;18
301;340;18
301;341;18
301;342;18
301;343;18
301;344;18
301;345;47
301;346;47
301;347;47
301;348;47
301;349;3
301;350;3
301;351;3
301;352;3
301;353;3
301;354;3
301;355;3
301;356;3
301;357;3
301;358;3
301;359;3
301;360;3
301;361;3
301;362;3
301;363;29
301;364;29
301;365;29
301;366;29
301;367;29
301;368;29
301;369;29
301;370;29
301;371;29
301;372;29
301;373;29
301;374;29
301;375;29
301;376;29
301;377;29
301;378;29
301;379;29
301;380;29
301;381;29
301;382;29
301;383;17
301;384;17
301;385;17
301;386;17
301;387;17
301;388;17
301;389;17
301;390;17
301;391;17
301;392;17
301;393;17
301;394;17
301;395;17
301;396;17
301;397;17
301;398;17
301;399;17
301;400;17
301;401;17
301;402;17
301;403;24
301;404;24
301;405;24
301;406;24
301;407;24
301;408;24
301;409;28
301;410;28
301;411;28
301;412;28
301;413;28
301;414;28
301;415;28
301;416;28
301;417;28
301;418;28
301;419;28
301;420;28
301;421;28
301;422;28
301;423;28
301;424;28
301;425;28
301;426;28
301;427;10
301;428;10
301;429;10
301;430;10
301;431;10
301;432;10
301;433;10
301;434;10
301;435;42
301;436;42
301;437;42
301;438;42
301;439;42
301;440;42
301;441;42
301;442;42
301;443;42
301;444;42
301;445;42
301;446;42
301;447;42
301;448;42
301;449;42
301;450;42
301;451;42
301;452;42
301;453;42
301;454;42
301;455;42
301;456;42
301;457;42
301;458;42
301;459;42
301;460;42
301;461;36
301;462;36
301;463;36
301;464;36
301;465;36
301;466;36
301;467;36
301;468;36
301;469;36
301;470;36
301;471;36
301;472;36
301;473;36
301;474;36
301;475;36
301;476;36
301;477;36
301;478;36
301;479;36
301;480;36
301;481;36
301;482;43
301;483;43
301;484;43
301;485;43
301;486;43
301;487;43
301;488;43
301;489;43
301;490;43
301;491;43
301;492;43
301;493;43
301;494;43
301;495;43
301;496;43
301;497;43
301;498;43
301;499;43
302;0;40
302;1;40
302;2;40
302;3;40
302;4;40
302;5;40
302;6;40
302;7;40
302;8;40
302;9;40
302;10;40
302;11;40
302;12;16
302;13;16
302;14;16
302;15;16
302;16;16
302;17;16
302;18;16
302;19;16
302;20;16
302;21;16
302;22;16
302;23;16
302;24;16
302;25;16
302;26;16
302;27;16
302;28;16
302;29;10
302;30;10
302;31;10
302;32;10
302;33;10
302;34;10
302;35;25
302;36;25
302;37;25
302;38;25
302;39;25
302;40;25
302;41;25
302;42;25
302;43;25
302;44;25
302;45;25
302;46;25
302;47;25
302;48;25
302;49;25
302;50;25
302;51;25
302;52;25
302;53;25
302;54;25
302;55;25
302;56;25
302;57;25
302;58;25
302;59;25
302;60;25
302;61;25
302;62;25
302;63;25
302;64;25
302;65;38
302;66;38
302;67;38
302;68;38
302;69;38
302;70;38
302;71;38
302;72;38
302;73;38
302;74;38
302;75;38
302;76;38
302;77;38
302;78;38
302;79;38
302;80;38
302;81;38
302;82;38
302;83;38
302;84;38
302;85;38
302;86;38
302;87;38
302;88;38
302;89;38
302;90;38
302;91;38
302;92;38
302;93;38
302;94;38
302;95;38
302;96;38
302;97;31
302;98;31
302;99;31
302;100;31
302;101;31
302;102;31
302;103;31
302;104;31
302;105;31
302;106;31
302;107;31
302;108;31
302;109;31
302;110;31
302;111;31
302;112;31
302;113;2
302;114;2
302;115;2
302;116;2
302;117;2
302;118;2
302;119;2
302;120;2
302;121;2
302;122;2
302;123;2
302;124;2
302;125;2
302;126;2
302;127;2
302;128;15
302;129;15
302;130;15
302;131;15
302;132;15
302;133;15
302;134;15
302;135;15
302;136;15
302;137;15
302;138;15
302;139;15
302;140;15
302;141;15
302;142;15
302;143;15
302;144;15
302;145;15
302;146;15
302;147;15
302;148;15
302;149;15
302;150;15
302;151;15
302;152;15
302;153;15
302;154;15
302;155;15
302;156;15
302;157;15
302;158;44
302;159;28
302;160;28
302;161;28
302;162;28
302;163;28
302;164;28
302;165;28
302;166;28
302;167;28
302;168;28
302;169;28
302;170;28
302;171;28
302;172;28
302;173;28
302;174;28
302;175;28
302;176;28
302;177;28
302;178;28
302;179;28
302;180;28
302;181;28
302;182;28
302;183;28
302;184;28
302;185;28
302;186;28
302;187;28
302;188;28
302;189;28
302;190;25
302;191;25
302;192;25
302;193;25
302;194;25
302;195;25
302;196;25
302;197;25
302;198;25
302;199;25
302;200;25
302;201;25
302;202;25
302;203;25
302;204;25
302;205;25
302;206;6
302;207;6
302;208;6
302;209;6
302;210;6
302;211;6
302;212;6
302;213;6
302;214;6
302;215;6
302;216;6
302;217;6
302;218;6
302;219;6
302;220;6
302;221;6
302;222;6
302;223;6
302;224;6
302;225;6
302;226;6
302;227;6
302;228;6
302;229;6
302;230;7
302;231;7
302;232;7
302;233;7
302;234;7
302;235;7
302;236;7
302;237;7
302;238;7
302;239;7
302;240;7
302;241;7
302;242;7
302;243;50
302;244;43
302;245;43
302;246;43
302;247;43
302;248;43
302;249;43
302;250;43
302;251;43
302;252;43
302;253;43
302;254;2
302;255;2
302;256;2
302;257;2
302;258;2
302;259;2
302;260;2
302;261;2
302;262;2
302;263;2
302;264;7
302;265;7
302;266;7
302;267;7
302;268;7
302;269;7
302;270;7
302;271;7
302;272;7
302;273;7
302;274;7
302;275;7
302;276;7
302;277;4
302;278;4
302;279;4
302;280;4
302;281;4
302;282;4
302;283;4
302;284;4
302;285;4
302;286;4
302;287;4
302;288;4
302;289;4
302;290;4
302;291;4
302;292;4
302;293;4
302;294;4
302;295;4
302;296;4
302;297;4
302;298;4
302;299;4
302;300;4
302;301;4
302;302;4
302;303;4
302;304;4
302;305;4
302;306;4
302;307;4
302;308;4
302;309;4
302;310;4
302;311;4
302;312;4
302;313;4
302;314;4
302;315;4
302;316;4
302;317;18
302;318;18
302;319;18
302;320;18
302;321;18
302;322;18
302;323;18
302;324;18
302;325;18
302;326;18
302;327;18
302;328;18
302;329;18
302;330;18
302;331;18
302;332;18
302;333;18
302;334;18
302;335;18
302;336;18
302;337;18
302;338;18
302;339;18
302;340;18
302;341;18
302;342;18
302;343;18
302;344;18
302;345;18
302;346;18
302;347;47
302;348;3
302;349;3
302;350;3
302;351;3
302;352;3
302;353;3
302;354;3
302;355;3
302;356;3
302;357;3
302;358;3
302;359;3
302;360;3
302;361;3
302;362;3
302;363;3
302;364;29
302;365;29
302;366;29
302;367;29
302;368;29
302;369;29
302;370;29
302;371;29
302;372;29
302;373;29
302;374;29
302;375;29
302;376;29
302;377;29
302;378;29
302;379;29
302;380;29
302;381;29
302;382;29
302;383;29
302;384;17
302;385;17
302;386;17
302;387;17
302;388;17
302;389;17
302;390;17
302;391;17
302;392;17
302;393;17
302;394;17
302;395;17
302;396;17
302;397;17
302;398;17
302;399;17
302;400;17
302;401;17
302;402;17
302;403;24
302;404;24
302;405;24
302;406;24
302;407;24
302;408;28
302;409;28
302;410;28
302;411;28
302;412;28
302;413;28
302;414;28
302;415;28
302;416;28
302;417;28
302;418;28
302;419;28
302;420;28
302;421;28
302;422;28
302;423;28
302;424;28
302;425;28
302;426;28
302;427;28
302;428;10
302;429;10
302;430;10
302;431;10
302;432;10
302;433;10
302;434;10
302;435;10
302;436;42
302;437;42
302;438;42
302;439;42
302;440;42
302;441;42
302;442;42
302;443;42
302;444;42
302;445;42
302;446;42
302;447;42
302;448;42
302;449;42
302;450;42
302;451;42
302;452;42
302;453;42
302;454;42
302;455;42
302;456;42
302;457;42
302;458;42
302;459;42
302;460;42
302;461;42
302;462;42
302;463;36
302;464;36
302;465;36
302;466;36
302;467;36
302;468;36
302;469;36
302;470;36
302;471;36
302;472;36
302;473;36
302;474;36
302;475;36
302;476;36
302;477;36
302;478;36
302;479;36
302;480;36
302;481;36
302;482;36
302;483;43
302;484;43
302;485;43
302;486;43
302;487;43
302;488;43
302;489;43
302;490;43
302;491;43
302;492;43
302;493;43
302;494;43
302;495;43
302;496;43
302;497;43
302;498;43
302;499;43
303;0;40
303;1;40
303;2;40
303;3;40
303;4;40
303;5;40
303;6;40
303;7;40
303;8;40
303;9;40
303;10;40
303;11;40
303;12;40
303;13;16
303;14;16
303;15;16
303;16;16
303;17;16
303;18;16
303;19;16
303;20;16
303;21;16
303;22;16
303;23;16
303;24;16
303;25;16
303;26;16
303;27;16
303;28;16
303;29;16
303;30;10
303;31;10
303;32;10
303;33;10
303;34;10
303;35;10
303;36;25
303;37;25
303;38;25
303;39;25
303;40;25
303;41;25
303;42;25
303;43;25
303;44;25
303;45;25
303;46;25
303;47;25
303;48;25
303;49;25
303;50;25
303;51;25
303;52;25
303;53;25
303;54;25
303;55;25
303;56;25
303;57;25
303;58;25
303;59;25
303;60;25
303;61;25
303;62;25
303;63;25
303;64;25
303;65;38
303;66;38
303;67;38
303;68;38
303;69;38
303;70;38
303;71;38
303;72;38
303;73;38
303;74;38
303;75;38
303;76;38
303;77;38
303;78;38
303;79;38
303;80;38
303;81;38
303;82;38
303;83;38
303;84;38
303;85;38
303;86;38
303;87;38
303;88;38
303;89;38
303;90;38
303;91;38
303;92;38
303;93;38
303;94;38
303;95;38
303;96;38
303;97;38
303;98;31
303;99;31
303;100;31
303;101;31
303;102;31
303;103;31
303;104;31
303;105;31
303;106;31
303;107;31
303;108;31
303;109;31
303;110;31
303;111;31
303;112;2
303;113;2
303;114;2
303;115;2
303;116;2
303;117;2
303;118;2
303;119;2
303;120;2
303;121;2
303;122;2
303;123;2
303;124;2
303;125;2
303;126;2
303;127;2
303;128;2
303;129;15
303;130;15
303;131;15
303;132;15
303;133;15
303;134;15
303;135;15
303;136;15
303;137;15
303;138;15
303;139;15
303;140;15
303;141;15
303;142;15
303;143;15
303;144;15
303;145;15
303;146;15
303;147;15
303;148;15
303;149;15
303;150;15
303;151;15
303;152;15
303;153;15
303;154;15
303;155;15
303;156;15
303;157;15
303;158;15
303;159;28
303;160;28
303;161;28
303;162;28
303;163;28
303;164;28
303;165;28
303;166;28
303;167;28
303;168;28
303;169;28
303;170;28
303;171;28
303;172;28
303;173;28
303;174;28
303;175;28
303;176;28
303;177;28
303;178;28
303;179;28
303;180;28
303;181;28
303;182;28
303;183;28
303;184;28
303;185;28
303;186;28
303;187;28
303;188;28
303;189;28
303;190;25
303;191;25
303;192;25
303;193;25
303;194;25
303;195;25
303;196;25
303;197;25
303;198;25
303;199;25
303;200;25
303;201;25
303;202;25
303;203;25
303;204;25
303;205;25
303;206;25
303;207;25
303;208;6
303;209;6
303;210;6
303;211;6
303;212;6
303;213;6
303;214;6
303;215;6
303;216;6
303;217;6
303;218;6
303;219;6
303;220;6
303;221;6
303;222;6
303;223;6
303;224;6
303;225;6
303;226;6
303;227;6
303;228;6
303;229;6
303;230;6
303;231;7
303;232;7
303;233;7
303;234;7
303;235;7
303;236;7
303;237;7
303;238;7
303;239;7
303;240;7
303;241;7
303;242;50
303;243;50
303;244;50
303;245;50
303;246;43
303;247;43
303;248;43
303;249;43
303;250;43
303;251;43
303;252;43
303;253;2
303;254;2
303;255;2
303;256;2
303;257;2
303;258;2
303;259;2
303;260;2
303;261;2
303;262;2
303;263;2
303;264;2
303;265;7
303;266;7
303;267;7
303;268;7
303;269;7
303;270;7
303;271;7
303;272;7
303;273;7
303;274;7
303;275;7
303;276;7
303;277;7
303;278;4
303;279;4
303;280;4
303;281;4
303;282;4
303;283;4
303;284;4
303;285;4
303;286;4
303;287;4
303;288;4
303;289;4
303;290;4
303;291;4
303;292;4
303;293;4
303;294;4
303;295;4
303;296;4
303;297;4
303;298;4
303;299;4
303;300;4
303;301;4
303;302;4
303;303;4
303;304;4
303;305;4
303;306;4
303;307;4
303;308;4
303;309;4
303;310;4
303;311;4
303;312;4
303;313;4
303;314;4
303;315;4
303;316;4
303;317;18
303;318;18
303;319;18
303;320;18
303;321;18
303;322;18
303;323;18
303;324;18
303;325;18
303;326;18
303;327;18
303;328;18
303;329;18
303;330;18
303;331;18
303;332;18
303;333;18
303;334;18
303;335;18
303;336;18
303;337;18
303;338;18
303;339;18
303;340;18
303;341;18
303;342;18
303;343;18
303;344;18
303;345;18
303;346;18
303;347;18
303;348;3
303;349;3
303;350;3
303;351;3
303;352;3
303;353;3
303;354;3
303;355;3
303;356;3
303;357;3
303;358;3
303;359;3
303;360;3
303;361;3
303;362;3
303;363;3
303;364;3
303;365;29
303;366;29
303;367;29
303;368;29
303;369;29
303;370;29
303;371;29
303;372;29
303;373;29
303;374;29
303;375;29
303;376;29
303;377;29
303;378;29
303;379;29
303;380;29
303;381;29
303;382;29
303;383;29
303;384;29
303;385;17
303;386;17
303;387;17
303;388;17
303;389;17
303;390;17
303;391;17
303;392;17
303;393;17
303;394;17
303;395;17
303;396;17
303;397;17
303;398;17
303;399;17
303;400;17
303;401;17
303;402;17
303;403;17
303;404;24
303;405;24
303;406;24
303;407;28
303;408;28
303;409;28
303;410;28
303;411;28
303;412;28
303;413;28
303;414;28
303;415;28
303;416;28
303;417;28
303;418;28
303;419;28
303;420;28
303;421;28
303;422;28
303;423;28
303;424;28
303;425;28
303;426;28
303;427;28
303;428;10
303;429;10
303;430;10
303;431;10
303;432;10
303;433;10
303;434;10
303;435;10
303;436;10
303;437;42
303;438;42
303;439;42
303;440;42
303;441;42
303;442;42
303;443;42
303;444;42
303;445;42
303;446;42
303;447;42
303;448;42
303;449;42
303;450;42
303;451;42
303;452;42
303;453;42
303;454;42
303;455;42
303;456;42
303;457;42
303;458;42
303;459;42
303;460;42
303;461;42
303;462;42
303;463;42
303;464;42
303;465;36
303;466;36
303;467;36
303;468;36
303;469;36
303;470;36
303;471;36
303;472;36
303;473;36
303;474;36
303;475;36
303;476;36
303;477;36
303;478;36
303;479;36
303;480;36
303;481;36
303;482;36
303;483;36
303;484;43
303;485;43
303;486;43
303;487;43
303;488;43
303;489;43
303;490;43
303;491;43
303;492;43
303;493;43
303;494;43
303;495;43
303;496;43
303;497;43
303;498;43
303;499;43
304;0;40
304;1;40
304;2;40
304;3;40
304;4;40
304;5;40
304;6;40
304;7;40
304;8;40
304;9;40
304;10;40
304;11;40
304;12;40
304;13;40
304;14;16
304;15;16
304;16;16
304;17;16
304;18;16
304;19;16
304;20;16
304;21;16
304;22;16
304;23;16
304;24;16
304;25;16
304;26;16
304;27;16
304;28;16
304;29;16
304;30;16
304;31;10
304;32;10
304;33;10
304;34;10
304;35;10
304;36;25
304;37;25
304;38;25
304;39;25
304;40;25
304;41;25
304;42;25
304;43;25
304;44;25
304;45;25
304;46;25
304;47;25
304;48;25
304;49;25
304;50;25
304;51;25
304;52;25
304;53;25
304;54;25
304;55;25
304;56;25
304;57;25
304;58;25
304;59;25
304;60;25
304;61;25
304;62;25
304;63;25
304;64;25
304;65;38
304;66;38
304;67;38
304;68;38
304;69;38
304;70;38
304;71;38
304;72;38
304;73;38
304;74;38
304;75;38
304;76;38
304;77;38
304;78;38
304;79;38
304;80;38
304;81;38
304;82;38
304;83;38
304;84;38
304;85;38
304;86;38
304;87;38
304;88;38
304;89;38
304;90;38
304;91;38
304;92;38
304;93;38
304;94;38
304;95;38
304;96;38
304;97;38
304;98;38
304;99;31
304;100;31
304;101;31
304;102;31
304;103;31
304;104;31
304;105;31
304;106;31
304;107;31
304;108;31
304;109;31
304;110;31
304;111;2
304;112;2
304;113;2
304;114;2
304;115;2
304;116;2
304;117;2
304;118;2
304;119;2
304;120;2
304;121;2
304;122;2
304;123;2
304;124;2
304;125;2
304;126;2
304;127;2
304;128;2
304;129;2
304;130;15
304;131;15
304;132;15
304;133;15
304;134;15
304;135;15
304;136;15
304;137;15
304;138;15
304;139;15
304;140;15
304;141;15
304;142;15
304;143;15
304;144;15
304;145;15
304;146;15
304;147;15
304;148;15
304;149;15
304;150;15
304;151;15
304;152;15
304;153;15
304;154;15
304;155;15
304;156;15
304;157;15
304;158;15
304;159;15
304;160;9
304;161;28
304;162;28
304;163;28
304;164;28
304;165;28
304;166;28
304;167;28
304;168;28
304;169;28
304;170;28
304;171;28
304;172;28
304;173;28
304;174;28
304;175;28
304;176;28
304;177;28
304;178;28
304;179;28
304;180;28
304;181;28
304;182;28
304;183;28
304;184;28
304;185;28
304;186;28
304;187;28
304;188;28
304;189;28
304;190;25
304;191;25
304;192;25
304;193;25
304;194;25
304;195;25
304;196;25
304;197;25
304;198;25
304;199;25
304;200;25
304;201;25
304;202;25
304;203;25
304;204;25
304;205;25
304;206;25
304;207;25
304;208;25
304;209;25
304;210;6
304;211;6
304;212;6
304;213;6
304;214;6
304;215;6
304;216;6
304;217;6
304;218;6
304;219;6
304;220;6
304;221;6
304;222;6
304;223;6
304;224;6
304;225;6
304;226;6
304;227;6
304;228;6
304;229;6
304;230;6
304;231;6
304;232;7
304;233;7
304;234;7
304;235;7
304;236;7
304;237;7
304;238;7
304;239;7
304;240;7
304;241;50
304;242;50
304;243;50
304;244;50
304;245;50
304;246;50
304;247;50
304;248;43
304;249;43
304;250;43
304;251;43
304;252;2
304;253;2
304;254;2
304;255;2
304;256;2
304;257;2
304;258;2
304;259;2
304;260;2
304;261;2
304;262;2
304;263;2
304;264;2
304;265;2
304;266;7
304;267;7
304;268;7
304;269;7
304;270;7
304;271;7
304;272;7
304;273;7
304;274;7
304;275;7
304;276;7
304;277;7
304;278;7
304;279;4
304;280;4
304;281;4
304;282;4
304;283;4
304;284;4
304;285;4
304;286;4
304;287;4
304;288;4
304;289;4
304;290;4
304;291;4
304;292;4
304;293;4
304;294;4
304;295;4
304;296;4
304;297;4
304;298;4
304;299;4
304;300;4
304;301;4
304;302;4
304;303;4
304;304;4
304;305;4
304;306;4
304;307;4
304;308;4
304;309;4
304;310;4
304;311;4
304;312;4
304;313;4
304;314;4
304;315;4
304;316;4
304;317;4
304;318;18
304;319;18
304;320;18
304;321;18
304;322;18
304;323;18
304;324;18
304;325;18
304;326;18
304;327;18
304;328;18
304;329;18
304;330;18
304;331;18
304;332;18
304;333;18
304;334;18
304;335;18
304;336;18
304;337;18
304;338;18
304;339;18
304;340;18
304;341;18
304;342;18
304;343;18
304;344;18
304;345;18
304;346;18
304;347;18
304;348;18
304;349;3
304;350;3
304;351;3
304;352;3
304;353;3
304;354;3
304;355;3
304;356;3
304;357;3
304;358;3
304;359;3
304;360;3
304;361;3
304;362;3
304;363;3
304;364;3
304;365;3
304;366;29
304;367;29
304;368;29
304;369;29
304;370;29
304;371;29
304;372;29
304;373;29
304;374;29
304;375;29
304;376;29
304;377;29
304;378;29
304;379;29
304;380;29
304;381;29
304;382;29
304;383;29
304;384;29
304;385;29
304;386;17
304;387;17
304;388;17
304;389;17
304;390;17
304;391;17
304;392;17
304;393;17
304;394;17
304;395;17
304;396;17
304;397;17
304;398;17
304;399;17
304;400;17
304;401;17
304;402;17
304;403;17
304;404;24
304;405;24
304;406;28
304;407;28
304;408;28
304;409;28
304;410;28
304;411;28
304;412;28
304;413;28
304;414;28
304;415;28
304;416;28
304;417;28
304;418;28
304;419;28
304;420;28
304;421;28
304;422;28
304;423;28
304;424;28
304;425;28
304;426;28
304;427;28
304;428;28
304;429;10
304;430;10
304;431;10
304;432;10
304;433;10
304;434;10
304;435;10
304;436;10
304;437;10
304;438;42
304;439;42
304;440;42
304;441;42
304;442;42
304;443;42
304;444;42
304;445;42
304;446;42
304;447;42
304;448;42
304;449;42
304;450;42
304;451;42
304;452;42
304;453;42
304;454;42
304;455;42
304;456;42
304;457;42
304;458;42
304;459;42
304;460;42
304;461;42
304;462;42
304;463;42
304;464;42
304;465;42
304;466;42
304;467;36
304;468;36
304;469;36
304;470;36
304;471;36
304;472;36
304;473;36
304;474;36
304;475;36
304;476;36
304;477;36
304;478;36
304;479;36
304;480;36
304;481;36
304;482;36
304;483;36
304;484;36
304;485;43
304;486;43
304;487;43
304;488;43
304;489;43
304;490;43
304;491;43
304;492;43
304;493;43
304;494;43
304;495;43
304;496;43
304;497;43
304;498;43
304;499;43
305;0;40
305;1;40
305;2;40
305;3;40
305;4;40
305;5;40
305;6;40
305;7;40
305;8;40
305;9;40
305;10;40
305;11;40
305;12;40
305;13;40
305;14;40
305;15;16
305;16;16
305;17;16
305;18;16
305;19;16
305;20;16
305;21;16
305;22;16
305;23;16
305;24;16
305;25;16
305;26;16
305;27;16
305;28;16
305;29;16
305;30;16
305;31;16
305;32;10
305;33;10
305;34;10
305;35;10
305;36;10
305;37;25
305;38;25
305;39;25
305;40;25
305;41;25
305;42;25
305;43;25
305;44;25
305;45;25
305;46;25
305;47;25
305;48;25
305;49;25
305;50;25
305;51;25
305;52;25
305;53;25
305;54;25
305;55;25
305;56;25
305;57;25
305;58;25
305;59;25
305;60;25
305;61;25
305;62;25
305;63;25
305;64;25
305;65;38
305;66;38
305;67;38
305;68;38
305;69;38
305;70;38
305;71;38
305;72;38
305;73;38
305;74;38
305;75;38
305;76;38
305;77;38
305;78;38
305;79;38
305;80;38
305;81;38
305;82;38
305;83;38
305;84;38
305;85;38
305;86;38
305;87;38
305;88;38
305;89;38
305;90;38
305;91;38
305;92;38
305;93;38
305;94;38
305;95;38
305;96;38
305;97;38
305;98;38
305;99;38
305;100;31
305;101;31
305;102;31
305;103;31
305;104;31
305;105;31
305;106;31
305;107;31
305;108;31
305;109;31
305;110;2
305;111;2
305;112;2
305;113;2
305;114;2
305;115;2
305;116;2
305;117;2
305;118;2
305;119;2
305;120;2
305;121;2
305;122;2
305;123;2
305;124;2
305;125;2
305;126;2
305;127;2
305;128;2
305;129;2
305;130;2
305;131;15
305;132;15
305;133;15
305;134;15
305;135;15
305;136;15
305;137;15
305;138;15
305;139;15
305;140;15
305;141;15
305;142;15
305;143;15
305;144;15
305;145;15
305;146;15
305;147;15
305;148;15
305;149;15
305;150;15
305;151;15
305;152;15
305;153;15
305;154;15
305;155;15
305;156;15
305;157;15
305;158;15
305;159;15
305;160;9
305;161;9
305;162;9
305;163;28
305;164;28
305;165;28
305;166;28
305;167;28
305;168;28
305;169;28
305;170;28
305;171;28
305;172;28
305;173;28
305;174;28
305;175;28
305;176;28
305;177;28
305;178;28
305;179;28
305;180;28
305;181;28
305;182;28
305;183;28
305;184;28
305;185;28
305;186;28
305;187;28
305;188;28
305;189;28
305;190;25
305;191;25
305;192;25
305;193;25
305;194;25
305;195;25
305;196;25
305;197;25
305;198;25
305;199;25
305;200;25
305;201;25
305;202;25
305;203;25
305;204;25
305;205;25
305;206;25
305;207;25
305;208;25
305;209;25
305;210;25
305;211;25
305;212;6
305;213;6
305;214;6
305;215;6
305;216;6
305;217;6
305;218;6
305;219;6
305;220;6
305;221;6
305;222;6
305;223;6
305;224;6
305;225;6
305;226;6
305;227;6
305;228;6
305;229;6
305;230;6
305;231;6
305;232;6
305;233;7
305;234;7
305;235;7
305;236;7
305;237;7
305;238;7
305;239;7
305;240;50
305;241;50
305;242;50
305;243;50
305;244;50
305;245;50
305;246;50
305;247;50
305;248;50
305;249;50
305;250;43
305;251;2
305;252;2
305;253;2
305;254;2
305;255;2
305;256;2
305;257;2
305;258;2
305;259;2
305;260;2
305;261;2
305;262;2
305;263;2
305;264;2
305;265;2
305;266;2
305;267;7
305;268;7
305;269;7
305;270;7
305;271;7
305;272;7
305;273;7
305;274;7
305;275;7
305;276;7
305;277;7
305;278;7
305;279;7
305;280;4
305;281;4
305;282;4
305;283;4
305;284;4
305;285;4
305;286;4
305;287;4
305;288;4
305;289;4
305;290;4
305;291;4
305;292;4
305;293;4
305;294;4
305;295;4
305;296;4
305;297;4
305;298;4
305;299;4
305;300;4
305;301;4
305;302;4
305;303;4
305;304;4
305;305;4
305;306;4
305;307;4
305;308;4
305;309;4
305;310;4
305;311;4
305;312;4
305;313;4
305;314;4
305;315;4
305;316;4
305;317;4
305;318;18
305;319;18
305;320;18
305;321;18
305;322;18
305;323;18
305;324;18
305;325;18
305;326;18
305;327;18
305;328;18
305;329;18
305;330;18
305;331;18
305;332;18
305;333;18
305;334;18
305;335;18
305;336;18
305;337;18
305;338;18
305;339;18
305;340;18
305;341;18
305;342;18
305;343;18
305;344;18
305;345;18
305;346;18
305;347;18
305;348;18
305;349;3
305;350;3
305;351;3
305;352;3
305;353;3
305;354;3
305;355;3
305;356;3
305;357;3
305;358;3
305;359;3
305;360;3
305;361;3
305;362;3
305;363;3
305;364;3
305;365;3
305;366;3
305;367;29
305;368;29
305;369;29
305;370;29
305;371;29
305;372;29
305;373;29
305;374;29
305;375;29
305;376;29
305;377;29
305;378;29
305;379;29
305;380;29
305;381;29
305;382;29
305;383;29
305;384;29
305;385;29
305;386;29
305;387;17
305;388;17
305;389;17
305;390;17
305;391;17
305;392;17
305;393;17
305;394;17
305;395;17
305;396;17
305;397;17
305;398;17
305;399;17
305;400;17
305;401;17
305;402;17
305;403;17
305;404;17
305;405;28
305;406;28
305;407;28
305;408;28
305;409;28
305;410;28
305;411;28
305;412;28
305;413;28
305;414;28
305;415;28
305;416;28
305;417;28
305;418;28
305;419;28
305;420;28
305;421;28
305;422;28
305;423;28
305;424;28
305;425;28
305;426;28
305;427;28
305;428;28
305;429;10
305;430;10
305;431;10
305;432;10
305;433;10
305;434;10
305;435;10
305;436;10
305;437;10
305;438;10
305;439;42
305;440;42
305;441;42
305;442;42
305;443;42
305;444;42
305;445;42
305;446;42
305;447;42
305;448;42
305;449;42
305;450;42
305;451;42
305;452;42
305;453;42
305;454;42
305;455;42
305;456;42
305;457;42
305;458;42
305;459;42
305;460;42
305;461;42
305;462;42
305;463;42
305;464;42
305;465;42
305;466;42
305;467;42
305;468;42
305;469;36
305;470;36
305;471;36
305;472;36
305;473;36
305;474;36
305;475;36
305;476;36
305;477;36
305;478;36
305;479;36
305;480;36
305;481;36
305;482;36
305;483;36
305;484;36
305;485;36
305;486;43
305;487;43
305;488;43
305;489;43
305;490;43
305;491;43
305;492;43
305;493;43
305;494;43
305;495;43
305;496;43
305;497;43
305;498;43
305;499;43
306;0;40
306;1;40
306;2;40
306;3;40
306;4;40
306;5;40
306;6;40
306;7;40
306;8;40
306;9;40
306;10;40
306;11;40
306;12;40
306;13;40
306;14;40
306;15;14
306;16;14
306;17;14
306;18;14
306;19;16
306;20;16
306;21;16
306;22;16
306;23;16
306;24;16
306;25;16
306;26;16
306;27;16
306;28;16
306;29;16
306;30;16
306;31;16
306;32;16
306;33;10
306;34;10
306;35;10
306;36;10
306;37;25
306;38;25
306;39;25
306;40;25
306;41;25
306;42;25
306;43;25
306;44;25
306;45;25
306;46;25
306;47;25
306;48;25
306;49;25
306;50;25
306;51;25
306;52;25
306;53;25
306;54;25
306;55;25
306;56;25
306;57;25
306;58;25
306;59;25
306;60;25
306;61;25
306;62;25
306;63;25
306;64;25
306;65;38
306;66;38
306;67;38
306;68;38
306;69;38
306;70;38
306;71;38
306;72;38
306;73;38
306;74;38
306;75;38
306;76;38
306;77;38
306;78;38
306;79;38
306;80;38
306;81;38
306;82;38
306;83;38
306;84;38
306;85;38
306;86;38
306;87;38
306;88;38
306;89;38
306;90;38
306;91;38
306;92;38
306;93;38
306;94;38
306;95;38
306;96;38
306;97;38
306;98;38
306;99;38
306;100;38
306;101;31
306;102;31
306;103;31
306;104;31
306;105;31
306;106;31
306;107;31
306;108;31
306;109;2
306;110;2
306;111;2
306;112;2
306;113;2
306;114;2
306;115;2
306;116;2
306;117;2
306;118;2
306;119;2
306;120;2
306;121;2
306;122;2
306;123;2
306;124;2
306;125;2
306;126;2
306;127;2
306;128;2
306;129;2
306;130;2
306;131;2
306;132;15
306;133;15
306;134;15
306;135;15
306;136;15
306;137;15
306;138;15
306;139;15
306;140;15
306;141;15
306;142;15
306;143;15
306;144;15
306;145;15
306;146;15
306;147;15
306;148;15
306;149;15
306;150;15
306;151;15
306;152;15
306;153;15
306;154;15
306;155;15
306;156;15
306;157;15
306;158;15
306;159;15
306;160;9
306;161;9
306;162;9
306;163;9
306;164;9
306;165;28
306;166;28
306;167;28
306;168;28
306;169;28
306;170;28
306;171;28
306;172;28
306;173;28
306;174;28
306;175;28
306;176;28
306;177;28
306;178;28
306;179;28
306;180;28
306;181;28
306;182;28
306;183;28
306;184;28
306;185;28
306;186;28
306;187;28
306;188;28
306;189;28
306;190;28
306;191;25
306;192;25
306;193;25
306;194;25
306;195;25
306;196;25
306;197;25
306;198;25
306;199;25
306;200;25
306;201;25
306;202;25
306;203;25
306;204;25
306;205;25
306;206;25
306;207;25
306;208;25
306;209;25
306;210;25
306;211;25
306;212;25
306;213;6
306;214;6
306;215;6
306;216;6
306;217;6
306;218;6
306;219;6
306;220;6
306;221;6
306;222;6
306;223;6
306;224;6
306;225;6
306;226;6
306;227;6
306;228;6
306;229;6
306;230;6
306;231;6
306;232;6
306;233;50
306;234;50
306;235;50
306;236;50
306;237;50
306;238;50
306;239;50
306;240;50
306;241;50
306;242;50
306;243;50
306;244;50
306;245;50
306;246;50
306;247;50
306;248;50
306;249;50
306;250;2
306;251;2
306;252;2
306;253;2
306;254;2
306;255;2
306;256;2
306;257;2
306;258;2
306;259;2
306;260;2
306;261;2
306;262;2
306;263;2
306;264;2
306;265;2
306;266;2
306;267;2
306;268;7
306;269;7
306;270;7
306;271;7
306;272;7
306;273;7
306;274;7
306;275;7
306;276;7
306;277;7
306;278;7
306;279;7
306;280;7
306;281;4
306;282;4
306;283;4
306;284;4
306;285;4
306;286;4
306;287;4
306;288;4
306;289;4
306;290;4
306;291;4
306;292;4
306;293;4
306;294;4
306;295;4
306;296;4
306;297;4
306;298;4
306;299;4
306;300;4
306;301;4
306;302;4
306;303;4
306;304;4
306;305;4
306;306;4
306;307;4
306;308;4
306;309;4
306;310;4
306;311;4
306;312;4
306;313;4
306;314;4
306;315;4
306;316;4
306;317;4
306;318;4
306;319;18
306;320;18
306;321;18
306;322;18
306;323;18
306;324;18
306;325;18
306;326;18
306;327;18
306;328;18
306;329;18
306;330;18
306;331;18
306;332;18
306;333;18
306;334;18
306;335;18
306;336;18
306;337;18
306;338;18
306;339;18
306;340;18
306;341;18
306;342;18
306;343;18
306;344;18
306;345;18
306;346;18
306;347;18
306;348;18
306;349;18
306;350;3
306;351;3
306;352;3
306;353;3
306;354;3
306;355;3
306;356;3
306;357;3
306;358;3
306;359;3
306;360;3
306;361;3
306;362;3
306;363;3
306;364;3
306;365;3
306;366;3
306;367;3
306;368;3
306;369;29
306;370;29
306;371;29
306;372;29
306;373;29
306;374;29
306;375;29
306;376;29
306;377;29
306;378;29
306;379;29
306;380;29
306;381;29
306;382;29
306;383;29
306;384;29
306;385;29
306;386;29
306;387;17
306;388;17
306;389;17
306;390;17
306;391;17
306;392;17
306;393;17
306;394;17
306;395;17
306;396;17
306;397;17
306;398;17
306;399;17
306;400;17
306;401;17
306;402;17
306;403;17
306;404;17
306;405;28
306;406;28
306;407;28
306;408;28
306;409;28
306;410;28
306;411;28
306;412;28
306;413;28
306;414;28
306;415;28
306;416;28
306;417;28
306;418;28
306;419;28
306;420;28
306;421;28
306;422;28
306;423;28
306;424;28
306;425;28
306;426;28
306;427;28
306;428;28
306;429;28
306;430;10
306;431;10
306;432;10
306;433;10
306;434;10
306;435;10
306;436;10
306;437;10
306;438;10
306;439;42
306;440;42
306;441;42
306;442;42
306;443;42
306;444;42
306;445;42
306;446;42
306;447;42
306;448;42
306;449;42
306;450;42
306;451;42
306;452;42
306;453;42
306;454;42
306;455;42
306;456;42
306;457;42
306;458;42
306;459;42
306;460;42
306;461;42
306;462;42
306;463;42
306;464;42
306;465;42
306;466;42
306;467;42
306;468;42
306;469;42
306;470;42
306;471;36
306;472;36
306;473;36
306;474;36
306;475;36
306;476;36
306;477;36
306;478;36
306;479;36
306;480;36
306;481;36
306;482;36
306;483;36
306;484;36
306;485;36
306;486;36
306;487;43
306;488;43
306;489;43
306;490;43
306;491;43
306;492;43
306;493;43
306;494;43
306;495;43
306;496;43
306;497;43
306;498;43
306;499;43
307;0;40
307;1;40
307;2;40
307;3;40
307;4;40
307;5;40
307;6;40
307;7;40
307;8;40
307;9;40
307;10;40
307;11;40
307;12;40
307;13;40
307;14;14
307;15;14
307;16;14
307;17;14
307;18;14
307;19;14
307;20;14
307;21;16
307;22;16
307;23;16
307;24;16
307;25;16
307;26;16
307;27;16
307;28;16
307;29;16
307;30;16
307;31;16
307;32;16
307;33;16
307;34;10
307;35;10
307;36;10
307;37;10
307;38;25
307;39;25
307;40;25
307;41;25
307;42;25
307;43;25
307;44;25
307;45;25
307;46;25
307;47;25
307;48;25
307;49;25
307;50;25
307;51;25
307;52;25
307;53;25
307;54;25
307;55;25
307;56;25
307;57;25
307;58;25
307;59;25
307;60;25
307;61;25
307;62;25
307;63;25
307;64;25
307;65;38
307;66;38
307;67;38
307;68;38
307;69;38
307;70;38
307;71;38
307;72;38
307;73;38
307;74;38
307;75;38
307;76;38
307;77;38
307;78;38
307;79;38
307;80;38
307;81;38
307;82;38
307;83;38
307;84;38
307;85;38
307;86;38
307;87;38
307;88;38
307;89;38
307;90;38
307;91;38
307;92;38
307;93;38
307;94;38
307;95;38
307;96;38
307;97;38
307;98;38
307;99;38
307;100;38
307;101;38
307;102;31
307;103;31
307;104;31
307;105;31
307;106;31
307;107;31
307;108;2
307;109;2
307;110;2
307;111;2
307;112;2
307;113;2
307;114;2
307;115;2
307;116;2
307;117;2
307;118;2
307;119;2
307;120;2
307;121;2
307;122;2
307;123;2
307;124;2
307;125;2
307;126;2
307;127;2
307;128;2
307;129;2
307;130;2
307;131;2
307;132;2
307;133;15
307;134;15
307;135;15
307;136;15
307;137;15
307;138;15
307;139;15
307;140;15
307;141;15
307;142;15
307;143;15
307;144;15
307;145;15
307;146;15
307;147;15
307;148;15
307;149;15
307;150;15
307;151;15
307;152;15
307;153;15
307;154;15
307;155;15
307;156;15
307;157;15
307;158;15
307;159;15
307;160;9
307;161;9
307;162;9
307;163;9
307;164;9
307;165;9
307;166;9
307;167;28
307;168;28
307;169;28
307;170;28
307;171;28
307;172;28
307;173;28
307;174;28
307;175;28
307;176;28
307;177;28
307;178;28
307;179;28
307;180;28
307;181;28
307;182;28
307;183;28
307;184;28
307;185;28
307;186;28
307;187;28
307;188;28
307;189;28
307;190;28
307;191;25
307;192;25
307;193;25
307;194;25
307;195;25
307;196;25
307;197;25
307;198;25
307;199;25
307;200;25
307;201;25
307;202;25
307;203;25
307;204;25
307;205;25
307;206;25
307;207;25
307;208;25
307;209;25
307;210;25
307;211;25
307;212;25
307;213;25
307;214;6
307;215;6
307;216;6
307;217;6
307;218;6
307;219;6
307;220;6
307;221;6
307;222;6
307;223;6
307;224;6
307;225;6
307;226;6
307;227;6
307;228;6
307;229;6
307;230;6
307;231;6
307;232;50
307;233;50
307;234;50
307;235;50
307;236;50
307;237;50
307;238;50
307;239;50
307;240;50
307;241;50
307;242;50
307;243;50
307;244;50
307;245;50
307;246;50
307;247;50
307;248;50
307;249;50
307;250;2
307;251;2
307;252;2
307;253;2
307;254;2
307;255;2
307;256;2
307;257;2
307;258;2
307;259;2
307;260;2
307;261;2
307;262;2
307;263;2
307;264;2
307;265;2
307;266;2
307;267;2
307;268;2
307;269;7
307;270;7
307;271;7
307;272;7
307;273;7
307;274;7
307;275;7
307;276;7
307;277;7
307;278;7
307;279;7
307;280;7
307;281;7
307;282;4
307;283;4
307;284;4
307;285;4
307;286;4
307;287;4
307;288;4
307;289;4
307;290;4
307;291;4
307;292;4
307;293;4
307;294;4
307;295;4
307;296;4
307;297;4
307;298;4
307;299;4
307;300;4
307;301;4
307;302;4
307;303;4
307;304;4
307;305;4
307;306;4
307;307;4
307;308;4
307;309;4
307;310;4
307;311;4
307;312;4
307;313;4
307;314;4
307;315;4
307;316;4
307;317;4
307;318;4
307;319;18
307;320;18
307;321;18
307;322;18
307;323;18
307;324;18
307;325;18
307;326;18
307;327;18
307;328;18
307;329;18
307;330;18
307;331;18
307;332;18
307;333;18
307;334;18
307;335;18
307;336;18
307;337;18
307;338;18
307;339;18
307;340;18
307;341;18
307;342;18
307;343;18
307;344;18
307;345;18
307;346;18
307;347;18
307;348;18
307;349;18
307;350;3
307;351;3
307;352;3
307;353;3
307;354;3
307;355;3
307;356;3
307;357;3
307;358;3
307;359;3
307;360;3
307;361;3
307;362;3
307;363;3
307;364;3
307;365;3
307;366;3
307;367;3
307;368;3
307;369;3
307;370;3
307;371;29
307;372;29
307;373;29
307;374;29
307;375;29
307;376;29
307;377;29
307;378;29
307;379;29
307;380;29
307;381;29
307;382;29
307;383;29
307;384;29
307;385;29
307;386;29
307;387;29
307;388;17
307;389;17
307;390;17
307;391;17
307;392;17
307;393;17
307;394;17
307;395;17
307;396;17
307;397;17
307;398;17
307;399;17
307;400;17
307;401;17
307;402;17
307;403;17
307;404;17
307;405;28
307;406;28
307;407;28
307;408;28
307;409;28
307;410;28
307;411;28
307;412;28
307;413;28
307;414;28
307;415;28
307;416;28
307;417;28
307;418;28
307;419;28
307;420;28
307;421;28
307;422;28
307;423;28
307;424;28
307;425;28
307;426;28
307;427;28
307;428;28
307;429;28
307;430;10
307;431;10
307;432;10
307;433;10
307;434;10
307;435;10
307;436;10
307;437;10
307;438;10
307;439;10
307;440;42
307;441;42
307;442;42
307;443;42
307;444;42
307;445;42
307;446;42
307;447;42
307;448;42
307;449;42
307;450;42
307;451;42
307;452;42
307;453;42
307;454;42
307;455;42
307;456;42
307;457;42
307;458;42
307;459;42
307;460;42
307;461;42
307;462;42
307;463;42
307;464;42
307;465;42
307;466;42
307;467;42
307;468;42
307;469;42
307;470;42
307;471;42
307;472;42
307;473;36
307;474;36
307;475;36
307;476;36
307;477;36
307;478;36
307;479;36
307;480;36
307;481;36
307;482;36
307;483;36
307;484;36
307;485;36
307;486;36
307;487;36
307;488;43
307;489;43
307;490;43
307;491;43
307;492;43
307;493;43
307;494;43
307;495;43
307;496;43
307;497;43
307;498;43
307;499;43
308;0;40
308;1;40
308;2;40
308;3;40
308;4;40
308;5;40
308;6;40
308;7;40
308;8;40
308;9;40
308;10;40
308;11;40
308;12;40
308;13;14
308;14;14
308;15;14
308;16;14
308;17;14
308;18;14
308;19;14
308;20;14
308;21;14
308;22;14
308;23;16
308;24;16
308;25;16
308;26;16
308;27;16
308;28;16
308;29;16
308;30;16
308;31;16
308;32;16
308;33;16
308;34;16
308;35;10
308;36;10
308;37;10
308;38;25
308;39;25
308;40;25
308;41;25
308;42;25
308;43;25
308;44;25
308;45;25
308;46;25
308;47;25
308;48;25
308;49;25
308;50;25
308;51;25
308;52;25
308;53;25
308;54;25
308;55;25
308;56;25
308;57;25
308;58;25
308;59;25
308;60;25
308;61;25
308;62;25
308;63;25
308;64;25
308;65;38
308;66;38
308;67;38
308;68;38
308;69;38
308;70;38
308;71;38
308;72;38
308;73;38
308;74;38
308;75;38
308;76;38
308;77;38
308;78;38
308;79;38
308;80;38
308;81;38
308;82;38
308;83;38
308;84;38
308;85;38
308;86;38
308;87;38
308;88;38
308;89;38
308;90;38
308;91;38
308;92;38
308;93;38
308;94;38
308;95;38
308;96;38
308;97;38
308;98;38
308;99;38
308;100;38
308;101;38
308;102;2
308;103;2
308;104;2
308;105;2
308;106;2
308;107;2
308;108;2
308;109;2
308;110;2
308;111;2
308;112;2
308;113;2
308;114;2
308;115;2
308;116;2
308;117;2
308;118;2
308;119;2
308;120;2
308;121;2
308;122;2
308;123;2
308;124;2
308;125;2
308;126;2
308;127;2
308;128;2
308;129;2
308;130;2
308;131;2
308;132;2
308;133;15
308;134;15
308;135;15
308;136;15
308;137;15
308;138;15
308;139;15
308;140;15
308;141;15
308;142;15
308;143;15
308;144;15
308;145;15
308;146;15
308;147;15
308;148;15
308;149;15
308;150;15
308;151;15
308;152;15
308;153;15
308;154;15
308;155;15
308;156;15
308;157;15
308;158;15
308;159;15
308;160;9
308;161;9
308;162;9
308;163;9
308;164;9
308;165;9
308;166;9
308;167;9
308;168;9
308;169;28
308;170;28
308;171;28
308;172;28
308;173;28
308;174;28
308;175;28
308;176;28
308;177;28
308;178;28
308;179;28
308;180;28
308;181;28
308;182;28
308;183;28
308;184;28
308;185;28
308;186;28
308;187;28
308;188;28
308;189;28
308;190;28
308;191;28
308;192;25
308;193;25
308;194;25
308;195;25
308;196;25
308;197;25
308;198;25
308;199;25
308;200;25
308;201;25
308;202;25
308;203;25
308;204;25
308;205;25
308;206;25
308;207;25
308;208;25
308;209;25
308;210;25
308;211;25
308;212;25
308;213;25
308;214;25
308;215;6
308;216;6
308;217;6
308;218;6
308;219;6
308;220;6
308;221;6
308;222;6
308;223;6
308;224;6
308;225;6
308;226;6
308;227;6
308;228;6
308;229;6
308;230;6
308;231;50
308;232;50
308;233;50
308;234;50
308;235;50
308;236;50
308;237;50
308;238;50
308;239;50
308;240;50
308;241;50
308;242;50
308;243;50
308;244;50
308;245;50
308;246;50
308;247;50
308;248;50
308;249;50
308;250;2
308;251;2
308;252;2
308;253;2
308;254;2
308;255;2
308;256;2
308;257;2
308;258;2
308;259;2
308;260;2
308;261;2
308;262;2
308;263;2
308;264;2
308;265;2
308;266;2
308;267;2
308;268;2
308;269;7
308;270;7
308;271;7
308;272;7
308;273;7
308;274;7
308;275;7
308;276;7
308;277;7
308;278;7
308;279;7
308;280;7
308;281;7
308;282;7
308;283;7
308;284;4
308;285;4
308;286;4
308;287;4
308;288;4
308;289;4
308;290;4
308;291;4
308;292;4
308;293;4
308;294;4
308;295;4
308;296;4
308;297;4
308;298;4
308;299;4
308;300;4
308;301;4
308;302;4
308;303;4
308;304;4
308;305;4
308;306;4
308;307;4
308;308;4
308;309;4
308;310;4
308;311;4
308;312;4
308;313;4
308;314;4
308;315;4
308;316;4
308;317;4
308;318;4
308;319;18
308;320;18
308;321;18
308;322;18
308;323;18
308;324;18
308;325;18
308;326;18
308;327;18
308;328;18
308;329;18
308;330;18
308;331;18
308;332;18
308;333;18
308;334;18
308;335;18
308;336;18
308;337;18
308;338;18
308;339;18
308;340;18
308;341;18
308;342;18
308;343;18
308;344;18
308;345;18
308;346;18
308;347;18
308;348;18
308;349;18
308;350;18
308;351;3
308;352;3
308;353;3
308;354;3
308;355;3
308;356;3
308;357;3
308;358;3
308;359;3
308;360;3
308;361;3
308;362;3
308;363;3
308;364;3
308;365;3
308;366;3
308;367;3
308;368;3
308;369;3
308;370;3
308;371;3
308;372;3
308;373;29
308;374;29
308;375;29
308;376;29
308;377;29
308;378;29
308;379;29
308;380;29
308;381;29
308;382;29
308;383;29
308;384;29
308;385;29
308;386;29
308;387;29
308;388;17
308;389;17
308;390;17
308;391;17
308;392;17
308;393;17
308;394;17
308;395;17
308;396;17
308;397;17
308;398;17
308;399;17
308;400;17
308;401;17
308;402;17
308;403;17
308;404;17
308;405;17
308;406;28
308;407;28
308;408;28
308;409;28
308;410;28
308;411;28
308;412;28
308;413;28
308;414;28
308;415;28
308;416;28
308;417;28
308;418;28
308;419;28
308;420;28
308;421;28
308;422;28
308;423;28
308;424;28
308;425;28
308;426;28
308;427;28
308;428;28
308;429;28
308;430;10
308;431;10
308;432;10
308;433;10
308;434;10
308;435;10
308;436;10
308;437;10
308;438;10
308;439;10
308;440;42
308;441;42
308;442;42
308;443;42
308;444;42
308;445;42
308;446;42
308;447;42
308;448;42
308;449;42
308;450;42
308;451;42
308;452;42
308;453;42
308;454;42
308;455;42
308;456;42
308;457;42
308;458;42
308;459;42
308;460;42
308;461;42
308;462;42
308;463;42
308;464;42
308;465;42
308;466;42
308;467;42
308;468;42
308;469;42
308;470;42
308;471;42
308;472;42
308;473;42
308;474;42
308;475;36
308;476;36
308;477;36
308;478;36
308;479;36
308;480;36
308;481;36
308;482;36
308;483;36
308;484;36
308;485;36
308;486;36
308;487;36
308;488;36
308;489;43
308;490;43
308;491;43
308;492;43
308;493;43
308;494;43
308;495;43
308;496;43
308;497;43
308;498;43
308;499;43
309;0;40
309;1;40
309;2;40
309;3;40
309;4;40
309;5;40
309;6;40
309;7;40
309;8;40
309;9;14
309;10;14
309;11;14
309;12;14
309;13;14
309;14;14
309;15;14
309;16;14
309;17;14
309;18;14
309;19;14
309;20;14
309;21;14
309;22;14
309;23;14
309;24;14
309;25;16
309;26;16
309;27;16
309;28;16
309;29;16
309;30;16
309;31;16
309;32;16
309;33;16
309;34;16
309;35;16
309;36;10
309;37;10
309;38;10
309;39;25
309;40;25
309;41;25
309;42;25
309;43;25
309;44;25
309;45;25
309;46;25
309;47;25
309;48;25
309;49;25
309;50;25
309;51;25
309;52;25
309;53;25
309;54;25
309;55;25
309;56;25
309;57;25
309;58;25
309;59;25
309;60;25
309;61;25
309;62;25
309;63;25
309;64;25
309;65;38
309;66;38
309;67;38
309;68;38
309;69;38
309;70;38
309;71;38
309;72;38
309;73;38
309;74;38
309;75;38
309;76;38
309;77;38
309;78;38
309;79;38
309;80;38
309;81;38
309;82;38
309;83;38
309;84;38
309;85;38
309;86;38
309;87;38
309;88;38
309;89;38
309;90;38
309;91;38
309;92;38
309;93;38
309;94;38
309;95;38
309;96;38
309;97;38
309;98;38
309;99;38
309;100;38
309;101;38
309;102;38
309;103;2
309;104;2
309;105;2
309;106;2
309;107;2
309;108;2
309;109;2
309;110;2
309;111;2
309;112;2
309;113;2
309;114;2
309;115;2
309;116;2
309;117;2
309;118;2
309;119;2
309;120;2
309;121;2
309;122;2
309;123;2
309;124;2
309;125;2
309;126;2
309;127;2
309;128;2
309;129;2
309;130;2
309;131;2
309;132;2
309;133;2
309;134;15
309;135;15
309;136;15
309;137;15
309;138;15
309;139;15
309;140;15
309;141;15
309;142;15
309;143;15
309;144;15
309;145;15
309;146;15
309;147;15
309;148;15
309;149;15
309;150;15
309;151;15
309;152;15
309;153;15
309;154;15
309;155;15
309;156;15
309;157;15
309;158;15
309;159;15
309;160;9
309;161;9
309;162;9
309;163;9
309;164;9
309;165;9
309;166;9
309;167;9
309;168;9
309;169;9
309;170;9
309;171;28
309;172;28
309;173;28
309;174;28
309;175;28
309;176;28
309;177;28
309;178;28
309;179;28
309;180;28
309;181;28
309;182;28
309;183;28
309;184;28
309;185;28
309;186;28
309;187;28
309;188;28
309;189;28
309;190;28
309;191;28
309;192;25
309;193;25
309;194;25
309;195;25
309;196;25
309;197;25
309;198;25
309;199;25
309;200;25
309;201;25
309;202;25
309;203;25
309;204;25
309;205;25
309;206;25
309;207;25
309;208;25
309;209;25
309;210;25
309;211;25
309;212;25
309;213;25
309;214;25
309;215;25
309;216;6
309;217;6
309;218;6
309;219;6
309;220;6
309;221;6
309;222;6
309;223;6
309;224;6
309;225;6
309;226;6
309;227;6
309;228;6
309;229;6
309;230;50
309;231;50
309;232;50
309;233;50
309;234;50
309;235;50
309;236;50
309;237;50
309;238;50
309;239;50
309;240;50
309;241;50
309;242;50
309;243;50
309;244;50
309;245;50
309;246;50
309;247;50
309;248;50
309;249;50
309;250;2
309;251;2
309;252;2
309;253;2
309;254;2
309;255;2
309;256;2
309;257;2
309;258;2
309;259;2
309;260;2
309;261;2
309;262;2
309;263;2
309;264;2
309;265;2
309;266;2
309;267;2
309;268;2
309;269;2
309;270;7
309;271;7
309;272;7
309;273;7
309;274;7
309;275;7
309;276;7
309;277;7
309;278;7
309;279;7
309;280;7
309;281;7
309;282;7
309;283;7
309;284;7
309;285;7
309;286;4
309;287;4
309;288;4
309;289;4
309;290;4
309;291;4
309;292;4
309;293;4
309;294;4
309;295;4
309;296;4
309;297;4
309;298;4
309;299;4
309;300;4
309;301;4
309;302;4
309;303;4
309;304;4
309;305;4
309;306;4
309;307;4
309;308;4
309;309;4
309;310;4
309;311;4
309;312;4
309;313;4
309;314;4
309;315;4
309;316;4
309;317;4
309;318;4
309;319;18
309;320;18
309;321;18
309;322;18
309;323;18
309;324;18
309;325;18
309;326;18
309;327;18
309;328;18
309;329;18
309;330;18
309;331;18
309;332;18
309;333;18
309;334;18
309;335;18
309;336;18
309;337;18
309;338;18
309;339;18
309;340;18
309;341;18
309;342;18
309;343;18
309;344;18
309;345;18
309;346;18
309;347;18
309;348;18
309;349;18
309;350;18
309;351;3
309;352;3
309;353;3
309;354;3
309;355;3
309;356;3
309;357;3
309;358;3
309;359;3
309;360;3
309;361;3
309;362;3
309;363;3
309;364;3
309;365;3
309;366;3
309;367;3
309;368;3
309;369;3
309;370;3
309;371;3
309;372;3
309;373;3
309;374;29
309;375;29
309;376;29
309;377;29
309;378;29
309;379;29
309;380;29
309;381;29
309;382;29
309;383;29
309;384;29
309;385;29
309;386;29
309;387;36
309;388;36
309;389;36
309;390;36
309;391;36
309;392;36
309;393;36
309;394;36
309;395;36
309;396;36
309;397;36
309;398;36
309;399;17
309;400;17
309;401;17
309;402;17
309;403;17
309;404;17
309;405;17
309;406;28
309;407;28
309;408;28
309;409;28
309;410;28
309;411;28
309;412;28
309;413;28
309;414;28
309;415;28
309;416;28
309;417;28
309;418;28
309;419;28
309;420;28
309;421;28
309;422;28
309;423;28
309;424;28
309;425;28
309;426;28
309;427;28
309;428;28
309;429;28
309;430;10
309;431;10
309;432;10
309;433;10
309;434;10
309;435;10
309;436;10
309;437;10
309;438;10
309;439;10
309;440;10
309;441;42
309;442;42
309;443;42
309;444;42
309;445;42
309;446;42
309;447;42
309;448;42
309;449;42
309;450;42
309;451;42
309;452;42
309;453;42
309;454;42
309;455;42
309;456;42
309;457;42
309;458;42
309;459;42
309;460;42
309;461;42
309;462;42
309;463;42
309;464;42
309;465;42
309;466;42
309;467;42
309;468;42
309;469;42
309;470;42
309;471;42
309;472;42
309;473;42
309;474;42
309;475;42
309;476;36
309;477;36
309;478;36
309;479;36
309;480;36
309;481;36
309;482;36
309;483;36
309;484;36
309;485;36
309;486;36
309;487;36
309;488;36
309;489;36
309;490;43
309;491;43
309;492;43
309;493;43
309;494;43
309;495;43
309;496;43
309;497;43
309;498;43
309;499;43
310;0;40
310;1;40
310;2;40
310;3;40
310;4;40
310;5;40
310;6;40
310;7;40
310;8;14
310;9;14
310;10;14
310;11;14
310;12;14
310;13;14
310;14;14
310;15;14
310;16;14
310;17;14
310;18;14
310;19;14
310;20;14
310;21;14
310;22;14
310;23;14
310;24;14
310;25;14
310;26;14
310;27;16
310;28;16
310;29;16
310;30;16
310;31;16
310;32;16
310;33;16
310;34;16
310;35;16
310;36;16
310;37;10
310;38;10
310;39;25
310;40;25
310;41;25
310;42;25
310;43;25
310;44;25
310;45;25
310;46;25
310;47;25
310;48;25
310;49;25
310;50;25
310;51;25
310;52;25
310;53;25
310;54;25
310;55;25
310;56;25
310;57;25
310;58;25
310;59;25
310;60;25
310;61;25
310;62;25
310;63;25
310;64;38
310;65;38
310;66;38
310;67;38
310;68;38
310;69;38
310;70;38
310;71;38
310;72;38
310;73;38
310;74;38
310;75;38
310;76;38
310;77;38
310;78;38
310;79;38
310;80;38
310;81;38
310;82;38
310;83;38
310;84;38
310;85;38
310;86;38
310;87;38
310;88;38
310;89;38
310;90;38
310;91;38
310;92;38
310;93;38
310;94;38
310;95;38
310;96;38
310;97;38
310;98;38
310;99;38
310;100;38
310;101;38
310;102;38
310;103;2
310;104;2
310;105;2
310;106;2
310;107;2
310;108;2
310;109;2
310;110;2
310;111;2
310;112;2
310;113;2
310;114;2
310;115;2
310;116;2
310;117;2
310;118;2
310;119;2
310;120;2
310;121;2
310;122;2
310;123;2
310;124;2
310;125;2
310;126;2
310;127;2
310;128;2
310;129;2
310;130;2
310;131;2
310;132;2
310;133;2
310;134;2
310;135;15
310;136;15
310;137;15
310;138;15
310;139;15
310;140;15
310;141;15
310;142;15
310;143;15
310;144;15
310;145;15
310;146;15
310;147;15
310;148;15
310;149;15
310;150;15
310;151;15
310;152;15
310;153;15
310;154;15
310;155;15
310;156;15
310;157;15
310;158;15
310;159;9
310;160;9
310;161;9
310;162;9
310;163;9
310;164;9
310;165;9
310;166;9
310;167;9
310;168;9
310;169;9
310;170;9
310;171;9
310;172;9
310;173;28
310;174;28
310;175;28
310;176;28
310;177;28
310;178;28
310;179;28
310;180;28
310;181;28
310;182;28
310;183;28
310;184;28
310;185;28
310;186;28
310;187;28
310;188;28
310;189;28
310;190;28
310;191;28
310;192;28
310;193;25
310;194;25
310;195;25
310;196;25
310;197;25
310;198;25
310;199;25
310;200;25
310;201;25
310;202;25
310;203;25
310;204;25
310;205;25
310;206;25
310;207;25
310;208;25
310;209;25
310;210;25
310;211;25
310;212;25
310;213;25
310;214;25
310;215;25
310;216;25
310;217;6
310;218;6
310;219;6
310;220;6
310;221;6
310;222;6
310;223;6
310;224;6
310;225;6
310;226;6
310;227;6
310;228;6
310;229;50
310;230;50
310;231;50
310;232;50
310;233;50
310;234;50
310;235;50
310;236;50
310;237;50
310;238;50
310;239;50
310;240;50
310;241;50
310;242;50
310;243;50
310;244;50
310;245;50
310;246;50
310;247;50
310;248;50
310;249;50
310;250;2
310;251;2
310;252;2
310;253;2
310;254;2
310;255;2
310;256;2
310;257;2
310;258;2
310;259;2
310;260;2
310;261;2
310;262;2
310;263;2
310;264;2
310;265;2
310;266;2
310;267;2
310;268;2
310;269;2
310;270;7
310;271;7
310;272;7
310;273;7
310;274;7
310;275;7
310;276;7
310;277;7
310;278;7
310;279;7
310;280;7
310;281;7
310;282;7
310;283;7
310;284;7
310;285;7
310;286;7
310;287;7
310;288;4
310;289;4
310;290;4
310;291;4
310;292;4
310;293;4
310;294;4
310;295;4
310;296;4
310;297;4
310;298;4
310;299;4
310;300;4
310;301;4
310;302;4
310;303;4
310;304;4
310;305;4
310;306;4
310;307;4
310;308;4
310;309;4
310;310;4
310;311;4
310;312;4
310;313;4
310;314;4
310;315;4
310;316;4
310;317;4
310;318;4
310;319;18
310;320;18
310;321;18
310;322;18
310;323;18
310;324;18
310;325;18
310;326;18
310;327;18
310;328;18
310;329;18
310;330;18
310;331;18
310;332;18
310;333;18
310;334;18
310;335;18
310;336;18
310;337;18
310;338;18
310;339;18
310;340;18
310;341;18
310;342;18
310;343;18
310;344;18
310;345;18
310;346;18
310;347;18
310;348;18
310;349;18
310;350;18
310;351;18
310;352;3
310;353;3
310;354;3
310;355;3
310;356;3
310;357;3
310;358;3
310;359;3
310;360;3
310;361;3
310;362;3
310;363;3
310;364;3
310;365;3
310;366;3
310;367;3
310;368;3
310;369;3
310;370;3
310;371;3
310;372;3
310;373;3
310;374;3
310;375;29
310;376;29
310;377;29
310;378;29
310;379;29
310;380;29
310;381;29
310;382;29
310;383;29
310;384;29
310;385;29
310;386;29
310;387;36
310;388;36
310;389;36
310;390;36
310;391;36
310;392;36
310;393;36
310;394;36
310;395;36
310;396;36
310;397;36
310;398;36
310;399;36
310;400;36
310;401;17
310;402;17
310;403;17
310;404;17
310;405;17
310;406;23
310;407;28
310;408;28
310;409;28
310;410;28
310;411;28
310;412;28
310;413;28
310;414;28
310;415;28
310;416;28
310;417;28
310;418;28
310;419;28
310;420;28
310;421;28
310;422;28
310;423;28
310;424;28
310;425;28
310;426;28
310;427;28
310;428;28
310;429;28
310;430;10
310;431;10
310;432;10
310;433;10
310;434;10
310;435;10
310;436;10
310;437;10
310;438;10
310;439;10
310;440;10
310;441;10
310;442;42
310;443;42
310;444;42
310;445;42
310;446;42
310;447;42
310;448;42
310;449;42
310;450;42
310;451;42
310;452;42
310;453;42
310;454;42
310;455;42
310;456;42
310;457;42
310;458;42
310;459;42
310;460;42
310;461;42
310;462;42
310;463;42
310;464;42
310;465;42
310;466;42
310;467;42
310;468;42
310;469;42
310;470;42
310;471;42
310;472;42
310;473;42
310;474;42
310;475;42
310;476;42
310;477;36
310;478;36
310;479;36
310;480;36
310;481;36
310;482;36
310;483;36
310;484;36
310;485;36
310;486;36
310;487;36
310;488;36
310;489;36
310;490;36
310;491;43
310;492;43
310;493;43
310;494;43
310;495;43
310;496;43
310;497;43
310;498;43
310;499;43
311;0;28
311;1;28
311;2;28
311;3;40
311;4;40
311;5;40
311;6;40
311;7;14
311;8;14
311;9;14
311;10;14
311;11;14
311;12;14
311;13;14
311;14;14
311;15;14
311;16;14
311;17;14
311;18;14
311;19;14
311;20;14
311;21;14
311;22;14
311;23;14
311;24;14
311;25;14
311;26;14
311;27;14
311;28;14
311;29;14
311;30;14
311;31;14
311;32;14
311;33;14
311;34;14
311;35;14
311;36;14
311;37;14
311;38;14
311;39;10
311;40;32
311;41;32
311;42;32
311;43;32
311;44;32
311;45;32
311;46;32
311;47;32
311;48;32
311;49;32
311;50;32
311;51;32
311;52;32
311;53;32
311;54;32
311;55;25
311;56;25
311;57;25
311;58;25
311;59;25
311;60;25
311;61;25
311;62;25
311;63;25
311;64;38
311;65;38
311;66;38
311;67;38
311;68;38
311;69;38
311;70;38
311;71;38
311;72;38
311;73;38
311;74;38
311;75;38
311;76;38
311;77;38
311;78;38
311;79;38
311;80;38
311;81;38
311;82;38
311;83;38
311;84;38
311;85;38
311;86;38
311;87;38
311;88;38
311;89;38
311;90;38
311;91;38
311;92;38
311;93;38
311;94;38
311;95;38
311;96;38
311;97;38
311;98;38
311;99;38
311;100;38
311;101;38
311;102;38
311;103;2
311;104;2
311;105;2
311;106;2
311;107;2
311;108;2
311;109;2
311;110;2
311;111;2
311;112;2
311;113;2
311;114;2
311;115;2
311;116;2
311;117;2
311;118;2
311;119;2
311;120;2
311;121;2
311;122;2
311;123;2
311;124;2
311;125;2
311;126;2
311;127;2
311;128;2
311;129;2
311;130;2
311;131;2
311;132;2
311;133;2
311;134;2
311;135;51
311;136;51
311;137;15
311;138;15
311;139;15
311;140;15
311;141;15
311;142;15
311;143;15
311;144;15
311;145;15
311;146;15
311;147;15
311;148;15
311;149;15
311;150;15
311;151;15
311;152;15
311;153;15
311;154;15
311;155;15
311;156;15
311;157;15
311;158;9
311;159;9
311;160;9
311;161;9
311;162;9
311;163;9
311;164;9
311;165;9
311;166;9
311;167;9
311;168;9
311;169;9
311;170;9
311;171;9
311;172;9
311;173;9
311;174;50
311;175;28
311;176;28
311;177;28
311;178;28
311;179;28
311;180;28
311;181;28
311;182;28
311;183;28
311;184;28
311;185;28
311;186;28
311;187;28
311;188;28
311;189;28
311;190;28
311;191;28
311;192;28
311;193;25
311;194;25
311;195;25
311;196;25
311;197;25
311;198;25
311;199;25
311;200;25
311;201;25
311;202;25
311;203;25
311;204;25
311;205;25
311;206;25
311;207;25
311;208;25
311;209;25
311;210;25
311;211;25
311;212;25
311;213;25
311;214;25
311;215;25
311;216;25
311;217;25
311;218;6
311;219;6
311;220;6
311;221;6
311;222;6
311;223;6
311;224;6
311;225;6
311;226;6
311;227;6
311;228;50
311;229;50
311;230;50
311;231;50
311;232;50
311;233;50
311;234;50
311;235;50
311;236;50
311;237;50
311;238;50
311;239;50
311;240;50
311;241;50
311;242;50
311;243;50
311;244;50
311;245;50
311;246;50
311;247;50
311;248;50
311;249;50
311;250;2
311;251;2
311;252;2
311;253;2
311;254;2
311;255;2
311;256;2
311;257;2
311;258;2
311;259;2
311;260;2
311;261;2
311;262;2
311;263;2
311;264;2
311;265;2
311;266;2
311;267;2
311;268;2
311;269;2
311;270;2
311;271;7
311;272;7
311;273;7
311;274;7
311;275;7
311;276;7
311;277;7
311;278;7
311;279;7
311;280;7
311;281;7
311;282;7
311;283;7
311;284;7
311;285;7
311;286;7
311;287;7
311;288;7
311;289;7
311;290;4
311;291;4
311;292;4
311;293;4
311;294;4
311;295;4
311;296;4
311;297;4
311;298;4
311;299;4
311;300;4
311;301;4
311;302;4
311;303;4
311;304;4
311;305;4
311;306;4
311;307;4
311;308;4
311;309;4
311;310;4
311;311;4
311;312;4
311;313;4
311;314;4
311;315;4
311;316;4
311;317;4
311;318;4
311;319;18
311;320;18
311;321;18
311;322;18
311;323;18
311;324;18
311;325;18
311;326;18
311;327;18
311;328;18
311;329;18
311;330;18
311;331;18
311;332;18
311;333;18
311;334;18
311;335;18
311;336;18
311;337;18
311;338;18
311;339;18
311;340;18
311;341;18
311;342;18
311;343;18
311;344;18
311;345;18
311;346;18
311;347;18
311;348;18
311;349;18
311;350;18
311;351;18
311;352;3
311;353;3
311;354;3
311;355;3
311;356;3
311;357;3
311;358;3
311;359;3
311;360;3
311;361;3
311;362;3
311;363;3
311;364;3
311;365;3
311;366;3
311;367;3
311;368;3
311;369;3
311;370;3
311;371;3
311;372;3
311;373;3
311;374;3
311;375;3
311;376;29
311;377;29
311;378;29
311;379;29
311;380;29
311;381;29
311;382;29
311;383;29
311;384;29
311;385;29
311;386;29
311;387;36
311;388;36
311;389;36
311;390;36
311;391;36
311;392;36
311;393;36
311;394;36
311;395;36
311;396;36
311;397;36
311;398;36
311;399;36
311;400;36
311;401;36
311;402;36
311;403;36
311;404;36
311;405;36
311;406;23
311;407;23
311;408;23
311;409;28
311;410;28
311;411;28
311;412;28
311;413;28
311;414;28
311;415;28
311;416;28
311;417;28
311;418;28
311;419;28
311;420;28
311;421;28
311;422;28
311;423;28
311;424;28
311;425;28
311;426;28
311;427;28
311;428;28
311;429;28
311;430;10
311;431;10
311;432;10
311;433;10
311;434;10
311;435;10
311;436;10
311;437;10
311;438;10
311;439;10
311;440;10
311;441;10
311;442;10
311;443;42
311;444;42
311;445;42
311;446;42
311;447;42
311;448;42
311;449;42
311;450;42
311;451;42
311;452;42
311;453;42
311;454;42
311;455;42
311;456;42
311;457;42
311;458;42
311;459;42
311;460;42
311;461;42
311;462;42
311;463;42
311;464;42
311;465;42
311;466;42
311;467;42
311;468;42
311;469;42
311;470;42
311;471;42
311;472;42
311;473;42
311;474;42
311;475;42
311;476;42
311;477;42
311;478;36
311;479;36
311;480;36
311;481;36
311;482;36
311;483;36
311;484;36
311;485;36
311;486;36
311;487;36
311;488;36
311;489;36
311;490;36
311;491;36
311;492;43
311;493;43
311;494;43
311;495;43
311;496;43
311;497;43
311;498;43
311;499;43
312;0;28
312;1;28
312;2;28
312;3;28
312;4;28
312;5;28
312;6;28
312;7;28
312;8;14
312;9;14
312;10;14
312;11;14
312;12;14
312;13;14
312;14;14
312;15;14
312;16;14
312;17;14
312;18;14
312;19;14
312;20;14
312;21;14
312;22;14
312;23;14
312;24;14
312;25;14
312;26;14
312;27;14
312;28;14
312;29;14
312;30;14
312;31;14
312;32;14
312;33;14
312;34;14
312;35;14
312;36;14
312;37;14
312;38;14
312;39;14
312;40;42
312;41;32
312;42;32
312;43;32
312;44;32
312;45;32
312;46;32
312;47;32
312;48;32
312;49;32
312;50;32
312;51;32
312;52;32
312;53;32
312;54;32
312;55;32
312;56;32
312;57;32
312;58;32
312;59;32
312;60;32
312;61;32
312;62;32
312;63;32
312;64;38
312;65;38
312;66;38
312;67;38
312;68;38
312;69;38
312;70;38
312;71;38
312;72;38
312;73;38
312;74;38
312;75;38
312;76;38
312;77;38
312;78;38
312;79;38
312;80;38
312;81;38
312;82;38
312;83;38
312;84;38
312;85;38
312;86;38
312;87;38
312;88;38
312;89;38
312;90;38
312;91;38
312;92;38
312;93;38
312;94;38
312;95;38
312;96;38
312;97;38
312;98;38
312;99;38
312;100;38
312;101;38
312;102;38
312;103;2
312;104;2
312;105;2
312;106;2
312;107;2
312;108;2
312;109;2
312;110;2
312;111;2
312;112;2
312;113;2
312;114;2
312;115;2
312;116;2
312;117;2
312;118;2
312;119;2
312;120;2
312;121;2
312;122;2
312;123;2
312;124;2
312;125;2
312;126;2
312;127;2
312;128;2
312;129;2
312;130;2
312;131;2
312;132;2
312;133;2
312;134;2
312;135;51
312;136;51
312;137;51
312;138;51
312;139;15
312;140;15
312;141;15
312;142;15
312;143;15
312;144;15
312;145;15
312;146;15
312;147;15
312;148;15
312;149;15
312;150;15
312;151;15
312;152;15
312;153;15
312;154;15
312;155;15
312;156;15
312;157;15
312;158;9
312;159;9
312;160;9
312;161;9
312;162;9
312;163;9
312;164;9
312;165;9
312;166;9
312;167;9
312;168;9
312;169;9
312;170;9
312;171;9
312;172;9
312;173;9
312;174;50
312;175;50
312;176;50
312;177;28
312;178;28
312;179;28
312;180;28
312;181;28
312;182;28
312;183;28
312;184;28
312;185;28
312;186;28
312;187;28
312;188;28
312;189;28
312;190;28
312;191;28
312;192;28
312;193;28
312;194;25
312;195;25
312;196;25
312;197;25
312;198;25
312;199;25
312;200;25
312;201;25
312;202;25
312;203;25
312;204;25
312;205;25
312;206;25
312;207;25
312;208;25
312;209;25
312;210;25
312;211;25
312;212;25
312;213;25
312;214;25
312;215;25
312;216;25
312;217;25
312;218;25
312;219;6
312;220;6
312;221;6
312;222;6
312;223;6
312;224;6
312;225;6
312;226;6
312;227;50
312;228;50
312;229;50
312;230;50
312;231;50
312;232;50
312;233;50
312;234;50
312;235;50
312;236;50
312;237;50
312;238;50
312;239;50
312;240;50
312;241;50
312;242;50
312;243;50
312;244;50
312;245;50
312;246;50
312;247;50
312;248;50
312;249;50
312;250;2
312;251;2
312;252;2
312;253;2
312;254;2
312;255;2
312;256;2
312;257;2
312;258;2
312;259;2
312;260;2
312;261;2
312;262;2
312;263;2
312;264;2
312;265;2
312;266;2
312;267;2
312;268;2
312;269;2
312;270;2
312;271;7
312;272;7
312;273;7
312;274;7
312;275;7
312;276;7
312;277;7
312;278;7
312;279;7
312;280;7
312;281;7
312;282;7
312;283;7
312;284;7
312;285;7
312;286;7
312;287;7
312;288;7
312;289;7
312;290;7
312;291;7
312;292;4
312;293;4
312;294;4
312;295;4
312;296;4
312;297;4
312;298;4
312;299;4
312;300;4
312;301;4
312;302;4
312;303;4
312;304;4
312;305;4
312;306;4
312;307;4
312;308;4
312;309;4
312;310;4
312;311;4
312;312;4
312;313;4
312;314;4
312;315;4
312;316;4
312;317;4
312;318;4
312;319;18
312;320;18
312;321;18
312;322;18
312;323;18
312;324;18
312;325;18
312;326;18
312;327;18
312;328;18
312;329;18
312;330;18
312;331;18
312;332;18
312;333;18
312;334;18
312;335;18
312;336;18
312;337;18
312;338;18
312;339;18
312;340;18
312;341;18
312;342;18
312;343;18
312;344;18
312;345;18
312;346;18
312;347;18
312;348;18
312;349;18
312;350;18
312;351;18
312;352;18
312;353;3
312;354;3
312;355;3
312;356;3
312;357;3
312;358;3
312;359;3
312;360;3
312;361;3
312;362;3
312;363;3
312;364;3
312;365;3
312;366;3
312;367;3
312;368;3
312;369;3
312;370;3
312;371;3
312;372;3
312;373;3
312;374;3
312;375;3
312;376;3
312;377;3
312;378;29
312;379;29
312;380;29
312;381;29
312;382;29
312;383;29
312;384;29
312;385;29
312;386;29
312;387;36
312;388;36
312;389;36
312;390;36
312;391;36
312;392;36
312;393;36
312;394;36
312;395;36
312;396;36
312;397;36
312;398;36
312;399;36
312;400;36
312;401;36
312;402;36
312;403;36
312;404;36
312;405;36
312;406;23
312;407;23
312;408;23
312;409;23
312;410;23
312;411;28
312;412;28
312;413;28
312;414;28
312;415;28
312;416;28
312;417;28
312;418;28
312;419;28
312;420;28
312;421;28
312;422;28
312;423;28
312;424;28
312;425;28
312;426;28
312;427;28
312;428;28
312;429;28
312;430;10
312;431;10
312;432;10
312;433;10
312;434;10
312;435;10
312;436;10
312;437;10
312;438;10
312;439;10
312;440;10
312;441;10
312;442;10
312;443;10
312;444;42
312;445;42
312;446;42
312;447;42
312;448;42
312;449;42
312;450;42
312;451;42
312;452;42
312;453;42
312;454;42
312;455;42
312;456;42
312;457;42
312;458;42
312;459;42
312;460;42
312;461;42
312;462;42
312;463;42
312;464;42
312;465;42
312;466;42
312;467;42
312;468;42
312;469;42
312;470;42
312;471;42
312;472;42
312;473;42
312;474;42
312;475;42
312;476;42
312;477;42
312;478;42
312;479;36
312;480;36
312;481;36
312;482;36
312;483;36
312;484;36
312;485;36
312;486;36
312;487;36
312;488;36
312;489;36
312;490;36
312;491;36
312;492;36
312;493;43
312;494;43
312;495;43
312;496;43
312;497;43
312;498;43
312;499;43
313;0;28
313;1;28
313;2;28
313;3;28
313;4;28
313;5;28
313;6;28
313;7;28
313;8;28
313;9;14
313;10;14
313;11;14
313;12;14
313;13;14
313;14;14
313;15;14
313;16;14
313;17;14
313;18;14
313;19;14
313;20;14
313;21;14
313;22;14
313;23;14
313;24;14
313;25;14
313;26;14
313;27;14
313;28;14
313;29;14
313;30;14
313;31;14
313;32;14
313;33;14
313;34;14
313;35;14
313;36;14
313;37;14
313;38;14
313;39;14
313;40;42
313;41;42
313;42;32
313;43;32
313;44;32
313;45;32
313;46;32
313;47;32
313;48;32
313;49;32
313;50;32
313;51;32
313;52;32
313;53;32
313;54;32
313;55;32
313;56;32
313;57;32
313;58;32
313;59;32
313;60;32
313;61;32
313;62;32
313;63;32
313;64;32
313;65;32
313;66;38
313;67;38
313;68;38
313;69;38
313;70;38
313;71;38
313;72;38
313;73;38
313;74;38
313;75;38
313;76;38
313;77;38
313;78;38
313;79;38
313;80;38
313;81;38
313;82;38
313;83;38
313;84;38
313;85;38
313;86;38
313;87;38
313;88;38
313;89;38
313;90;38
313;91;38
313;92;38
313;93;38
313;94;38
313;95;38
313;96;38
313;97;38
313;98;38
313;99;38
313;100;38
313;101;38
313;102;38
313;103;2
313;104;2
313;105;2
313;106;2
313;107;2
313;108;2
313;109;2
313;110;2
313;111;2
313;112;2
313;113;2
313;114;2
313;115;2
313;116;2
313;117;2
313;118;2
313;119;2
313;120;2
313;121;2
313;122;2
313;123;2
313;124;2
313;125;2
313;126;2
313;127;2
313;128;2
313;129;2
313;130;2
313;131;2
313;132;2
313;133;2
313;134;2
313;135;51
313;136;51
313;137;51
313;138;51
313;139;51
313;140;51
313;141;15
313;142;15
313;143;15
313;144;15
313;145;15
313;146;15
313;147;15
313;148;15
313;149;15
313;150;15
313;151;15
313;152;15
313;153;15
313;154;15
313;155;15
313;156;15
313;157;15
313;158;9
313;159;9
313;160;9
313;161;9
313;162;9
313;163;9
313;164;9
313;165;9
313;166;9
313;167;9
313;168;9
313;169;9
313;170;9
313;171;9
313;172;9
313;173;9
313;174;9
313;175;50
313;176;50
313;177;50
313;178;50
313;179;50
313;180;50
313;181;50
313;182;50
313;183;50
313;184;50
313;185;50
313;186;50
313;187;50
313;188;50
313;189;50
313;190;50
313;191;28
313;192;28
313;193;28
313;194;25
313;195;25
313;196;25
313;197;25
313;198;25
313;199;25
313;200;25
313;201;25
313;202;25
313;203;25
313;204;25
313;205;25
313;206;25
313;207;25
313;208;25
313;209;25
313;210;25
313;211;25
313;212;25
313;213;25
313;214;25
313;215;25
313;216;25
313;217;25
313;218;25
313;219;25
313;220;6
313;221;6
313;222;6
313;223;6
313;224;6
313;225;6
313;226;50
313;227;50
313;228;50
313;229;50
313;230;50
313;231;50
313;232;50
313;233;50
313;234;50
313;235;50
313;236;50
313;237;50
313;238;50
313;239;50
313;240;50
313;241;50
313;242;50
313;243;50
313;244;50
313;245;50
313;246;50
313;247;50
313;248;50
313;249;50
313;250;2
313;251;2
313;252;2
313;253;2
313;254;2
313;255;2
313;256;2
313;257;2
313;258;2
313;259;2
313;260;2
313;261;2
313;262;2
313;263;2
313;264;2
313;265;2
313;266;2
313;267;2
313;268;2
313;269;2
313;270;2
313;271;2
313;272;7
313;273;7
313;274;7
313;275;7
313;276;7
313;277;7
313;278;7
313;279;7
313;280;7
313;281;7
313;282;7
313;283;7
313;284;7
313;285;7
313;286;7
313;287;7
313;288;7
313;289;7
313;290;7
313;291;7
313;292;7
313;293;7
313;294;4
313;295;4
313;296;4
313;297;4
313;298;4
313;299;4
313;300;4
313;301;4
313;302;4
313;303;4
313;304;4
313;305;4
313;306;4
313;307;4
313;308;4
313;309;4
313;310;4
313;311;4
313;312;4
313;313;4
313;314;4
313;315;4
313;316;4
313;317;4
313;318;4
313;319;18
313;320;18
313;321;18
313;322;18
313;323;18
313;324;18
313;325;18
313;326;18
313;327;18
313;328;18
313;329;18
313;330;18
313;331;18
313;332;18
313;333;18
313;334;18
313;335;18
313;336;18
313;337;18
313;338;18
313;339;18
313;340;18
313;341;18
313;342;18
313;343;18
313;344;18
313;345;18
313;346;18
313;347;18
313;348;18
313;349;18
313;350;18
313;351;18
313;352;18
313;353;3
313;354;3
313;355;3
313;356;3
313;357;3
313;358;3
313;359;3
313;360;3
313;361;3
313;362;3
313;363;3
313;364;3
313;365;3
313;366;3
313;367;3
313;368;3
313;369;3
313;370;3
313;371;3
313;372;3
313;373;3
313;374;3
313;375;3
313;376;3
313;377;3
313;378;3
313;379;3
313;380;29
313;381;29
313;382;29
313;383;29
313;384;29
313;385;29
313;386;29
313;387;36
313;388;36
313;389;36
313;390;36
313;391;36
313;392;36
313;393;36
313;394;36
313;395;36
313;396;36
313;397;36
313;398;36
313;399;36
313;400;36
313;401;36
313;402;36
313;403;36
313;404;36
313;405;36
313;406;23
313;407;23
313;408;23
313;409;23
313;410;23
313;411;23
313;412;28
313;413;28
313;414;28
313;415;28
313;416;28
313;417;28
313;418;28
313;419;28
313;420;28
313;421;28
313;422;28
313;423;28
313;424;28
313;425;28
313;426;28
313;427;28
313;428;28
313;429;28
313;430;28
313;431;10
313;432;10
313;433;10
313;434;10
313;435;10
313;436;10
313;437;10
313;438;10
313;439;10
313;440;10
313;441;10
313;442;10
313;443;10
313;444;10
313;445;42
313;446;42
313;447;42
313;448;42
313;449;42
313;450;42
313;451;42
313;452;42
313;453;42
313;454;42
313;455;42
313;456;42
313;457;42
313;458;42
313;459;42
313;460;42
313;461;42
313;462;42
313;463;42
313;464;42
313;465;42
313;466;42
313;467;42
313;468;42
313;469;42
313;470;42
313;471;42
313;472;42
313;473;42
313;474;42
313;475;42
313;476;42
313;477;42
313;478;42
313;479;42
313;480;36
313;481;36
313;482;36
313;483;36
313;484;36
313;485;36
313;486;36
313;487;36
313;488;36
313;489;36
313;490;36
313;491;36
313;492;36
313;493;36
313;494;43
313;495;43
313;496;43
313;497;43
313;498;43
313;499;43
314;0;28
314;1;28
314;2;28
314;3;28
314;4;28
314;5;28
314;6;28
314;7;28
314;8;28
314;9;28
314;10;14
314;11;14
314;12;14
314;13;14
314;14;14
314;15;14
314;16;14
314;17;14
314;18;14
314;19;14
314;20;14
314;21;14
314;22;14
314;23;14
314;24;14
314;25;14
314;26;14
314;27;14
314;28;14
314;29;14
314;30;14
314;31;14
314;32;14
314;33;14
314;34;14
314;35;14
314;36;14
314;37;14
314;38;14
314;39;14
314;40;14
314;41;42
314;42;42
314;43;32
314;44;32
314;45;32
314;46;32
314;47;32
314;48;32
314;49;32
314;50;32
314;51;32
314;52;32
314;53;32
314;54;32
314;55;32
314;56;32
314;57;32
314;58;32
314;59;32
314;60;32
314;61;32
314;62;32
314;63;32
314;64;32
314;65;32
314;66;32
314;67;38
314;68;38
314;69;38
314;70;38
314;71;38
314;72;38
314;73;38
314;74;38
314;75;38
314;76;38
314;77;38
314;78;38
314;79;38
314;80;38
314;81;38
314;82;38
314;83;38
314;84;38
314;85;38
314;86;38
314;87;38
314;88;38
314;89;38
314;90;38
314;91;38
314;92;38
314;93;38
314;94;38
314;95;38
314;96;38
314;97;38
314;98;38
314;99;38
314;100;38
314;101;38
314;102;38
314;103;2
314;104;2
314;105;2
314;106;2
314;107;2
314;108;2
314;109;2
314;110;2
314;111;2
314;112;2
314;113;2
314;114;2
314;115;2
314;116;2
314;117;2
314;118;2
314;119;2
314;120;2
314;121;2
314;122;2
314;123;2
314;124;2
314;125;2
314;126;2
314;127;2
314;128;2
314;129;2
314;130;2
314;131;2
314;132;2
314;133;2
314;134;2
314;135;2
314;136;51
314;137;51
314;138;51
314;139;51
314;140;51
314;141;51
314;142;51
314;143;15
314;144;15
314;145;15
314;146;15
314;147;15
314;148;15
314;149;15
314;150;15
314;151;15
314;152;15
314;153;15
314;154;15
314;155;15
314;156;15
314;157;15
314;158;9
314;159;9
314;160;9
314;161;9
314;162;9
314;163;9
314;164;9
314;165;9
314;166;9
314;167;9
314;168;9
314;169;9
314;170;9
314;171;9
314;172;9
314;173;9
314;174;9
314;175;50
314;176;50
314;177;50
314;178;50
314;179;50
314;180;50
314;181;50
314;182;50
314;183;50
314;184;50
314;185;50
314;186;50
314;187;50
314;188;50
314;189;50
314;190;50
314;191;50
314;192;50
314;193;50
314;194;50
314;195;25
314;196;25
314;197;25
314;198;25
314;199;25
314;200;25
314;201;25
314;202;25
314;203;25
314;204;25
314;205;25
314;206;25
314;207;25
314;208;25
314;209;25
314;210;25
314;211;25
314;212;25
314;213;25
314;214;25
314;215;25
314;216;25
314;217;25
314;218;25
314;219;25
314;220;25
314;221;6
314;222;6
314;223;6
314;224;6
314;225;50
314;226;50
314;227;50
314;228;50
314;229;50
314;230;50
314;231;50
314;232;50
314;233;50
314;234;50
314;235;50
314;236;50
314;237;50
314;238;50
314;239;50
314;240;50
314;241;50
314;242;50
314;243;50
314;244;50
314;245;50
314;246;50
314;247;50
314;248;50
314;249;50
314;250;2
314;251;2
314;252;2
314;253;2
314;254;2
314;255;2
314;256;2
314;257;2
314;258;2
314;259;2
314;260;2
314;261;2
314;262;2
314;263;2
314;264;2
314;265;2
314;266;2
314;267;2
314;268;2
314;269;2
314;270;2
314;271;2
314;272;7
314;273;7
314;274;7
314;275;7
314;276;7
314;277;7
314;278;7
314;279;7
314;280;7
314;281;7
314;282;7
314;283;7
314;284;7
314;285;7
314;286;7
314;287;7
314;288;7
314;289;7
314;290;7
314;291;7
314;292;7
314;293;7
314;294;7
314;295;7
314;296;4
314;297;4
314;298;4
314;299;4
314;300;4
314;301;4
314;302;4
314;303;4
314;304;4
314;305;4
314;306;4
314;307;4
314;308;4
314;309;4
314;310;4
314;311;4
314;312;4
314;313;4
314;314;4
314;315;4
314;316;4
314;317;4
314;318;4
314;319;18
314;320;18
314;321;18
314;322;18
314;323;18
314;324;18
314;325;18
314;326;18
314;327;18
314;328;18
314;329;18
314;330;18
314;331;18
314;332;18
314;333;18
314;334;18
314;335;18
314;336;18
314;337;18
314;338;18
314;339;18
314;340;18
314;341;18
314;342;18
314;343;18
314;344;18
314;345;18
314;346;18
314;347;18
314;348;18
314;349;18
314;350;18
314;351;18
314;352;18
314;353;18
314;354;3
314;355;3
314;356;3
314;357;3
314;358;3
314;359;3
314;360;3
314;361;3
314;362;3
314;363;3
314;364;3
314;365;3
314;366;3
314;367;3
314;368;3
314;369;3
314;370;3
314;371;3
314;372;3
314;373;3
314;374;3
314;375;3
314;376;3
314;377;3
314;378;3
314;379;3
314;380;3
314;381;3
314;382;29
314;383;29
314;384;29
314;385;29
314;386;29
314;387;36
314;388;36
314;389;36
314;390;36
314;391;36
314;392;36
314;393;36
314;394;36
314;395;36
314;396;36
314;397;36
314;398;36
314;399;36
314;400;36
314;401;36
314;402;36
314;403;36
314;404;36
314;405;36
314;406;23
314;407;23
314;408;23
314;409;23
314;410;23
314;411;23
314;412;23
314;413;28
314;414;28
314;415;28
314;416;28
314;417;28
314;418;28
314;419;28
314;420;28
314;421;28
314;422;28
314;423;28
314;424;28
314;425;28
314;426;28
314;427;28
314;428;28
314;429;28
314;430;28
314;431;10
314;432;10
314;433;10
314;434;10
314;435;10
314;436;10
314;437;10
314;438;10
314;439;10
314;440;10
314;441;10
314;442;10
314;443;10
314;444;10
314;445;42
314;446;42
314;447;42
314;448;42
314;449;42
314;450;42
314;451;42
314;452;42
314;453;42
314;454;42
314;455;42
314;456;42
314;457;42
314;458;42
314;459;42
314;460;42
314;461;42
314;462;42
314;463;42
314;464;42
314;465;42
314;466;42
314;467;42
314;468;42
314;469;42
314;470;42
314;471;42
314;472;42
314;473;42
314;474;42
314;475;42
314;476;42
314;477;42
314;478;42
314;479;42
314;480;42
314;481;36
314;482;36
314;483;36
314;484;36
314;485;36
314;486;36
314;487;36
314;488;36
314;489;36
314;490;36
314;491;36
314;492;36
314;493;36
314;494;36
314;495;43
314;496;43
314;497;43
314;498;43
314;499;43
315;0;28
315;1;28
315;2;28
315;3;28
315;4;28
315;5;28
315;6;28
315;7;28
315;8;28
315;9;28
315;10;28
315;11;14
315;12;14
315;13;14
315;14;14
315;15;14
315;16;14
315;17;14
315;18;14
315;19;14
315;20;14
315;21;14
315;22;14
315;23;14
315;24;14
315;25;14
315;26;14
315;27;14
315;28;14
315;29;14
315;30;14
315;31;14
315;32;14
315;33;14
315;34;14
315;35;14
315;36;14
315;37;14
315;38;14
315;39;14
315;40;14
315;41;42
315;42;42
315;43;42
315;44;32
315;45;32
315;46;32
315;47;32
315;48;32
315;49;32
315;50;32
315;51;32
315;52;32
315;53;32
315;54;32
315;55;32
315;56;32
315;57;32
315;58;32
315;59;32
315;60;32
315;61;32
315;62;32
315;63;32
315;64;32
315;65;32
315;66;32
315;67;32
315;68;38
315;69;38
315;70;38
315;71;38
315;72;38
315;73;38
315;74;38
315;75;38
315;76;38
315;77;38
315;78;38
315;79;38
315;80;38
315;81;38
315;82;38
315;83;38
315;84;38
315;85;38
315;86;38
315;87;38
315;88;38
315;89;38
315;90;38
315;91;38
315;92;38
315;93;38
315;94;38
315;95;38
315;96;38
315;97;38
315;98;38
315;99;38
315;100;38
315;101;38
315;102;38
315;103;2
315;104;2
315;105;2
315;106;2
315;107;2
315;108;2
315;109;2
315;110;2
315;111;2
315;112;2
315;113;2
315;114;2
315;115;2
315;116;2
315;117;2
315;118;2
315;119;2
315;120;2
315;121;2
315;122;2
315;123;2
315;124;2
315;125;2
315;126;2
315;127;2
315;128;2
315;129;2
315;130;2
315;131;2
315;132;2
315;133;2
315;134;2
315;135;2
315;136;51
315;137;51
315;138;51
315;139;51
315;140;51
315;141;51
315;142;51
315;143;51
315;144;15
315;145;15
315;146;15
315;147;15
315;148;15
315;149;15
315;150;15
315;151;15
315;152;15
315;153;15
315;154;15
315;155;15
315;156;15
315;157;15
315;158;9
315;159;9
315;160;9
315;161;9
315;162;9
315;163;9
315;164;9
315;165;9
315;166;9
315;167;9
315;168;9
315;169;9
315;170;9
315;171;9
315;172;9
315;173;9
315;174;9
315;175;9
315;176;50
315;177;50
315;178;50
315;179;50
315;180;50
315;181;50
315;182;50
315;183;50
315;184;50
315;185;50
315;186;50
315;187;50
315;188;50
315;189;50
315;190;50
315;191;50
315;192;50
315;193;50
315;194;50
315;195;50
315;196;25
315;197;25
315;198;25
315;199;25
315;200;25
315;201;25
315;202;25
315;203;25
315;204;25
315;205;25
315;206;25
315;207;25
315;208;25
315;209;25
315;210;25
315;211;25
315;212;25
315;213;25
315;214;25
315;215;25
315;216;25
315;217;25
315;218;25
315;219;25
315;220;25
315;221;25
315;222;6
315;223;6
315;224;50
315;225;50
315;226;50
315;227;50
315;228;50
315;229;50
315;230;50
315;231;50
315;232;50
315;233;50
315;234;50
315;235;50
315;236;50
315;237;50
315;238;50
315;239;50
315;240;50
315;241;50
315;242;50
315;243;50
315;244;50
315;245;50
315;246;50
315;247;50
315;248;50
315;249;50
315;250;2
315;251;2
315;252;2
315;253;2
315;254;2
315;255;2
315;256;2
315;257;2
315;258;2
315;259;2
315;260;2
315;261;2
315;262;2
315;263;2
315;264;2
315;265;2
315;266;2
315;267;2
315;268;2
315;269;2
315;270;2
315;271;2
315;272;2
315;273;7
315;274;7
315;275;7
315;276;7
315;277;7
315;278;7
315;279;7
315;280;7
315;281;7
315;282;7
315;283;7
315;284;7
315;285;7
315;286;7
315;287;7
315;288;7
315;289;7
315;290;7
315;291;7
315;292;7
315;293;7
315;294;7
315;295;7
315;296;7
315;297;7
315;298;4
315;299;4
315;300;4
315;301;4
315;302;4
315;303;4
315;304;4
315;305;4
315;306;4
315;307;4
315;308;4
315;309;4
315;310;4
315;311;4
315;312;4
315;313;4
315;314;4
315;315;4
315;316;4
315;317;4
315;318;4
315;319;4
315;320;18
315;321;18
315;322;18
315;323;18
315;324;18
315;325;18
315;326;18
315;327;18
315;328;18
315;329;18
315;330;18
315;331;18
315;332;18
315;333;18
315;334;18
315;335;18
315;336;18
315;337;18
315;338;18
315;339;18
315;340;18
315;341;18
315;342;18
315;343;18
315;344;18
315;345;18
315;346;18
315;347;18
315;348;18
315;349;18
315;350;18
315;351;18
315;352;18
315;353;18
315;354;3
315;355;3
315;356;3
315;357;3
315;358;3
315;359;3
315;360;3
315;361;3
315;362;3
315;363;3
315;364;3
315;365;3
315;366;3
315;367;3
315;368;3
315;369;3
315;370;3
315;371;3
315;372;3
315;373;3
315;374;3
315;375;3
315;376;3
315;377;3
315;378;3
315;379;3
315;380;3
315;381;3
315;382;3
315;383;29
315;384;29
315;385;29
315;386;29
315;387;36
315;388;36
315;389;36
315;390;36
315;391;36
315;392;36
315;393;36
315;394;36
315;395;36
315;396;36
315;397;36
315;398;36
315;399;36
315;400;36
315;401;36
315;402;36
315;403;36
315;404;36
315;405;36
315;406;23
315;407;23
315;408;23
315;409;23
315;410;23
315;411;23
315;412;23
315;413;6
315;414;6
315;415;28
315;416;28
315;417;28
315;418;28
315;419;28
315;420;28
315;421;28
315;422;28
315;423;28
315;424;28
315;425;28
315;426;28
315;427;28
315;428;28
315;429;28
315;430;28
315;431;28
315;432;10
315;433;10
315;434;10
315;435;10
315;436;10
315;437;10
315;438;10
315;439;10
315;440;10
315;441;10
315;442;10
315;443;10
315;444;10
315;445;10
315;446;42
315;447;42
315;448;42
315;449;42
315;450;42
315;451;42
315;452;42
315;453;42
315;454;42
315;455;42
315;456;42
315;457;42
315;458;42
315;459;42
315;460;42
315;461;42
315;462;42
315;463;42
315;464;42
315;465;42
315;466;42
315;467;42
315;468;42
315;469;42
315;470;42
315;471;42
315;472;42
315;473;42
315;474;42
315;475;42
315;476;42
315;477;42
315;478;42
315;479;42
315;480;42
315;481;42
315;482;36
315;483;36
315;484;36
315;485;36
315;486;36
315;487;36
315;488;36
315;489;36
315;490;36
315;491;36
315;492;36
315;493;36
315;494;36
315;495;36
315;496;43
315;497;43
315;498;43
315;499;43
316;0;28
316;1;28
316;2;28
316;3;28
316;4;28
316;5;28
316;6;28
316;7;28
316;8;28
316;9;28
316;10;28
316;11;28
316;12;14
316;13;14
316;14;14
316;15;14
316;16;14
316;17;14
316;18;14
316;19;14
316;20;14
316;21;14
316;22;14
316;23;14
316;24;14
316;25;14
316;26;14
316;27;14
316;28;14
316;29;14
316;30;14
316;31;14
316;32;14
316;33;14
316;34;14
316;35;14
316;36;14
316;37;14
316;38;14
316;39;14
316;40;14
316;41;14
316;42;42
316;43;42
316;44;42
316;45;32
316;46;32
316;47;32
316;48;32
316;49;32
316;50;32
316;51;32
316;52;32
316;53;32
316;54;32
316;55;32
316;56;32
316;57;32
316;58;32
316;59;32
316;60;32
316;61;32
316;62;32
316;63;32
316;64;32
316;65;32
316;66;32
316;67;32
316;68;32
316;69;38
316;70;38
316;71;38
316;72;38
316;73;38
316;74;38
316;75;38
316;76;38
316;77;38
316;78;38
316;79;38
316;80;38
316;81;38
316;82;38
316;83;38
316;84;38
316;85;38
316;86;38
316;87;38
316;88;38
316;89;38
316;90;38
316;91;38
316;92;38
316;93;38
316;94;38
316;95;38
316;96;38
316;97;38
316;98;38
316;99;38
316;100;38
316;101;38
316;102;38
316;103;2
316;104;2
316;105;2
316;106;2
316;107;2
316;108;2
316;109;2
316;110;2
316;111;2
316;112;2
316;113;2
316;114;2
316;115;2
316;116;2
316;117;2
316;118;2
316;119;2
316;120;2
316;121;2
316;122;2
316;123;2
316;124;2
316;125;2
316;126;2
316;127;2
316;128;2
316;129;2
316;130;2
316;131;2
316;132;2
316;133;2
316;134;2
316;135;2
316;136;2
316;137;51
316;138;51
316;139;51
316;140;51
316;141;51
316;142;51
316;143;51
316;144;51
316;145;51
316;146;15
316;147;15
316;148;15
316;149;15
316;150;15
316;151;15
316;152;15
316;153;15
316;154;15
316;155;15
316;156;15
316;157;15
316;158;9
316;159;9
316;160;9
316;161;9
316;162;9
316;163;9
316;164;9
316;165;9
316;166;9
316;167;9
316;168;9
316;169;9
316;170;9
316;171;9
316;172;9
316;173;9
316;174;9
316;175;9
316;176;50
316;177;50
316;178;50
316;179;50
316;180;50
316;181;50
316;182;50
316;183;50
316;184;50
316;185;50
316;186;50
316;187;50
316;188;50
316;189;50
316;190;50
316;191;50
316;192;50
316;193;50
316;194;50
316;195;50
316;196;50
316;197;25
316;198;25
316;199;25
316;200;25
316;201;25
316;202;25
316;203;25
316;204;25
316;205;25
316;206;25
316;207;25
316;208;25
316;209;25
316;210;25
316;211;25
316;212;25
316;213;25
316;214;25
316;215;25
316;216;25
316;217;25
316;218;25
316;219;25
316;220;25
316;221;25
316;222;25
316;223;50
316;224;50
316;225;50
316;226;50
316;227;50
316;228;50
316;229;50
316;230;50
316;231;50
316;232;50
316;233;50
316;234;50
316;235;50
316;236;50
316;237;50
316;238;50
316;239;50
316;240;50
316;241;50
316;242;50
316;243;50
316;244;50
316;245;50
316;246;50
316;247;50
316;248;50
316;249;50
316;250;2
316;251;2
316;252;2
316;253;2
316;254;2
316;255;2
316;256;2
316;257;2
316;258;2
316;259;2
316;260;2
316;261;2
316;262;2
316;263;2
316;264;2
316;265;2
316;266;2
316;267;2
316;268;2
316;269;2
316;270;2
316;271;2
316;272;2
316;273;7
316;274;7
316;275;7
316;276;7
316;277;7
316;278;7
316;279;7
316;280;7
316;281;7
316;282;7
316;283;7
316;284;7
316;285;7
316;286;7
316;287;7
316;288;7
316;289;7
316;290;7
316;291;7
316;292;7
316;293;7
316;294;7
316;295;7
316;296;7
316;297;7
316;298;7
316;299;7
316;300;4
316;301;4
316;302;4
316;303;4
316;304;4
316;305;4
316;306;4
316;307;4
316;308;4
316;309;4
316;310;4
316;311;4
316;312;4
316;313;4
316;314;4
316;315;4
316;316;4
316;317;4
316;318;4
316;319;4
316;320;18
316;321;18
316;322;18
316;323;18
316;324;18
316;325;18
316;326;18
316;327;18
316;328;18
316;329;18
316;330;18
316;331;18
316;332;18
316;333;18
316;334;18
316;335;18
316;336;18
316;337;18
316;338;18
316;339;18
316;340;18
316;341;18
316;342;18
316;343;18
316;344;18
316;345;18
316;346;18
316;347;18
316;348;18
316;349;18
316;350;18
316;351;18
316;352;18
316;353;18
316;354;18
316;355;3
316;356;3
316;357;3
316;358;3
316;359;3
316;360;3
316;361;3
316;362;3
316;363;3
316;364;3
316;365;3
316;366;3
316;367;3
316;368;3
316;369;3
316;370;3
316;371;3
316;372;3
316;373;3
316;374;3
316;375;3
316;376;3
316;377;3
316;378;3
316;379;3
316;380;3
316;381;3
316;382;3
316;383;3
316;384;29
316;385;29
316;386;29
316;387;36
316;388;36
316;389;36
316;390;36
316;391;36
316;392;36
316;393;36
316;394;36
316;395;36
316;396;36
316;397;36
316;398;36
316;399;36
316;400;36
316;401;36
316;402;36
316;403;36
316;404;36
316;405;36
316;406;23
316;407;23
316;408;23
316;409;23
316;410;23
316;411;23
316;412;23
316;413;6
316;414;6
316;415;6
316;416;6
316;417;28
316;418;28
316;419;28
316;420;28
316;421;28
316;422;28
316;423;28
316;424;28
316;425;28
316;426;28
316;427;28
316;428;28
316;429;28
316;430;28
316;431;28
316;432;10
316;433;10
316;434;10
316;435;10
316;436;10
316;437;10
316;438;10
316;439;10
316;440;10
316;441;10
316;442;10
316;443;10
316;444;10
316;445;10
316;446;42
316;447;42
316;448;42
316;449;42
316;450;42
316;451;42
316;452;42
316;453;42
316;454;42
316;455;42
316;456;42
316;457;42
316;458;42
316;459;42
316;460;42
316;461;42
316;462;42
316;463;42
316;464;42
316;465;42
316;466;42
316;467;42
316;468;42
316;469;42
316;470;42
316;471;42
316;472;42
316;473;42
316;474;42
316;475;42
316;476;42
316;477;42
316;478;42
316;479;42
316;480;42
316;481;42
316;482;42
316;483;36
316;484;36
316;485;36
316;486;36
316;487;36
316;488;36
316;489;36
316;490;36
316;491;36
316;492;36
316;493;36
316;494;36
316;495;36
316;496;36
316;497;43
316;498;43
316;499;43
317;0;28
317;1;28
317;2;28
317;3;28
317;4;28
317;5;28
317;6;28
317;7;28
317;8;28
317;9;28
317;10;28
317;11;28
317;12;28
317;13;14
317;14;14
317;15;14
317;16;14
317;17;14
317;18;14
317;19;14
317;20;14
317;21;14
317;22;14
317;23;14
317;24;14
317;25;14
317;26;14
317;27;14
317;28;14
317;29;14
317;30;14
317;31;14
317;32;14
317;33;14
317;34;14
317;35;14
317;36;14
317;37;14
317;38;14
317;39;14
317;40;14
317;41;14
317;42;42
317;43;42
317;44;42
317;45;42
317;46;32
317;47;32
317;48;32
317;49;32
317;50;32
317;51;32
317;52;32
317;53;32
317;54;32
317;55;32
317;56;32
317;57;32
317;58;32
317;59;32
317;60;32
317;61;32
317;62;32
317;63;32
317;64;32
317;65;32
317;66;32
317;67;32
317;68;32
317;69;32
317;70;38
317;71;38
317;72;38
317;73;38
317;74;38
317;75;38
317;76;38
317;77;38
317;78;38
317;79;38
317;80;38
317;81;38
317;82;38
317;83;38
317;84;38
317;85;38
317;86;38
317;87;38
317;88;38
317;89;38
317;90;38
317;91;38
317;92;38
317;93;38
317;94;38
317;95;38
317;96;38
317;97;38
317;98;38
317;99;38
317;100;38
317;101;38
317;102;38
317;103;2
317;104;2
317;105;2
317;106;2
317;107;2
317;108;2
317;109;2
317;110;2
317;111;2
317;112;2
317;113;2
317;114;2
317;115;2
317;116;2
317;117;2
317;118;2
317;119;2
317;120;2
317;121;2
317;122;2
317;123;2
317;124;2
317;125;2
317;126;2
317;127;2
317;128;2
317;129;2
317;130;2
317;131;2
317;132;2
317;133;2
317;134;2
317;135;2
317;136;2
317;137;51
317;138;51
317;139;51
317;140;51
317;141;51
317;142;51
317;143;51
317;144;51
317;145;51
317;146;51
317;147;51
317;148;15
317;149;15
317;150;15
317;151;15
317;152;15
317;153;15
317;154;15
317;155;15
317;156;15
317;157;15
317;158;9
317;159;9
317;160;9
317;161;9
317;162;9
317;163;9
317;164;9
317;165;9
317;166;9
317;167;9
317;168;9
317;169;9
317;170;9
317;171;9
317;172;9
317;173;9
317;174;9
317;175;9
317;176;9
317;177;50
317;178;50
317;179;50
317;180;50
317;181;50
317;182;50
317;183;50
317;184;50
317;185;50
317;186;50
317;187;50
317;188;50
317;189;50
317;190;50
317;191;50
317;192;50
317;193;50
317;194;50
317;195;50
317;196;50
317;197;50
317;198;25
317;199;25
317;200;25
317;201;25
317;202;25
317;203;25
317;204;25
317;205;25
317;206;25
317;207;25
317;208;25
317;209;25
317;210;25
317;211;25
317;212;25
317;213;25
317;214;25
317;215;25
317;216;25
317;217;25
317;218;25
317;219;25
317;220;25
317;221;25
317;222;25
317;223;50
317;224;50
317;225;50
317;226;50
317;227;50
317;228;50
317;229;50
317;230;50
317;231;50
317;232;50
317;233;50
317;234;50
317;235;50
317;236;50
317;237;50
317;238;50
317;239;50
317;240;50
317;241;50
317;242;50
317;243;50
317;244;50
317;245;50
317;246;50
317;247;50
317;248;50
317;249;50
317;250;2
317;251;2
317;252;2
317;253;2
317;254;2
317;255;2
317;256;2
317;257;2
317;258;2
317;259;2
317;260;2
317;261;2
317;262;2
317;263;2
317;264;2
317;265;2
317;266;2
317;267;2
317;268;2
317;269;2
317;270;2
317;271;2
317;272;2
317;273;2
317;274;7
317;275;7
317;276;7
317;277;7
317;278;7
317;279;7
317;280;7
317;281;7
317;282;7
317;283;7
317;284;7
317;285;7
317;286;7
317;287;7
317;288;7
317;289;7
317;290;7
317;291;7
317;292;7
317;293;7
317;294;7
317;295;7
317;296;7
317;297;7
317;298;7
317;299;7
317;300;7
317;301;7
317;302;4
317;303;4
317;304;4
317;305;4
317;306;4
317;307;4
317;308;4
317;309;4
317;310;4
317;311;4
317;312;4
317;313;4
317;314;4
317;315;4
317;316;4
317;317;4
317;318;4
317;319;4
317;320;4
317;321;18
317;322;18
317;323;18
317;324;18
317;325;18
317;326;18
317;327;18
317;328;18
317;329;18
317;330;18
317;331;18
317;332;18
317;333;18
317;334;18
317;335;18
317;336;18
317;337;18
317;338;18
317;339;18
317;340;18
317;341;18
317;342;18
317;343;18
317;344;18
317;345;18
317;346;18
317;347;18
317;348;18
317;349;18
317;350;18
317;351;18
317;352;18
317;353;18
317;354;18
317;355;3
317;356;3
317;357;3
317;358;3
317;359;3
317;360;3
317;361;3
317;362;3
317;363;3
317;364;3
317;365;3
317;366;3
317;367;3
317;368;3
317;369;3
317;370;3
317;371;3
317;372;3
317;373;3
317;374;3
317;375;3
317;376;3
317;377;3
317;378;3
317;379;3
317;380;3
317;381;3
317;382;3
317;383;3
317;384;3
317;385;29
317;386;36
317;387;36
317;388;36
317;389;36
317;390;36
317;391;36
317;392;36
317;393;36
317;394;36
317;395;36
317;396;36
317;397;36
317;398;36
317;399;36
317;400;36
317;401;36
317;402;36
317;403;36
317;404;36
317;405;36
317;406;23
317;407;23
317;408;23
317;409;23
317;410;23
317;411;23
317;412;23
317;413;6
317;414;6
317;415;6
317;416;6
317;417;6
317;418;6
317;419;28
317;420;28
317;421;28
317;422;28
317;423;28
317;424;28
317;425;28
317;426;28
317;427;28
317;428;28
317;429;28
317;430;28
317;431;28
317;432;28
317;433;10
317;434;10
317;435;10
317;436;10
317;437;10
317;438;10
317;439;10
317;440;10
317;441;10
317;442;10
317;443;10
317;444;10
317;445;10
317;446;10
317;447;42
317;448;42
317;449;42
317;450;42
317;451;42
317;452;42
317;453;42
317;454;42
317;455;42
317;456;42
317;457;42
317;458;42
317;459;42
317;460;42
317;461;42
317;462;42
317;463;42
317;464;42
317;465;42
317;466;42
317;467;42
317;468;42
317;469;42
317;470;42
317;471;42
317;472;42
317;473;42
317;474;42
317;475;42
317;476;42
317;477;42
317;478;42
317;479;42
317;480;42
317;481;42
317;482;42
317;483;42
317;484;36
317;485;36
317;486;36
317;487;36
317;488;36
317;489;36
317;490;36
317;491;36
317;492;36
317;493;36
317;494;36
317;495;36
317;496;36
317;497;36
317;498;43
317;499;43
318;0;28
318;1;28
318;2;28
318;3;28
318;4;28
318;5;28
318;6;28
318;7;28
318;8;28
318;9;28
318;10;28
318;11;28
318;12;28
318;13;28
318;14;28
318;15;14
318;16;14
318;17;14
318;18;14
318;19;14
318;20;14
318;21;14
318;22;14
318;23;14
318;24;14
318;25;14
318;26;14
318;27;14
318;28;14
318;29;14
318;30;14
318;31;14
318;32;14
318;33;14
318;34;14
318;35;14
318;36;14
318;37;14
318;38;14
318;39;14
318;40;14
318;41;14
318;42;42
318;43;42
318;44;42
318;45;42
318;46;42
318;47;32
318;48;32
318;49;32
318;50;32
318;51;32
318;52;32
318;53;32
318;54;32
318;55;32
318;56;32
318;57;32
318;58;32
318;59;32
318;60;32
318;61;32
318;62;32
318;63;32
318;64;32
318;65;32
318;66;32
318;67;32
318;68;32
318;69;32
318;70;32
318;71;38
318;72;38
318;73;38
318;74;38
318;75;38
318;76;38
318;77;38
318;78;38
318;79;38
318;80;38
318;81;38
318;82;38
318;83;38
318;84;38
318;85;38
318;86;38
318;87;38
318;88;38
318;89;38
318;90;38
318;91;38
318;92;38
318;93;38
318;94;38
318;95;38
318;96;38
318;97;38
318;98;38
318;99;38
318;100;38
318;101;38
318;102;38
318;103;38
318;104;2
318;105;2
318;106;2
318;107;2
318;108;2
318;109;2
318;110;2
318;111;2
318;112;2
318;113;2
318;114;2
318;115;2
318;116;2
318;117;2
318;118;2
318;119;2
318;120;2
318;121;2
318;122;2
318;123;2
318;124;2
318;125;2
318;126;2
318;127;2
318;128;2
318;129;2
318;130;2
318;131;2
318;132;2
318;133;2
318;134;2
318;135;2
318;136;2
318;137;51
318;138;51
318;139;51
318;140;51
318;141;51
318;142;51
318;143;51
318;144;51
318;145;51
318;146;51
318;147;51
318;148;51
318;149;51
318;150;15
318;151;15
318;152;15
318;153;15
318;154;15
318;155;15
318;156;15
318;157;15
318;158;9
318;159;9
318;160;9
318;161;9
318;162;9
318;163;9
318;164;9
318;165;9
318;166;9
318;167;9
318;168;9
318;169;9
318;170;9
318;171;9
318;172;9
318;173;9
318;174;9
318;175;9
318;176;9
318;177;50
318;178;50
318;179;50
318;180;50
318;181;50
318;182;50
318;183;50
318;184;50
318;185;50
318;186;50
318;187;50
318;188;50
318;189;50
318;190;50
318;191;50
318;192;50
318;193;50
318;194;50
318;195;50
318;196;50
318;197;50
318;198;50
318;199;25
318;200;25
318;201;25
318;202;25
318;203;25
318;204;25
318;205;25
318;206;25
318;207;25
318;208;25
318;209;25
318;210;25
318;211;25
318;212;25
318;213;25
318;214;25
318;215;25
318;216;25
318;217;25
318;218;25
318;219;25
318;220;25
318;221;25
318;222;25
318;223;50
318;224;50
318;225;50
318;226;50
318;227;50
318;228;50
318;229;50
318;230;50
318;231;50
318;232;50
318;233;50
318;234;50
318;235;50
318;236;50
318;237;50
318;238;50
318;239;50
318;240;50
318;241;50
318;242;50
318;243;50
318;244;50
318;245;50
318;246;50
318;247;50
318;248;50
318;249;50
318;250;2
318;251;2
318;252;2
318;253;2
318;254;2
318;255;2
318;256;2
318;257;2
318;258;2
318;259;2
318;260;2
318;261;2
318;262;2
318;263;2
318;264;2
318;265;2
318;266;2
318;267;2
318;268;2
318;269;2
318;270;2
318;271;2
318;272;2
318;273;2
318;274;7
318;275;7
318;276;7
318;277;7
318;278;7
318;279;7
318;280;7
318;281;7
318;282;7
318;283;7
318;284;7
318;285;7
318;286;7
318;287;7
318;288;7
318;289;7
318;290;7
318;291;7
318;292;7
318;293;7
318;294;7
318;295;7
318;296;7
318;297;7
318;298;7
318;299;7
318;300;7
318;301;7
318;302;7
318;303;4
318;304;4
318;305;4
318;306;4
318;307;4
318;308;4
318;309;4
318;310;4
318;311;4
318;312;4
318;313;4
318;314;4
318;315;4
318;316;4
318;317;4
318;318;4
318;319;4
318;320;4
318;321;18
318;322;18
318;323;18
318;324;18
318;325;18
318;326;18
318;327;18
318;328;18
318;329;18
318;330;18
318;331;18
318;332;18
318;333;18
318;334;18
318;335;18
318;336;18
318;337;18
318;338;18
318;339;18
318;340;18
318;341;18
318;342;18
318;343;18
318;344;18
318;345;18
318;346;18
318;347;18
318;348;18
318;349;18
318;350;18
318;351;18
318;352;18
318;353;18
318;354;18
318;355;18
318;356;3
318;357;3
318;358;3
318;359;3
318;360;3
318;361;3
318;362;3
318;363;3
318;364;3
318;365;3
318;366;3
318;367;3
318;368;3
318;369;3
318;370;3
318;371;3
318;372;3
318;373;3
318;374;3
318;375;3
318;376;3
318;377;3
318;378;3
318;379;3
318;380;3
318;381;3
318;382;3
318;383;3
318;384;3
318;385;3
318;386;36
318;387;36
318;388;36
318;389;36
318;390;36
318;391;36
318;392;36
318;393;36
318;394;36
318;395;36
318;396;36
318;397;36
318;398;36
318;399;36
318;400;36
318;401;36
318;402;36
318;403;36
318;404;36
318;405;36
318;406;23
318;407;23
318;408;23
318;409;23
318;410;23
318;411;23
318;412;23
318;413;23
318;414;6
318;415;6
318;416;6
318;417;6
318;418;6
318;419;6
318;420;6
318;421;28
318;422;28
318;423;28
318;424;28
318;425;28
318;426;28
318;427;28
318;428;28
318;429;28
318;430;28
318;431;28
318;432;28
318;433;10
318;434;10
318;435;10
318;436;10
318;437;10
318;438;10
318;439;10
318;440;10
318;441;10
318;442;10
318;443;10
318;444;10
318;445;10
318;446;10
318;447;10
318;448;42
318;449;42
318;450;42
318;451;42
318;452;42
318;453;42
318;454;42
318;455;42
318;456;42
318;457;42
318;458;42
318;459;42
318;460;42
318;461;42
318;462;42
318;463;42
318;464;42
318;465;42
318;466;42
318;467;42
318;468;42
318;469;42
318;470;42
318;471;42
318;472;42
318;473;42
318;474;42
318;475;42
318;476;42
318;477;42
318;478;42
318;479;42
318;480;42
318;481;42
318;482;42
318;483;42
318;484;42
318;485;36
318;486;36
318;487;36
318;488;36
318;489;36
318;490;36
318;491;36
318;492;36
318;493;36
318;494;36
318;495;36
318;496;36
318;497;36
318;498;36
318;499;43
319;0;28
319;1;28
319;2;28
319;3;28
319;4;28
319;5;28
319;6;28
319;7;28
319;8;28
319;9;28
319;10;28
319;11;28
319;12;28
319;13;28
319;14;28
319;15;28
319;16;14
319;17;14
319;18;14
319;19;14
319;20;14
319;21;14
319;22;14
319;23;14
319;24;14
319;25;14
319;26;14
319;27;14
319;28;14
319;29;14
319;30;14
319;31;14
319;32;14
319;33;14
319;34;14
319;35;14
319;36;14
319;37;14
319;38;14
319;39;14
319;40;14
319;41;14
319;42;42
319;43;42
319;44;42
319;45;42
319;46;42
319;47;42
319;48;32
319;49;32
319;50;32
319;51;32
319;52;32
319;53;32
319;54;32
319;55;32
319;56;32
319;57;32
319;58;32
319;59;32
319;60;32
319;61;32
319;62;32
319;63;32
319;64;32
319;65;32
319;66;32
319;67;32
319;68;32
319;69;32
319;70;32
319;71;32
319;72;38
319;73;38
319;74;38
319;75;38
319;76;38
319;77;38
319;78;38
319;79;38
319;80;38
319;81;38
319;82;38
319;83;38
319;84;38
319;85;38
319;86;38
319;87;38
319;88;38
319;89;38
319;90;38
319;91;38
319;92;38
319;93;38
319;94;38
319;95;38
319;96;38
319;97;38
319;98;38
319;99;38
319;100;38
319;101;38
319;102;38
319;103;38
319;104;2
319;105;2
319;106;2
319;107;2
319;108;2
319;109;2
319;110;2
319;111;2
319;112;2
319;113;2
319;114;2
319;115;2
319;116;2
319;117;2
319;118;2
319;119;2
319;120;2
319;121;2
319;122;2
319;123;2
319;124;2
319;125;2
319;126;2
319;127;2
319;128;2
319;129;2
319;130;2
319;131;2
319;132;2
319;133;2
319;134;2
319;135;2
319;136;2
319;137;51
319;138;51
319;139;51
319;140;51
319;141;51
319;142;51
319;143;51
319;144;51
319;145;51
319;146;51
319;147;51
319;148;51
319;149;51
319;150;51
319;151;51
319;152;15
319;153;15
319;154;15
319;155;15
319;156;15
319;157;15
319;158;9
319;159;9
319;160;9
319;161;9
319;162;9
319;163;9
319;164;9
319;165;9
319;166;9
319;167;9
319;168;9
319;169;9
319;170;9
319;171;9
319;172;9
319;173;9
319;174;9
319;175;9
319;176;9
319;177;9
319;178;50
319;179;50
319;180;50
319;181;50
319;182;50
319;183;50
319;184;50
319;185;50
319;186;50
319;187;50
319;188;50
319;189;50
319;190;50
319;191;50
319;192;50
319;193;50
319;194;50
319;195;50
319;196;50
319;197;50
319;198;50
319;199;50
319;200;25
319;201;25
319;202;25
319;203;25
319;204;25
319;205;25
319;206;25
319;207;25
319;208;25
319;209;25
319;210;25
319;211;25
319;212;25
319;213;25
319;214;25
319;215;25
319;216;25
319;217;25
319;218;25
319;219;25
319;220;25
319;221;25
319;222;25
319;223;50
319;224;50
319;225;50
319;226;50
319;227;50
319;228;50
319;229;50
319;230;50
319;231;50
319;232;50
319;233;50
319;234;50
319;235;50
319;236;50
319;237;50
319;238;50
319;239;50
319;240;50
319;241;50
319;242;50
319;243;50
319;244;50
319;245;50
319;246;50
319;247;50
319;248;50
319;249;50
319;250;2
319;251;2
319;252;2
319;253;2
319;254;2
319;255;2
319;256;2
319;257;2
319;258;2
319;259;2
319;260;2
319;261;2
319;262;2
319;263;2
319;264;2
319;265;2
319;266;2
319;267;2
319;268;2
319;269;2
319;270;2
319;271;2
319;272;2
319;273;2
319;274;2
319;275;7
319;276;7
319;277;7
319;278;7
319;279;7
319;280;7
319;281;7
319;282;7
319;283;7
319;284;7
319;285;7
319;286;7
319;287;7
319;288;7
319;289;7
319;290;7
319;291;7
319;292;7
319;293;7
319;294;7
319;295;7
319;296;7
319;297;7
319;298;7
319;299;7
319;300;7
319;301;7
319;302;7
319;303;7
319;304;4
319;305;4
319;306;4
319;307;4
319;308;4
319;309;4
319;310;4
319;311;4
319;312;4
319;313;4
319;314;4
319;315;4
319;316;4
319;317;4
319;318;4
319;319;4
319;320;4
319;321;4
319;322;18
319;323;18
319;324;18
319;325;18
319;326;18
319;327;18
319;328;18
319;329;18
319;330;18
319;331;18
319;332;18
319;333;18
319;334;18
319;335;18
319;336;18
319;337;18
319;338;18
319;339;18
319;340;18
319;341;18
319;342;18
319;343;18
319;344;18
319;345;18
319;346;18
319;347;18
319;348;18
319;349;18
319;350;18
319;351;18
319;352;18
319;353;18
319;354;18
319;355;18
319;356;3
319;357;3
319;358;3
319;359;3
319;360;3
319;361;3
319;362;3
319;363;3
319;364;3
319;365;3
319;366;3
319;367;3
319;368;3
319;369;3
319;370;3
319;371;3
319;372;3
319;373;3
319;374;3
319;375;3
319;376;3
319;377;3
319;378;3
319;379;3
319;380;3
319;381;3
319;382;3
319;383;3
319;384;3
319;385;3
319;386;36
319;387;36
319;388;36
319;389;36
319;390;36
319;391;36
319;392;36
319;393;36
319;394;36
319;395;36
319;396;36
319;397;36
319;398;36
319;399;36
319;400;36
319;401;36
319;402;36
319;403;36
319;404;36
319;405;36
319;406;23
319;407;23
319;408;23
319;409;23
319;410;23
319;411;23
319;412;23
319;413;23
319;414;6
319;415;6
319;416;6
319;417;6
319;418;6
319;419;6
319;420;6
319;421;6
319;422;6
319;423;6
319;424;6
319;425;6
319;426;6
319;427;28
319;428;28
319;429;28
319;430;28
319;431;28
319;432;28
319;433;28
319;434;10
319;435;10
319;436;10
319;437;10
319;438;10
319;439;10
319;440;10
319;441;10
319;442;10
319;443;10
319;444;10
319;445;10
319;446;10
319;447;10
319;448;10
319;449;42
319;450;42
319;451;42
319;452;42
319;453;42
319;454;42
319;455;42
319;456;42
319;457;42
319;458;42
319;459;42
319;460;42
319;461;42
319;462;42
319;463;42
319;464;42
319;465;42
319;466;42
319;467;42
319;468;42
319;469;42
319;470;42
319;471;42
319;472;42
319;473;42
319;474;42
319;475;42
319;476;42
319;477;42
319;478;42
319;479;42
319;480;42
319;481;42
319;482;42
319;483;42
319;484;42
319;485;42
319;486;36
319;487;36
319;488;36
319;489;36
319;490;36
319;491;36
319;492;36
319;493;36
319;494;36
319;495;36
319;496;36
319;497;36
319;498;36
319;499;36
320;0;28
320;1;28
320;2;28
320;3;28
320;4;28
320;5;28
320;6;28
320;7;28
320;8;28
320;9;28
320;10;28
320;11;28
320;12;28
320;13;28
320;14;28
320;15;28
320;16;28
320;17;14
320;18;14
320;19;14
320;20;14
320;21;14
320;22;14
320;23;14
320;24;14
320;25;14
320;26;14
320;27;14
320;28;14
320;29;14
320;30;14
320;31;14
320;32;14
320;33;14
320;34;14
320;35;14
320;36;14
320;37;14
320;38;14
320;39;14
320;40;14
320;41;14
320;42;42
320;43;42
320;44;42
320;45;42
320;46;42
320;47;42
320;48;42
320;49;32
320;50;32
320;51;32
320;52;32
320;53;32
320;54;32
320;55;32
320;56;32
320;57;32
320;58;32
320;59;32
320;60;32
320;61;32
320;62;32
320;63;32
320;64;32
320;65;32
320;66;32
320;67;32
320;68;32
320;69;32
320;70;32
320;71;32
320;72;32
320;73;38
320;74;38
320;75;38
320;76;38
320;77;38
320;78;38
320;79;38
320;80;38
320;81;38
320;82;38
320;83;38
320;84;38
320;85;38
320;86;38
320;87;38
320;88;38
320;89;38
320;90;38
320;91;38
320;92;38
320;93;38
320;94;38
320;95;38
320;96;38
320;97;38
320;98;38
320;99;38
320;100;38
320;101;38
320;102;38
320;103;38
320;104;38
320;105;2
320;106;2
320;107;2
320;108;2
320;109;2
320;110;2
320;111;2
320;112;2
320;113;2
320;114;2
320;115;2
320;116;2
320;117;2
320;118;2
320;119;2
320;120;2
320;121;2
320;122;2
320;123;2
320;124;2
320;125;2
320;126;2
320;127;2
320;128;2
320;129;2
320;130;2
320;131;2
320;132;2
320;133;2
320;134;2
320;135;2
320;136;2
320;137;51
320;138;51
320;139;51
320;140;51
320;141;51
320;142;51
320;143;51
320;144;51
320;145;51
320;146;51
320;147;51
320;148;51
320;149;51
320;150;51
320;151;51
320;152;51
320;153;51
320;154;15
320;155;15
320;156;15
320;157;15
320;158;9
320;159;9
320;160;9
320;161;9
320;162;9
320;163;9
320;164;9
320;165;9
320;166;9
320;167;9
320;168;9
320;169;9
320;170;9
320;171;9
320;172;9
320;173;9
320;174;9
320;175;9
320;176;9
320;177;9
320;178;50
320;179;50
320;180;50
320;181;50
320;182;50
320;183;50
320;184;50
320;185;50
320;186;50
320;187;50
320;188;50
320;189;50
320;190;50
320;191;50
320;192;50
320;193;50
320;194;50
320;195;50
320;196;50
320;197;50
320;198;50
320;199;50
320;200;50
320;201;25
320;202;25
320;203;25
320;204;25
320;205;25
320;206;25
320;207;25
320;208;25
320;209;25
320;210;25
320;211;25
320;212;25
320;213;25
320;214;25
320;215;25
320;216;25
320;217;25
320;218;25
320;219;25
320;220;25
320;221;25
320;222;25
320;223;50
320;224;50
320;225;50
320;226;50
320;227;50
320;228;50
320;229;50
320;230;50
320;231;50
320;232;50
320;233;50
320;234;50
320;235;50
320;236;50
320;237;50
320;238;50
320;239;50
320;240;50
320;241;50
320;242;50
320;243;50
320;244;50
320;245;50
320;246;50
320;247;50
320;248;50
320;249;50
320;250;2
320;251;2
320;252;2
320;253;2
320;254;2
320;255;2
320;256;2
320;257;2
320;258;2
320;259;2
320;260;2
320;261;2
320;262;2
320;263;2
320;264;2
320;265;2
320;266;2
320;267;2
320;268;2
320;269;2
320;270;2
320;271;2
320;272;2
320;273;2
320;274;2
320;275;7
320;276;7
320;277;7
320;278;7
320;279;7
320;280;7
320;281;7
320;282;7
320;283;7
320;284;7
320;285;7
320;286;7
320;287;7
320;288;7
320;289;7
320;290;7
320;291;7
320;292;7
320;293;7
320;294;7
320;295;7
320;296;7
320;297;7
320;298;7
320;299;7
320;300;7
320;301;7
320;302;7
320;303;7
320;304;7
320;305;4
320;306;4
320;307;4
320;308;4
320;309;4
320;310;4
320;311;4
320;312;4
320;313;4
320;314;4
320;315;4
320;316;4
320;317;4
320;318;4
320;319;4
320;320;4
320;321;4
320;322;18
320;323;18
320;324;18
320;325;18
320;326;18
320;327;18
320;328;18
320;329;18
320;330;18
320;331;18
320;332;18
320;333;18
320;334;18
320;335;18
320;336;18
320;337;18
320;338;18
320;339;18
320;340;18
320;341;18
320;342;18
320;343;18
320;344;18
320;345;18
320;346;18
320;347;18
320;348;18
320;349;18
320;350;18
320;351;18
320;352;18
320;353;18
320;354;18
320;355;18
320;356;18
320;357;3
320;358;3
320;359;3
320;360;3
320;361;3
320;362;3
320;363;3
320;364;3
320;365;3
320;366;3
320;367;3
320;368;3
320;369;3
320;370;3
320;371;3
320;372;3
320;373;3
320;374;3
320;375;3
320;376;3
320;377;3
320;378;3
320;379;3
320;380;3
320;381;3
320;382;3
320;383;3
320;384;3
320;385;3
320;386;36
320;387;36
320;388;36
320;389;36
320;390;36
320;391;36
320;392;36
320;393;36
320;394;36
320;395;36
320;396;36
320;397;36
320;398;36
320;399;36
320;400;36
320;401;36
320;402;36
320;403;36
320;404;36
320;405;36
320;406;23
320;407;23
320;408;23
320;409;23
320;410;23
320;411;23
320;412;23
320;413;23
320;414;23
320;415;6
320;416;6
320;417;6
320;418;6
320;419;6
320;420;6
320;421;6
320;422;6
320;423;6
320;424;6
320;425;6
320;426;6
320;427;6
320;428;6
320;429;28
320;430;28
320;431;28
320;432;28
320;433;28
320;434;10
320;435;10
320;436;10
320;437;10
320;438;10
320;439;10
320;440;10
320;441;10
320;442;10
320;443;10
320;444;10
320;445;10
320;446;10
320;447;10
320;448;10
320;449;10
320;450;42
320;451;42
320;452;42
320;453;42
320;454;42
320;455;42
320;456;42
320;457;42
320;458;42
320;459;42
320;460;42
320;461;42
320;462;42
320;463;42
320;464;42
320;465;42
320;466;42
320;467;42
320;468;42
320;469;42
320;470;42
320;471;42
320;472;42
320;473;42
320;474;42
320;475;42
320;476;42
320;477;42
320;478;42
320;479;42
320;480;42
320;481;42
320;482;42
320;483;42
320;484;42
320;485;42
320;486;42
320;487;36
320;488;36
320;489;36
320;490;36
320;491;36
320;492;36
320;493;36
320;494;36
320;495;36
320;496;36
320;497;36
320;498;36
320;499;36
321;0;28
321;1;28
321;2;28
321;3;28
321;4;28
321;5;28
321;6;28
321;7;28
321;8;28
321;9;28
321;10;28
321;11;28
321;12;28
321;13;28
321;14;28
321;15;28
321;16;28
321;17;28
321;18;14
321;19;14
321;20;14
321;21;14
321;22;14
321;23;14
321;24;14
321;25;14
321;26;14
321;27;14
321;28;14
321;29;14
321;30;14
321;31;14
321;32;14
321;33;14
321;34;14
321;35;14
321;36;14
321;37;14
321;38;14
321;39;14
321;40;14
321;41;14
321;42;42
321;43;42
321;44;42
321;45;42
321;46;42
321;47;42
321;48;42
321;49;42
321;50;32
321;51;32
321;52;32
321;53;32
321;54;32
321;55;32
321;56;32
321;57;32
321;58;32
321;59;32
321;60;32
321;61;32
321;62;32
321;63;32
321;64;32
321;65;32
321;66;32
321;67;32
321;68;32
321;69;32
321;70;32
321;71;32
321;72;32
321;73;32
321;74;32
321;75;38
321;76;38
321;77;38
321;78;38
321;79;38
321;80;38
321;81;38
321;82;38
321;83;38
321;84;38
321;85;38
321;86;38
321;87;38
321;88;38
321;89;38
321;90;38
321;91;38
321;92;38
321;93;38
321;94;38
321;95;38
321;96;38
321;97;38
321;98;38
321;99;38
321;100;38
321;101;38
321;102;38
321;103;38
321;104;38
321;105;2
321;106;2
321;107;2
321;108;2
321;109;2
321;110;2
321;111;2
321;112;2
321;113;2
321;114;2
321;115;2
321;116;2
321;117;2
321;118;2
321;119;2
321;120;2
321;121;2
321;122;2
321;123;2
321;124;2
321;125;2
321;126;2
321;127;2
321;128;2
321;129;2
321;130;2
321;131;2
321;132;2
321;133;2
321;134;2
321;135;2
321;136;2
321;137;2
321;138;51
321;139;51
321;140;51
321;141;51
321;142;51
321;143;51
321;144;51
321;145;51
321;146;51
321;147;51
321;148;51
321;149;51
321;150;51
321;151;51
321;152;51
321;153;51
321;154;51
321;155;15
321;156;15
321;157;15
321;158;9
321;159;9
321;160;9
321;161;9
321;162;9
321;163;9
321;164;9
321;165;9
321;166;9
321;167;9
321;168;9
321;169;9
321;170;9
321;171;9
321;172;9
321;173;9
321;174;9
321;175;9
321;176;9
321;177;9
321;178;9
321;179;50
321;180;50
321;181;50
321;182;50
321;183;50
321;184;50
321;185;50
321;186;50
321;187;50
321;188;50
321;189;50
321;190;50
321;191;50
321;192;50
321;193;50
321;194;50
321;195;50
321;196;50
321;197;50
321;198;50
321;199;50
321;200;50
321;201;50
321;202;25
321;203;25
321;204;25
321;205;25
321;206;25
321;207;25
321;208;25
321;209;25
321;210;25
321;211;25
321;212;25
321;213;25
321;214;25
321;215;25
321;216;25
321;217;25
321;218;25
321;219;25
321;220;25
321;221;25
321;222;25
321;223;50
321;224;50
321;225;50
321;226;50
321;227;50
321;228;50
321;229;50
321;230;50
321;231;50
321;232;50
321;233;50
321;234;50
321;235;50
321;236;50
321;237;50
321;238;50
321;239;50
321;240;50
321;241;50
321;242;50
321;243;50
321;244;50
321;245;50
321;246;50
321;247;50
321;248;50
321;249;50
321;250;2
321;251;2
321;252;2
321;253;2
321;254;2
321;255;2
321;256;2
321;257;2
321;258;2
321;259;2
321;260;2
321;261;2
321;262;2
321;263;2
321;264;2
321;265;2
321;266;2
321;267;2
321;268;2
321;269;2
321;270;2
321;271;2
321;272;2
321;273;2
321;274;2
321;275;2
321;276;7
321;277;7
321;278;7
321;279;7
321;280;7
321;281;7
321;282;7
321;283;7
321;284;7
321;285;7
321;286;7
321;287;7
321;288;7
321;289;7
321;290;7
321;291;7
321;292;7
321;293;7
321;294;7
321;295;7
321;296;7
321;297;7
321;298;7
321;299;7
321;300;7
321;301;7
321;302;7
321;303;7
321;304;7
321;305;7
321;306;7
321;307;4
321;308;4
321;309;4
321;310;4
321;311;4
321;312;4
321;313;4
321;314;4
321;315;4
321;316;4
321;317;4
321;318;4
321;319;4
321;320;4
321;321;4
321;322;4
321;323;18
321;324;18
321;325;18
321;326;18
321;327;18
321;328;18
321;329;18
321;330;18
321;331;18
321;332;18
321;333;18
321;334;18
321;335;18
321;336;18
321;337;18
321;338;18
321;339;18
321;340;18
321;341;18
321;342;18
321;343;18
321;344;18
321;345;18
321;346;18
321;347;18
321;348;18
321;349;18
321;350;18
321;351;18
321;352;18
321;353;18
321;354;18
321;355;18
321;356;18
321;357;3
321;358;3
321;359;3
321;360;3
321;361;3
321;362;3
321;363;3
321;364;3
321;365;3
321;366;3
321;367;3
321;368;3
321;369;3
321;370;3
321;371;3
321;372;3
321;373;3
321;374;3
321;375;3
321;376;3
321;377;3
321;378;3
321;379;3
321;380;3
321;381;3
321;382;3
321;383;3
321;384;3
321;385;3
321;386;36
321;387;36
321;388;36
321;389;36
321;390;36
321;391;36
321;392;36
321;393;36
321;394;36
321;395;36
321;396;36
321;397;36
321;398;36
321;399;36
321;400;36
321;401;36
321;402;36
321;403;36
321;404;36
321;405;23
321;406;23
321;407;23
321;408;23
321;409;23
321;410;23
321;411;23
321;412;23
321;413;23
321;414;23
321;415;6
321;416;6
321;417;6
321;418;6
321;419;6
321;420;6
321;421;6
321;422;6
321;423;6
321;424;6
321;425;6
321;426;6
321;427;6
321;428;6
321;429;6
321;430;46
321;431;46
321;432;46
321;433;46
321;434;46
321;435;10
321;436;10
321;437;10
321;438;10
321;439;10
321;440;10
321;441;10
321;442;10
321;443;10
321;444;10
321;445;10
321;446;10
321;447;10
321;448;10
321;449;10
321;450;10
321;451;42
321;452;42
321;453;42
321;454;42
321;455;42
321;456;42
321;457;42
321;458;42
321;459;42
321;460;42
321;461;42
321;462;42
321;463;42
321;464;42
321;465;42
321;466;42
321;467;42
321;468;42
321;469;42
321;470;42
321;471;42
321;472;42
321;473;42
321;474;42
321;475;42
321;476;42
321;477;42
321;478;42
321;479;42
321;480;42
321;481;42
321;482;42
321;483;42
321;484;42
321;485;42
321;486;42
321;487;42
321;488;36
321;489;36
321;490;36
321;491;36
321;492;36
321;493;24
321;494;24
321;495;24
321;496;24
321;497;24
321;498;24
321;499;24
322;0;28
322;1;28
322;2;28
322;3;28
322;4;28
322;5;28
322;6;28
322;7;28
322;8;28
322;9;28
322;10;28
322;11;28
322;12;28
322;13;28
322;14;28
322;15;28
322;16;28
322;17;28
322;18;28
322;19;14
322;20;14
322;21;14
322;22;14
322;23;14
322;24;14
322;25;14
322;26;14
322;27;14
322;28;14
322;29;14
322;30;14
322;31;14
322;32;14
322;33;14
322;34;14
322;35;14
322;36;14
322;37;14
322;38;14
322;39;14
322;40;14
322;41;14
322;42;42
322;43;42
322;44;42
322;45;42
322;46;42
322;47;42
322;48;42
322;49;42
322;50;42
322;51;32
322;52;32
322;53;32
322;54;32
322;55;32
322;56;32
322;57;32
322;58;32
322;59;32
322;60;32
322;61;32
322;62;32
322;63;32
322;64;32
322;65;32
322;66;32
322;67;32
322;68;32
322;69;32
322;70;32
322;71;32
322;72;32
322;73;32
322;74;32
322;75;32
322;76;32
322;77;38
322;78;38
322;79;38
322;80;38
322;81;38
322;82;38
322;83;38
322;84;38
322;85;38
322;86;38
322;87;38
322;88;38
322;89;38
322;90;38
322;91;38
322;92;38
322;93;38
322;94;38
322;95;38
322;96;38
322;97;38
322;98;38
322;99;38
322;100;38
322;101;38
322;102;38
322;103;38
322;104;38
322;105;26
322;106;26
322;107;2
322;108;2
322;109;2
322;110;2
322;111;2
322;112;2
322;113;2
322;114;2
322;115;2
322;116;2
322;117;2
322;118;2
322;119;2
322;120;2
322;121;2
322;122;2
322;123;2
322;124;2
322;125;2
322;126;2
322;127;2
322;128;2
322;129;2
322;130;2
322;131;2
322;132;2
322;133;2
322;134;2
322;135;2
322;136;2
322;137;2
322;138;51
322;139;51
322;140;51
322;141;51
322;142;51
322;143;51
322;144;51
322;145;51
322;146;51
322;147;51
322;148;51
322;149;51
322;150;51
322;151;51
322;152;51
322;153;51
322;154;51
322;155;51
322;156;15
322;157;15
322;158;9
322;159;9
322;160;9
322;161;9
322;162;9
322;163;9
322;164;9
322;165;9
322;166;9
322;167;9
322;168;9
322;169;9
322;170;9
322;171;9
322;172;9
322;173;9
322;174;9
322;175;9
322;176;9
322;177;9
322;178;9
322;179;50
322;180;50
322;181;50
322;182;50
322;183;50
322;184;50
322;185;50
322;186;50
322;187;50
322;188;50
322;189;50
322;190;50
322;191;50
322;192;50
322;193;50
322;194;50
322;195;50
322;196;50
322;197;50
322;198;50
322;199;50
322;200;50
322;201;50
322;202;50
322;203;25
322;204;25
322;205;25
322;206;25
322;207;25
322;208;25
322;209;25
322;210;25
322;211;25
322;212;25
322;213;25
322;214;25
322;215;25
322;216;25
322;217;25
322;218;25
322;219;25
322;220;25
322;221;25
322;222;25
322;223;50
322;224;50
322;225;50
322;226;50
322;227;50
322;228;50
322;229;50
322;230;50
322;231;50
322;232;50
322;233;50
322;234;50
322;235;50
322;236;50
322;237;50
322;238;50
322;239;50
322;240;50
322;241;50
322;242;50
322;243;50
322;244;50
322;245;50
322;246;50
322;247;50
322;248;50
322;249;50
322;250;2
322;251;2
322;252;2
322;253;2
322;254;2
322;255;2
322;256;2
322;257;2
322;258;2
322;259;2
322;260;2
322;261;2
322;262;2
322;263;2
322;264;2
322;265;2
322;266;2
322;267;2
322;268;2
322;269;2
322;270;2
322;271;2
322;272;2
322;273;2
322;274;2
322;275;2
322;276;7
322;277;7
322;278;7
322;279;7
322;280;7
322;281;7
322;282;7
322;283;7
322;284;7
322;285;7
322;286;7
322;287;7
322;288;7
322;289;7
322;290;7
322;291;7
322;292;7
322;293;7
322;294;7
322;295;7
322;296;7
322;297;7
322;298;7
322;299;7
322;300;7
322;301;7
322;302;7
322;303;7
322;304;7
322;305;7
322;306;7
322;307;7
322;308;42
322;309;42
322;310;42
322;311;42
322;312;42
322;313;42
322;314;42
322;315;4
322;316;4
322;317;4
322;318;4
322;319;4
322;320;4
322;321;4
322;322;4
322;323;18
322;324;18
322;325;18
322;326;18
322;327;18
322;328;18
322;329;18
322;330;18
322;331;18
322;332;18
322;333;18
322;334;18
322;335;18
322;336;18
322;337;18
322;338;18
322;339;18
322;340;18
322;341;18
322;342;18
322;343;18
322;344;18
322;345;18
322;346;18
322;347;18
322;348;18
322;349;18
322;350;18
322;351;18
322;352;18
322;353;18
322;354;18
322;355;18
322;356;18
322;357;18
322;358;3
322;359;3
322;360;3
322;361;3
322;362;3
322;363;3
322;364;3
322;365;3
322;366;3
322;367;3
322;368;3
322;369;3
322;370;3
322;371;3
322;372;3
322;373;3
322;374;3
322;375;3
322;376;3
322;377;3
322;378;3
322;379;3
322;380;3
322;381;3
322;382;3
322;383;3
322;384;3
322;385;3
322;386;3
322;387;36
322;388;36
322;389;36
322;390;36
322;391;36
322;392;36
322;393;36
322;394;36
322;395;36
322;396;36
322;397;36
322;398;36
322;399;36
322;400;36
322;401;36
322;402;36
322;403;36
322;404;36
322;405;23
322;406;23
322;407;23
322;408;23
322;409;23
322;410;23
322;411;23
322;412;23
322;413;23
322;414;23
322;415;23
322;416;6
322;417;6
322;418;6
322;419;6
322;420;6
322;421;6
322;422;6
322;423;6
322;424;6
322;425;6
322;426;6
322;427;6
322;428;6
322;429;6
322;430;46
322;431;46
322;432;46
322;433;46
322;434;46
322;435;46
322;436;46
322;437;10
322;438;10
322;439;10
322;440;10
322;441;10
322;442;10
322;443;10
322;444;10
322;445;10
322;446;10
322;447;10
322;448;10
322;449;10
322;450;10
322;451;10
322;452;42
322;453;42
322;454;42
322;455;42
322;456;42
322;457;42
322;458;42
322;459;42
322;460;42
322;461;42
322;462;42
322;463;42
322;464;42
322;465;42
322;466;42
322;467;42
322;468;42
322;469;42
322;470;42
322;471;42
322;472;42
322;473;42
322;474;42
322;475;42
322;476;42
322;477;42
322;478;42
322;479;42
322;480;42
322;481;42
322;482;42
322;483;42
322;484;42
322;485;42
322;486;42
322;487;42
322;488;42
322;489;36
322;490;36
322;491;36
322;492;24
322;493;24
322;494;24
322;495;24
322;496;24
322;497;24
322;498;24
322;499;24
323;0;28
323;1;28
323;2;28
323;3;28
323;4;28
323;5;28
323;6;28
323;7;28
323;8;28
323;9;28
323;10;28
323;11;28
323;12;28
323;13;28
323;14;28
323;15;28
323;16;28
323;17;28
323;18;28
323;19;28
323;20;28
323;21;14
323;22;14
323;23;14
323;24;14
323;25;14
323;26;14
323;27;14
323;28;14
323;29;14
323;30;14
323;31;14
323;32;14
323;33;14
323;34;14
323;35;14
323;36;14
323;37;14
323;38;14
323;39;14
323;40;14
323;41;14
323;42;42
323;43;42
323;44;42
323;45;42
323;46;42
323;47;42
323;48;42
323;49;42
323;50;42
323;51;42
323;52;32
323;53;32
323;54;32
323;55;32
323;56;32
323;57;32
323;58;32
323;59;32
323;60;32
323;61;32
323;62;32
323;63;32
323;64;32
323;65;32
323;66;32
323;67;32
323;68;32
323;69;32
323;70;32
323;71;32
323;72;32
323;73;32
323;74;32
323;75;32
323;76;32
323;77;32
323;78;32
323;79;38
323;80;38
323;81;38
323;82;38
323;83;38
323;84;38
323;85;38
323;86;38
323;87;38
323;88;38
323;89;38
323;90;38
323;91;38
323;92;38
323;93;38
323;94;38
323;95;38
323;96;38
323;97;38
323;98;38
323;99;38
323;100;38
323;101;38
323;102;38
323;103;38
323;104;26
323;105;26
323;106;26
323;107;26
323;108;2
323;109;2
323;110;2
323;111;2
323;112;2
323;113;2
323;114;2
323;115;2
323;116;2
323;117;2
323;118;2
323;119;2
323;120;2
323;121;2
323;122;2
323;123;2
323;124;2
323;125;2
323;126;2
323;127;2
323;128;2
323;129;2
323;130;2
323;131;2
323;132;2
323;133;2
323;134;2
323;135;2
323;136;2
323;137;2
323;138;2
323;139;51
323;140;51
323;141;51
323;142;51
323;143;51
323;144;51
323;145;51
323;146;51
323;147;51
323;148;51
323;149;51
323;150;51
323;151;51
323;152;51
323;153;51
323;154;51
323;155;51
323;156;51
323;157;15
323;158;9
323;159;9
323;160;9
323;161;9
323;162;9
323;163;9
323;164;9
323;165;9
323;166;9
323;167;9
323;168;9
323;169;9
323;170;9
323;171;9
323;172;9
323;173;9
323;174;9
323;175;9
323;176;9
323;177;9
323;178;9
323;179;9
323;180;50
323;181;50
323;182;50
323;183;50
323;184;50
323;185;50
323;186;50
323;187;50
323;188;50
323;189;50
323;190;50
323;191;50
323;192;50
323;193;50
323;194;50
323;195;50
323;196;50
323;197;50
323;198;50
323;199;50
323;200;50
323;201;50
323;202;50
323;203;50
323;204;50
323;205;25
323;206;25
323;207;25
323;208;25
323;209;25
323;210;25
323;211;25
323;212;25
323;213;25
323;214;25
323;215;25
323;216;25
323;217;25
323;218;25
323;219;25
323;220;25
323;221;25
323;222;25
323;223;50
323;224;50
323;225;50
323;226;50
323;227;50
323;228;50
323;229;50
323;230;50
323;231;50
323;232;50
323;233;50
323;234;50
323;235;50
323;236;50
323;237;50
323;238;50
323;239;50
323;240;50
323;241;50
323;242;50
323;243;50
323;244;50
323;245;50
323;246;50
323;247;50
323;248;50
323;249;50
323;250;50
323;251;2
323;252;2
323;253;2
323;254;2
323;255;2
323;256;2
323;257;2
323;258;2
323;259;2
323;260;2
323;261;2
323;262;2
323;263;2
323;264;2
323;265;2
323;266;2
323;267;2
323;268;2
323;269;2
323;270;2
323;271;2
323;272;2
323;273;2
323;274;2
323;275;2
323;276;2
323;277;7
323;278;7
323;279;7
323;280;7
323;281;7
323;282;7
323;283;7
323;284;7
323;285;7
323;286;7
323;287;7
323;288;7
323;289;7
323;290;7
323;291;7
323;292;7
323;293;7
323;294;7
323;295;7
323;296;7
323;297;7
323;298;7
323;299;7
323;300;7
323;301;7
323;302;7
323;303;7
323;304;7
323;305;7
323;306;7
323;307;7
323;308;42
323;309;42
323;310;42
323;311;42
323;312;42
323;313;42
323;314;42
323;315;42
323;316;42
323;317;4
323;318;4
323;319;4
323;320;4
323;321;4
323;322;4
323;323;4
323;324;18
323;325;18
323;326;18
323;327;18
323;328;18
323;329;18
323;330;18
323;331;18
323;332;18
323;333;18
323;334;18
323;335;18
323;336;18
323;337;18
323;338;18
323;339;18
323;340;18
323;341;18
323;342;18
323;343;18
323;344;18
323;345;18
323;346;18
323;347;18
323;348;18
323;349;18
323;350;18
323;351;18
323;352;18
323;353;18
323;354;18
323;355;18
323;356;18
323;357;18
323;358;3
323;359;3
323;360;3
323;361;3
323;362;3
323;363;3
323;364;3
323;365;3
323;366;3
323;367;3
323;368;3
323;369;3
323;370;3
323;371;3
323;372;3
323;373;3
323;374;3
323;375;3
323;376;3
323;377;3
323;378;3
323;379;3
323;380;3
323;381;3
323;382;3
323;383;3
323;384;3
323;385;3
323;386;3
323;387;36
323;388;36
323;389;36
323;390;36
323;391;36
323;392;36
323;393;36
323;394;36
323;395;36
323;396;36
323;397;36
323;398;36
323;399;36
323;400;36
323;401;36
323;402;36
323;403;36
323;404;36
323;405;23
323;406;23
323;407;23
323;408;23
323;409;23
323;410;23
323;411;23
323;412;23
323;413;23
323;414;23
323;415;23
323;416;6
323;417;6
323;418;6
323;419;6
323;420;6
323;421;6
323;422;6
323;423;6
323;424;6
323;425;6
323;426;6
323;427;6
323;428;6
323;429;6
323;430;46
323;431;46
323;432;46
323;433;46
323;434;46
323;435;46
323;436;46
323;437;46
323;438;10
323;439;10
323;440;10
323;441;10
323;442;10
323;443;10
323;444;10
323;445;10
323;446;10
323;447;10
323;448;10
323;449;10
323;450;10
323;451;10
323;452;10
323;453;42
323;454;42
323;455;42
323;456;42
323;457;42
323;458;42
323;459;42
323;460;42
323;461;42
323;462;42
323;463;42
323;464;42
323;465;42
323;466;42
323;467;42
323;468;42
323;469;42
323;470;42
323;471;42
323;472;42
323;473;42
323;474;42
323;475;42
323;476;42
323;477;42
323;478;42
323;479;42
323;480;42
323;481;42
323;482;42
323;483;42
323;484;42
323;485;42
323;486;42
323;487;42
323;488;24
323;489;24
323;490;24
323;491;24
323;492;24
323;493;24
323;494;24
323;495;24
323;496;24
323;497;24
323;498;24
323;499;24
324;0;28
324;1;28
324;2;28
324;3;28
324;4;28
324;5;28
324;6;28
324;7;28
324;8;28
324;9;28
324;10;28
324;11;28
324;12;28
324;13;28
324;14;28
324;15;28
324;16;28
324;17;28
324;18;28
324;19;28
324;20;28
324;21;28
324;22;14
324;23;14
324;24;14
324;25;14
324;26;14
324;27;14
324;28;14
324;29;14
324;30;14
324;31;14
324;32;14
324;33;14
324;34;14
324;35;14
324;36;14
324;37;14
324;38;14
324;39;14
324;40;14
324;41;14
324;42;42
324;43;42
324;44;42
324;45;42
324;46;42
324;47;42
324;48;42
324;49;42
324;50;42
324;51;42
324;52;42
324;53;42
324;54;32
324;55;32
324;56;32
324;57;32
324;58;32
324;59;32
324;60;32
324;61;32
324;62;32
324;63;32
324;64;32
324;65;32
324;66;32
324;67;32
324;68;32
324;69;32
324;70;32
324;71;32
324;72;32
324;73;32
324;74;32
324;75;32
324;76;32
324;77;32
324;78;32
324;79;32
324;80;38
324;81;38
324;82;38
324;83;38
324;84;38
324;85;38
324;86;38
324;87;38
324;88;38
324;89;38
324;90;38
324;91;38
324;92;38
324;93;38
324;94;38
324;95;38
324;96;38
324;97;38
324;98;38
324;99;38
324;100;38
324;101;38
324;102;38
324;103;26
324;104;26
324;105;26
324;106;26
324;107;26
324;108;26
324;109;2
324;110;2
324;111;2
324;112;2
324;113;2
324;114;2
324;115;2
324;116;2
324;117;2
324;118;2
324;119;2
324;120;2
324;121;2
324;122;2
324;123;2
324;124;2
324;125;2
324;126;2
324;127;2
324;128;2
324;129;2
324;130;2
324;131;2
324;132;2
324;133;2
324;134;2
324;135;2
324;136;2
324;137;2
324;138;2
324;139;51
324;140;51
324;141;51
324;142;51
324;143;51
324;144;51
324;145;51
324;146;51
324;147;51
324;148;51
324;149;51
324;150;51
324;151;51
324;152;51
324;153;51
324;154;51
324;155;51
324;156;51
324;157;41
324;158;41
324;159;9
324;160;9
324;161;9
324;162;9
324;163;9
324;164;9
324;165;9
324;166;9
324;167;9
324;168;9
324;169;9
324;170;9
324;171;9
324;172;9
324;173;9
324;174;9
324;175;9
324;176;9
324;177;9
324;178;9
324;179;9
324;180;50
324;181;50
324;182;50
324;183;50
324;184;50
324;185;50
324;186;50
324;187;50
324;188;50
324;189;50
324;190;50
324;191;50
324;192;50
324;193;50
324;194;50
324;195;50
324;196;50
324;197;50
324;198;50
324;199;50
324;200;50
324;201;50
324;202;50
324;203;50
324;204;50
324;205;50
324;206;50
324;207;25
324;208;25
324;209;25
324;210;25
324;211;25
324;212;25
324;213;25
324;214;25
324;215;25
324;216;25
324;217;25
324;218;25
324;219;25
324;220;25
324;221;25
324;222;25
324;223;50
324;224;50
324;225;50
324;226;50
324;227;50
324;228;50
324;229;50
324;230;50
324;231;50
324;232;50
324;233;50
324;234;50
324;235;50
324;236;50
324;237;50
324;238;50
324;239;50
324;240;50
324;241;50
324;242;50
324;243;50
324;244;50
324;245;50
324;246;50
324;247;50
324;248;50
324;249;50
324;250;50
324;251;2
324;252;2
324;253;2
324;254;2
324;255;2
324;256;2
324;257;2
324;258;2
324;259;2
324;260;2
324;261;2
324;262;2
324;263;2
324;264;2
324;265;2
324;266;2
324;267;2
324;268;2
324;269;2
324;270;2
324;271;2
324;272;2
324;273;2
324;274;2
324;275;2
324;276;2
324;277;7
324;278;7
324;279;7
324;280;7
324;281;7
324;282;7
324;283;7
324;284;7
324;285;7
324;286;7
324;287;7
324;288;7
324;289;7
324;290;7
324;291;7
324;292;7
324;293;7
324;294;7
324;295;7
324;296;7
324;297;7
324;298;7
324;299;7
324;300;7
324;301;7
324;302;7
324;303;7
324;304;7
324;305;7
324;306;7
324;307;7
324;308;42
324;309;42
324;310;42
324;311;42
324;312;42
324;313;42
324;314;42
324;315;42
324;316;42
324;317;42
324;318;42
324;319;4
324;320;4
324;321;4
324;322;4
324;323;4
324;324;18
324;325;18
324;326;18
324;327;18
324;328;18
324;329;18
324;330;18
324;331;18
324;332;18
324;333;18
324;334;18
324;335;18
324;336;18
324;337;18
324;338;18
324;339;18
324;340;18
324;341;18
324;342;18
324;343;18
324;344;18
324;345;18
324;346;18
324;347;18
324;348;18
324;349;18
324;350;18
324;351;18
324;352;18
324;353;18
324;354;18
324;355;18
324;356;18
324;357;18
324;358;18
324;359;3
324;360;3
324;361;3
324;362;3
324;363;3
324;364;3
324;365;3
324;366;3
324;367;3
324;368;3
324;369;3
324;370;3
324;371;3
324;372;3
324;373;3
324;374;3
324;375;3
324;376;3
324;377;3
324;378;3
324;379;3
324;380;3
324;381;3
324;382;3
324;383;3
324;384;3
324;385;3
324;386;3
324;387;3
324;388;36
324;389;36
324;390;36
324;391;36
324;392;36
324;393;36
324;394;36
324;395;36
324;396;36
324;397;36
324;398;36
324;399;36
324;400;36
324;401;36
324;402;36
324;403;36
324;404;36
324;405;23
324;406;23
324;407;23
324;408;23
324;409;23
324;410;23
324;411;23
324;412;23
324;413;23
324;414;23
324;415;23
324;416;23
324;417;6
324;418;6
324;419;6
324;420;6
324;421;6
324;422;6
324;423;6
324;424;6
324;425;6
324;426;6
324;427;6
324;428;6
324;429;6
324;430;46
324;431;46
324;432;46
324;433;46
324;434;46
324;435;46
324;436;46
324;437;46
324;438;46
324;439;31
324;440;31
324;441;31
324;442;31
324;443;31
324;444;31
324;445;31
324;446;31
324;447;31
324;448;31
324;449;31
324;450;10
324;451;10
324;452;10
324;453;10
324;454;42
324;455;42
324;456;42
324;457;42
324;458;42
324;459;42
324;460;42
324;461;42
324;462;42
324;463;42
324;464;42
324;465;42
324;466;42
324;467;42
324;468;42
324;469;42
324;470;42
324;471;42
324;472;42
324;473;42
324;474;42
324;475;42
324;476;42
324;477;42
324;478;42
324;479;42
324;480;42
324;481;42
324;482;42
324;483;42
324;484;42
324;485;42
324;486;42
324;487;24
324;488;24
324;489;24
324;490;24
324;491;24
324;492;24
324;493;24
324;494;24
324;495;24
324;496;24
324;497;24
324;498;24
324;499;24
325;0;28
325;1;28
325;2;28
325;3;28
325;4;28
325;5;28
325;6;28
325;7;28
325;8;28
325;9;28
325;10;28
325;11;28
325;12;28
325;13;28
325;14;28
325;15;28
325;16;28
325;17;28
325;18;28
325;19;28
325;20;28
325;21;28
325;22;28
325;23;14
325;24;14
325;25;14
325;26;14
325;27;14
325;28;14
325;29;14
325;30;14
325;31;14
325;32;14
325;33;14
325;34;14
325;35;14
325;36;14
325;37;14
325;38;14
325;39;14
325;40;14
325;41;14
325;42;42
325;43;42
325;44;42
325;45;42
325;46;42
325;47;42
325;48;42
325;49;42
325;50;42
325;51;42
325;52;42
325;53;42
325;54;42
325;55;42
325;56;33
325;57;33
325;58;33
325;59;33
325;60;33
325;61;33
325;62;33
325;63;33
325;64;32
325;65;32
325;66;32
325;67;32
325;68;32
325;69;32
325;70;32
325;71;32
325;72;32
325;73;32
325;74;32
325;75;32
325;76;32
325;77;32
325;78;32
325;79;32
325;80;32
325;81;38
325;82;38
325;83;38
325;84;38
325;85;38
325;86;38
325;87;38
325;88;38
325;89;38
325;90;38
325;91;38
325;92;38
325;93;38
325;94;38
325;95;38
325;96;38
325;97;38
325;98;38
325;99;38
325;100;38
325;101;38
325;102;26
325;103;26
325;104;26
325;105;26
325;106;26
325;107;26
325;108;26
325;109;26
325;110;2
325;111;2
325;112;2
325;113;2
325;114;2
325;115;2
325;116;2
325;117;2
325;118;2
325;119;2
325;120;2
325;121;2
325;122;2
325;123;2
325;124;2
325;125;2
325;126;2
325;127;2
325;128;2
325;129;2
325;130;2
325;131;2
325;132;2
325;133;2
325;134;2
325;135;2
325;136;2
325;137;2
325;138;2
325;139;51
325;140;51
325;141;51
325;142;51
325;143;51
325;144;51
325;145;51
325;146;51
325;147;51
325;148;51
325;149;51
325;150;51
325;151;51
325;152;51
325;153;51
325;154;51
325;155;51
325;156;41
325;157;41
325;158;41
325;159;41
325;160;9
325;161;9
325;162;9
325;163;9
325;164;9
325;165;9
325;166;9
325;167;9
325;168;9
325;169;9
325;170;9
325;171;9
325;172;9
325;173;9
325;174;9
325;175;9
325;176;9
325;177;9
325;178;9
325;179;9
325;180;9
325;181;50
325;182;50
325;183;50
325;184;50
325;185;50
325;186;50
325;187;50
325;188;50
325;189;50
325;190;50
325;191;50
325;192;50
325;193;50
325;194;50
325;195;50
325;196;50
325;197;50
325;198;50
325;199;50
325;200;50
325;201;50
325;202;50
325;203;50
325;204;50
325;205;50
325;206;50
325;207;50
325;208;50
325;209;25
325;210;25
325;211;25
325;212;25
325;213;25
325;214;25
325;215;25
325;216;25
325;217;25
325;218;25
325;219;25
325;220;25
325;221;25
325;222;25
325;223;50
325;224;50
325;225;50
325;226;50
325;227;50
325;228;50
325;229;50
325;230;50
325;231;50
325;232;50
325;233;50
325;234;50
325;235;50
325;236;50
325;237;50
325;238;50
325;239;50
325;240;50
325;241;50
325;242;50
325;243;50
325;244;50
325;245;50
325;246;50
325;247;50
325;248;50
325;249;50
325;250;50
325;251;50
325;252;2
325;253;2
325;254;2
325;255;2
325;256;2
325;257;2
325;258;2
325;259;2
325;260;2
325;261;2
325;262;2
325;263;2
325;264;2
325;265;2
325;266;2
325;267;2
325;268;2
325;269;2
325;270;2
325;271;2
325;272;2
325;273;2
325;274;2
325;275;2
325;276;2
325;277;2
325;278;7
325;279;7
325;280;7
325;281;7
325;282;7
325;283;7
325;284;7
325;285;7
325;286;7
325;287;7
325;288;7
325;289;7
325;290;7
325;291;7
325;292;7
325;293;7
325;294;7
325;295;7
325;296;7
325;297;7
325;298;7
325;299;7
325;300;7
325;301;7
325;302;7
325;303;7
325;304;7
325;305;7
325;306;7
325;307;7
325;308;42
325;309;42
325;310;42
325;311;42
325;312;42
325;313;42
325;314;42
325;315;42
325;316;42
325;317;42
325;318;42
325;319;42
325;320;42
325;321;4
325;322;4
325;323;4
325;324;4
325;325;18
325;326;18
325;327;18
325;328;18
325;329;18
325;330;18
325;331;18
325;332;18
325;333;18
325;334;18
325;335;18
325;336;18
325;337;18
325;338;18
325;339;18
325;340;18
325;341;18
325;342;18
325;343;18
325;344;18
325;345;18
325;346;18
325;347;18
325;348;18
325;349;18
325;350;18
325;351;18
325;352;18
325;353;18
325;354;18
325;355;18
325;356;18
325;357;18
325;358;18
325;359;3
325;360;3
325;361;3
325;362;3
325;363;3
325;364;3
325;365;3
325;366;3
325;367;3
325;368;3
325;369;3
325;370;3
325;371;3
325;372;3
325;373;3
325;374;3
325;375;3
325;376;3
325;377;3
325;378;3
325;379;3
325;380;3
325;381;3
325;382;3
325;383;3
325;384;3
325;385;3
325;386;3
325;387;3
325;388;36
325;389;36
325;390;36
325;391;36
325;392;36
325;393;36
325;394;36
325;395;36
325;396;36
325;397;36
325;398;36
325;399;36
325;400;36
325;401;36
325;402;36
325;403;36
325;404;36
325;405;23
325;406;23
325;407;23
325;408;23
325;409;23
325;410;23
325;411;23
325;412;23
325;413;23
325;414;23
325;415;23
325;416;23
325;417;6
325;418;6
325;419;6
325;420;6
325;421;6
325;422;6
325;423;6
325;424;6
325;425;6
325;426;6
325;427;6
325;428;6
325;429;6
325;430;46
325;431;46
325;432;46
325;433;46
325;434;46
325;435;46
325;436;46
325;437;46
325;438;46
325;439;31
325;440;31
325;441;31
325;442;31
325;443;31
325;444;31
325;445;31
325;446;31
325;447;31
325;448;31
325;449;31
325;450;31
325;451;31
325;452;31
325;453;31
325;454;31
325;455;42
325;456;42
325;457;42
325;458;42
325;459;42
325;460;42
325;461;42
325;462;42
325;463;42
325;464;42
325;465;42
325;466;42
325;467;42
325;468;42
325;469;42
325;470;42
325;471;42
325;472;42
325;473;42
325;474;42
325;475;42
325;476;42
325;477;42
325;478;42
325;479;42
325;480;42
325;481;42
325;482;42
325;483;42
325;484;42
325;485;42
325;486;24
325;487;24
325;488;24
325;489;24
325;490;24
325;491;24
325;492;24
325;493;24
325;494;24
325;495;24
325;496;24
325;497;24
325;498;24
325;499;24
326;0;28
326;1;28
326;2;28
326;3;28
326;4;28
326;5;28
326;6;28
326;7;28
326;8;28
326;9;28
326;10;28
326;11;28
326;12;28
326;13;28
326;14;28
326;15;28
326;16;28
326;17;28
326;18;28
326;19;28
326;20;28
326;21;28
326;22;28
326;23;28
326;24;14
326;25;14
326;26;14
326;27;14
326;28;14
326;29;14
326;30;14
326;31;14
326;32;14
326;33;14
326;34;14
326;35;14
326;36;14
326;37;14
326;38;14
326;39;14
326;40;14
326;41;14
326;42;42
326;43;42
326;44;42
326;45;42
326;46;42
326;47;42
326;48;42
326;49;42
326;50;42
326;51;42
326;52;42
326;53;42
326;54;42
326;55;42
326;56;42
326;57;33
326;58;33
326;59;33
326;60;33
326;61;33
326;62;33
326;63;33
326;64;33
326;65;33
326;66;32
326;67;32
326;68;32
326;69;32
326;70;32
326;71;32
326;72;32
326;73;32
326;74;32
326;75;32
326;76;32
326;77;32
326;78;32
326;79;32
326;80;32
326;81;32
326;82;38
326;83;38
326;84;38
326;85;38
326;86;38
326;87;38
326;88;38
326;89;38
326;90;38
326;91;38
326;92;38
326;93;38
326;94;38
326;95;38
326;96;38
326;97;38
326;98;38
326;99;38
326;100;38
326;101;26
326;102;26
326;103;26
326;104;26
326;105;26
326;106;26
326;107;26
326;108;26
326;109;26
326;110;26
326;111;2
326;112;2
326;113;2
326;114;2
326;115;2
326;116;2
326;117;2
326;118;2
326;119;2
326;120;2
326;121;2
326;122;2
326;123;2
326;124;2
326;125;2
326;126;2
326;127;2
326;128;2
326;129;2
326;130;2
326;131;2
326;132;2
326;133;2
326;134;2
326;135;2
326;136;2
326;137;2
326;138;2
326;139;51
326;140;51
326;141;51
326;142;51
326;143;51
326;144;51
326;145;51
326;146;51
326;147;51
326;148;51
326;149;51
326;150;51
326;151;51
326;152;51
326;153;51
326;154;51
326;155;41
326;156;41
326;157;41
326;158;41
326;159;41
326;160;41
326;161;41
326;162;9
326;163;9
326;164;9
326;165;9
326;166;9
326;167;9
326;168;9
326;169;9
326;170;9
326;171;9
326;172;9
326;173;9
326;174;9
326;175;9
326;176;9
326;177;9
326;178;9
326;179;9
326;180;9
326;181;50
326;182;50
326;183;50
326;184;50
326;185;50
326;186;50
326;187;50
326;188;50
326;189;50
326;190;50
326;191;50
326;192;50
326;193;50
326;194;50
326;195;50
326;196;50
326;197;50
326;198;50
326;199;50
326;200;50
326;201;50
326;202;50
326;203;50
326;204;50
326;205;50
326;206;50
326;207;50
326;208;50
326;209;50
326;210;50
326;211;25
326;212;25
326;213;25
326;214;25
326;215;25
326;216;25
326;217;25
326;218;25
326;219;25
326;220;25
326;221;25
326;222;50
326;223;50
326;224;50
326;225;50
326;226;50
326;227;50
326;228;50
326;229;50
326;230;50
326;231;50
326;232;50
326;233;50
326;234;50
326;235;50
326;236;50
326;237;50
326;238;50
326;239;50
326;240;50
326;241;50
326;242;50
326;243;50
326;244;50
326;245;50
326;246;50
326;247;50
326;248;50
326;249;50
326;250;50
326;251;50
326;252;2
326;253;2
326;254;2
326;255;2
326;256;2
326;257;2
326;258;2
326;259;2
326;260;2
326;261;2
326;262;2
326;263;2
326;264;2
326;265;2
326;266;2
326;267;2
326;268;2
326;269;2
326;270;2
326;271;2
326;272;2
326;273;2
326;274;2
326;275;2
326;276;2
326;277;2
326;278;7
326;279;7
326;280;7
326;281;7
326;282;7
326;283;7
326;284;7
326;285;7
326;286;7
326;287;7
326;288;7
326;289;7
326;290;7
326;291;7
326;292;7
326;293;7
326;294;7
326;295;7
326;296;7
326;297;7
326;298;7
326;299;7
326;300;7
326;301;7
326;302;7
326;303;7
326;304;7
326;305;7
326;306;7
326;307;7
326;308;42
326;309;42
326;310;42
326;311;42
326;312;42
326;313;42
326;314;42
326;315;42
326;316;42
326;317;42
326;318;42
326;319;42
326;320;42
326;321;42
326;322;42
326;323;4
326;324;4
326;325;18
326;326;18
326;327;18
326;328;18
326;329;18
326;330;18
326;331;18
326;332;18
326;333;18
326;334;18
326;335;18
326;336;18
326;337;18
326;338;18
326;339;18
326;340;18
326;341;18
326;342;18
326;343;18
326;344;18
326;345;18
326;346;18
326;347;18
326;348;18
326;349;18
326;350;18
326;351;18
326;352;18
326;353;18
326;354;18
326;355;18
326;356;18
326;357;18
326;358;18
326;359;18
326;360;3
326;361;3
326;362;3
326;363;3
326;364;3
326;365;3
326;366;3
326;367;3
326;368;3
326;369;3
326;370;3
326;371;3
326;372;3
326;373;3
326;374;3
326;375;3
326;376;3
326;377;3
326;378;3
326;379;3
326;380;3
326;381;3
326;382;3
326;383;3
326;384;3
326;385;3
326;386;3
326;387;3
326;388;3
326;389;36
326;390;36
326;391;36
326;392;36
326;393;36
326;394;36
326;395;36
326;396;36
326;397;36
326;398;36
326;399;36
326;400;36
326;401;36
326;402;36
326;403;36
326;404;36
326;405;23
326;406;23
326;407;23
326;408;23
326;409;23
326;410;23
326;411;23
326;412;23
326;413;23
326;414;23
326;415;23
326;416;23
326;417;23
326;418;6
326;419;6
326;420;6
326;421;6
326;422;6
326;423;6
326;424;6
326;425;6
326;426;6
326;427;6
326;428;6
326;429;6
326;430;46
326;431;46
326;432;46
326;433;46
326;434;46
326;435;46
326;436;46
326;437;46
326;438;46
326;439;31
326;440;31
326;441;31
326;442;31
326;443;31
326;444;31
326;445;31
326;446;31
326;447;31
326;448;31
326;449;31
326;450;31
326;451;31
326;452;31
326;453;31
326;454;31
326;455;31
326;456;31
326;457;42
326;458;42
326;459;42
326;460;42
326;461;42
326;462;42
326;463;42
326;464;42
326;465;42
326;466;42
326;467;42
326;468;42
326;469;42
326;470;42
326;471;42
326;472;42
326;473;42
326;474;42
326;475;42
326;476;42
326;477;42
326;478;42
326;479;42
326;480;42
326;481;42
326;482;42
326;483;42
326;484;42
326;485;24
326;486;24
326;487;24
326;488;24
326;489;24
326;490;24
326;491;24
326;492;24
326;493;24
326;494;24
326;495;24
326;496;24
326;497;24
326;498;24
326;499;24
327;0;28
327;1;28
327;2;28
327;3;28
327;4;28
327;5;28
327;6;28
327;7;28
327;8;28
327;9;28
327;10;28
327;11;28
327;12;28
327;13;28
327;14;28
327;15;28
327;16;28
327;17;28
327;18;28
327;19;28
327;20;28
327;21;28
327;22;28
327;23;28
327;24;28
327;25;14
327;26;14
327;27;14
327;28;14
327;29;14
327;30;14
327;31;14
327;32;14
327;33;14
327;34;14
327;35;14
327;36;14
327;37;14
327;38;14
327;39;14
327;40;14
327;41;14
327;42;42
327;43;42
327;44;42
327;45;42
327;46;42
327;47;42
327;48;42
327;49;42
327;50;42
327;51;42
327;52;42
327;53;42
327;54;42
327;55;42
327;56;42
327;57;42
327;58;33
327;59;33
327;60;33
327;61;33
327;62;33
327;63;33
327;64;33
327;65;33
327;66;33
327;67;33
327;68;33
327;69;33
327;70;32
327;71;32
327;72;32
327;73;32
327;74;32
327;75;32
327;76;32
327;77;32
327;78;32
327;79;32
327;80;32
327;81;32
327;82;32
327;83;38
327;84;38
327;85;38
327;86;38
327;87;38
327;88;38
327;89;38
327;90;38
327;91;38
327;92;38
327;93;38
327;94;38
327;95;38
327;96;38
327;97;38
327;98;38
327;99;38
327;100;26
327;101;26
327;102;26
327;103;26
327;104;26
327;105;26
327;106;26
327;107;26
327;108;26
327;109;26
327;110;26
327;111;26
327;112;2
327;113;2
327;114;2
327;115;2
327;116;2
327;117;2
327;118;2
327;119;2
327;120;2
327;121;2
327;122;2
327;123;2
327;124;2
327;125;2
327;126;2
327;127;2
327;128;2
327;129;2
327;130;2
327;131;2
327;132;2
327;133;2
327;134;2
327;135;2
327;136;2
327;137;2
327;138;2
327;139;51
327;140;51
327;141;51
327;142;51
327;143;51
327;144;51
327;145;51
327;146;51
327;147;51
327;148;51
327;149;51
327;150;51
327;151;51
327;152;51
327;153;51
327;154;41
327;155;41
327;156;41
327;157;41
327;158;41
327;159;41
327;160;41
327;161;41
327;162;41
327;163;41
327;164;9
327;165;9
327;166;9
327;167;9
327;168;9
327;169;9
327;170;9
327;171;9
327;172;9
327;173;9
327;174;9
327;175;9
327;176;9
327;177;9
327;178;9
327;179;9
327;180;9
327;181;50
327;182;50
327;183;50
327;184;50
327;185;50
327;186;50
327;187;50
327;188;50
327;189;50
327;190;50
327;191;50
327;192;50
327;193;50
327;194;50
327;195;50
327;196;50
327;197;50
327;198;50
327;199;50
327;200;50
327;201;50
327;202;50
327;203;50
327;204;50
327;205;50
327;206;50
327;207;50
327;208;50
327;209;50
327;210;50
327;211;50
327;212;25
327;213;25
327;214;25
327;215;25
327;216;25
327;217;25
327;218;25
327;219;25
327;220;25
327;221;50
327;222;50
327;223;50
327;224;50
327;225;50
327;226;50
327;227;50
327;228;50
327;229;50
327;230;50
327;231;50
327;232;50
327;233;50
327;234;50
327;235;50
327;236;50
327;237;50
327;238;50
327;239;50
327;240;50
327;241;50
327;242;50
327;243;50
327;244;50
327;245;50
327;246;50
327;247;50
327;248;50
327;249;50
327;250;50
327;251;50
327;252;50
327;253;2
327;254;2
327;255;2
327;256;2
327;257;2
327;258;2
327;259;2
327;260;2
327;261;2
327;262;2
327;263;2
327;264;2
327;265;2
327;266;2
327;267;2
327;268;2
327;269;2
327;270;2
327;271;2
327;272;2
327;273;2
327;274;2
327;275;2
327;276;2
327;277;2
327;278;2
327;279;7
327;280;7
327;281;7
327;282;7
327;283;7
327;284;7
327;285;7
327;286;7
327;287;7
327;288;7
327;289;7
327;290;7
327;291;7
327;292;7
327;293;7
327;294;7
327;295;7
327;296;7
327;297;7
327;298;7
327;299;7
327;300;7
327;301;7
327;302;7
327;303;7
327;304;7
327;305;7
327;306;7
327;307;7
327;308;42
327;309;42
327;310;42
327;311;42
327;312;42
327;313;42
327;314;42
327;315;42
327;316;42
327;317;42
327;318;42
327;319;42
327;320;42
327;321;42
327;322;42
327;323;42
327;324;42
327;325;4
327;326;18
327;327;18
327;328;18
327;329;18
327;330;18
327;331;18
327;332;18
327;333;18
327;334;18
327;335;18
327;336;18
327;337;18
327;338;18
327;339;18
327;340;18
327;341;18
327;342;18
327;343;18
327;344;18
327;345;18
327;346;18
327;347;18
327;348;18
327;349;18
327;350;18
327;351;18
327;352;18
327;353;18
327;354;18
327;355;18
327;356;18
327;357;18
327;358;18
327;359;18
327;360;3
327;361;3
327;362;3
327;363;3
327;364;3
327;365;3
327;366;3
327;367;3
327;368;3
327;369;3
327;370;3
327;371;3
327;372;3
327;373;3
327;374;3
327;375;3
327;376;3
327;377;3
327;378;3
327;379;3
327;380;3
327;381;3
327;382;3
327;383;3
327;384;3
327;385;3
327;386;3
327;387;3
327;388;3
327;389;16
327;390;16
327;391;16
327;392;36
327;393;36
327;394;36
327;395;36
327;396;36
327;397;36
327;398;36
327;399;36
327;400;36
327;401;36
327;402;36
327;403;36
327;404;23
327;405;23
327;406;23
327;407;23
327;408;23
327;409;23
327;410;23
327;411;23
327;412;23
327;413;23
327;414;23
327;415;23
327;416;23
327;417;23
327;418;6
327;419;6
327;420;6
327;421;6
327;422;6
327;423;6
327;424;6
327;425;6
327;426;6
327;427;6
327;428;6
327;429;6
327;430;46
327;431;46
327;432;46
327;433;46
327;434;46
327;435;46
327;436;46
327;437;46
327;438;46
327;439;46
327;440;31
327;441;31
327;442;31
327;443;31
327;444;31
327;445;31
327;446;31
327;447;31
327;448;31
327;449;31
327;450;31
327;451;31
327;452;31
327;453;31
327;454;31
327;455;31
327;456;31
327;457;31
327;458;31
327;459;42
327;460;42
327;461;42
327;462;42
327;463;42
327;464;42
327;465;42
327;466;42
327;467;42
327;468;42
327;469;42
327;470;42
327;471;42
327;472;42
327;473;42
327;474;42
327;475;42
327;476;42
327;477;42
327;478;42
327;479;42
327;480;42
327;481;42
327;482;42
327;483;42
327;484;24
327;485;24
327;486;24
327;487;24
327;488;24
327;489;24
327;490;24
327;491;24
327;492;24
327;493;24
327;494;24
327;495;24
327;496;24
327;497;24
327;498;24
327;499;24
328;0;28
328;1;28
328;2;28
328;3;28
328;4;28
328;5;28
328;6;28
328;7;28
328;8;28
328;9;28
328;10;28
328;11;28
328;12;28
328;13;28
328;14;28
328;15;28
328;16;28
328;17;28
328;18;28
328;19;28
328;20;28
328;21;28
328;22;28
328;23;28
328;24;28
328;25;28
328;26;14
328;27;14
328;28;14
328;29;14
328;30;14
328;31;14
328;32;14
328;33;14
328;34;14
328;35;14
328;36;14
328;37;14
328;38;14
328;39;14
328;40;14
328;41;14
328;42;42
328;43;42
328;44;42
328;45;42
328;46;42
328;47;42
328;48;42
328;49;42
328;50;42
328;51;42
328;52;42
328;53;42
328;54;42
328;55;42
328;56;42
328;57;42
328;58;42
328;59;33
328;60;33
328;61;33
328;62;33
328;63;33
328;64;33
328;65;33
328;66;33
328;67;33
328;68;33
328;69;33
328;70;33
328;71;33
328;72;33
328;73;33
328;74;33
328;75;33
328;76;33
328;77;33
328;78;33
328;79;33
328;80;33
328;81;33
328;82;33
328;83;33
328;84;38
328;85;38
328;86;38
328;87;38
328;88;38
328;89;38
328;90;38
328;91;38
328;92;38
328;93;38
328;94;38
328;95;38
328;96;38
328;97;38
328;98;38
328;99;26
328;100;26
328;101;26
328;102;26
328;103;26
328;104;26
328;105;26
328;106;26
328;107;26
328;108;26
328;109;26
328;110;26
328;111;26
328;112;26
328;113;19
328;114;19
328;115;19
328;116;19
328;117;2
328;118;2
328;119;2
328;120;2
328;121;2
328;122;2
328;123;2
328;124;2
328;125;2
328;126;2
328;127;2
328;128;2
328;129;2
328;130;2
328;131;2
328;132;2
328;133;2
328;134;2
328;135;2
328;136;2
328;137;2
328;138;2
328;139;51
328;140;51
328;141;51
328;142;51
328;143;51
328;144;51
328;145;51
328;146;51
328;147;51
328;148;51
328;149;51
328;150;51
328;151;51
328;152;51
328;153;51
328;154;41
328;155;41
328;156;41
328;157;41
328;158;41
328;159;41
328;160;41
328;161;41
328;162;41
328;163;41
328;164;41
328;165;41
328;166;9
328;167;9
328;168;9
328;169;9
328;170;9
328;171;9
328;172;9
328;173;9
328;174;9
328;175;9
328;176;9
328;177;9
328;178;9
328;179;9
328;180;9
328;181;9
328;182;50
328;183;50
328;184;50
328;185;50
328;186;50
328;187;50
328;188;50
328;189;50
328;190;50
328;191;50
328;192;50
328;193;50
328;194;50
328;195;50
328;196;50
328;197;50
328;198;50
328;199;50
328;200;50
328;201;50
328;202;50
328;203;50
328;204;50
328;205;50
328;206;50
328;207;50
328;208;50
328;209;50
328;210;50
328;211;50
328;212;50
328;213;25
328;214;25
328;215;25
328;216;25
328;217;25
328;218;25
328;219;25
328;220;50
328;221;50
328;222;50
328;223;50
328;224;50
328;225;50
328;226;50
328;227;50
328;228;50
328;229;50
328;230;50
328;231;50
328;232;50
328;233;50
328;234;50
328;235;50
328;236;50
328;237;50
328;238;50
328;239;50
328;240;50
328;241;50
328;242;50
328;243;50
328;244;50
328;245;50
328;246;50
328;247;50
328;248;50
328;249;50
328;250;50
328;251;50
328;252;50
328;253;2
328;254;2
328;255;2
328;256;2
328;257;2
328;258;2
328;259;2
328;260;2
328;261;2
328;262;2
328;263;2
328;264;2
328;265;2
328;266;2
328;267;2
328;268;2
328;269;2
328;270;2
328;271;2
328;272;2
328;273;2
328;274;2
328;275;2
328;276;2
328;277;2
328;278;2
328;279;7
328;280;7
328;281;7
328;282;7
328;283;7
328;284;7
328;285;7
328;286;7
328;287;7
328;288;7
328;289;7
328;290;7
328;291;7
328;292;7
328;293;7
328;294;7
328;295;7
328;296;7
328;297;7
328;298;7
328;299;7
328;300;7
328;301;7
328;302;7
328;303;7
328;304;7
328;305;7
328;306;7
328;307;7
328;308;42
328;309;42
328;310;42
328;311;42
328;312;42
328;313;42
328;314;42
328;315;42
328;316;42
328;317;42
328;318;42
328;319;42
328;320;42
328;321;42
328;322;42
328;323;42
328;324;42
328;325;42
328;326;42
328;327;18
328;328;18
328;329;18
328;330;18
328;331;18
328;332;18
328;333;18
328;334;18
328;335;18
328;336;18
328;337;18
328;338;18
328;339;18
328;340;18
328;341;18
328;342;18
328;343;18
328;344;18
328;345;18
328;346;18
328;347;18
328;348;18
328;349;18
328;350;18
328;351;18
328;352;18
328;353;18
328;354;18
328;355;18
328;356;18
328;357;18
328;358;18
328;359;18
328;360;18
328;361;3
328;362;3
328;363;3
328;364;3
328;365;3
328;366;3
328;367;3
328;368;3
328;369;3
328;370;3
328;371;3
328;372;3
328;373;3
328;374;3
328;375;3
328;376;3
328;377;3
328;378;3
328;379;3
328;380;3
328;381;3
328;382;3
328;383;3
328;384;3
328;385;3
328;386;3
328;387;3
328;388;3
328;389;16
328;390;16
328;391;16
328;392;16
328;393;16
328;394;36
328;395;36
328;396;36
328;397;36
328;398;36
328;399;36
328;400;36
328;401;36
328;402;36
328;403;36
328;404;23
328;405;23
328;406;23
328;407;23
328;408;23
328;409;23
328;410;23
328;411;23
328;412;23
328;413;23
328;414;23
328;415;23
328;416;23
328;417;23
328;418;6
328;419;6
328;420;6
328;421;6
328;422;6
328;423;6
328;424;6
328;425;6
328;426;6
328;427;6
328;428;6
328;429;6
328;430;46
328;431;46
328;432;46
328;433;46
328;434;46
328;435;46
328;436;46
328;437;46
328;438;46
328;439;46
328;440;31
328;441;31
328;442;31
328;443;31
328;444;31
328;445;31
328;446;31
328;447;31
328;448;31
328;449;31
328;450;31
328;451;31
328;452;31
328;453;31
328;454;31
328;455;31
328;456;31
328;457;31
328;458;31
328;459;31
328;460;31
328;461;42
328;462;42
328;463;42
328;464;42
328;465;42
328;466;42
328;467;42
328;468;42
328;469;42
328;470;42
328;471;42
328;472;42
328;473;42
328;474;42
328;475;42
328;476;42
328;477;42
328;478;42
328;479;42
328;480;42
328;481;42
328;482;42
328;483;24
328;484;24
328;485;24
328;486;24
328;487;24
328;488;24
328;489;24
328;490;24
328;491;24
328;492;24
328;493;24
328;494;24
328;495;24
328;496;24
328;497;24
328;498;24
328;499;24
329;0;28
329;1;28
329;2;28
329;3;28
329;4;28
329;5;28
329;6;28
329;7;28
329;8;28
329;9;28
329;10;28
329;11;28
329;12;28
329;13;28
329;14;28
329;15;28
329;16;28
329;17;28
329;18;28
329;19;28
329;20;28
329;21;28
329;22;28
329;23;28
329;24;28
329;25;28
329;26;28
329;27;14
329;28;14
329;29;14
329;30;14
329;31;14
329;32;14
329;33;14
329;34;14
329;35;14
329;36;14
329;37;14
329;38;14
329;39;14
329;40;14
329;41;14
329;42;42
329;43;42
329;44;42
329;45;42
329;46;42
329;47;42
329;48;42
329;49;42
329;50;42
329;51;42
329;52;42
329;53;42
329;54;42
329;55;42
329;56;42
329;57;42
329;58;42
329;59;42
329;60;33
329;61;33
329;62;33
329;63;33
329;64;33
329;65;33
329;66;33
329;67;33
329;68;33
329;69;33
329;70;33
329;71;33
329;72;33
329;73;33
329;74;33
329;75;33
329;76;33
329;77;33
329;78;33
329;79;33
329;80;33
329;81;33
329;82;33
329;83;33
329;84;33
329;85;33
329;86;38
329;87;38
329;88;38
329;89;38
329;90;38
329;91;38
329;92;38
329;93;38
329;94;38
329;95;38
329;96;38
329;97;38
329;98;26
329;99;26
329;100;26
329;101;26
329;102;26
329;103;26
329;104;26
329;105;26
329;106;26
329;107;26
329;108;26
329;109;26
329;110;26
329;111;26
329;112;26
329;113;19
329;114;19
329;115;19
329;116;19
329;117;19
329;118;19
329;119;2
329;120;2
329;121;2
329;122;2
329;123;2
329;124;2
329;125;2
329;126;2
329;127;2
329;128;2
329;129;2
329;130;2
329;131;2
329;132;2
329;133;2
329;134;2
329;135;2
329;136;2
329;137;2
329;138;2
329;139;51
329;140;51
329;141;51
329;142;51
329;143;51
329;144;51
329;145;51
329;146;51
329;147;51
329;148;51
329;149;51
329;150;51
329;151;51
329;152;51
329;153;51
329;154;41
329;155;41
329;156;41
329;157;41
329;158;41
329;159;41
329;160;41
329;161;41
329;162;41
329;163;41
329;164;41
329;165;41
329;166;41
329;167;9
329;168;9
329;169;9
329;170;9
329;171;9
329;172;9
329;173;9
329;174;9
329;175;9
329;176;9
329;177;9
329;178;9
329;179;9
329;180;9
329;181;9
329;182;50
329;183;50
329;184;50
329;185;50
329;186;50
329;187;50
329;188;50
329;189;50
329;190;50
329;191;50
329;192;50
329;193;50
329;194;50
329;195;50
329;196;50
329;197;50
329;198;50
329;199;50
329;200;50
329;201;50
329;202;50
329;203;50
329;204;50
329;205;50
329;206;50
329;207;50
329;208;50
329;209;50
329;210;50
329;211;50
329;212;50
329;213;50
329;214;25
329;215;25
329;216;25
329;217;25
329;218;25
329;219;50
329;220;50
329;221;50
329;222;50
329;223;50
329;224;50
329;225;50
329;226;50
329;227;50
329;228;50
329;229;50
329;230;50
329;231;50
329;232;50
329;233;50
329;234;50
329;235;50
329;236;50
329;237;50
329;238;50
329;239;50
329;240;50
329;241;50
329;242;50
329;243;50
329;244;50
329;245;50
329;246;50
329;247;50
329;248;50
329;249;50
329;250;50
329;251;50
329;252;50
329;253;50
329;254;2
329;255;2
329;256;2
329;257;2
329;258;2
329;259;2
329;260;2
329;261;2
329;262;2
329;263;2
329;264;2
329;265;2
329;266;2
329;267;2
329;268;2
329;269;2
329;270;2
329;271;2
329;272;2
329;273;2
329;274;2
329;275;2
329;276;2
329;277;2
329;278;2
329;279;2
329;280;7
329;281;7
329;282;7
329;283;7
329;284;7
329;285;7
329;286;7
329;287;7
329;288;7
329;289;7
329;290;7
329;291;7
329;292;7
329;293;7
329;294;7
329;295;7
329;296;7
329;297;7
329;298;7
329;299;7
329;300;7
329;301;7
329;302;7
329;303;7
329;304;7
329;305;7
329;306;7
329;307;7
329;308;42
329;309;42
329;310;42
329;311;42
329;312;42
329;313;42
329;314;42
329;315;42
329;316;42
329;317;42
329;318;42
329;319;42
329;320;42
329;321;42
329;322;42
329;323;42
329;324;42
329;325;42
329;326;42
329;327;42
329;328;18
329;329;18
329;330;18
329;331;18
329;332;18
329;333;18
329;334;18
329;335;18
329;336;18
329;337;18
329;338;18
329;339;18
329;340;18
329;341;18
329;342;18
329;343;18
329;344;18
329;345;18
329;346;18
329;347;18
329;348;18
329;349;18
329;350;18
329;351;18
329;352;18
329;353;18
329;354;18
329;355;18
329;356;18
329;357;18
329;358;18
329;359;18
329;360;18
329;361;3
329;362;3
329;363;3
329;364;3
329;365;3
329;366;3
329;367;3
329;368;3
329;369;3
329;370;3
329;371;3
329;372;3
329;373;3
329;374;3
329;375;3
329;376;3
329;377;3
329;378;3
329;379;3
329;380;3
329;381;3
329;382;3
329;383;3
329;384;3
329;385;3
329;386;3
329;387;3
329;388;3
329;389;16
329;390;16
329;391;16
329;392;16
329;393;16
329;394;16
329;395;16
329;396;36
329;397;36
329;398;36
329;399;36
329;400;36
329;401;36
329;402;36
329;403;36
329;404;23
329;405;23
329;406;23
329;407;23
329;408;23
329;409;23
329;410;23
329;411;23
329;412;23
329;413;23
329;414;23
329;415;23
329;416;23
329;417;23
329;418;6
329;419;6
329;420;6
329;421;6
329;422;6
329;423;6
329;424;6
329;425;6
329;426;6
329;427;6
329;428;6
329;429;6
329;430;6
329;431;46
329;432;46
329;433;46
329;434;46
329;435;46
329;436;46
329;437;46
329;438;46
329;439;46
329;440;46
329;441;31
329;442;31
329;443;31
329;444;31
329;445;31
329;446;31
329;447;31
329;448;31
329;449;31
329;450;31
329;451;31
329;452;31
329;453;31
329;454;31
329;455;31
329;456;31
329;457;31
329;458;31
329;459;31
329;460;31
329;461;31
329;462;31
329;463;42
329;464;42
329;465;42
329;466;42
329;467;42
329;468;42
329;469;42
329;470;42
329;471;42
329;472;42
329;473;42
329;474;42
329;475;42
329;476;42
329;477;42
329;478;42
329;479;42
329;480;42
329;481;42
329;482;24
329;483;24
329;484;24
329;485;24
329;486;24
329;487;24
329;488;24
329;489;24
329;490;24
329;491;24
329;492;24
329;493;24
329;494;24
329;495;24
329;496;24
329;497;24
329;498;24
329;499;24
330;0;28
330;1;28
330;2;28
330;3;28
330;4;28
330;5;28
330;6;28
330;7;28
330;8;28
330;9;28
330;10;28
330;11;28
330;12;28
330;13;28
330;14;28
330;15;28
330;16;28
330;17;28
330;18;28
330;19;28
330;20;28
330;21;28
330;22;28
330;23;28
330;24;28
330;25;28
330;26;28
330;27;28
330;28;14
330;29;14
330;30;14
330;31;14
330;32;14
330;33;14
330;34;14
330;35;14
330;36;14
330;37;14
330;38;14
330;39;14
330;40;14
330;41;27
330;42;27
330;43;42
330;44;42
330;45;42
330;46;42
330;47;42
330;48;42
330;49;42
330;50;42
330;51;42
330;52;42
330;53;42
330;54;42
330;55;42
330;56;42
330;57;42
330;58;42
330;59;42
330;60;42
330;61;33
330;62;33
330;63;33
330;64;33
330;65;33
330;66;33
330;67;33
330;68;33
330;69;33
330;70;33
330;71;33
330;72;33
330;73;33
330;74;33
330;75;33
330;76;33
330;77;33
330;78;33
330;79;33
330;80;33
330;81;33
330;82;33
330;83;33
330;84;33
330;85;33
330;86;33
330;87;33
330;88;38
330;89;38
330;90;38
330;91;38
330;92;38
330;93;38
330;94;38
330;95;38
330;96;38
330;97;26
330;98;26
330;99;26
330;100;26
330;101;26
330;102;26
330;103;26
330;104;26
330;105;26
330;106;26
330;107;26
330;108;26
330;109;26
330;110;26
330;111;26
330;112;26
330;113;26
330;114;19
330;115;19
330;116;19
330;117;19
330;118;19
330;119;19
330;120;19
330;121;2
330;122;2
330;123;2
330;124;2
330;125;2
330;126;2
330;127;2
330;128;2
330;129;2
330;130;2
330;131;2
330;132;2
330;133;2
330;134;2
330;135;2
330;136;2
330;137;2
330;138;2
330;139;51
330;140;51
330;141;51
330;142;51
330;143;51
330;144;51
330;145;51
330;146;51
330;147;51
330;148;51
330;149;51
330;150;51
330;151;51
330;152;51
330;153;51
330;154;41
330;155;41
330;156;41
330;157;41
330;158;41
330;159;41
330;160;41
330;161;41
330;162;41
330;163;41
330;164;41
330;165;41
330;166;41
330;167;41
330;168;9
330;169;9
330;170;9
330;171;9
330;172;9
330;173;9
330;174;9
330;175;9
330;176;9
330;177;9
330;178;9
330;179;9
330;180;9
330;181;9
330;182;9
330;183;50
330;184;50
330;185;50
330;186;50
330;187;50
330;188;50
330;189;50
330;190;50
330;191;50
330;192;50
330;193;50
330;194;50
330;195;50
330;196;50
330;197;50
330;198;50
330;199;50
330;200;50
330;201;50
330;202;50
330;203;50
330;204;50
330;205;50
330;206;50
330;207;50
330;208;50
330;209;50
330;210;50
330;211;50
330;212;50
330;213;50
330;214;50
330;215;25
330;216;25
330;217;25
330;218;50
330;219;50
330;220;50
330;221;50
330;222;50
330;223;50
330;224;50
330;225;50
330;226;50
330;227;50
330;228;50
330;229;50
330;230;50
330;231;50
330;232;50
330;233;50
330;234;50
330;235;50
330;236;50
330;237;50
330;238;50
330;239;50
330;240;50
330;241;50
330;242;50
330;243;50
330;244;50
330;245;50
330;246;50
330;247;50
330;248;50
330;249;50
330;250;50
330;251;50
330;252;50
330;253;50
330;254;2
330;255;2
330;256;2
330;257;2
330;258;2
330;259;2
330;260;2
330;261;2
330;262;2
330;263;2
330;264;2
330;265;2
330;266;2
330;267;2
330;268;2
330;269;2
330;270;2
330;271;2
330;272;2
330;273;2
330;274;2
330;275;2
330;276;2
330;277;2
330;278;2
330;279;2
330;280;7
330;281;7
330;282;7
330;283;7
330;284;7
330;285;7
330;286;7
330;287;7
330;288;7
330;289;7
330;290;7
330;291;7
330;292;7
330;293;7
330;294;7
330;295;7
330;296;7
330;297;7
330;298;7
330;299;7
330;300;7
330;301;7
330;302;7
330;303;7
330;304;7
330;305;7
330;306;7
330;307;7
330;308;42
330;309;42
330;310;42
330;311;42
330;312;42
330;313;42
330;314;42
330;315;42
330;316;42
330;317;42
330;318;42
330;319;42
330;320;42
330;321;42
330;322;42
330;323;42
330;324;42
330;325;42
330;326;42
330;327;42
330;328;42
330;329;18
330;330;18
330;331;18
330;332;18
330;333;18
330;334;18
330;335;18
330;336;18
330;337;18
330;338;18
330;339;18
330;340;18
330;341;18
330;342;18
330;343;18
330;344;18
330;345;18
330;346;18
330;347;18
330;348;18
330;349;18
330;350;18
330;351;18
330;352;18
330;353;18
330;354;18
330;355;18
330;356;18
330;357;18
330;358;18
330;359;18
330;360;18
330;361;18
330;362;3
330;363;3
330;364;3
330;365;3
330;366;3
330;367;3
330;368;3
330;369;3
330;370;3
330;371;3
330;372;3
330;373;3
330;374;3
330;375;3
330;376;3
330;377;3
330;378;3
330;379;3
330;380;3
330;381;3
330;382;3
330;383;3
330;384;3
330;385;3
330;386;3
330;387;3
330;388;16
330;389;16
330;390;16
330;391;16
330;392;16
330;393;16
330;394;16
330;395;16
330;396;16
330;397;16
330;398;36
330;399;36
330;400;36
330;401;36
330;402;36
330;403;36
330;404;23
330;405;23
330;406;23
330;407;23
330;408;23
330;409;23
330;410;23
330;411;23
330;412;23
330;413;23
330;414;23
330;415;23
330;416;23
330;417;23
330;418;23
330;419;6
330;420;6
330;421;6
330;422;6
330;423;6
330;424;6
330;425;6
330;426;6
330;427;6
330;428;6
330;429;6
330;430;6
330;431;46
330;432;46
330;433;46
330;434;46
330;435;46
330;436;46
330;437;46
330;438;46
330;439;46
330;440;46
330;441;31
330;442;31
330;443;31
330;444;31
330;445;31
330;446;31
330;447;31
330;448;31
330;449;31
330;450;31
330;451;31
330;452;31
330;453;31
330;454;31
330;455;31
330;456;31
330;457;31
330;458;31
330;459;31
330;460;31
330;461;31
330;462;31
330;463;31
330;464;31
330;465;42
330;466;42
330;467;42
330;468;42
330;469;42
330;470;42
330;471;42
330;472;42
330;473;42
330;474;42
330;475;42
330;476;42
330;477;42
330;478;42
330;479;42
330;480;42
330;481;24
330;482;24
330;483;24
330;484;24
330;485;24
330;486;24
330;487;24
330;488;24
330;489;24
330;490;24
330;491;24
330;492;24
330;493;24
330;494;24
330;495;24
330;496;24
330;497;24
330;498;24
330;499;24
331;0;28
331;1;28
331;2;28
331;3;28
331;4;28
331;5;28
331;6;28
331;7;28
331;8;28
331;9;28
331;10;28
331;11;28
331;12;28
331;13;28
331;14;28
331;15;28
331;16;28
331;17;28
331;18;28
331;19;28
331;20;28
331;21;28
331;22;28
331;23;28
331;24;28
331;25;28
331;26;28
331;27;28
331;28;28
331;29;14
331;30;14
331;31;14
331;32;14
331;33;14
331;34;14
331;35;14
331;36;14
331;37;14
331;38;14
331;39;14
331;40;27
331;41;27
331;42;27
331;43;27
331;44;42
331;45;42
331;46;42
331;47;42
331;48;42
331;49;42
331;50;42
331;51;42
331;52;42
331;53;42
331;54;42
331;55;42
331;56;42
331;57;42
331;58;42
331;59;42
331;60;42
331;61;42
331;62;42
331;63;33
331;64;33
331;65;33
331;66;33
331;67;33
331;68;33
331;69;33
331;70;33
331;71;33
331;72;33
331;73;33
331;74;33
331;75;33
331;76;33
331;77;33
331;78;33
331;79;33
331;80;33
331;81;33
331;82;33
331;83;33
331;84;33
331;85;33
331;86;33
331;87;33
331;88;33
331;89;38
331;90;38
331;91;38
331;92;38
331;93;38
331;94;38
331;95;38
331;96;26
331;97;26
331;98;26
331;99;26
331;100;26
331;101;26
331;102;26
331;103;26
331;104;26
331;105;26
331;106;26
331;107;26
331;108;26
331;109;26
331;110;26
331;111;26
331;112;26
331;113;26
331;114;19
331;115;19
331;116;19
331;117;19
331;118;19
331;119;19
331;120;19
331;121;19
331;122;19
331;123;2
331;124;2
331;125;2
331;126;2
331;127;2
331;128;2
331;129;2
331;130;2
331;131;2
331;132;2
331;133;2
331;134;2
331;135;2
331;136;2
331;137;2
331;138;2
331;139;51
331;140;51
331;141;51
331;142;51
331;143;51
331;144;51
331;145;51
331;146;51
331;147;51
331;148;51
331;149;51
331;150;51
331;151;51
331;152;51
331;153;51
331;154;41
331;155;41
331;156;41
331;157;41
331;158;41
331;159;41
331;160;41
331;161;41
331;162;41
331;163;41
331;164;41
331;165;41
331;166;41
331;167;41
331;168;41
331;169;9
331;170;9
331;171;9
331;172;9
331;173;9
331;174;9
331;175;9
331;176;9
331;177;9
331;178;9
331;179;9
331;180;9
331;181;9
331;182;9
331;183;50
331;184;50
331;185;50
331;186;50
331;187;50
331;188;50
331;189;50
331;190;50
331;191;50
331;192;50
331;193;50
331;194;50
331;195;50
331;196;50
331;197;50
331;198;50
331;199;50
331;200;50
331;201;50
331;202;50
331;203;50
331;204;50
331;205;50
331;206;50
331;207;50
331;208;50
331;209;50
331;210;50
331;211;50
331;212;50
331;213;50
331;214;50
331;215;50
331;216;25
331;217;50
331;218;50
331;219;50
331;220;50
331;221;50
331;222;50
331;223;50
331;224;50
331;225;50
331;226;50
331;227;50
331;228;50
331;229;50
331;230;50
331;231;50
331;232;50
331;233;50
331;234;50
331;235;50
331;236;50
331;237;50
331;238;50
331;239;50
331;240;50
331;241;50
331;242;50
331;243;50
331;244;50
331;245;50
331;246;50
331;247;50
331;248;50
331;249;50
331;250;50
331;251;50
331;252;50
331;253;50
331;254;50
331;255;2
331;256;2
331;257;2
331;258;2
331;259;2
331;260;2
331;261;2
331;262;2
331;263;2
331;264;2
331;265;2
331;266;2
331;267;2
331;268;2
331;269;2
331;270;2
331;271;2
331;272;2
331;273;2
331;274;2
331;275;2
331;276;2
331;277;2
331;278;2
331;279;2
331;280;2
331;281;7
331;282;7
331;283;7
331;284;7
331;285;7
331;286;7
331;287;7
331;288;7
331;289;7
331;290;7
331;291;7
331;292;7
331;293;7
331;294;7
331;295;7
331;296;7
331;297;7
331;298;7
331;299;7
331;300;7
331;301;7
331;302;7
331;303;7
331;304;7
331;305;7
331;306;7
331;307;7
331;308;42
331;309;42
331;310;42
331;311;42
331;312;42
331;313;42
331;314;42
331;315;42
331;316;42
331;317;42
331;318;42
331;319;42
331;320;42
331;321;42
331;322;42
331;323;42
331;324;42
331;325;42
331;326;42
331;327;42
331;328;42
331;329;42
331;330;18
331;331;18
331;332;18
331;333;18
331;334;18
331;335;18
331;336;18
331;337;18
331;338;18
331;339;18
331;340;18
331;341;18
331;342;18
331;343;18
331;344;18
331;345;18
331;346;18
331;347;18
331;348;18
331;349;18
331;350;18
331;351;18
331;352;18
331;353;18
331;354;18
331;355;18
331;356;18
331;357;18
331;358;18
331;359;18
331;360;18
331;361;18
331;362;3
331;363;3
331;364;3
331;365;3
331;366;3
331;367;3
331;368;3
331;369;3
331;370;3
331;371;3
331;372;3
331;373;3
331;374;3
331;375;3
331;376;3
331;377;3
331;378;3
331;379;3
331;380;3
331;381;3
331;382;3
331;383;3
331;384;3
331;385;3
331;386;3
331;387;16
331;388;16
331;389;16
331;390;16
331;391;16
331;392;16
331;393;16
331;394;16
331;395;16
331;396;16
331;397;16
331;398;16
331;399;16
331;400;16
331;401;16
331;402;16
331;403;16
331;404;16
331;405;23
331;406;23
331;407;23
331;408;23
331;409;23
331;410;23
331;411;23
331;412;23
331;413;23
331;414;23
331;415;23
331;416;23
331;417;23
331;418;23
331;419;6
331;420;6
331;421;6
331;422;6
331;423;6
331;424;6
331;425;6
331;426;6
331;427;6
331;428;6
331;429;6
331;430;6
331;431;46
331;432;46
331;433;46
331;434;46
331;435;46
331;436;46
331;437;46
331;438;46
331;439;46
331;440;46
331;441;46
331;442;31
331;443;31
331;444;31
331;445;31
331;446;31
331;447;31
331;448;31
331;449;31
331;450;31
331;451;31
331;452;31
331;453;31
331;454;31
331;455;31
331;456;31
331;457;31
331;458;31
331;459;31
331;460;31
331;461;31
331;462;31
331;463;31
331;464;31
331;465;31
331;466;31
331;467;42
331;468;42
331;469;42
331;470;42
331;471;42
331;472;42
331;473;42
331;474;42
331;475;42
331;476;42
331;477;42
331;478;42
331;479;42
331;480;24
331;481;24
331;482;24
331;483;24
331;484;24
331;485;24
331;486;24
331;487;24
331;488;24
331;489;24
331;490;24
331;491;24
331;492;24
331;493;24
331;494;24
331;495;24
331;496;24
331;497;24
331;498;24
331;499;24
332;0;28
332;1;28
332;2;28
332;3;28
332;4;28
332;5;28
332;6;28
332;7;28
332;8;28
332;9;28
332;10;28
332;11;28
332;12;28
332;13;28
332;14;28
332;15;28
332;16;28
332;17;28
332;18;28
332;19;28
332;20;28
332;21;28
332;22;28
332;23;28
332;24;28
332;25;28
332;26;28
332;27;28
332;28;28
332;29;28
332;30;14
332;31;14
332;32;14
332;33;14
332;34;14
332;35;14
332;36;14
332;37;14
332;38;14
332;39;27
332;40;27
332;41;27
332;42;27
332;43;27
332;44;27
332;45;42
332;46;42
332;47;42
332;48;42
332;49;42
332;50;42
332;51;42
332;52;42
332;53;42
332;54;42
332;55;42
332;56;42
332;57;42
332;58;42
332;59;42
332;60;42
332;61;42
332;62;42
332;63;42
332;64;42
332;65;33
332;66;33
332;67;33
332;68;33
332;69;33
332;70;33
332;71;33
332;72;33
332;73;33
332;74;33
332;75;33
332;76;33
332;77;33
332;78;33
332;79;33
332;80;33
332;81;33
332;82;33
332;83;33
332;84;33
332;85;33
332;86;33
332;87;33
332;88;33
332;89;21
332;90;21
332;91;26
332;92;26
332;93;26
332;94;26
332;95;26
332;96;26
332;97;26
332;98;26
332;99;26
332;100;26
332;101;26
332;102;26
332;103;26
332;104;26
332;105;26
332;106;26
332;107;26
332;108;26
332;109;26
332;110;26
332;111;26
332;112;26
332;113;26
332;114;26
332;115;19
332;116;19
332;117;19
332;118;19
332;119;19
332;120;19
332;121;19
332;122;19
332;123;19
332;124;19
332;125;2
332;126;2
332;127;2
332;128;2
332;129;2
332;130;2
332;131;2
332;132;2
332;133;2
332;134;2
332;135;2
332;136;2
332;137;2
332;138;2
332;139;51
332;140;51
332;141;51
332;142;51
332;143;51
332;144;51
332;145;51
332;146;51
332;147;51
332;148;51
332;149;51
332;150;51
332;151;51
332;152;51
332;153;51
332;154;41
332;155;41
332;156;41
332;157;41
332;158;41
332;159;41
332;160;41
332;161;41
332;162;41
332;163;41
332;164;41
332;165;41
332;166;41
332;167;41
332;168;41
332;169;41
332;170;9
332;171;9
332;172;9
332;173;9
332;174;9
332;175;9
332;176;9
332;177;9
332;178;9
332;179;9
332;180;9
332;181;9
332;182;9
332;183;9
332;184;50
332;185;50
332;186;50
332;187;50
332;188;50
332;189;50
332;190;50
332;191;50
332;192;50
332;193;50
332;194;50
332;195;50
332;196;50
332;197;50
332;198;50
332;199;50
332;200;50
332;201;50
332;202;50
332;203;50
332;204;50
332;205;50
332;206;50
332;207;50
332;208;50
332;209;50
332;210;50
332;211;50
332;212;50
332;213;50
332;214;50
332;215;50
332;216;50
332;217;50
332;218;50
332;219;50
332;220;50
332;221;50
332;222;50
332;223;50
332;224;50
332;225;50
332;226;50
332;227;50
332;228;50
332;229;50
332;230;50
332;231;50
332;232;50
332;233;50
332;234;50
332;235;50
332;236;50
332;237;50
332;238;50
332;239;50
332;240;50
332;241;50
332;242;50
332;243;50
332;244;50
332;245;50
332;246;50
332;247;50
332;248;50
332;249;50
332;250;50
332;251;50
332;252;50
332;253;50
332;254;50
332;255;2
332;256;2
332;257;2
332;258;2
332;259;2
332;260;2
332;261;2
332;262;2
332;263;2
332;264;2
332;265;2
332;266;2
332;267;2
332;268;2
332;269;2
332;270;2
332;271;2
332;272;2
332;273;2
332;274;2
332;275;2
332;276;2
332;277;2
332;278;2
332;279;2
332;280;2
332;281;2
332;282;7
332;283;7
332;284;7
332;285;7
332;286;7
332;287;7
332;288;7
332;289;7
332;290;7
332;291;7
332;292;7
332;293;7
332;294;7
332;295;7
332;296;7
332;297;7
332;298;7
332;299;7
332;300;7
332;301;7
332;302;7
332;303;7
332;304;7
332;305;7
332;306;7
332;307;7
332;308;42
332;309;42
332;310;42
332;311;42
332;312;42
332;313;42
332;314;42
332;315;42
332;316;42
332;317;42
332;318;42
332;319;42
332;320;42
332;321;42
332;322;42
332;323;42
332;324;42
332;325;42
332;326;42
332;327;42
332;328;42
332;329;42
332;330;42
332;331;18
332;332;18
332;333;18
332;334;18
332;335;18
332;336;18
332;337;18
332;338;18
332;339;18
332;340;18
332;341;18
332;342;18
332;343;18
332;344;18
332;345;18
332;346;18
332;347;18
332;348;18
332;349;18
332;350;18
332;351;18
332;352;18
332;353;18
332;354;18
332;355;18
332;356;18
332;357;18
332;358;18
332;359;18
332;360;18
332;361;18
332;362;18
332;363;3
332;364;3
332;365;3
332;366;3
332;367;3
332;368;3
332;369;3
332;370;3
332;371;3
332;372;3
332;373;3
332;374;3
332;375;3
332;376;3
332;377;3
332;378;3
332;379;3
332;380;3
332;381;3
332;382;3
332;383;3
332;384;3
332;385;3
332;386;16
332;387;16
332;388;16
332;389;16
332;390;16
332;391;16
332;392;16
332;393;16
332;394;16
332;395;16
332;396;16
332;397;16
332;398;16
332;399;16
332;400;16
332;401;16
332;402;16
332;403;16
332;404;16
332;405;16
332;406;23
332;407;23
332;408;23
332;409;23
332;410;23
332;411;23
332;412;23
332;413;23
332;414;23
332;415;23
332;416;23
332;417;23
332;418;23
332;419;23
332;420;6
332;421;6
332;422;6
332;423;6
332;424;6
332;425;6
332;426;6
332;427;6
332;428;6
332;429;6
332;430;6
332;431;46
332;432;46
332;433;46
332;434;46
332;435;46
332;436;46
332;437;46
332;438;46
332;439;46
332;440;46
332;441;46
332;442;31
332;443;31
332;444;31
332;445;31
332;446;31
332;447;31
332;448;31
332;449;31
332;450;31
332;451;31
332;452;31
332;453;31
332;454;31
332;455;31
332;456;31
332;457;31
332;458;31
332;459;31
332;460;31
332;461;31
332;462;31
332;463;31
332;464;31
332;465;31
332;466;31
332;467;31
332;468;31
332;469;42
332;470;42
332;471;42
332;472;42
332;473;42
332;474;42
332;475;42
332;476;42
332;477;42
332;478;42
332;479;24
332;480;24
332;481;24
332;482;24
332;483;24
332;484;24
332;485;24
332;486;24
332;487;24
332;488;24
332;489;24
332;490;24
332;491;24
332;492;24
332;493;24
332;494;24
332;495;24
332;496;24
332;497;24
332;498;24
332;499;24
333;0;28
333;1;28
333;2;28
333;3;28
333;4;28
333;5;28
333;6;28
333;7;28
333;8;28
333;9;28
333;10;28
333;11;28
333;12;28
333;13;28
333;14;28
333;15;28
333;16;28
333;17;28
333;18;28
333;19;28
333;20;28
333;21;28
333;22;28
333;23;28
333;24;28
333;25;28
333;26;28
333;27;28
333;28;28
333;29;28
333;30;28
333;31;14
333;32;14
333;33;14
333;34;14
333;35;14
333;36;14
333;37;14
333;38;14
333;39;27
333;40;27
333;41;27
333;42;27
333;43;27
333;44;27
333;45;27
333;46;42
333;47;42
333;48;42
333;49;42
333;50;42
333;51;42
333;52;42
333;53;42
333;54;42
333;55;42
333;56;42
333;57;42
333;58;42
333;59;42
333;60;42
333;61;42
333;62;42
333;63;42
333;64;42
333;65;42
333;66;42
333;67;33
333;68;33
333;69;33
333;70;33
333;71;33
333;72;33
333;73;33
333;74;33
333;75;33
333;76;33
333;77;33
333;78;33
333;79;33
333;80;33
333;81;33
333;82;33
333;83;33
333;84;33
333;85;33
333;86;33
333;87;33
333;88;21
333;89;21
333;90;21
333;91;26
333;92;26
333;93;26
333;94;26
333;95;26
333;96;26
333;97;26
333;98;26
333;99;26
333;100;26
333;101;26
333;102;26
333;103;26
333;104;26
333;105;26
333;106;26
333;107;26
333;108;26
333;109;26
333;110;26
333;111;26
333;112;26
333;113;26
333;114;26
333;115;19
333;116;19
333;117;19
333;118;19
333;119;19
333;120;19
333;121;19
333;122;19
333;123;19
333;124;19
333;125;19
333;126;19
333;127;2
333;128;2
333;129;2
333;130;2
333;131;2
333;132;2
333;133;2
333;134;2
333;135;2
333;136;2
333;137;2
333;138;2
333;139;51
333;140;51
333;141;51
333;142;51
333;143;51
333;144;51
333;145;51
333;146;51
333;147;51
333;148;51
333;149;51
333;150;51
333;151;51
333;152;51
333;153;41
333;154;41
333;155;41
333;156;41
333;157;41
333;158;41
333;159;41
333;160;41
333;161;41
333;162;41
333;163;41
333;164;41
333;165;41
333;166;41
333;167;41
333;168;41
333;169;41
333;170;41
333;171;9
333;172;9
333;173;9
333;174;9
333;175;9
333;176;9
333;177;9
333;178;9
333;179;9
333;180;9
333;181;9
333;182;9
333;183;9
333;184;50
333;185;50
333;186;50
333;187;50
333;188;50
333;189;50
333;190;50
333;191;50
333;192;50
333;193;50
333;194;50
333;195;50
333;196;50
333;197;50
333;198;50
333;199;50
333;200;50
333;201;50
333;202;50
333;203;50
333;204;50
333;205;50
333;206;50
333;207;50
333;208;50
333;209;50
333;210;50
333;211;50
333;212;50
333;213;50
333;214;50
333;215;50
333;216;50
333;217;50
333;218;50
333;219;50
333;220;50
333;221;50
333;222;50
333;223;50
333;224;50
333;225;50
333;226;50
333;227;50
333;228;50
333;229;50
333;230;50
333;231;50
333;232;50
333;233;50
333;234;50
333;235;50
333;236;50
333;237;50
333;238;50
333;239;50
333;240;50
333;241;50
333;242;50
333;243;50
333;244;50
333;245;50
333;246;50
333;247;50
333;248;50
333;249;50
333;250;50
333;251;50
333;252;50
333;253;50
333;254;50
333;255;50
333;256;2
333;257;2
333;258;2
333;259;2
333;260;2
333;261;2
333;262;2
333;263;2
333;264;2
333;265;2
333;266;2
333;267;2
333;268;2
333;269;2
333;270;2
333;271;2
333;272;2
333;273;2
333;274;2
333;275;2
333;276;2
333;277;2
333;278;2
333;279;2
333;280;2
333;281;2
333;282;2
333;283;7
333;284;7
333;285;7
333;286;7
333;287;7
333;288;7
333;289;7
333;290;7
333;291;7
333;292;7
333;293;7
333;294;7
333;295;7
333;296;7
333;297;7
333;298;7
333;299;7
333;300;7
333;301;7
333;302;7
333;303;7
333;304;7
333;305;7
333;306;7
333;307;7
333;308;42
333;309;42
333;310;42
333;311;42
333;312;42
333;313;42
333;314;42
333;315;42
333;316;42
333;317;42
333;318;42
333;319;42
333;320;42
333;321;42
333;322;42
333;323;42
333;324;42
333;325;42
333;326;42
333;327;42
333;328;42
333;329;42
333;330;42
333;331;42
333;332;18
333;333;18
333;334;18
333;335;18
333;336;18
333;337;18
333;338;18
333;339;18
333;340;18
333;341;18
333;342;18
333;343;18
333;344;18
333;345;18
333;346;18
333;347;18
333;348;18
333;349;18
333;350;18
333;351;18
333;352;18
333;353;18
333;354;18
333;355;18
333;356;18
333;357;18
333;358;18
333;359;18
333;360;18
333;361;18
333;362;18
333;363;3
333;364;3
333;365;3
333;366;3
333;367;3
333;368;3
333;369;3
333;370;3
333;371;3
333;372;3
333;373;3
333;374;3
333;375;3
333;376;3
333;377;3
333;378;3
333;379;3
333;380;3
333;381;3
333;382;3
333;383;3
333;384;3
333;385;16
333;386;16
333;387;16
333;388;16
333;389;16
333;390;16
333;391;16
333;392;16
333;393;16
333;394;16
333;395;16
333;396;16
333;397;16
333;398;16
333;399;16
333;400;16
333;401;16
333;402;16
333;403;16
333;404;16
333;405;16
333;406;16
333;407;23
333;408;23
333;409;23
333;410;23
333;411;23
333;412;23
333;413;23
333;414;23
333;415;23
333;416;23
333;417;23
333;418;23
333;419;23
333;420;6
333;421;6
333;422;6
333;423;6
333;424;6
333;425;6
333;426;6
333;427;6
333;428;6
333;429;6
333;430;6
333;431;46
333;432;46
333;433;46
333;434;46
333;435;46
333;436;46
333;437;46
333;438;46
333;439;46
333;440;46
333;441;46
333;442;46
333;443;31
333;444;31
333;445;31
333;446;31
333;447;31
333;448;31
333;449;31
333;450;31
333;451;31
333;452;31
333;453;31
333;454;31
333;455;31
333;456;31
333;457;31
333;458;31
333;459;31
333;460;31
333;461;31
333;462;31
333;463;31
333;464;31
333;465;31
333;466;31
333;467;31
333;468;31
333;469;31
333;470;31
333;471;42
333;472;42
333;473;42
333;474;42
333;475;42
333;476;42
333;477;42
333;478;24
333;479;24
333;480;24
333;481;24
333;482;24
333;483;24
333;484;24
333;485;24
333;486;24
333;487;24
333;488;24
333;489;24
333;490;24
333;491;24
333;492;24
333;493;24
333;494;24
333;495;24
333;496;24
333;497;24
333;498;24
333;499;24
334;0;28
334;1;28
334;2;28
334;3;28
334;4;28
334;5;28
334;6;28
334;7;28
334;8;28
334;9;28
334;10;28
334;11;28
334;12;28
334;13;28
334;14;28
334;15;28
334;16;28
334;17;28
334;18;28
334;19;28
334;20;28
334;21;28
334;22;28
334;23;28
334;24;28
334;25;28
334;26;28
334;27;28
334;28;28
334;29;28
334;30;28
334;31;28
334;32;14
334;33;14
334;34;14
334;35;14
334;36;14
334;37;14
334;38;14
334;39;27
334;40;27
334;41;27
334;42;27
334;43;27
334;44;27
334;45;27
334;46;27
334;47;42
334;48;42
334;49;42
334;50;42
334;51;42
334;52;42
334;53;42
334;54;42
334;55;42
334;56;42
334;57;42
334;58;42
334;59;42
334;60;42
334;61;42
334;62;42
334;63;42
334;64;42
334;65;42
334;66;42
334;67;42
334;68;33
334;69;33
334;70;33
334;71;33
334;72;33
334;73;33
334;74;33
334;75;33
334;76;33
334;77;33
334;78;33
334;79;33
334;80;33
334;81;33
334;82;33
334;83;33
334;84;33
334;85;33
334;86;33
334;87;21
334;88;21
334;89;21
334;90;21
334;91;26
334;92;26
334;93;26
334;94;26
334;95;26
334;96;26
334;97;26
334;98;26
334;99;26
334;100;26
334;101;26
334;102;26
334;103;26
334;104;26
334;105;26
334;106;26
334;107;26
334;108;26
334;109;26
334;110;26
334;111;26
334;112;26
334;113;26
334;114;26
334;115;26
334;116;19
334;117;19
334;118;19
334;119;19
334;120;19
334;121;19
334;122;19
334;123;19
334;124;19
334;125;19
334;126;19
334;127;19
334;128;19
334;129;2
334;130;2
334;131;2
334;132;2
334;133;2
334;134;2
334;135;2
334;136;2
334;137;2
334;138;2
334;139;51
334;140;51
334;141;51
334;142;51
334;143;51
334;144;51
334;145;51
334;146;51
334;147;51
334;148;51
334;149;51
334;150;51
334;151;51
334;152;41
334;153;41
334;154;41
334;155;41
334;156;41
334;157;41
334;158;41
334;159;41
334;160;41
334;161;41
334;162;41
334;163;41
334;164;41
334;165;41
334;166;41
334;167;41
334;168;41
334;169;41
334;170;41
334;171;41
334;172;9
334;173;9
334;174;9
334;175;9
334;176;9
334;177;9
334;178;9
334;179;9
334;180;9
334;181;9
334;182;9
334;183;9
334;184;9
334;185;50
334;186;50
334;187;50
334;188;50
334;189;50
334;190;50
334;191;50
334;192;50
334;193;50
334;194;50
334;195;50
334;196;50
334;197;50
334;198;50
334;199;50
334;200;50
334;201;50
334;202;50
334;203;50
334;204;50
334;205;50
334;206;50
334;207;50
334;208;50
334;209;50
334;210;50
334;211;50
334;212;50
334;213;50
334;214;50
334;215;50
334;216;50
334;217;50
334;218;50
334;219;50
334;220;50
334;221;50
334;222;50
334;223;50
334;224;50
334;225;50
334;226;50
334;227;50
334;228;50
334;229;50
334;230;50
334;231;50
334;232;50
334;233;50
334;234;50
334;235;50
334;236;50
334;237;50
334;238;50
334;239;50
334;240;50
334;241;50
334;242;50
334;243;50
334;244;50
334;245;50
334;246;50
334;247;50
334;248;50
334;249;50
334;250;50
334;251;50
334;252;50
334;253;50
334;254;50
334;255;50
334;256;2
334;257;2
334;258;2
334;259;2
334;260;2
334;261;2
334;262;2
334;263;2
334;264;2
334;265;2
334;266;2
334;267;2
334;268;2
334;269;2
334;270;2
334;271;2
334;272;2
334;273;2
334;274;2
334;275;2
334;276;2
334;277;2
334;278;2
334;279;2
334;280;2
334;281;2
334;282;2
334;283;45
334;284;45
334;285;7
334;286;7
334;287;7
334;288;7
334;289;7
334;290;7
334;291;7
334;292;7
334;293;7
334;294;7
334;295;7
334;296;7
334;297;7
334;298;7
334;299;7
334;300;7
334;301;7
334;302;7
334;303;7
334;304;7
334;305;7
334;306;7
334;307;7
334;308;42
334;309;42
334;310;42
334;311;42
334;312;42
334;313;42
334;314;42
334;315;42
334;316;42
334;317;42
334;318;42
334;319;42
334;320;42
334;321;42
334;322;42
334;323;42
334;324;42
334;325;42
334;326;42
334;327;42
334;328;42
334;329;42
334;330;42
334;331;42
334;332;42
334;333;18
334;334;18
334;335;18
334;336;18
334;337;18
334;338;18
334;339;18
334;340;18
334;341;18
334;342;18
334;343;18
334;344;18
334;345;18
334;346;18
334;347;18
334;348;18
334;349;18
334;350;18
334;351;18
334;352;18
334;353;18
334;354;18
334;355;18
334;356;18
334;357;18
334;358;18
334;359;18
334;360;18
334;361;18
334;362;18
334;363;18
334;364;3
334;365;3
334;366;3
334;367;3
334;368;3
334;369;3
334;370;3
334;371;3
334;372;3
334;373;3
334;374;3
334;375;3
334;376;3
334;377;3
334;378;3
334;379;3
334;380;3
334;381;3
334;382;3
334;383;3
334;384;16
334;385;16
334;386;16
334;387;16
334;388;16
334;389;16
334;390;16
334;391;16
334;392;16
334;393;16
334;394;16
334;395;16
334;396;16
334;397;16
334;398;16
334;399;16
334;400;16
334;401;16
334;402;16
334;403;16
334;404;16
334;405;16
334;406;16
334;407;16
334;408;23
334;409;23
334;410;23
334;411;23
334;412;23
334;413;23
334;414;23
334;415;23
334;416;23
334;417;23
334;418;23
334;419;23
334;420;23
334;421;6
334;422;6
334;423;6
334;424;6
334;425;6
334;426;6
334;427;6
334;428;6
334;429;6
334;430;6
334;431;46
334;432;46
334;433;46
334;434;46
334;435;46
334;436;46
334;437;46
334;438;46
334;439;46
334;440;46
334;441;46
334;442;46
334;443;31
334;444;31
334;445;31
334;446;31
334;447;31
334;448;31
334;449;31
334;450;31
334;451;31
334;452;31
334;453;31
334;454;31
334;455;31
334;456;31
334;457;31
334;458;31
334;459;31
334;460;31
334;461;31
334;462;31
334;463;31
334;464;31
334;465;31
334;466;31
334;467;31
334;468;31
334;469;31
334;470;31
334;471;31
334;472;31
334;473;31
334;474;31
334;475;31
334;476;31
334;477;31
334;478;24
334;479;24
334;480;24
334;481;24
334;482;24
334;483;24
334;484;24
334;485;24
334;486;24
334;487;24
334;488;24
334;489;24
334;490;24
334;491;24
334;492;24
334;493;24
334;494;24
334;495;24
334;496;24
334;497;24
334;498;24
334;499;24
335;0;28
335;1;28
335;2;28
335;3;28
335;4;28
335;5;28
335;6;28
335;7;28
335;8;28
335;9;28
335;10;28
335;11;28
335;12;28
335;13;28
335;14;28
335;15;28
335;16;28
335;17;28
335;18;28
335;19;28
335;20;28
335;21;28
335;22;28
335;23;28
335;24;28
335;25;28
335;26;28
335;27;28
335;28;28
335;29;28
335;30;28
335;31;28
335;32;28
335;33;14
335;34;14
335;35;14
335;36;14
335;37;21
335;38;21
335;39;27
335;40;27
335;41;27
335;42;27
335;43;27
335;44;27
335;45;27
335;46;27
335;47;27
335;48;42
335;49;42
335;50;42
335;51;42
335;52;42
335;53;42
335;54;42
335;55;42
335;56;42
335;57;42
335;58;42
335;59;42
335;60;42
335;61;42
335;62;42
335;63;42
335;64;42
335;65;42
335;66;42
335;67;42
335;68;42
335;69;33
335;70;33
335;71;33
335;72;33
335;73;33
335;74;33
335;75;33
335;76;33
335;77;33
335;78;33
335;79;33
335;80;33
335;81;33
335;82;33
335;83;33
335;84;33
335;85;33
335;86;21
335;87;21
335;88;21
335;89;21
335;90;21
335;91;26
335;92;26
335;93;26
335;94;26
335;95;26
335;96;26
335;97;26
335;98;26
335;99;26
335;100;26
335;101;26
335;102;26
335;103;26
335;104;26
335;105;26
335;106;26
335;107;26
335;108;26
335;109;26
335;110;26
335;111;26
335;112;26
335;113;26
335;114;26
335;115;26
335;116;19
335;117;19
335;118;19
335;119;19
335;120;19
335;121;19
335;122;19
335;123;19
335;124;19
335;125;19
335;126;19
335;127;19
335;128;19
335;129;19
335;130;19
335;131;2
335;132;2
335;133;2
335;134;2
335;135;2
335;136;2
335;137;2
335;138;2
335;139;51
335;140;51
335;141;51
335;142;51
335;143;51
335;144;51
335;145;51
335;146;51
335;147;51
335;148;51
335;149;51
335;150;51
335;151;41
335;152;41
335;153;41
335;154;41
335;155;41
335;156;41
335;157;41
335;158;41
335;159;41
335;160;41
335;161;41
335;162;41
335;163;41
335;164;41
335;165;41
335;166;41
335;167;41
335;168;41
335;169;41
335;170;41
335;171;41
335;172;41
335;173;9
335;174;9
335;175;9
335;176;9
335;177;9
335;178;9
335;179;9
335;180;9
335;181;9
335;182;9
335;183;9
335;184;9
335;185;50
335;186;50
335;187;50
335;188;50
335;189;50
335;190;50
335;191;50
335;192;50
335;193;50
335;194;50
335;195;50
335;196;50
335;197;50
335;198;50
335;199;50
335;200;50
335;201;50
335;202;50
335;203;50
335;204;50
335;205;50
335;206;50
335;207;50
335;208;50
335;209;50
335;210;50
335;211;50
335;212;50
335;213;50
335;214;50
335;215;50
335;216;50
335;217;50
335;218;50
335;219;50
335;220;50
335;221;50
335;222;50
335;223;50
335;224;50
335;225;50
335;226;50
335;227;50
335;228;50
335;229;50
335;230;50
335;231;50
335;232;50
335;233;50
335;234;50
335;235;50
335;236;50
335;237;50
335;238;50
335;239;50
335;240;50
335;241;50
335;242;50
335;243;50
335;244;50
335;245;50
335;246;50
335;247;50
335;248;50
335;249;50
335;250;50
335;251;50
335;252;50
335;253;50
335;254;50
335;255;50
335;256;2
335;257;2
335;258;2
335;259;2
335;260;2
335;261;2
335;262;2
335;263;2
335;264;2
335;265;2
335;266;2
335;267;2
335;268;2
335;269;2
335;270;2
335;271;2
335;272;2
335;273;2
335;274;2
335;275;2
335;276;2
335;277;2
335;278;2
335;279;2
335;280;2
335;281;2
335;282;2
335;283;45
335;284;45
335;285;45
335;286;45
335;287;7
335;288;7
335;289;7
335;290;7
335;291;7
335;292;7
335;293;7
335;294;7
335;295;7
335;296;7
335;297;7
335;298;7
335;299;7
335;300;7
335;301;7
335;302;7
335;303;7
335;304;7
335;305;7
335;306;7
335;307;7
335;308;42
335;309;42
335;310;42
335;311;42
335;312;42
335;313;42
335;314;42
335;315;42
335;316;42
335;317;42
335;318;42
335;319;42
335;320;42
335;321;42
335;322;42
335;323;42
335;324;42
335;325;42
335;326;42
335;327;42
335;328;42
335;329;42
335;330;42
335;331;42
335;332;42
335;333;42
335;334;18
335;335;18
335;336;18
335;337;18
335;338;18
335;339;18
335;340;18
335;341;18
335;342;18
335;343;18
335;344;18
335;345;18
335;346;18
335;347;18
335;348;18
335;349;18
335;350;18
335;351;18
335;352;18
335;353;18
335;354;18
335;355;18
335;356;18
335;357;18
335;358;18
335;359;18
335;360;18
335;361;18
335;362;18
335;363;18
335;364;3
335;365;3
335;366;3
335;367;3
335;368;3
335;369;3
335;370;3
335;371;3
335;372;3
335;373;3
335;374;3
335;375;3
335;376;3
335;377;3
335;378;3
335;379;3
335;380;3
335;381;3
335;382;3
335;383;16
335;384;16
335;385;16
335;386;16
335;387;16
335;388;16
335;389;16
335;390;16
335;391;16
335;392;16
335;393;16
335;394;16
335;395;16
335;396;16
335;397;16
335;398;16
335;399;16
335;400;16
335;401;16
335;402;16
335;403;16
335;404;16
335;405;16
335;406;16
335;407;16
335;408;16
335;409;23
335;410;23
335;411;23
335;412;23
335;413;23
335;414;23
335;415;23
335;416;23
335;417;23
335;418;23
335;419;23
335;420;23
335;421;6
335;422;6
335;423;6
335;424;6
335;425;6
335;426;6
335;427;6
335;428;6
335;429;6
335;430;6
335;431;46
335;432;46
335;433;46
335;434;46
335;435;46
335;436;46
335;437;46
335;438;46
335;439;46
335;440;46
335;441;46
335;442;46
335;443;31
335;444;31
335;445;31
335;446;31
335;447;31
335;448;31
335;449;31
335;450;31
335;451;31
335;452;31
335;453;31
335;454;31
335;455;31
335;456;31
335;457;31
335;458;31
335;459;31
335;460;31
335;461;31
335;462;31
335;463;31
335;464;31
335;465;31
335;466;31
335;467;31
335;468;31
335;469;31
335;470;31
335;471;31
335;472;31
335;473;31
335;474;31
335;475;31
335;476;31
335;477;31
335;478;24
335;479;24
335;480;24
335;481;24
335;482;24
335;483;24
335;484;24
335;485;24
335;486;24
335;487;24
335;488;24
335;489;24
335;490;24
335;491;24
335;492;24
335;493;24
335;494;24
335;495;24
335;496;24
335;497;24
335;498;24
335;499;24
336;0;28
336;1;28
336;2;28
336;3;28
336;4;28
336;5;28
336;6;28
336;7;28
336;8;28
336;9;28
336;10;28
336;11;28
336;12;28
336;13;28
336;14;28
336;15;28
336;16;28
336;17;28
336;18;28
336;19;28
336;20;28
336;21;28
336;22;28
336;23;28
336;24;28
336;25;28
336;26;28
336;27;28
336;28;28
336;29;28
336;30;28
336;31;28
336;32;28
336;33;21
336;34;21
336;35;21
336;36;21
336;37;21
336;38;21
336;39;27
336;40;27
336;41;27
336;42;27
336;43;27
336;44;27
336;45;27
336;46;27
336;47;27
336;48;27
336;49;42
336;50;42
336;51;42
336;52;42
336;53;42
336;54;42
336;55;42
336;56;42
336;57;42
336;58;42
336;59;42
336;60;42
336;61;42
336;62;42
336;63;42
336;64;42
336;65;42
336;66;42
336;67;42
336;68;42
336;69;42
336;70;42
336;71;33
336;72;33
336;73;33
336;74;33
336;75;33
336;76;33
336;77;33
336;78;33
336;79;33
336;80;33
336;81;33
336;82;33
336;83;33
336;84;33
336;85;21
336;86;21
336;87;21
336;88;21
336;89;21
336;90;21
336;91;26
336;92;26
336;93;26
336;94;26
336;95;26
336;96;26
336;97;26
336;98;26
336;99;26
336;100;26
336;101;26
336;102;26
336;103;26
336;104;26
336;105;26
336;106;26
336;107;26
336;108;26
336;109;26
336;110;26
336;111;26
336;112;26
336;113;26
336;114;26
336;115;26
336;116;26
336;117;19
336;118;19
336;119;19
336;120;19
336;121;19
336;122;19
336;123;19
336;124;19
336;125;19
336;126;19
336;127;19
336;128;19
336;129;19
336;130;19
336;131;19
336;132;19
336;133;19
336;134;19
336;135;19
336;136;19
336;137;19
336;138;19
336;139;51
336;140;51
336;141;51
336;142;51
336;143;51
336;144;51
336;145;51
336;146;51
336;147;51
336;148;51
336;149;51
336;150;41
336;151;41
336;152;41
336;153;41
336;154;41
336;155;41
336;156;41
336;157;41
336;158;41
336;159;41
336;160;41
336;161;41
336;162;41
336;163;41
336;164;41
336;165;41
336;166;41
336;167;41
336;168;41
336;169;41
336;170;41
336;171;41
336;172;41
336;173;41
336;174;41
336;175;9
336;176;9
336;177;9
336;178;9
336;179;9
336;180;9
336;181;9
336;182;9
336;183;9
336;184;9
336;185;9
336;186;50
336;187;50
336;188;50
336;189;50
336;190;50
336;191;50
336;192;50
336;193;50
336;194;50
336;195;50
336;196;50
336;197;50
336;198;50
336;199;50
336;200;50
336;201;50
336;202;50
336;203;50
336;204;50
336;205;50
336;206;50
336;207;50
336;208;50
336;209;50
336;210;50
336;211;50
336;212;50
336;213;50
336;214;50
336;215;50
336;216;50
336;217;50
336;218;50
336;219;50
336;220;50
336;221;50
336;222;50
336;223;50
336;224;50
336;225;50
336;226;50
336;227;50
336;228;50
336;229;50
336;230;50
336;231;50
336;232;50
336;233;50
336;234;50
336;235;50
336;236;50
336;237;50
336;238;50
336;239;50
336;240;50
336;241;50
336;242;50
336;243;50
336;244;50
336;245;50
336;246;50
336;247;50
336;248;50
336;249;50
336;250;50
336;251;50
336;252;50
336;253;50
336;254;50
336;255;50
336;256;2
336;257;2
336;258;2
336;259;2
336;260;2
336;261;2
336;262;2
336;263;2
336;264;2
336;265;2
336;266;2
336;267;2
336;268;2
336;269;2
336;270;2
336;271;2
336;272;2
336;273;2
336;274;2
336;275;2
336;276;2
336;277;2
336;278;2
336;279;2
336;280;2
336;281;2
336;282;2
336;283;45
336;284;45
336;285;45
336;286;45
336;287;45
336;288;45
336;289;7
336;290;7
336;291;7
336;292;7
336;293;7
336;294;7
336;295;7
336;296;7
336;297;7
336;298;7
336;299;7
336;300;7
336;301;7
336;302;7
336;303;7
336;304;7
336;305;7
336;306;7
336;307;7
336;308;42
336;309;42
336;310;42
336;311;42
336;312;42
336;313;42
336;314;42
336;315;42
336;316;42
336;317;42
336;318;42
336;319;42
336;320;42
336;321;42
336;322;42
336;323;42
336;324;42
336;325;42
336;326;42
336;327;42
336;328;42
336;329;42
336;330;42
336;331;42
336;332;42
336;333;42
336;334;42
336;335;42
336;336;18
336;337;18
336;338;18
336;339;18
336;340;18
336;341;18
336;342;18
336;343;18
336;344;18
336;345;18
336;346;18
336;347;18
336;348;18
336;349;18
336;350;18
336;351;18
336;352;18
336;353;18
336;354;18
336;355;18
336;356;18
336;357;18
336;358;18
336;359;18
336;360;18
336;361;18
336;362;18
336;363;18
336;364;18
336;365;3
336;366;3
336;367;3
336;368;3
336;369;3
336;370;3
336;371;3
336;372;3
336;373;3
336;374;3
336;375;3
336;376;3
336;377;3
336;378;3
336;379;3
336;380;3
336;381;3
336;382;16
336;383;16
336;384;16
336;385;16
336;386;16
336;387;16
336;388;16
336;389;16
336;390;16
336;391;16
336;392;16
336;393;16
336;394;16
336;395;16
336;396;16
336;397;16
336;398;16
336;399;16
336;400;16
336;401;16
336;402;16
336;403;16
336;404;16
336;405;16
336;406;16
336;407;16
336;408;16
336;409;16
336;410;23
336;411;23
336;412;23
336;413;23
336;414;23
336;415;23
336;416;23
336;417;23
336;418;23
336;419;23
336;420;23
336;421;23
336;422;6
336;423;6
336;424;6
336;425;6
336;426;6
336;427;6
336;428;6
336;429;6
336;430;6
336;431;46
336;432;46
336;433;46
336;434;46
336;435;46
336;436;46
336;437;46
336;438;46
336;439;46
336;440;46
336;441;46
336;442;46
336;443;31
336;444;31
336;445;31
336;446;31
336;447;31
336;448;31
336;449;31
336;450;31
336;451;31
336;452;31
336;453;31
336;454;31
336;455;31
336;456;31
336;457;31
336;458;31
336;459;31
336;460;31
336;461;31
336;462;31
336;463;31
336;464;31
336;465;31
336;466;31
336;467;31
336;468;31
336;469;31
336;470;31
336;471;31
336;472;31
336;473;31
336;474;31
336;475;31
336;476;31
336;477;31
336;478;24
336;479;24
336;480;24
336;481;24
336;482;24
336;483;24
336;484;24
336;485;24
336;486;24
336;487;24
336;488;24
336;489;24
336;490;24
336;491;24
336;492;24
336;493;24
336;494;24
336;495;24
336;496;24
336;497;24
336;498;24
336;499;24
337;0;28
337;1;28
337;2;28
337;3;28
337;4;28
337;5;28
337;6;28
337;7;28
337;8;28
337;9;28
337;10;28
337;11;28
337;12;28
337;13;28
337;14;28
337;15;28
337;16;28
337;17;28
337;18;28
337;19;28
337;20;28
337;21;28
337;22;28
337;23;28
337;24;28
337;25;28
337;26;28
337;27;28
337;28;28
337;29;28
337;30;28
337;31;28
337;32;21
337;33;21
337;34;21
337;35;21
337;36;21
337;37;21
337;38;21
337;39;21
337;40;27
337;41;27
337;42;27
337;43;27
337;44;27
337;45;27
337;46;27
337;47;27
337;48;27
337;49;27
337;50;42
337;51;42
337;52;42
337;53;42
337;54;42
337;55;42
337;56;42
337;57;42
337;58;42
337;59;42
337;60;42
337;61;42
337;62;42
337;63;42
337;64;42
337;65;42
337;66;42
337;67;42
337;68;42
337;69;42
337;70;42
337;71;42
337;72;42
337;73;33
337;74;33
337;75;33
337;76;33
337;77;33
337;78;33
337;79;33
337;80;33
337;81;33
337;82;33
337;83;33
337;84;21
337;85;21
337;86;21
337;87;21
337;88;21
337;89;21
337;90;21
337;91;26
337;92;26
337;93;26
337;94;26
337;95;26
337;96;26
337;97;26
337;98;26
337;99;26
337;100;26
337;101;26
337;102;26
337;103;26
337;104;26
337;105;26
337;106;26
337;107;26
337;108;26
337;109;26
337;110;26
337;111;26
337;112;26
337;113;26
337;114;26
337;115;26
337;116;26
337;117;19
337;118;19
337;119;19
337;120;19
337;121;19
337;122;19
337;123;19
337;124;19
337;125;19
337;126;19
337;127;19
337;128;19
337;129;19
337;130;19
337;131;19
337;132;19
337;133;19
337;134;19
337;135;19
337;136;19
337;137;19
337;138;19
337;139;19
337;140;19
337;141;51
337;142;51
337;143;51
337;144;51
337;145;51
337;146;51
337;147;51
337;148;51
337;149;41
337;150;41
337;151;41
337;152;41
337;153;41
337;154;41
337;155;41
337;156;41
337;157;41
337;158;41
337;159;41
337;160;41
337;161;41
337;162;41
337;163;41
337;164;41
337;165;41
337;166;41
337;167;41
337;168;41
337;169;41
337;170;41
337;171;41
337;172;41
337;173;41
337;174;41
337;175;41
337;176;41
337;177;9
337;178;9
337;179;9
337;180;9
337;181;9
337;182;9
337;183;9
337;184;9
337;185;9
337;186;50
337;187;50
337;188;50
337;189;50
337;190;50
337;191;50
337;192;50
337;193;50
337;194;50
337;195;50
337;196;50
337;197;50
337;198;50
337;199;50
337;200;50
337;201;50
337;202;50
337;203;50
337;204;50
337;205;50
337;206;50
337;207;50
337;208;50
337;209;50
337;210;50
337;211;50
337;212;50
337;213;50
337;214;50
337;215;50
337;216;50
337;217;50
337;218;30
337;219;30
337;220;30
337;221;30
337;222;30
337;223;30
337;224;30
337;225;30
337;226;30
337;227;30
337;228;30
337;229;30
337;230;30
337;231;30
337;232;30
337;233;30
337;234;30
337;235;30
337;236;30
337;237;30
337;238;30
337;239;50
337;240;50
337;241;50
337;242;50
337;243;50
337;244;50
337;245;50
337;246;50
337;247;50
337;248;50
337;249;50
337;250;50
337;251;50
337;252;50
337;253;50
337;254;50
337;255;50
337;256;2
337;257;2
337;258;2
337;259;2
337;260;2
337;261;2
337;262;2
337;263;2
337;264;2
337;265;2
337;266;2
337;267;2
337;268;2
337;269;2
337;270;2
337;271;2
337;272;2
337;273;2
337;274;2
337;275;2
337;276;2
337;277;2
337;278;2
337;279;2
337;280;2
337;281;2
337;282;2
337;283;45
337;284;45
337;285;45
337;286;45
337;287;45
337;288;45
337;289;45
337;290;7
337;291;7
337;292;7
337;293;7
337;294;7
337;295;7
337;296;7
337;297;7
337;298;7
337;299;7
337;300;7
337;301;7
337;302;7
337;303;7
337;304;7
337;305;7
337;306;7
337;307;7
337;308;42
337;309;42
337;310;42
337;311;42
337;312;42
337;313;42
337;314;42
337;315;42
337;316;42
337;317;42
337;318;42
337;319;42
337;320;42
337;321;42
337;322;42
337;323;42
337;324;42
337;325;42
337;326;42
337;327;42
337;328;42
337;329;42
337;330;42
337;331;42
337;332;42
337;333;42
337;334;42
337;335;42
337;336;42
337;337;42
337;338;18
337;339;18
337;340;18
337;341;18
337;342;18
337;343;18
337;344;18
337;345;18
337;346;18
337;347;18
337;348;18
337;349;18
337;350;18
337;351;18
337;352;18
337;353;18
337;354;18
337;355;18
337;356;18
337;357;18
337;358;18
337;359;18
337;360;18
337;361;18
337;362;18
337;363;18
337;364;18
337;365;3
337;366;3
337;367;3
337;368;3
337;369;3
337;370;3
337;371;3
337;372;3
337;373;3
337;374;3
337;375;3
337;376;3
337;377;3
337;378;3
337;379;3
337;380;3
337;381;16
337;382;16
337;383;16
337;384;16
337;385;16
337;386;16
337;387;16
337;388;16
337;389;16
337;390;16
337;391;16
337;392;16
337;393;16
337;394;16
337;395;16
337;396;16
337;397;16
337;398;16
337;399;16
337;400;16
337;401;16
337;402;16
337;403;16
337;404;16
337;405;16
337;406;16
337;407;16
337;408;16
337;409;16
337;410;16
337;411;23
337;412;23
337;413;23
337;414;23
337;415;23
337;416;23
337;417;23
337;418;23
337;419;23
337;420;23
337;421;23
337;422;6
337;423;6
337;424;6
337;425;6
337;426;6
337;427;6
337;428;6
337;429;6
337;430;6
337;431;46
337;432;46
337;433;46
337;434;46
337;435;46
337;436;46
337;437;46
337;438;46
337;439;46
337;440;46
337;441;46
337;442;46
337;443;46
337;444;31
337;445;31
337;446;31
337;447;31
337;448;31
337;449;31
337;450;31
337;451;31
337;452;31
337;453;31
337;454;31
337;455;31
337;456;31
337;457;31
337;458;31
337;459;31
337;460;31
337;461;31
337;462;31
337;463;31
337;464;31
337;465;31
337;466;31
337;467;31
337;468;31
337;469;31
337;470;31
337;471;31
337;472;31
337;473;31
337;474;31
337;475;31
337;476;31
337;477;24
337;478;24
337;479;24
337;480;24
337;481;24
337;482;24
337;483;24
337;484;24
337;485;24
337;486;24
337;487;24
337;488;24
337;489;24
337;490;24
337;491;24
337;492;24
337;493;24
337;494;24
337;495;24
337;496;24
337;497;24
337;498;24
337;499;24
338;0;28
338;1;28
338;2;28
338;3;28
338;4;28
338;5;28
338;6;28
338;7;28
338;8;28
338;9;28
338;10;28
338;11;28
338;12;28
338;13;28
338;14;28
338;15;28
338;16;28
338;17;28
338;18;28
338;19;28
338;20;28
338;21;28
338;22;28
338;23;28
338;24;28
338;25;28
338;26;28
338;27;28
338;28;28
338;29;28
338;30;28
338;31;21
338;32;21
338;33;21
338;34;21
338;35;21
338;36;21
338;37;21
338;38;21
338;39;21
338;40;27
338;41;27
338;42;27
338;43;27
338;44;27
338;45;27
338;46;27
338;47;27
338;48;27
338;49;27
338;50;27
338;51;42
338;52;42
338;53;42
338;54;42
338;55;42
338;56;42
338;57;42
338;58;42
338;59;42
338;60;42
338;61;42
338;62;42
338;63;42
338;64;42
338;65;42
338;66;42
338;67;42
338;68;42
338;69;42
338;70;42
338;71;42
338;72;42
338;73;42
338;74;42
338;75;33
338;76;33
338;77;33
338;78;33
338;79;33
338;80;33
338;81;33
338;82;33
338;83;21
338;84;21
338;85;21
338;86;21
338;87;21
338;88;21
338;89;21
338;90;21
338;91;26
338;92;26
338;93;26
338;94;26
338;95;26
338;96;26
338;97;26
338;98;26
338;99;26
338;100;26
338;101;26
338;102;26
338;103;26
338;104;26
338;105;26
338;106;26
338;107;26
338;108;26
338;109;26
338;110;26
338;111;26
338;112;26
338;113;26
338;114;26
338;115;26
338;116;26
338;117;26
338;118;19
338;119;19
338;120;19
338;121;19
338;122;19
338;123;19
338;124;19
338;125;19
338;126;19
338;127;19
338;128;19
338;129;19
338;130;19
338;131;19
338;132;19
338;133;19
338;134;19
338;135;19
338;136;19
338;137;19
338;138;19
338;139;19
338;140;19
338;141;19
338;142;19
338;143;19
338;144;51
338;145;51
338;146;51
338;147;51
338;148;41
338;149;41
338;150;41
338;151;41
338;152;41
338;153;41
338;154;41
338;155;41
338;156;41
338;157;41
338;158;41
338;159;41
338;160;41
338;161;41
338;162;41
338;163;41
338;164;41
338;165;41
338;166;41
338;167;41
338;168;41
338;169;41
338;170;41
338;171;41
338;172;41
338;173;41
338;174;41
338;175;41
338;176;41
338;177;41
338;178;41
338;179;9
338;180;9
338;181;9
338;182;9
338;183;9
338;184;9
338;185;9
338;186;9
338;187;50
338;188;50
338;189;50
338;190;50
338;191;50
338;192;50
338;193;50
338;194;50
338;195;50
338;196;50
338;197;50
338;198;50
338;199;50
338;200;50
338;201;50
338;202;50
338;203;50
338;204;50
338;205;50
338;206;50
338;207;50
338;208;50
338;209;50
338;210;50
338;211;50
338;212;50
338;213;50
338;214;50
338;215;50
338;216;50
338;217;50
338;218;30
338;219;30
338;220;30
338;221;30
338;222;30
338;223;30
338;224;30
338;225;30
338;226;30
338;227;30
338;228;30
338;229;30
338;230;30
338;231;30
338;232;30
338;233;30
338;234;30
338;235;30
338;236;30
338;237;30
338;238;30
338;239;30
338;240;30
338;241;50
338;242;50
338;243;50
338;244;50
338;245;50
338;246;50
338;247;50
338;248;50
338;249;50
338;250;50
338;251;50
338;252;50
338;253;50
338;254;50
338;255;50
338;256;2
338;257;2
338;258;2
338;259;2
338;260;2
338;261;2
338;262;2
338;263;2
338;264;2
338;265;2
338;266;2
338;267;2
338;268;2
338;269;2
338;270;2
338;271;2
338;272;2
338;273;2
338;274;2
338;275;2
338;276;2
338;277;2
338;278;2
338;279;2
338;280;2
338;281;2
338;282;2
338;283;45
338;284;45
338;285;45
338;286;45
338;287;45
338;288;45
338;289;45
338;290;45
338;291;7
338;292;7
338;293;7
338;294;7
338;295;7
338;296;7
338;297;7
338;298;7
338;299;7
338;300;7
338;301;7
338;302;7
338;303;7
338;304;7
338;305;7
338;306;7
338;307;7
338;308;42
338;309;42
338;310;42
338;311;42
338;312;42
338;313;42
338;314;42
338;315;42
338;316;42
338;317;42
338;318;42
338;319;42
338;320;42
338;321;42
338;322;42
338;323;42
338;324;42
338;325;42
338;326;42
338;327;42
338;328;42
338;329;42
338;330;42
338;331;42
338;332;42
338;333;42
338;334;42
338;335;42
338;336;42
338;337;42
338;338;42
338;339;18
338;340;18
338;341;18
338;342;18
338;343;18
338;344;18
338;345;18
338;346;18
338;347;18
338;348;18
338;349;18
338;350;18
338;351;18
338;352;18
338;353;18
338;354;18
338;355;18
338;356;18
338;357;18
338;358;18
338;359;18
338;360;18
338;361;18
338;362;18
338;363;18
338;364;18
338;365;18
338;366;3
338;367;3
338;368;3
338;369;3
338;370;3
338;371;3
338;372;3
338;373;3
338;374;3
338;375;3
338;376;3
338;377;3
338;378;3
338;379;3
338;380;16
338;381;16
338;382;16
338;383;16
338;384;16
338;385;16
338;386;16
338;387;16
338;388;16
338;389;16
338;390;16
338;391;16
338;392;16
338;393;16
338;394;16
338;395;16
338;396;16
338;397;16
338;398;16
338;399;16
338;400;16
338;401;16
338;402;16
338;403;16
338;404;16
338;405;16
338;406;16
338;407;16
338;408;16
338;409;16
338;410;16
338;411;16
338;412;16
338;413;23
338;414;23
338;415;23
338;416;23
338;417;23
338;418;23
338;419;23
338;420;23
338;421;23
338;422;23
338;423;6
338;424;6
338;425;6
338;426;6
338;427;6
338;428;6
338;429;6
338;430;40
338;431;40
338;432;40
338;433;40
338;434;40
338;435;40
338;436;40
338;437;40
338;438;40
338;439;40
338;440;46
338;441;46
338;442;46
338;443;46
338;444;31
338;445;31
338;446;31
338;447;31
338;448;31
338;449;31
338;450;31
338;451;31
338;452;31
338;453;31
338;454;31
338;455;31
338;456;31
338;457;31
338;458;31
338;459;31
338;460;31
338;461;31
338;462;31
338;463;31
338;464;31
338;465;31
338;466;31
338;467;31
338;468;31
338;469;31
338;470;31
338;471;31
338;472;31
338;473;31
338;474;31
338;475;31
338;476;24
338;477;24
338;478;24
338;479;24
338;480;24
338;481;24
338;482;24
338;483;24
338;484;24
338;485;24
338;486;24
338;487;24
338;488;24
338;489;24
338;490;24
338;491;24
338;492;24
338;493;24
338;494;24
338;495;24
338;496;24
338;497;24
338;498;24
338;499;24
339;0;28
339;1;28
339;2;28
339;3;28
339;4;28
339;5;28
339;6;28
339;7;28
339;8;28
339;9;28
339;10;28
339;11;28
339;12;28
339;13;28
339;14;28
339;15;28
339;16;28
339;17;28
339;18;28
339;19;28
339;20;28
339;21;28
339;22;21
339;23;21
339;24;21
339;25;21
339;26;21
339;27;21
339;28;21
339;29;21
339;30;21
339;31;21
339;32;21
339;33;21
339;34;21
339;35;21
339;36;21
339;37;21
339;38;21
339;39;21
339;40;21
339;41;27
339;42;27
339;43;27
339;44;27
339;45;27
339;46;27
339;47;27
339;48;27
339;49;27
339;50;27
339;51;27
339;52;27
339;53;42
339;54;42
339;55;42
339;56;42
339;57;42
339;58;42
339;59;42
339;60;42
339;61;42
339;62;42
339;63;42
339;64;42
339;65;42
339;66;42
339;67;42
339;68;42
339;69;42
339;70;42
339;71;42
339;72;42
339;73;42
339;74;42
339;75;42
339;76;33
339;77;33
339;78;33
339;79;33
339;80;33
339;81;33
339;82;21
339;83;21
339;84;21
339;85;21
339;86;21
339;87;21
339;88;21
339;89;21
339;90;21
339;91;21
339;92;26
339;93;26
339;94;26
339;95;26
339;96;26
339;97;26
339;98;26
339;99;26
339;100;26
339;101;26
339;102;26
339;103;26
339;104;26
339;105;26
339;106;26
339;107;26
339;108;26
339;109;26
339;110;26
339;111;26
339;112;26
339;113;26
339;114;26
339;115;26
339;116;26
339;117;26
339;118;19
339;119;19
339;120;19
339;121;19
339;122;19
339;123;19
339;124;19
339;125;19
339;126;19
339;127;19
339;128;19
339;129;19
339;130;19
339;131;19
339;132;19
339;133;19
339;134;19
339;135;19
339;136;19
339;137;19
339;138;19
339;139;19
339;140;19
339;141;19
339;142;19
339;143;19
339;144;19
339;145;19
339;146;51
339;147;51
339;148;41
339;149;41
339;150;41
339;151;41
339;152;41
339;153;41
339;154;41
339;155;41
339;156;41
339;157;41
339;158;41
339;159;41
339;160;41
339;161;41
339;162;41
339;163;41
339;164;41
339;165;41
339;166;41
339;167;41
339;168;41
339;169;41
339;170;41
339;171;41
339;172;41
339;173;41
339;174;41
339;175;41
339;176;41
339;177;41
339;178;41
339;179;41
339;180;9
339;181;9
339;182;9
339;183;9
339;184;9
339;185;9
339;186;9
339;187;50
339;188;50
339;189;50
339;190;50
339;191;50
339;192;50
339;193;50
339;194;50
339;195;50
339;196;50
339;197;50
339;198;50
339;199;50
339;200;50
339;201;50
339;202;50
339;203;50
339;204;50
339;205;50
339;206;50
339;207;50
339;208;50
339;209;50
339;210;50
339;211;50
339;212;50
339;213;50
339;214;50
339;215;50
339;216;50
339;217;50
339;218;30
339;219;30
339;220;30
339;221;30
339;222;30
339;223;30
339;224;30
339;225;30
339;226;30
339;227;30
339;228;30
339;229;30
339;230;30
339;231;30
339;232;30
339;233;30
339;234;30
339;235;30
339;236;30
339;237;30
339;238;30
339;239;30
339;240;30
339;241;30
339;242;30
339;243;50
339;244;50
339;245;50
339;246;50
339;247;50
339;248;50
339;249;50
339;250;50
339;251;50
339;252;50
339;253;50
339;254;50
339;255;50
339;256;2
339;257;2
339;258;2
339;259;2
339;260;2
339;261;2
339;262;2
339;263;2
339;264;2
339;265;2
339;266;2
339;267;2
339;268;2
339;269;2
339;270;2
339;271;2
339;272;2
339;273;2
339;274;2
339;275;2
339;276;2
339;277;2
339;278;2
339;279;2
339;280;2
339;281;2
339;282;2
339;283;45
339;284;45
339;285;45
339;286;45
339;287;45
339;288;45
339;289;45
339;290;45
339;291;45
339;292;7
339;293;7
339;294;7
339;295;7
339;296;7
339;297;7
339;298;7
339;299;7
339;300;7
339;301;7
339;302;7
339;303;7
339;304;7
339;305;7
339;306;7
339;307;7
339;308;42
339;309;42
339;310;42
339;311;42
339;312;42
339;313;42
339;314;42
339;315;42
339;316;42
339;317;42
339;318;42
339;319;42
339;320;42
339;321;42
339;322;42
339;323;42
339;324;42
339;325;42
339;326;42
339;327;42
339;328;42
339;329;42
339;330;42
339;331;42
339;332;42
339;333;42
339;334;42
339;335;42
339;336;42
339;337;42
339;338;42
339;339;42
339;340;18
339;341;18
339;342;18
339;343;18
339;344;18
339;345;18
339;346;18
339;347;18
339;348;18
339;349;18
339;350;18
339;351;18
339;352;18
339;353;18
339;354;18
339;355;18
339;356;18
339;357;18
339;358;18
339;359;18
339;360;18
339;361;18
339;362;18
339;363;18
339;364;18
339;365;29
339;366;29
339;367;3
339;368;3
339;369;3
339;370;3
339;371;3
339;372;3
339;373;3
339;374;3
339;375;3
339;376;3
339;377;3
339;378;3
339;379;16
339;380;16
339;381;16
339;382;16
339;383;16
339;384;16
339;385;16
339;386;16
339;387;16
339;388;16
339;389;16
339;390;16
339;391;16
339;392;16
339;393;16
339;394;16
339;395;16
339;396;16
339;397;16
339;398;16
339;399;16
339;400;16
339;401;16
339;402;16
339;403;16
339;404;16
339;405;16
339;406;16
339;407;16
339;408;16
339;409;16
339;410;16
339;411;16
339;412;16
339;413;16
339;414;16
339;415;23
339;416;23
339;417;23
339;418;23
339;419;23
339;420;23
339;421;23
339;422;23
339;423;6
339;424;6
339;425;6
339;426;6
339;427;6
339;428;6
339;429;40
339;430;40
339;431;40
339;432;40
339;433;40
339;434;40
339;435;40
339;436;40
339;437;40
339;438;40
339;439;40
339;440;40
339;441;40
339;442;40
339;443;40
339;444;40
339;445;31
339;446;31
339;447;31
339;448;31
339;449;31
339;450;31
339;451;31
339;452;31
339;453;31
339;454;31
339;455;31
339;456;31
339;457;31
339;458;31
339;459;31
339;460;31
339;461;31
339;462;31
339;463;31
339;464;31
339;465;31
339;466;31
339;467;31
339;468;31
339;469;31
339;470;31
339;471;31
339;472;31
339;473;31
339;474;31
339;475;24
339;476;24
339;477;24
339;478;24
339;479;24
339;480;24
339;481;24
339;482;24
339;483;24
339;484;24
339;485;24
339;486;24
339;487;24
339;488;24
339;489;24
339;490;24
339;491;24
339;492;24
339;493;24
339;494;24
339;495;24
339;496;24
339;497;24
339;498;24
339;499;24
340;0;28
340;1;28
340;2;28
340;3;28
340;4;28
340;5;28
340;6;28
340;7;28
340;8;28
340;9;28
340;10;28
340;11;28
340;12;28
340;13;28
340;14;28
340;15;28
340;16;28
340;17;28
340;18;28
340;19;28
340;20;28
340;21;21
340;22;21
340;23;21
340;24;21
340;25;21
340;26;21
340;27;21
340;28;21
340;29;21
340;30;21
340;31;21
340;32;21
340;33;21
340;34;21
340;35;21
340;36;21
340;37;21
340;38;21
340;39;21
340;40;21
340;41;29
340;42;27
340;43;27
340;44;27
340;45;27
340;46;27
340;47;27
340;48;27
340;49;27
340;50;27
340;51;27
340;52;27
340;53;27
340;54;27
340;55;42
340;56;42
340;57;42
340;58;42
340;59;42
340;60;42
340;61;42
340;62;42
340;63;42
340;64;42
340;65;42
340;66;42
340;67;42
340;68;42
340;69;42
340;70;42
340;71;42
340;72;42
340;73;42
340;74;42
340;75;42
340;76;42
340;77;33
340;78;33
340;79;33
340;80;33
340;81;21
340;82;21
340;83;21
340;84;21
340;85;21
340;86;21
340;87;21
340;88;21
340;89;21
340;90;21
340;91;21
340;92;26
340;93;26
340;94;26
340;95;26
340;96;26
340;97;26
340;98;26
340;99;26
340;100;26
340;101;26
340;102;26
340;103;26
340;104;26
340;105;26
340;106;26
340;107;26
340;108;26
340;109;26
340;110;26
340;111;26
340;112;26
340;113;26
340;114;26
340;115;26
340;116;26
340;117;26
340;118;26
340;119;19
340;120;19
340;121;19
340;122;19
340;123;19
340;124;19
340;125;19
340;126;19
340;127;19
340;128;19
340;129;19
340;130;19
340;131;19
340;132;19
340;133;19
340;134;19
340;135;19
340;136;19
340;137;19
340;138;19
340;139;19
340;140;19
340;141;19
340;142;19
340;143;19
340;144;19
340;145;19
340;146;19
340;147;19
340;148;41
340;149;41
340;150;41
340;151;41
340;152;41
340;153;41
340;154;41
340;155;41
340;156;41
340;157;41
340;158;41
340;159;41
340;160;41
340;161;41
340;162;41
340;163;41
340;164;41
340;165;41
340;166;41
340;167;41
340;168;41
340;169;41
340;170;41
340;171;41
340;172;41
340;173;41
340;174;41
340;175;41
340;176;41
340;177;41
340;178;41
340;179;41
340;180;41
340;181;9
340;182;9
340;183;9
340;184;9
340;185;9
340;186;9
340;187;9
340;188;50
340;189;50
340;190;50
340;191;50
340;192;50
340;193;50
340;194;50
340;195;50
340;196;50
340;197;50
340;198;50
340;199;50
340;200;50
340;201;50
340;202;50
340;203;50
340;204;50
340;205;50
340;206;50
340;207;50
340;208;50
340;209;50
340;210;50
340;211;50
340;212;50
340;213;50
340;214;50
340;215;50
340;216;50
340;217;50
340;218;30
340;219;30
340;220;30
340;221;30
340;222;30
340;223;30
340;224;30
340;225;30
340;226;30
340;227;30
340;228;30
340;229;30
340;230;30
340;231;30
340;232;30
340;233;30
340;234;30
340;235;30
340;236;30
340;237;30
340;238;30
340;239;30
340;240;30
340;241;30
340;242;30
340;243;30
340;244;30
340;245;30
340;246;30
340;247;50
340;248;50
340;249;50
340;250;50
340;251;50
340;252;50
340;253;50
340;254;50
340;255;50
340;256;2
340;257;2
340;258;2
340;259;2
340;260;2
340;261;2
340;262;2
340;263;2
340;264;2
340;265;2
340;266;2
340;267;2
340;268;2
340;269;2
340;270;2
340;271;2
340;272;2
340;273;2
340;274;2
340;275;2
340;276;2
340;277;2
340;278;2
340;279;2
340;280;2
340;281;2
340;282;2
340;283;45
340;284;45
340;285;45
340;286;45
340;287;45
340;288;45
340;289;45
340;290;45
340;291;45
340;292;45
340;293;7
340;294;7
340;295;7
340;296;7
340;297;7
340;298;7
340;299;7
340;300;7
340;301;7
340;302;7
340;303;7
340;304;7
340;305;7
340;306;7
340;307;7
340;308;42
340;309;42
340;310;42
340;311;42
340;312;42
340;313;42
340;314;42
340;315;42
340;316;42
340;317;42
340;318;42
340;319;42
340;320;42
340;321;42
340;322;42
340;323;42
340;324;42
340;325;42
340;326;42
340;327;42
340;328;42
340;329;42
340;330;42
340;331;42
340;332;42
340;333;42
340;334;42
340;335;42
340;336;42
340;337;42
340;338;42
340;339;42
340;340;42
340;341;18
340;342;18
340;343;18
340;344;18
340;345;18
340;346;18
340;347;18
340;348;18
340;349;18
340;350;18
340;351;18
340;352;18
340;353;18
340;354;18
340;355;18
340;356;18
340;357;18
340;358;18
340;359;18
340;360;18
340;361;18
340;362;18
340;363;18
340;364;29
340;365;29
340;366;29
340;367;29
340;368;29
340;369;3
340;370;3
340;371;3
340;372;3
340;373;3
340;374;3
340;375;3
340;376;3
340;377;3
340;378;16
340;379;16
340;380;16
340;381;16
340;382;16
340;383;16
340;384;16
340;385;16
340;386;16
340;387;16
340;388;16
340;389;16
340;390;16
340;391;16
340;392;16
340;393;16
340;394;16
340;395;16
340;396;16
340;397;16
340;398;16
340;399;16
340;400;16
340;401;16
340;402;16
340;403;16
340;404;16
340;405;16
340;406;16
340;407;16
340;408;16
340;409;16
340;410;16
340;411;16
340;412;16
340;413;16
340;414;16
340;415;16
340;416;16
340;417;23
340;418;23
340;419;23
340;420;23
340;421;23
340;422;23
340;423;23
340;424;6
340;425;6
340;426;6
340;427;6
340;428;40
340;429;40
340;430;40
340;431;40
340;432;40
340;433;40
340;434;40
340;435;40
340;436;40
340;437;40
340;438;40
340;439;40
340;440;40
340;441;40
340;442;40
340;443;40
340;444;40
340;445;40
340;446;31
340;447;31
340;448;31
340;449;31
340;450;31
340;451;31
340;452;31
340;453;31
340;454;31
340;455;31
340;456;31
340;457;31
340;458;31
340;459;31
340;460;31
340;461;31
340;462;31
340;463;31
340;464;31
340;465;31
340;466;31
340;467;31
340;468;31
340;469;31
340;470;31
340;471;31
340;472;31
340;473;31
340;474;24
340;475;24
340;476;24
340;477;24
340;478;24
340;479;24
340;480;24
340;481;24
340;482;24
340;483;24
340;484;24
340;485;24
340;486;24
340;487;24
340;488;24
340;489;24
340;490;24
340;491;24
340;492;24
340;493;24
340;494;24
340;495;24
340;496;24
340;497;24
340;498;24
340;499;24
341;0;28
341;1;28
341;2;28
341;3;28
341;4;28
341;5;28
341;6;28
341;7;28
341;8;28
341;9;28
341;10;28
341;11;28
341;12;28
341;13;28
341;14;28
341;15;28
341;16;28
341;17;28
341;18;28
341;19;28
341;20;21
341;21;21
341;22;21
341;23;21
341;24;21
341;25;21
341;26;21
341;27;21
341;28;21
341;29;21
341;30;21
341;31;21
341;32;21
341;33;21
341;34;21
341;35;21
341;36;21
341;37;21
341;38;21
341;39;21
341;40;21
341;41;29
341;42;29
341;43;27
341;44;27
341;45;27
341;46;27
341;47;27
341;48;27
341;49;27
341;50;27
341;51;27
341;52;27
341;53;27
341;54;27
341;55;27
341;56;27
341;57;42
341;58;42
341;59;42
341;60;42
341;61;42
341;62;42
341;63;42
341;64;42
341;65;42
341;66;42
341;67;42
341;68;42
341;69;42
341;70;42
341;71;42
341;72;42
341;73;42
341;74;42
341;75;42
341;76;42
341;77;42
341;78;33
341;79;33
341;80;21
341;81;21
341;82;21
341;83;21
341;84;21
341;85;21
341;86;21
341;87;21
341;88;21
341;89;21
341;90;21
341;91;21
341;92;21
341;93;26
341;94;26
341;95;26
341;96;26
341;97;26
341;98;26
341;99;26
341;100;26
341;101;26
341;102;26
341;103;26
341;104;26
341;105;26
341;106;26
341;107;26
341;108;26
341;109;26
341;110;26
341;111;26
341;112;26
341;113;26
341;114;26
341;115;26
341;116;26
341;117;26
341;118;26
341;119;19
341;120;19
341;121;19
341;122;19
341;123;19
341;124;19
341;125;19
341;126;19
341;127;19
341;128;19
341;129;19
341;130;19
341;131;19
341;132;19
341;133;19
341;134;19
341;135;19
341;136;19
341;137;19
341;138;19
341;139;19
341;140;19
341;141;19
341;142;19
341;143;19
341;144;19
341;145;19
341;146;19
341;147;19
341;148;19
341;149;41
341;150;41
341;151;41
341;152;41
341;153;41
341;154;41
341;155;41
341;156;41
341;157;41
341;158;41
341;159;41
341;160;41
341;161;41
341;162;41
341;163;41
341;164;41
341;165;41
341;166;41
341;167;41
341;168;41
341;169;41
341;170;41
341;171;41
341;172;41
341;173;41
341;174;41
341;175;41
341;176;41
341;177;41
341;178;41
341;179;41
341;180;41
341;181;41
341;182;9
341;183;9
341;184;9
341;185;9
341;186;9
341;187;9
341;188;50
341;189;50
341;190;50
341;191;50
341;192;50
341;193;50
341;194;50
341;195;50
341;196;50
341;197;50
341;198;50
341;199;50
341;200;50
341;201;50
341;202;50
341;203;50
341;204;50
341;205;50
341;206;50
341;207;50
341;208;50
341;209;50
341;210;50
341;211;50
341;212;50
341;213;50
341;214;50
341;215;50
341;216;50
341;217;50
341;218;30
341;219;30
341;220;30
341;221;30
341;222;30
341;223;30
341;224;30
341;225;30
341;226;30
341;227;30
341;228;30
341;229;30
341;230;30
341;231;30
341;232;30
341;233;30
341;234;30
341;235;30
341;236;30
341;237;30
341;238;30
341;239;30
341;240;30
341;241;30
341;242;30
341;243;30
341;244;30
341;245;30
341;246;30
341;247;30
341;248;30
341;249;50
341;250;50
341;251;50
341;252;50
341;253;50
341;254;50
341;255;50
341;256;50
341;257;2
341;258;2
341;259;2
341;260;2
341;261;2
341;262;2
341;263;2
341;264;2
341;265;2
341;266;2
341;267;2
341;268;2
341;269;2
341;270;2
341;271;2
341;272;2
341;273;2
341;274;2
341;275;2
341;276;2
341;277;2
341;278;2
341;279;2
341;280;2
341;281;2
341;282;45
341;283;45
341;284;45
341;285;45
341;286;45
341;287;45
341;288;45
341;289;45
341;290;45
341;291;45
341;292;45
341;293;45
341;294;7
341;295;7
341;296;7
341;297;7
341;298;7
341;299;7
341;300;7
341;301;7
341;302;7
341;303;7
341;304;7
341;305;7
341;306;7
341;307;7
341;308;42
341;309;42
341;310;42
341;311;42
341;312;42
341;313;42
341;314;42
341;315;42
341;316;42
341;317;42
341;318;42
341;319;42
341;320;42
341;321;42
341;322;42
341;323;42
341;324;42
341;325;42
341;326;42
341;327;42
341;328;42
341;329;42
341;330;42
341;331;42
341;332;42
341;333;42
341;334;42
341;335;42
341;336;42
341;337;42
341;338;42
341;339;42
341;340;42
341;341;42
341;342;18
341;343;18
341;344;18
341;345;18
341;346;18
341;347;18
341;348;18
341;349;18
341;350;18
341;351;18
341;352;18
341;353;18
341;354;18
341;355;18
341;356;18
341;357;18
341;358;18
341;359;18
341;360;18
341;361;18
341;362;18
341;363;29
341;364;29
341;365;29
341;366;29
341;367;29
341;368;29
341;369;29
341;370;3
341;371;3
341;372;3
341;373;3
341;374;3
341;375;3
341;376;3
341;377;3
341;378;16
341;379;16
341;380;16
341;381;16
341;382;16
341;383;16
341;384;16
341;385;16
341;386;16
341;387;16
341;388;16
341;389;16
341;390;16
341;391;16
341;392;16
341;393;16
341;394;16
341;395;16
341;396;16
341;397;16
341;398;16
341;399;16
341;400;16
341;401;16
341;402;16
341;403;16
341;404;16
341;405;16
341;406;16
341;407;16
341;408;16
341;409;16
341;410;16
341;411;16
341;412;16
341;413;16
341;414;16
341;415;16
341;416;16
341;417;16
341;418;23
341;419;23
341;420;23
341;421;23
341;422;23
341;423;23
341;424;6
341;425;6
341;426;6
341;427;40
341;428;40
341;429;40
341;430;40
341;431;40
341;432;40
341;433;40
341;434;40
341;435;40
341;436;40
341;437;40
341;438;40
341;439;40
341;440;40
341;441;40
341;442;40
341;443;40
341;444;40
341;445;40
341;446;40
341;447;31
341;448;31
341;449;31
341;450;31
341;451;31
341;452;31
341;453;31
341;454;31
341;455;31
341;456;31
341;457;31
341;458;31
341;459;31
341;460;20
341;461;20
341;462;20
341;463;20
341;464;20
341;465;20
341;466;20
341;467;20
341;468;20
341;469;20
341;470;20
341;471;20
341;472;20
341;473;24
341;474;24
341;475;24
341;476;24
341;477;24
341;478;24
341;479;24
341;480;24
341;481;24
341;482;24
341;483;24
341;484;24
341;485;24
341;486;24
341;487;24
341;488;24
341;489;24
341;490;24
341;491;24
341;492;24
341;493;24
341;494;24
341;495;24
341;496;24
341;497;24
341;498;24
341;499;24
342;0;28
342;1;28
342;2;28
342;3;28
342;4;28
342;5;28
342;6;28
342;7;28
342;8;28
342;9;28
342;10;28
342;11;28
342;12;28
342;13;28
342;14;28
342;15;28
342;16;28
342;17;28
342;18;28
342;19;21
342;20;21
342;21;21
342;22;21
342;23;21
342;24;21
342;25;21
342;26;21
342;27;21
342;28;21
342;29;21
342;30;21
342;31;21
342;32;21
342;33;21
342;34;21
342;35;21
342;36;21
342;37;21
342;38;21
342;39;21
342;40;21
342;41;29
342;42;29
342;43;29
342;44;27
342;45;27
342;46;27
342;47;27
342;48;27
342;49;27
342;50;27
342;51;27
342;52;27
342;53;27
342;54;27
342;55;27
342;56;27
342;57;27
342;58;27
342;59;42
342;60;42
342;61;42
342;62;42
342;63;42
342;64;42
342;65;42
342;66;42
342;67;42
342;68;42
342;69;42
342;70;42
342;71;42
342;72;42
342;73;42
342;74;42
342;75;42
342;76;42
342;77;42
342;78;42
342;79;21
342;80;21
342;81;21
342;82;21
342;83;21
342;84;21
342;85;21
342;86;21
342;87;21
342;88;21
342;89;21
342;90;21
342;91;21
342;92;21
342;93;26
342;94;26
342;95;26
342;96;26
342;97;26
342;98;26
342;99;26
342;100;26
342;101;26
342;102;26
342;103;26
342;104;26
342;105;26
342;106;26
342;107;26
342;108;26
342;109;26
342;110;26
342;111;26
342;112;26
342;113;26
342;114;26
342;115;26
342;116;26
342;117;26
342;118;26
342;119;26
342;120;19
342;121;19
342;122;19
342;123;19
342;124;19
342;125;19
342;126;19
342;127;19
342;128;19
342;129;19
342;130;19
342;131;19
342;132;19
342;133;19
342;134;19
342;135;19
342;136;19
342;137;19
342;138;19
342;139;19
342;140;19
342;141;19
342;142;19
342;143;19
342;144;19
342;145;19
342;146;19
342;147;19
342;148;19
342;149;19
342;150;41
342;151;41
342;152;41
342;153;41
342;154;41
342;155;41
342;156;41
342;157;41
342;158;41
342;159;41
342;160;41
342;161;41
342;162;41
342;163;41
342;164;41
342;165;41
342;166;41
342;167;41
342;168;41
342;169;41
342;170;41
342;171;41
342;172;41
342;173;41
342;174;41
342;175;41
342;176;41
342;177;41
342;178;41
342;179;41
342;180;41
342;181;41
342;182;41
342;183;9
342;184;9
342;185;9
342;186;9
342;187;9
342;188;50
342;189;50
342;190;50
342;191;50
342;192;50
342;193;50
342;194;50
342;195;50
342;196;50
342;197;50
342;198;50
342;199;50
342;200;50
342;201;50
342;202;50
342;203;50
342;204;50
342;205;50
342;206;50
342;207;50
342;208;50
342;209;50
342;210;50
342;211;50
342;212;50
342;213;50
342;214;50
342;215;50
342;216;50
342;217;50
342;218;30
342;219;30
342;220;30
342;221;30
342;222;30
342;223;30
342;224;30
342;225;30
342;226;30
342;227;30
342;228;30
342;229;30
342;230;30
342;231;30
342;232;30
342;233;30
342;234;30
342;235;30
342;236;30
342;237;30
342;238;30
342;239;30
342;240;30
342;241;30
342;242;30
342;243;30
342;244;30
342;245;30
342;246;30
342;247;30
342;248;30
342;249;30
342;250;30
342;251;50
342;252;50
342;253;50
342;254;50
342;255;50
342;256;50
342;257;2
342;258;2
342;259;2
342;260;2
342;261;2
342;262;2
342;263;2
342;264;2
342;265;2
342;266;2
342;267;2
342;268;2
342;269;2
342;270;2
342;271;2
342;272;2
342;273;2
342;274;2
342;275;2
342;276;2
342;277;2
342;278;2
342;279;2
342;280;2
342;281;45
342;282;45
342;283;45
342;284;45
342;285;45
342;286;45
342;287;45
342;288;45
342;289;45
342;290;45
342;291;45
342;292;45
342;293;45
342;294;45
342;295;7
342;296;7
342;297;7
342;298;7
342;299;7
342;300;7
342;301;7
342;302;7
342;303;7
342;304;7
342;305;7
342;306;7
342;307;7
342;308;42
342;309;42
342;310;42
342;311;42
342;312;42
342;313;42
342;314;42
342;315;42
342;316;42
342;317;42
342;318;42
342;319;42
342;320;42
342;321;42
342;322;42
342;323;42
342;324;42
342;325;42
342;326;42
342;327;42
342;328;42
342;329;42
342;330;42
342;331;42
342;332;42
342;333;42
342;334;42
342;335;42
342;336;42
342;337;42
342;338;42
342;339;42
342;340;42
342;341;42
342;342;42
342;343;18
342;344;18
342;345;18
342;346;18
342;347;18
342;348;18
342;349;18
342;350;18
342;351;18
342;352;18
342;353;18
342;354;18
342;355;18
342;356;18
342;357;18
342;358;18
342;359;18
342;360;18
342;361;18
342;362;29
342;363;29
342;364;29
342;365;29
342;366;29
342;367;29
342;368;29
342;369;29
342;370;29
342;371;3
342;372;3
342;373;3
342;374;3
342;375;3
342;376;3
342;377;3
342;378;16
342;379;16
342;380;16
342;381;16
342;382;16
342;383;16
342;384;16
342;385;16
342;386;16
342;387;16
342;388;16
342;389;16
342;390;16
342;391;16
342;392;16
342;393;16
342;394;16
342;395;16
342;396;16
342;397;16
342;398;16
342;399;16
342;400;16
342;401;16
342;402;16
342;403;16
342;404;16
342;405;16
342;406;16
342;407;16
342;408;16
342;409;16
342;410;16
342;411;16
342;412;16
342;413;16
342;414;16
342;415;16
342;416;16
342;417;16
342;418;16
342;419;23
342;420;23
342;421;23
342;422;23
342;423;23
342;424;6
342;425;6
342;426;6
342;427;40
342;428;40
342;429;40
342;430;40
342;431;40
342;432;40
342;433;40
342;434;40
342;435;40
342;436;40
342;437;40
342;438;40
342;439;40
342;440;40
342;441;40
342;442;40
342;443;40
342;444;40
342;445;40
342;446;40
342;447;40
342;448;31
342;449;31
342;450;31
342;451;31
342;452;31
342;453;31
342;454;31
342;455;31
342;456;31
342;457;31
342;458;31
342;459;20
342;460;20
342;461;20
342;462;20
342;463;20
342;464;20
342;465;20
342;466;20
342;467;20
342;468;20
342;469;20
342;470;20
342;471;20
342;472;20
342;473;24
342;474;24
342;475;24
342;476;24
342;477;24
342;478;24
342;479;24
342;480;24
342;481;24
342;482;24
342;483;24
342;484;24
342;485;24
342;486;24
342;487;24
342;488;24
342;489;24
342;490;24
342;491;24
342;492;24
342;493;24
342;494;24
342;495;24
342;496;24
342;497;24
342;498;24
342;499;24
343;0;28
343;1;28
343;2;28
343;3;28
343;4;28
343;5;28
343;6;28
343;7;28
343;8;28
343;9;28
343;10;28
343;11;28
343;12;28
343;13;28
343;14;28
343;15;28
343;16;28
343;17;28
343;18;21
343;19;21
343;20;21
343;21;21
343;22;21
343;23;21
343;24;21
343;25;21
343;26;21
343;27;21
343;28;21
343;29;21
343;30;21
343;31;21
343;32;21
343;33;21
343;34;21
343;35;21
343;36;21
343;37;21
343;38;21
343;39;21
343;40;21
343;41;29
343;42;29
343;43;29
343;44;29
343;45;27
343;46;27
343;47;27
343;48;27
343;49;27
343;50;27
343;51;27
343;52;27
343;53;27
343;54;27
343;55;27
343;56;27
343;57;27
343;58;27
343;59;27
343;60;42
343;61;42
343;62;42
343;63;42
343;64;42
343;65;42
343;66;42
343;67;42
343;68;42
343;69;42
343;70;42
343;71;42
343;72;42
343;73;42
343;74;42
343;75;42
343;76;42
343;77;42
343;78;42
343;79;21
343;80;21
343;81;21
343;82;21
343;83;21
343;84;21
343;85;21
343;86;21
343;87;21
343;88;21
343;89;21
343;90;21
343;91;21
343;92;21
343;93;21
343;94;26
343;95;26
343;96;26
343;97;26
343;98;26
343;99;26
343;100;26
343;101;26
343;102;26
343;103;26
343;104;26
343;105;26
343;106;26
343;107;26
343;108;26
343;109;26
343;110;26
343;111;26
343;112;26
343;113;26
343;114;26
343;115;26
343;116;26
343;117;26
343;118;26
343;119;26
343;120;19
343;121;19
343;122;19
343;123;19
343;124;19
343;125;19
343;126;19
343;127;19
343;128;19
343;129;19
343;130;19
343;131;19
343;132;19
343;133;19
343;134;19
343;135;19
343;136;19
343;137;19
343;138;19
343;139;19
343;140;19
343;141;19
343;142;19
343;143;19
343;144;19
343;145;19
343;146;19
343;147;19
343;148;19
343;149;19
343;150;19
343;151;41
343;152;41
343;153;41
343;154;41
343;155;41
343;156;41
343;157;41
343;158;41
343;159;41
343;160;41
343;161;41
343;162;41
343;163;41
343;164;41
343;165;41
343;166;41
343;167;41
343;168;41
343;169;41
343;170;41
343;171;41
343;172;41
343;173;41
343;174;41
343;175;41
343;176;41
343;177;41
343;178;41
343;179;41
343;180;41
343;181;41
343;182;41
343;183;41
343;184;9
343;185;9
343;186;9
343;187;9
343;188;50
343;189;50
343;190;50
343;191;50
343;192;50
343;193;50
343;194;50
343;195;50
343;196;50
343;197;50
343;198;50
343;199;50
343;200;50
343;201;50
343;202;50
343;203;50
343;204;50
343;205;50
343;206;50
343;207;50
343;208;50
343;209;50
343;210;50
343;211;50
343;212;50
343;213;50
343;214;50
343;215;50
343;216;50
343;217;50
343;218;30
343;219;30
343;220;30
343;221;30
343;222;30
343;223;30
343;224;30
343;225;30
343;226;30
343;227;30
343;228;30
343;229;30
343;230;30
343;231;30
343;232;30
343;233;30
343;234;30
343;235;30
343;236;30
343;237;30
343;238;30
343;239;30
343;240;30
343;241;30
343;242;30
343;243;30
343;244;30
343;245;30
343;246;30
343;247;30
343;248;30
343;249;30
343;250;30
343;251;30
343;252;30
343;253;30
343;254;30
343;255;30
343;256;30
343;257;30
343;258;2
343;259;2
343;260;2
343;261;2
343;262;2
343;263;2
343;264;2
343;265;2
343;266;2
343;267;2
343;268;2
343;269;2
343;270;2
343;271;2
343;272;2
343;273;2
343;274;2
343;275;2
343;276;2
343;277;2
343;278;2
343;279;2
343;280;45
343;281;45
343;282;45
343;283;45
343;284;45
343;285;45
343;286;45
343;287;45
343;288;45
343;289;45
343;290;45
343;291;45
343;292;45
343;293;45
343;294;45
343;295;45
343;296;7
343;297;7
343;298;7
343;299;7
343;300;7
343;301;7
343;302;7
343;303;7
343;304;7
343;305;7
343;306;7
343;307;7
343;308;42
343;309;42
343;310;42
343;311;42
343;312;42
343;313;42
343;314;42
343;315;42
343;316;42
343;317;42
343;318;42
343;319;42
343;320;42
343;321;42
343;322;42
343;323;42
343;324;42
343;325;42
343;326;42
343;327;42
343;328;42
343;329;42
343;330;42
343;331;42
343;332;42
343;333;42
343;334;42
343;335;42
343;336;42
343;337;42
343;338;42
343;339;42
343;340;42
343;341;42
343;342;42
343;343;29
343;344;29
343;345;29
343;346;29
343;347;29
343;348;29
343;349;29
343;350;29
343;351;29
343;352;29
343;353;29
343;354;29
343;355;29
343;356;29
343;357;29
343;358;29
343;359;29
343;360;29
343;361;29
343;362;29
343;363;29
343;364;29
343;365;29
343;366;29
343;367;29
343;368;29
343;369;29
343;370;29
343;371;29
343;372;3
343;373;3
343;374;3
343;375;3
343;376;3
343;377;3
343;378;16
343;379;16
343;380;16
343;381;16
343;382;16
343;383;16
343;384;16
343;385;16
343;386;16
343;387;16
343;388;16
343;389;16
343;390;16
343;391;16
343;392;16
343;393;16
343;394;16
343;395;16
343;396;16
343;397;16
343;398;16
343;399;16
343;400;16
343;401;16
343;402;16
343;403;16
343;404;16
343;405;16
343;406;16
343;407;16
343;408;16
343;409;16
343;410;16
343;411;16
343;412;16
343;413;16
343;414;16
343;415;16
343;416;16
343;417;16
343;418;16
343;419;16
343;420;23
343;421;23
343;422;23
343;423;23
343;424;6
343;425;6
343;426;6
343;427;40
343;428;40
343;429;40
343;430;40
343;431;40
343;432;40
343;433;40
343;434;40
343;435;40
343;436;40
343;437;40
343;438;40
343;439;40
343;440;40
343;441;40
343;442;40
343;443;40
343;444;40
343;445;40
343;446;40
343;447;40
343;448;31
343;449;31
343;450;31
343;451;31
343;452;31
343;453;31
343;454;31
343;455;31
343;456;31
343;457;31
343;458;20
343;459;20
343;460;20
343;461;20
343;462;20
343;463;20
343;464;20
343;465;20
343;466;20
343;467;20
343;468;20
343;469;20
343;470;20
343;471;20
343;472;20
343;473;24
343;474;24
343;475;24
343;476;24
343;477;24
343;478;24
343;479;24
343;480;24
343;481;24
343;482;24
343;483;24
343;484;24
343;485;24
343;486;24
343;487;24
343;488;24
343;489;24
343;490;24
343;491;24
343;492;24
343;493;24
343;494;24
343;495;24
343;496;24
343;497;24
343;498;24
343;499;24
344;0;28
344;1;28
344;2;28
344;3;28
344;4;28
344;5;28
344;6;28
344;7;28
344;8;28
344;9;28
344;10;28
344;11;28
344;12;28
344;13;28
344;14;28
344;15;28
344;16;28
344;17;21
344;18;21
344;19;21
344;20;21
344;21;21
344;22;21
344;23;21
344;24;21
344;25;21
344;26;21
344;27;21
344;28;21
344;29;21
344;30;21
344;31;21
344;32;21
344;33;21
344;34;21
344;35;21
344;36;21
344;37;21
344;38;21
344;39;21
344;40;21
344;41;29
344;42;29
344;43;29
344;44;29
344;45;29
344;46;27
344;47;27
344;48;27
344;49;27
344;50;27
344;51;27
344;52;27
344;53;27
344;54;27
344;55;27
344;56;27
344;57;27
344;58;27
344;59;27
344;60;27
344;61;42
344;62;42
344;63;42
344;64;42
344;65;42
344;66;42
344;67;42
344;68;42
344;69;42
344;70;42
344;71;42
344;72;42
344;73;42
344;74;42
344;75;42
344;76;42
344;77;42
344;78;42
344;79;21
344;80;21
344;81;21
344;82;21
344;83;21
344;84;21
344;85;21
344;86;21
344;87;21
344;88;21
344;89;21
344;90;21
344;91;21
344;92;21
344;93;21
344;94;26
344;95;26
344;96;26
344;97;26
344;98;26
344;99;26
344;100;26
344;101;26
344;102;26
344;103;26
344;104;26
344;105;26
344;106;26
344;107;26
344;108;26
344;109;26
344;110;26
344;111;26
344;112;26
344;113;26
344;114;26
344;115;26
344;116;26
344;117;26
344;118;26
344;119;26
344;120;26
344;121;19
344;122;19
344;123;19
344;124;19
344;125;19
344;126;19
344;127;19
344;128;19
344;129;19
344;130;19
344;131;19
344;132;19
344;133;19
344;134;19
344;135;19
344;136;19
344;137;19
344;138;19
344;139;19
344;140;19
344;141;19
344;142;19
344;143;19
344;144;19
344;145;19
344;146;19
344;147;19
344;148;19
344;149;19
344;150;19
344;151;19
344;152;41
344;153;41
344;154;41
344;155;41
344;156;41
344;157;41
344;158;41
344;159;41
344;160;41
344;161;41
344;162;41
344;163;41
344;164;41
344;165;41
344;166;41
344;167;41
344;168;41
344;169;41
344;170;41
344;171;41
344;172;41
344;173;41
344;174;41
344;175;41
344;176;41
344;177;41
344;178;41
344;179;41
344;180;41
344;181;41
344;182;41
344;183;41
344;184;41
344;185;9
344;186;9
344;187;9
344;188;50
344;189;50
344;190;50
344;191;50
344;192;50
344;193;50
344;194;50
344;195;50
344;196;50
344;197;50
344;198;50
344;199;50
344;200;50
344;201;50
344;202;50
344;203;50
344;204;50
344;205;50
344;206;50
344;207;50
344;208;50
344;209;50
344;210;50
344;211;50
344;212;50
344;213;50
344;214;50
344;215;50
344;216;50
344;217;50
344;218;30
344;219;30
344;220;30
344;221;30
344;222;30
344;223;30
344;224;30
344;225;30
344;226;30
344;227;30
344;228;30
344;229;30
344;230;30
344;231;30
344;232;30
344;233;30
344;234;30
344;235;30
344;236;30
344;237;30
344;238;30
344;239;30
344;240;30
344;241;30
344;242;30
344;243;30
344;244;30
344;245;30
344;246;30
344;247;30
344;248;30
344;249;30
344;250;30
344;251;30
344;252;30
344;253;30
344;254;30
344;255;30
344;256;30
344;257;30
344;258;30
344;259;2
344;260;2
344;261;2
344;262;2
344;263;2
344;264;2
344;265;2
344;266;2
344;267;2
344;268;2
344;269;2
344;270;2
344;271;2
344;272;2
344;273;2
344;274;2
344;275;2
344;276;2
344;277;2
344;278;2
344;279;45
344;280;45
344;281;45
344;282;45
344;283;45
344;284;45
344;285;45
344;286;45
344;287;45
344;288;45
344;289;45
344;290;45
344;291;45
344;292;45
344;293;45
344;294;45
344;295;45
344;296;45
344;297;7
344;298;7
344;299;7
344;300;7
344;301;7
344;302;7
344;303;7
344;304;7
344;305;7
344;306;7
344;307;7
344;308;42
344;309;42
344;310;42
344;311;42
344;312;42
344;313;42
344;314;42
344;315;42
344;316;42
344;317;42
344;318;42
344;319;42
344;320;42
344;321;42
344;322;42
344;323;42
344;324;42
344;325;42
344;326;42
344;327;42
344;328;42
344;329;42
344;330;42
344;331;42
344;332;42
344;333;42
344;334;42
344;335;42
344;336;42
344;337;42
344;338;42
344;339;42
344;340;42
344;341;42
344;342;29
344;343;29
344;344;29
344;345;29
344;346;29
344;347;29
344;348;29
344;349;29
344;350;29
344;351;29
344;352;29
344;353;29
344;354;29
344;355;29
344;356;29
344;357;29
344;358;29
344;359;29
344;360;29
344;361;29
344;362;29
344;363;29
344;364;29
344;365;29
344;366;29
344;367;29
344;368;29
344;369;29
344;370;29
344;371;29
344;372;29
344;373;3
344;374;3
344;375;3
344;376;3
344;377;3
344;378;16
344;379;16
344;380;16
344;381;16
344;382;16
344;383;16
344;384;16
344;385;16
344;386;16
344;387;16
344;388;16
344;389;16
344;390;16
344;391;16
344;392;16
344;393;16
344;394;16
344;395;16
344;396;16
344;397;16
344;398;16
344;399;16
344;400;16
344;401;16
344;402;16
344;403;16
344;404;16
344;405;16
344;406;16
344;407;16
344;408;16
344;409;16
344;410;16
344;411;16
344;412;16
344;413;16
344;414;16
344;415;16
344;416;16
344;417;16
344;418;16
344;419;16
344;420;16
344;421;23
344;422;23
344;423;23
344;424;6
344;425;6
344;426;6
344;427;40
344;428;40
344;429;40
344;430;40
344;431;40
344;432;40
344;433;40
344;434;40
344;435;40
344;436;40
344;437;40
344;438;40
344;439;40
344;440;40
344;441;40
344;442;40
344;443;40
344;444;40
344;445;40
344;446;40
344;447;40
344;448;40
344;449;31
344;450;31
344;451;31
344;452;31
344;453;20
344;454;20
344;455;20
344;456;20
344;457;20
344;458;20
344;459;20
344;460;20
344;461;20
344;462;20
344;463;20
344;464;20
344;465;20
344;466;20
344;467;20
344;468;20
344;469;20
344;470;20
344;471;20
344;472;20
344;473;24
344;474;24
344;475;24
344;476;24
344;477;24
344;478;24
344;479;24
344;480;24
344;481;24
344;482;24
344;483;24
344;484;24
344;485;24
344;486;24
344;487;24
344;488;24
344;489;24
344;490;24
344;491;24
344;492;24
344;493;24
344;494;24
344;495;24
344;496;24
344;497;24
344;498;24
344;499;24
345;0;28
345;1;28
345;2;28
345;3;28
345;4;28
345;5;28
345;6;28
345;7;28
345;8;28
345;9;28
345;10;28
345;11;28
345;12;28
345;13;28
345;14;28
345;15;28
345;16;21
345;17;21
345;18;21
345;19;21
345;20;21
345;21;21
345;22;21
345;23;21
345;24;21
345;25;21
345;26;21
345;27;21
345;28;21
345;29;21
345;30;21
345;31;21
345;32;21
345;33;21
345;34;21
345;35;21
345;36;21
345;37;21
345;38;21
345;39;21
345;40;21
345;41;29
345;42;29
345;43;29
345;44;29
345;45;29
345;46;27
345;47;27
345;48;27
345;49;27
345;50;27
345;51;27
345;52;27
345;53;27
345;54;27
345;55;27
345;56;27
345;57;27
345;58;27
345;59;27
345;60;27
345;61;27
345;62;42
345;63;42
345;64;42
345;65;42
345;66;42
345;67;42
345;68;42
345;69;42
345;70;42
345;71;42
345;72;42
345;73;42
345;74;42
345;75;42
345;76;42
345;77;42
345;78;42
345;79;21
345;80;21
345;81;21
345;82;21
345;83;21
345;84;21
345;85;21
345;86;21
345;87;21
345;88;21
345;89;21
345;90;21
345;91;21
345;92;21
345;93;21
345;94;21
345;95;26
345;96;26
345;97;26
345;98;26
345;99;26
345;100;26
345;101;26
345;102;26
345;103;26
345;104;26
345;105;26
345;106;26
345;107;26
345;108;26
345;109;26
345;110;26
345;111;26
345;112;26
345;113;26
345;114;26
345;115;26
345;116;26
345;117;26
345;118;26
345;119;26
345;120;26
345;121;26
345;122;19
345;123;19
345;124;19
345;125;19
345;126;19
345;127;19
345;128;19
345;129;19
345;130;19
345;131;19
345;132;19
345;133;19
345;134;19
345;135;19
345;136;19
345;137;19
345;138;19
345;139;19
345;140;19
345;141;19
345;142;19
345;143;19
345;144;19
345;145;19
345;146;19
345;147;19
345;148;19
345;149;19
345;150;19
345;151;19
345;152;19
345;153;41
345;154;41
345;155;41
345;156;41
345;157;41
345;158;41
345;159;41
345;160;41
345;161;41
345;162;41
345;163;41
345;164;41
345;165;41
345;166;41
345;167;41
345;168;41
345;169;41
345;170;41
345;171;41
345;172;41
345;173;41
345;174;41
345;175;41
345;176;41
345;177;41
345;178;41
345;179;41
345;180;41
345;181;41
345;182;41
345;183;41
345;184;41
345;185;41
345;186;9
345;187;9
345;188;50
345;189;50
345;190;50
345;191;50
345;192;50
345;193;50
345;194;50
345;195;50
345;196;50
345;197;50
345;198;50
345;199;50
345;200;50
345;201;50
345;202;50
345;203;50
345;204;50
345;205;50
345;206;50
345;207;50
345;208;50
345;209;50
345;210;50
345;211;50
345;212;50
345;213;50
345;214;50
345;215;50
345;216;50
345;217;50
345;218;30
345;219;30
345;220;30
345;221;30
345;222;30
345;223;30
345;224;30
345;225;30
345;226;30
345;227;30
345;228;30
345;229;30
345;230;30
345;231;30
345;232;30
345;233;30
345;234;30
345;235;30
345;236;30
345;237;30
345;238;30
345;239;30
345;240;30
345;241;30
345;242;30
345;243;30
345;244;30
345;245;30
345;246;30
345;247;30
345;248;30
345;249;30
345;250;30
345;251;30
345;252;30
345;253;30
345;254;30
345;255;30
345;256;30
345;257;30
345;258;30
345;259;30
345;260;2
345;261;2
345;262;2
345;263;2
345;264;2
345;265;2
345;266;2
345;267;2
345;268;2
345;269;2
345;270;2
345;271;2
345;272;2
345;273;2
345;274;2
345;275;2
345;276;2
345;277;2
345;278;45
345;279;45
345;280;45
345;281;45
345;282;45
345;283;45
345;284;45
345;285;45
345;286;45
345;287;45
345;288;45
345;289;45
345;290;45
345;291;45
345;292;45
345;293;45
345;294;45
345;295;45
345;296;45
345;297;45
345;298;7
345;299;7
345;300;7
345;301;7
345;302;7
345;303;7
345;304;7
345;305;7
345;306;7
345;307;7
345;308;42
345;309;42
345;310;42
345;311;42
345;312;42
345;313;42
345;314;42
345;315;42
345;316;42
345;317;42
345;318;42
345;319;42
345;320;42
345;321;42
345;322;42
345;323;42
345;324;42
345;325;42
345;326;42
345;327;42
345;328;42
345;329;42
345;330;42
345;331;42
345;332;42
345;333;42
345;334;42
345;335;42
345;336;42
345;337;42
345;338;42
345;339;42
345;340;42
345;341;42
345;342;29
345;343;29
345;344;29
345;345;29
345;346;29
345;347;29
345;348;29
345;349;29
345;350;29
345;351;29
345;352;29
345;353;29
345;354;29
345;355;29
345;356;29
345;357;29
345;358;29
345;359;29
345;360;29
345;361;29
345;362;29
345;363;29
345;364;29
345;365;29
345;366;29
345;367;29
345;368;29
345;369;29
345;370;29
345;371;29
345;372;29
345;373;29
345;374;3
345;375;3
345;376;3
345;377;3
345;378;1
345;379;1
345;380;1
345;381;1
345;382;1
345;383;1
345;384;1
345;385;1
345;386;1
345;387;1
345;388;1
345;389;1
345;390;1
345;391;1
345;392;1
345;393;1
345;394;1
345;395;1
345;396;1
345;397;16
345;398;16
345;399;16
345;400;16
345;401;16
345;402;16
345;403;16
345;404;16
345;405;16
345;406;16
345;407;16
345;408;16
345;409;16
345;410;16
345;411;16
345;412;16
345;413;16
345;414;16
345;415;16
345;416;16
345;417;16
345;418;16
345;419;16
345;420;16
345;421;16
345;422;23
345;423;23
345;424;6
345;425;6
345;426;6
345;427;40
345;428;40
345;429;40
345;430;40
345;431;40
345;432;40
345;433;40
345;434;40
345;435;40
345;436;40
345;437;40
345;438;40
345;439;40
345;440;40
345;441;40
345;442;40
345;443;40
345;444;40
345;445;40
345;446;40
345;447;40
345;448;40
345;449;31
345;450;31
345;451;31
345;452;20
345;453;20
345;454;20
345;455;20
345;456;20
345;457;20
345;458;20
345;459;20
345;460;20
345;461;20
345;462;20
345;463;20
345;464;20
345;465;20
345;466;20
345;467;20
345;468;20
345;469;20
345;470;20
345;471;20
345;472;20
345;473;20
345;474;24
345;475;24
345;476;24
345;477;24
345;478;24
345;479;24
345;480;24
345;481;24
345;482;24
345;483;24
345;484;24
345;485;24
345;486;24
345;487;24
345;488;24
345;489;24
345;490;24
345;491;24
345;492;24
345;493;24
345;494;24
345;495;24
345;496;24
345;497;24
345;498;24
345;499;24
346;0;28
346;1;28
346;2;28
346;3;28
346;4;28
346;5;28
346;6;28
346;7;28
346;8;28
346;9;28
346;10;28
346;11;28
346;12;28
346;13;28
346;14;28
346;15;21
346;16;21
346;17;21
346;18;21
346;19;21
346;20;21
346;21;21
346;22;21
346;23;21
346;24;21
346;25;21
346;26;21
346;27;21
346;28;21
346;29;21
346;30;21
346;31;21
346;32;21
346;33;21
346;34;21
346;35;21
346;36;21
346;37;21
346;38;21
346;39;21
346;40;21
346;41;29
346;42;29
346;43;29
346;44;29
346;45;29
346;46;29
346;47;27
346;48;27
346;49;27
346;50;27
346;51;27
346;52;27
346;53;27
346;54;27
346;55;27
346;56;27
346;57;27
346;58;27
346;59;27
346;60;27
346;61;27
346;62;27
346;63;42
346;64;42
346;65;42
346;66;42
346;67;42
346;68;42
346;69;42
346;70;42
346;71;42
346;72;42
346;73;42
346;74;42
346;75;42
346;76;42
346;77;42
346;78;42
346;79;21
346;80;21
346;81;21
346;82;21
346;83;21
346;84;21
346;85;21
346;86;21
346;87;21
346;88;21
346;89;21
346;90;21
346;91;21
346;92;21
346;93;21
346;94;21
346;95;26
346;96;26
346;97;26
346;98;26
346;99;26
346;100;26
346;101;26
346;102;26
346;103;26
346;104;26
346;105;26
346;106;26
346;107;26
346;108;26
346;109;26
346;110;26
346;111;26
346;112;26
346;113;26
346;114;26
346;115;26
346;116;26
346;117;26
346;118;26
346;119;26
346;120;26
346;121;26
346;122;26
346;123;19
346;124;19
346;125;19
346;126;19
346;127;19
346;128;19
346;129;19
346;130;19
346;131;19
346;132;19
346;133;19
346;134;19
346;135;19
346;136;19
346;137;19
346;138;19
346;139;19
346;140;19
346;141;19
346;142;19
346;143;19
346;144;19
346;145;19
346;146;19
346;147;19
346;148;19
346;149;19
346;150;19
346;151;19
346;152;19
346;153;19
346;154;41
346;155;41
346;156;41
346;157;41
346;158;41
346;159;41
346;160;41
346;161;41
346;162;41
346;163;41
346;164;41
346;165;41
346;166;41
346;167;41
346;168;41
346;169;41
346;170;41
346;171;41
346;172;41
346;173;41
346;174;41
346;175;41
346;176;41
346;177;41
346;178;41
346;179;41
346;180;41
346;181;41
346;182;41
346;183;41
346;184;41
346;185;41
346;186;41
346;187;9
346;188;50
346;189;50
346;190;50
346;191;50
346;192;50
346;193;50
346;194;50
346;195;50
346;196;50
346;197;50
346;198;50
346;199;50
346;200;50
346;201;50
346;202;50
346;203;50
346;204;50
346;205;50
346;206;50
346;207;50
346;208;50
346;209;50
346;210;50
346;211;50
346;212;50
346;213;50
346;214;50
346;215;50
346;216;50
346;217;50
346;218;50
346;219;30
346;220;30
346;221;30
346;222;30
346;223;30
346;224;30
346;225;30
346;226;30
346;227;30
346;228;30
346;229;30
346;230;30
346;231;30
346;232;30
346;233;30
346;234;30
346;235;30
346;236;30
346;237;30
346;238;30
346;239;30
346;240;30
346;241;30
346;242;30
346;243;30
346;244;30
346;245;30
346;246;30
346;247;30
346;248;30
346;249;30
346;250;30
346;251;30
346;252;30
346;253;30
346;254;30
346;255;30
346;256;30
346;257;30
346;258;30
346;259;30
346;260;2
346;261;2
346;262;2
346;263;2
346;264;2
346;265;2
346;266;2
346;267;2
346;268;2
346;269;2
346;270;2
346;271;2
346;272;2
346;273;2
346;274;2
346;275;2
346;276;2
346;277;2
346;278;45
346;279;45
346;280;45
346;281;45
346;282;45
346;283;45
346;284;45
346;285;45
346;286;45
346;287;45
346;288;45
346;289;45
346;290;45
346;291;45
346;292;45
346;293;45
346;294;45
346;295;45
346;296;45
346;297;45
346;298;45
346;299;7
346;300;7
346;301;7
346;302;7
346;303;7
346;304;7
346;305;7
346;306;7
346;307;7
346;308;42
346;309;42
346;310;42
346;311;42
346;312;42
346;313;42
346;314;42
346;315;42
346;316;42
346;317;42
346;318;42
346;319;42
346;320;42
346;321;42
346;322;42
346;323;42
346;324;42
346;325;42
346;326;42
346;327;42
346;328;42
346;329;42
346;330;42
346;331;42
346;332;42
346;333;42
346;334;42
346;335;42
346;336;42
346;337;42
346;338;42
346;339;42
346;340;42
346;341;42
346;342;29
346;343;29
346;344;29
346;345;29
346;346;29
346;347;29
346;348;29
346;349;29
346;350;29
346;351;29
346;352;29
346;353;29
346;354;29
346;355;29
346;356;29
346;357;29
346;358;29
346;359;29
346;360;29
346;361;29
346;362;29
346;363;29
346;364;29
346;365;29
346;366;29
346;367;29
346;368;29
346;369;29
346;370;29
346;371;29
346;372;29
346;373;29
346;374;29
346;375;29
346;376;3
346;377;1
346;378;1
346;379;1
346;380;1
346;381;1
346;382;1
346;383;1
346;384;1
346;385;1
346;386;1
346;387;1
346;388;1
346;389;1
346;390;1
346;391;1
346;392;1
346;393;1
346;394;1
346;395;1
346;396;1
346;397;1
346;398;1
346;399;16
346;400;16
346;401;16
346;402;16
346;403;16
346;404;16
346;405;16
346;406;16
346;407;16
346;408;16
346;409;16
346;410;16
346;411;16
346;412;16
346;413;16
346;414;16
346;415;16
346;416;16
346;417;16
346;418;16
346;419;16
346;420;16
346;421;16
346;422;16
346;423;23
346;424;6
346;425;6
346;426;6
346;427;40
346;428;40
346;429;40
346;430;40
346;431;40
346;432;40
346;433;40
346;434;40
346;435;40
346;436;40
346;437;40
346;438;40
346;439;40
346;440;40
346;441;40
346;442;40
346;443;40
346;444;40
346;445;40
346;446;40
346;447;40
346;448;40
346;449;40
346;450;31
346;451;20
346;452;20
346;453;20
346;454;20
346;455;20
346;456;20
346;457;20
346;458;20
346;459;20
346;460;20
346;461;20
346;462;20
346;463;20
346;464;20
346;465;20
346;466;20
346;467;20
346;468;20
346;469;20
346;470;20
346;471;20
346;472;20
346;473;20
346;474;24
346;475;24
346;476;24
346;477;24
346;478;24
346;479;24
346;480;24
346;481;24
346;482;24
346;483;24
346;484;24
346;485;24
346;486;24
346;487;24
346;488;24
346;489;24
346;490;24
346;491;24
346;492;24
346;493;24
346;494;24
346;495;24
346;496;24
346;497;24
346;498;24
346;499;24
347;0;21
347;1;21
347;2;21
347;3;21
347;4;21
347;5;21
347;6;21
347;7;21
347;8;21
347;9;21
347;10;21
347;11;21
347;12;21
347;13;21
347;14;21
347;15;21
347;16;21
347;17;21
347;18;21
347;19;21
347;20;21
347;21;21
347;22;21
347;23;21
347;24;21
347;25;21
347;26;21
347;27;21
347;28;21
347;29;21
347;30;21
347;31;21
347;32;21
347;33;21
347;34;21
347;35;21
347;36;21
347;37;21
347;38;21
347;39;21
347;40;21
347;41;29
347;42;29
347;43;29
347;44;29
347;45;29
347;46;29
347;47;27
347;48;27
347;49;27
347;50;27
347;51;27
347;52;27
347;53;27
347;54;27
347;55;27
347;56;27
347;57;27
347;58;27
347;59;27
347;60;27
347;61;27
347;62;27
347;63;27
347;64;42
347;65;42
347;66;42
347;67;42
347;68;42
347;69;42
347;70;42
347;71;42
347;72;42
347;73;42
347;74;42
347;75;42
347;76;42
347;77;42
347;78;42
347;79;21
347;80;21
347;81;21
347;82;21
347;83;21
347;84;21
347;85;21
347;86;21
347;87;21
347;88;21
347;89;21
347;90;21
347;91;21
347;92;21
347;93;21
347;94;21
347;95;21
347;96;26
347;97;26
347;98;26
347;99;26
347;100;26
347;101;26
347;102;26
347;103;26
347;104;26
347;105;26
347;106;26
347;107;26
347;108;26
347;109;26
347;110;26
347;111;26
347;112;26
347;113;26
347;114;26
347;115;26
347;116;26
347;117;26
347;118;26
347;119;26
347;120;26
347;121;26
347;122;26
347;123;26
347;124;19
347;125;19
347;126;19
347;127;19
347;128;19
347;129;19
347;130;19
347;131;19
347;132;19
347;133;19
347;134;19
347;135;19
347;136;19
347;137;19
347;138;19
347;139;19
347;140;19
347;141;19
347;142;19
347;143;19
347;144;19
347;145;19
347;146;19
347;147;19
347;148;19
347;149;19
347;150;19
347;151;19
347;152;19
347;153;19
347;154;19
347;155;41
347;156;41
347;157;41
347;158;41
347;159;41
347;160;41
347;161;41
347;162;41
347;163;41
347;164;41
347;165;41
347;166;41
347;167;41
347;168;41
347;169;41
347;170;41
347;171;41
347;172;41
347;173;41
347;174;41
347;175;41
347;176;41
347;177;41
347;178;41
347;179;41
347;180;41
347;181;41
347;182;41
347;183;41
347;184;41
347;185;41
347;186;41
347;187;41
347;188;50
347;189;50
347;190;50
347;191;50
347;192;50
347;193;50
347;194;50
347;195;50
347;196;50
347;197;50
347;198;50
347;199;50
347;200;50
347;201;50
347;202;50
347;203;50
347;204;50
347;205;50
347;206;50
347;207;50
347;208;50
347;209;50
347;210;50
347;211;50
347;212;50
347;213;50
347;214;50
347;215;50
347;216;50
347;217;50
347;218;50
347;219;30
347;220;30
347;221;30
347;222;30
347;223;30
347;224;30
347;225;30
347;226;30
347;227;30
347;228;30
347;229;30
347;230;30
347;231;30
347;232;30
347;233;30
347;234;30
347;235;30
347;236;30
347;237;30
347;238;30
347;239;30
347;240;30
347;241;30
347;242;30
347;243;30
347;244;30
347;245;30
347;246;30
347;247;30
347;248;30
347;249;30
347;250;30
347;251;30
347;252;30
347;253;30
347;254;30
347;255;30
347;256;30
347;257;30
347;258;30
347;259;30
347;260;30
347;261;2
347;262;2
347;263;2
347;264;2
347;265;2
347;266;2
347;267;2
347;268;2
347;269;2
347;270;2
347;271;2
347;272;2
347;273;2
347;274;2
347;275;2
347;276;2
347;277;2
347;278;45
347;279;45
347;280;45
347;281;45
347;282;45
347;283;45
347;284;45
347;285;45
347;286;45
347;287;45
347;288;45
347;289;45
347;290;45
347;291;45
347;292;45
347;293;45
347;294;45
347;295;45
347;296;45
347;297;45
347;298;45
347;299;45
347;300;7
347;301;7
347;302;7
347;303;7
347;304;7
347;305;7
347;306;7
347;307;7
347;308;42
347;309;42
347;310;42
347;311;42
347;312;42
347;313;42
347;314;42
347;315;42
347;316;42
347;317;42
347;318;42
347;319;42
347;320;42
347;321;42
347;322;42
347;323;42
347;324;42
347;325;42
347;326;42
347;327;42
347;328;42
347;329;42
347;330;42
347;331;42
347;332;42
347;333;42
347;334;42
347;335;42
347;336;42
347;337;42
347;338;42
347;339;42
347;340;42
347;341;42
347;342;29
347;343;29
347;344;29
347;345;29
347;346;29
347;347;29
347;348;29
347;349;29
347;350;29
347;351;29
347;352;29
347;353;29
347;354;29
347;355;29
347;356;29
347;357;29
347;358;29
347;359;29
347;360;29
347;361;29
347;362;29
347;363;29
347;364;29
347;365;29
347;366;29
347;367;29
347;368;29
347;369;29
347;370;29
347;371;29
347;372;29
347;373;29
347;374;29
347;375;29
347;376;29
347;377;1
347;378;1
347;379;1
347;380;1
347;381;1
347;382;1
347;383;1
347;384;1
347;385;1
347;386;1
347;387;1
347;388;1
347;389;1
347;390;1
347;391;1
347;392;1
347;393;1
347;394;1
347;395;1
347;396;1
347;397;1
347;398;1
347;399;1
347;400;1
347;401;16
347;402;16
347;403;16
347;404;16
347;405;16
347;406;16
347;407;16
347;408;16
347;409;16
347;410;16
347;411;16
347;412;16
347;413;16
347;414;16
347;415;16
347;416;16
347;417;16
347;418;16
347;419;16
347;420;16
347;421;16
347;422;16
347;423;16
347;424;6
347;425;6
347;426;6
347;427;40
347;428;40
347;429;40
347;430;40
347;431;40
347;432;40
347;433;40
347;434;40
347;435;40
347;436;40
347;437;40
347;438;40
347;439;40
347;440;40
347;441;40
347;442;40
347;443;40
347;444;40
347;445;40
347;446;40
347;447;40
347;448;40
347;449;40
347;450;20
347;451;20
347;452;20
347;453;20
347;454;20
347;455;20
347;456;20
347;457;20
347;458;20
347;459;20
347;460;20
347;461;20
347;462;20
347;463;20
347;464;20
347;465;20
347;466;20
347;467;20
347;468;20
347;469;20
347;470;20
347;471;20
347;472;20
347;473;20
347;474;20
347;475;24
347;476;24
347;477;24
347;478;24
347;479;24
347;480;24
347;481;24
347;482;24
347;483;24
347;484;24
347;485;24
347;486;24
347;487;24
347;488;24
347;489;24
347;490;24
347;491;24
347;492;24
347;493;24
347;494;24
347;495;24
347;496;24
347;497;24
347;498;24
347;499;24
348;0;21
348;1;21
348;2;21
348;3;21
348;4;21
348;5;21
348;6;21
348;7;21
348;8;21
348;9;21
348;10;21
348;11;21
348;12;21
348;13;21
348;14;21
348;15;21
348;16;21
348;17;21
348;18;21
348;19;21
348;20;21
348;21;21
348;22;21
348;23;21
348;24;21
348;25;21
348;26;21
348;27;21
348;28;21
348;29;21
348;30;21
348;31;21
348;32;21
348;33;21
348;34;21
348;35;21
348;36;21
348;37;21
348;38;21
348;39;21
348;40;21
348;41;29
348;42;29
348;43;29
348;44;29
348;45;29
348;46;29
348;47;29
348;48;27
348;49;27
348;50;27
348;51;27
348;52;27
348;53;27
348;54;27
348;55;27
348;56;27
348;57;27
348;58;27
348;59;27
348;60;27
348;61;27
348;62;27
348;63;27
348;64;27
348;65;42
348;66;42
348;67;42
348;68;42
348;69;42
348;70;42
348;71;42
348;72;42
348;73;42
348;74;42
348;75;42
348;76;42
348;77;42
348;78;42
348;79;21
348;80;21
348;81;21
348;82;21
348;83;21
348;84;21
348;85;21
348;86;21
348;87;21
348;88;21
348;89;21
348;90;21
348;91;21
348;92;21
348;93;21
348;94;21
348;95;21
348;96;26
348;97;26
348;98;26
348;99;26
348;100;26
348;101;26
348;102;26
348;103;26
348;104;26
348;105;26
348;106;26
348;107;26
348;108;26
348;109;26
348;110;26
348;111;26
348;112;26
348;113;26
348;114;26
348;115;26
348;116;26
348;117;26
348;118;26
348;119;26
348;120;26
348;121;26
348;122;26
348;123;26
348;124;26
348;125;19
348;126;19
348;127;19
348;128;19
348;129;19
348;130;19
348;131;19
348;132;19
348;133;19
348;134;19
348;135;19
348;136;19
348;137;19
348;138;19
348;139;19
348;140;19
348;141;19
348;142;19
348;143;19
348;144;19
348;145;19
348;146;19
348;147;19
348;148;19
348;149;19
348;150;19
348;151;19
348;152;19
348;153;19
348;154;19
348;155;19
348;156;41
348;157;41
348;158;41
348;159;41
348;160;41
348;161;41
348;162;41
348;163;41
348;164;41
348;165;41
348;166;41
348;167;41
348;168;41
348;169;41
348;170;41
348;171;41
348;172;41
348;173;41
348;174;41
348;175;41
348;176;41
348;177;41
348;178;41
348;179;41
348;180;41
348;181;41
348;182;41
348;183;41
348;184;41
348;185;41
348;186;41
348;187;41
348;188;50
348;189;50
348;190;50
348;191;50
348;192;50
348;193;50
348;194;50
348;195;50
348;196;50
348;197;50
348;198;50
348;199;50
348;200;50
348;201;50
348;202;50
348;203;50
348;204;50
348;205;50
348;206;50
348;207;50
348;208;50
348;209;50
348;210;50
348;211;50
348;212;50
348;213;50
348;214;50
348;215;50
348;216;50
348;217;50
348;218;25
348;219;25
348;220;25
348;221;30
348;222;30
348;223;30
348;224;30
348;225;30
348;226;30
348;227;30
348;228;30
348;229;30
348;230;30
348;231;30
348;232;30
348;233;30
348;234;30
348;235;30
348;236;30
348;237;30
348;238;30
348;239;30
348;240;30
348;241;30
348;242;30
348;243;30
348;244;30
348;245;30
348;246;30
348;247;30
348;248;30
348;249;30
348;250;30
348;251;30
348;252;30
348;253;30
348;254;30
348;255;30
348;256;30
348;257;30
348;258;30
348;259;30
348;260;30
348;261;2
348;262;2
348;263;2
348;264;2
348;265;2
348;266;2
348;267;2
348;268;2
348;269;2
348;270;2
348;271;2
348;272;2
348;273;2
348;274;2
348;275;2
348;276;2
348;277;2
348;278;45
348;279;45
348;280;45
348;281;45
348;282;45
348;283;45
348;284;45
348;285;45
348;286;45
348;287;45
348;288;45
348;289;45
348;290;45
348;291;45
348;292;45
348;293;45
348;294;45
348;295;45
348;296;45
348;297;45
348;298;45
348;299;45
348;300;45
348;301;7
348;302;7
348;303;7
348;304;7
348;305;7
348;306;7
348;307;7
348;308;42
348;309;42
348;310;42
348;311;42
348;312;42
348;313;42
348;314;42
348;315;42
348;316;42
348;317;42
348;318;42
348;319;42
348;320;42
348;321;42
348;322;42
348;323;42
348;324;42
348;325;42
348;326;42
348;327;42
348;328;42
348;329;42
348;330;42
348;331;42
348;332;42
348;333;42
348;334;42
348;335;42
348;336;42
348;337;42
348;338;42
348;339;42
348;340;42
348;341;42
348;342;29
348;343;29
348;344;29
348;345;29
348;346;29
348;347;29
348;348;29
348;349;29
348;350;29
348;351;29
348;352;29
348;353;29
348;354;29
348;355;29
348;356;29
348;357;29
348;358;29
348;359;29
348;360;29
348;361;29
348;362;29
348;363;29
348;364;29
348;365;29
348;366;29
348;367;29
348;368;29
348;369;29
348;370;29
348;371;29
348;372;29
348;373;29
348;374;29
348;375;29
348;376;29
348;377;1
348;378;1
348;379;1
348;380;1
348;381;1
348;382;1
348;383;1
348;384;1
348;385;1
348;386;1
348;387;1
348;388;1
348;389;1
348;390;1
348;391;1
348;392;1
348;393;1
348;394;1
348;395;1
348;396;1
348;397;1
348;398;1
348;399;1
348;400;1
348;401;1
348;402;1
348;403;16
348;404;16
348;405;16
348;406;16
348;407;16
348;408;16
348;409;16
348;410;16
348;411;16
348;412;16
348;413;16
348;414;16
348;415;16
348;416;16
348;417;16
348;418;16
348;419;16
348;420;16
348;421;16
348;422;16
348;423;16
348;424;16
348;425;6
348;426;6
348;427;40
348;428;40
348;429;40
348;430;40
348;431;40
348;432;40
348;433;40
348;434;40
348;435;40
348;436;40
348;437;40
348;438;40
348;439;40
348;440;40
348;441;40
348;442;40
348;443;40
348;444;40
348;445;40
348;446;40
348;447;40
348;448;40
348;449;40
348;450;20
348;451;20
348;452;20
348;453;20
348;454;20
348;455;20
348;456;20
348;457;20
348;458;20
348;459;20
348;460;20
348;461;20
348;462;20
348;463;20
348;464;20
348;465;20
348;466;20
348;467;20
348;468;20
348;469;20
348;470;20
348;471;20
348;472;20
348;473;20
348;474;20
348;475;24
348;476;24
348;477;24
348;478;24
348;479;24
348;480;24
348;481;24
348;482;24
348;483;24
348;484;24
348;485;24
348;486;24
348;487;24
348;488;24
348;489;24
348;490;24
348;491;24
348;492;24
348;493;24
348;494;24
348;495;24
348;496;24
348;497;24
348;498;24
348;499;24
349;0;21
349;1;21
349;2;21
349;3;21
349;4;21
349;5;21
349;6;21
349;7;21
349;8;21
349;9;21
349;10;21
349;11;21
349;12;21
349;13;21
349;14;21
349;15;21
349;16;21
349;17;21
349;18;21
349;19;21
349;20;21
349;21;21
349;22;21
349;23;21
349;24;21
349;25;21
349;26;21
349;27;21
349;28;21
349;29;21
349;30;21
349;31;21
349;32;21
349;33;21
349;34;21
349;35;21
349;36;21
349;37;21
349;38;21
349;39;21
349;40;21
349;41;29
349;42;29
349;43;29
349;44;29
349;45;29
349;46;29
349;47;29
349;48;27
349;49;27
349;50;27
349;51;27
349;52;27
349;53;27
349;54;27
349;55;27
349;56;27
349;57;27
349;58;27
349;59;27
349;60;27
349;61;27
349;62;27
349;63;27
349;64;27
349;65;27
349;66;42
349;67;42
349;68;42
349;69;42
349;70;42
349;71;42
349;72;42
349;73;42
349;74;42
349;75;42
349;76;42
349;77;42
349;78;42
349;79;21
349;80;21
349;81;21
349;82;21
349;83;21
349;84;21
349;85;21
349;86;21
349;87;21
349;88;21
349;89;21
349;90;21
349;91;21
349;92;21
349;93;21
349;94;21
349;95;21
349;96;21
349;97;26
349;98;26
349;99;26
349;100;26
349;101;26
349;102;26
349;103;26
349;104;26
349;105;26
349;106;26
349;107;26
349;108;26
349;109;26
349;110;26
349;111;26
349;112;26
349;113;26
349;114;26
349;115;26
349;116;26
349;117;26
349;118;26
349;119;26
349;120;26
349;121;26
349;122;26
349;123;26
349;124;26
349;125;26
349;126;19
349;127;19
349;128;19
349;129;19
349;130;19
349;131;19
349;132;19
349;133;19
349;134;19
349;135;19
349;136;19
349;137;19
349;138;19
349;139;19
349;140;19
349;141;19
349;142;19
349;143;19
349;144;19
349;145;19
349;146;19
349;147;19
349;148;19
349;149;19
349;150;19
349;151;19
349;152;19
349;153;19
349;154;19
349;155;19
349;156;19
349;157;41
349;158;41
349;159;41
349;160;41
349;161;41
349;162;41
349;163;41
349;164;41
349;165;41
349;166;41
349;167;41
349;168;41
349;169;41
349;170;41
349;171;41
349;172;41
349;173;41
349;174;41
349;175;41
349;176;41
349;177;41
349;178;41
349;179;41
349;180;41
349;181;41
349;182;41
349;183;41
349;184;41
349;185;41
349;186;41
349;187;41
349;188;41
349;189;50
349;190;50
349;191;50
349;192;50
349;193;50
349;194;50
349;195;50
349;196;50
349;197;50
349;198;50
349;199;50
349;200;50
349;201;50
349;202;50
349;203;50
349;204;50
349;205;50
349;206;50
349;207;50
349;208;50
349;209;50
349;210;50
349;211;50
349;212;50
349;213;50
349;214;50
349;215;50
349;216;50
349;217;50
349;218;25
349;219;25
349;220;25
349;221;25
349;222;25
349;223;30
349;224;30
349;225;30
349;226;30
349;227;30
349;228;30
349;229;30
349;230;30
349;231;30
349;232;30
349;233;30
349;234;30
349;235;30
349;236;30
349;237;30
349;238;30
349;239;30
349;240;30
349;241;30
349;242;30
349;243;30
349;244;30
349;245;30
349;246;30
349;247;30
349;248;30
349;249;30
349;250;30
349;251;30
349;252;30
349;253;30
349;254;30
349;255;30
349;256;30
349;257;30
349;258;30
349;259;30
349;260;30
349;261;30
349;262;2
349;263;2
349;264;2
349;265;2
349;266;2
349;267;2
349;268;2
349;269;2
349;270;2
349;271;2
349;272;2
349;273;2
349;274;2
349;275;2
349;276;2
349;277;2
349;278;45
349;279;45
349;280;45
349;281;45
349;282;45
349;283;45
349;284;45
349;285;45
349;286;45
349;287;45
349;288;45
349;289;45
349;290;45
349;291;45
349;292;45
349;293;45
349;294;45
349;295;45
349;296;45
349;297;45
349;298;45
349;299;45
349;300;45
349;301;45
349;302;7
349;303;7
349;304;7
349;305;7
349;306;7
349;307;7
349;308;42
349;309;42
349;310;42
349;311;42
349;312;42
349;313;42
349;314;42
349;315;42
349;316;42
349;317;42
349;318;42
349;319;42
349;320;42
349;321;42
349;322;42
349;323;42
349;324;42
349;325;42
349;326;42
349;327;42
349;328;42
349;329;42
349;330;42
349;331;42
349;332;42
349;333;42
349;334;42
349;335;42
349;336;42
349;337;42
349;338;42
349;339;42
349;340;42
349;341;42
349;342;29
349;343;29
349;344;29
349;345;29
349;346;29
349;347;29
349;348;29
349;349;29
349;350;29
349;351;29
349;352;29
349;353;29
349;354;29
349;355;29
349;356;29
349;357;29
349;358;29
349;359;29
349;360;29
349;361;29
349;362;29
349;363;29
349;364;29
349;365;29
349;366;29
349;367;29
349;368;29
349;369;29
349;370;29
349;371;29
349;372;29
349;373;29
349;374;29
349;375;29
349;376;29
349;377;29
349;378;1
349;379;1
349;380;1
349;381;1
349;382;1
349;383;1
349;384;1
349;385;1
349;386;1
349;387;1
349;388;1
349;389;1
349;390;1
349;391;1
349;392;1
349;393;1
349;394;1
349;395;1
349;396;1
349;397;1
349;398;1
349;399;1
349;400;1
349;401;1
349;402;1
349;403;1
349;404;1
349;405;1
349;406;1
349;407;1
349;408;1
349;409;16
349;410;16
349;411;16
349;412;16
349;413;16
349;414;16
349;415;16
349;416;16
349;417;16
349;418;16
349;419;16
349;420;16
349;421;16
349;422;16
349;423;16
349;424;16
349;425;6
349;426;6
349;427;40
349;428;40
349;429;40
349;430;40
349;431;40
349;432;40
349;433;40
349;434;40
349;435;40
349;436;40
349;437;40
349;438;40
349;439;40
349;440;40
349;441;40
349;442;40
349;443;40
349;444;40
349;445;40
349;446;40
349;447;40
349;448;40
349;449;40
349;450;20
349;451;20
349;452;20
349;453;20
349;454;20
349;455;20
349;456;20
349;457;20
349;458;20
349;459;20
349;460;20
349;461;20
349;462;20
349;463;20
349;464;20
349;465;20
349;466;20
349;467;20
349;468;20
349;469;20
349;470;20
349;471;20
349;472;20
349;473;20
349;474;20
349;475;20
349;476;24
349;477;24
349;478;24
349;479;24
349;480;24
349;481;24
349;482;24
349;483;24
349;484;24
349;485;24
349;486;24
349;487;24
349;488;24
349;489;24
349;490;24
349;491;24
349;492;24
349;493;24
349;494;24
349;495;24
349;496;24
349;497;24
349;498;24
349;499;24
350;0;21
350;1;21
350;2;21
350;3;21
350;4;21
350;5;21
350;6;21
350;7;21
350;8;21
350;9;21
350;10;21
350;11;21
350;12;21
350;13;21
350;14;21
350;15;21
350;16;21
350;17;21
350;18;21
350;19;21
350;20;21
350;21;21
350;22;21
350;23;21
350;24;21
350;25;21
350;26;21
350;27;21
350;28;21
350;29;21
350;30;21
350;31;21
350;32;21
350;33;21
350;34;21
350;35;21
350;36;21
350;37;21
350;38;21
350;39;21
350;40;21
350;41;29
350;42;29
350;43;29
350;44;29
350;45;29
350;46;29
350;47;29
350;48;29
350;49;27
350;50;27
350;51;27
350;52;27
350;53;27
350;54;27
350;55;27
350;56;27
350;57;27
350;58;27
350;59;27
350;60;27
350;61;27
350;62;27
350;63;27
350;64;27
350;65;27
350;66;27
350;67;27
350;68;42
350;69;42
350;70;42
350;71;42
350;72;42
350;73;42
350;74;42
350;75;42
350;76;42
350;77;42
350;78;42
350;79;21
350;80;21
350;81;21
350;82;21
350;83;21
350;84;21
350;85;21
350;86;21
350;87;21
350;88;21
350;89;21
350;90;21
350;91;21
350;92;21
350;93;21
350;94;21
350;95;21
350;96;21
350;97;26
350;98;26
350;99;26
350;100;26
350;101;26
350;102;26
350;103;26
350;104;26
350;105;26
350;106;26
350;107;26
350;108;26
350;109;26
350;110;26
350;111;26
350;112;26
350;113;26
350;114;26
350;115;26
350;116;26
350;117;26
350;118;26
350;119;26
350;120;26
350;121;26
350;122;26
350;123;26
350;124;26
350;125;26
350;126;26
350;127;19
350;128;19
350;129;19
350;130;19
350;131;19
350;132;19
350;133;19
350;134;19
350;135;19
350;136;19
350;137;19
350;138;19
350;139;19
350;140;19
350;141;19
350;142;19
350;143;19
350;144;19
350;145;19
350;146;19
350;147;19
350;148;19
350;149;19
350;150;19
350;151;19
350;152;19
350;153;19
350;154;19
350;155;19
350;156;19
350;157;19
350;158;41
350;159;41
350;160;41
350;161;41
350;162;41
350;163;41
350;164;41
350;165;41
350;166;41
350;167;41
350;168;41
350;169;41
350;170;41
350;171;41
350;172;41
350;173;41
350;174;41
350;175;41
350;176;41
350;177;41
350;178;41
350;179;41
350;180;41
350;181;41
350;182;41
350;183;41
350;184;41
350;185;41
350;186;41
350;187;41
350;188;37
350;189;37
350;190;37
350;191;37
350;192;37
350;193;37
350;194;37
350;195;37
350;196;37
350;197;37
350;198;37
350;199;50
350;200;50
350;201;50
350;202;50
350;203;50
350;204;50
350;205;50
350;206;50
350;207;50
350;208;50
350;209;50
350;210;50
350;211;50
350;212;50
350;213;50
350;214;50
350;215;50
350;216;50
350;217;50
350;218;25
350;219;25
350;220;25
350;221;25
350;222;25
350;223;25
350;224;25
350;225;30
350;226;30
350;227;30
350;228;30
350;229;30
350;230;30
350;231;30
350;232;30
350;233;30
350;234;30
350;235;30
350;236;30
350;237;30
350;238;30
350;239;30
350;240;30
350;241;30
350;242;30
350;243;30
350;244;30
350;245;30
350;246;30
350;247;30
350;248;30
350;249;30
350;250;30
350;251;30
350;252;30
350;253;30
350;254;30
350;255;30
350;256;30
350;257;30
350;258;30
350;259;30
350;260;30
350;261;30
350;262;2
350;263;2
350;264;2
350;265;2
350;266;2
350;267;2
350;268;2
350;269;2
350;270;2
350;271;2
350;272;2
350;273;2
350;274;2
350;275;2
350;276;2
350;277;2
350;278;45
350;279;45
350;280;45
350;281;45
350;282;45
350;283;45
350;284;45
350;285;45
350;286;45
350;287;45
350;288;45
350;289;45
350;290;45
350;291;45
350;292;45
350;293;45
350;294;45
350;295;45
350;296;45
350;297;45
350;298;45
350;299;45
350;300;45
350;301;45
350;302;38
350;303;38
350;304;7
350;305;7
350;306;7
350;307;7
350;308;42
350;309;42
350;310;42
350;311;42
350;312;42
350;313;42
350;314;42
350;315;42
350;316;42
350;317;42
350;318;42
350;319;42
350;320;42
350;321;42
350;322;42
350;323;42
350;324;42
350;325;42
350;326;42
350;327;42
350;328;42
350;329;42
350;330;42
350;331;42
350;332;42
350;333;42
350;334;42
350;335;42
350;336;42
350;337;42
350;338;42
350;339;42
350;340;42
350;341;42
350;342;29
350;343;29
350;344;29
350;345;29
350;346;29
350;347;29
350;348;29
350;349;29
350;350;29
350;351;29
350;352;29
350;353;29
350;354;29
350;355;29
350;356;29
350;357;29
350;358;29
350;359;29
350;360;29
350;361;29
350;362;29
350;363;29
350;364;29
350;365;29
350;366;29
350;367;29
350;368;29
350;369;29
350;370;29
350;371;29
350;372;29
350;373;29
350;374;29
350;375;29
350;376;29
350;377;29
350;378;1
350;379;1
350;380;1
350;381;1
350;382;1
350;383;1
350;384;1
350;385;1
350;386;1
350;387;1
350;388;1
350;389;1
350;390;1
350;391;1
350;392;1
350;393;1
350;394;1
350;395;1
350;396;1
350;397;1
350;398;1
350;399;1
350;400;1
350;401;1
350;402;1
350;403;1
350;404;1
350;405;1
350;406;1
350;407;1
350;408;1
350;409;1
350;410;1
350;411;16
350;412;16
350;413;16
350;414;16
350;415;16
350;416;16
350;417;16
350;418;16
350;419;16
350;420;16
350;421;16
350;422;16
350;423;16
350;424;16
350;425;16
350;426;6
350;427;40
350;428;40
350;429;40
350;430;40
350;431;40
350;432;40
350;433;40
350;434;40
350;435;40
350;436;40
350;437;40
350;438;40
350;439;40
350;440;40
350;441;40
350;442;40
350;443;40
350;444;40
350;445;40
350;446;40
350;447;40
350;448;40
350;449;40
350;450;20
350;451;20
350;452;20
350;453;20
350;454;20
350;455;20
350;456;20
350;457;20
350;458;20
350;459;20
350;460;20
350;461;20
350;462;20
350;463;20
350;464;20
350;465;20
350;466;20
350;467;20
350;468;20
350;469;20
350;470;20
350;471;20
350;472;20
350;473;20
350;474;20
350;475;20
350;476;35
350;477;24
350;478;24
350;479;24
350;480;24
350;481;24
350;482;24
350;483;24
350;484;24
350;485;24
350;486;24
350;487;24
350;488;24
350;489;24
350;490;24
350;491;24
350;492;24
350;493;24
350;494;24
350;495;24
350;496;24
350;497;24
350;498;24
350;499;24
351;0;21
351;1;21
351;2;21
351;3;21
351;4;21
351;5;21
351;6;21
351;7;21
351;8;21
351;9;21
351;10;21
351;11;21
351;12;21
351;13;21
351;14;21
351;15;21
351;16;21
351;17;21
351;18;21
351;19;21
351;20;21
351;21;21
351;22;21
351;23;21
351;24;21
351;25;21
351;26;21
351;27;21
351;28;21
351;29;21
351;30;21
351;31;21
351;32;21
351;33;21
351;34;21
351;35;21
351;36;21
351;37;21
351;38;21
351;39;21
351;40;21
351;41;29
351;42;29
351;43;29
351;44;29
351;45;29
351;46;29
351;47;29
351;48;29
351;49;27
351;50;27
351;51;27
351;52;27
351;53;27
351;54;27
351;55;27
351;56;27
351;57;27
351;58;27
351;59;27
351;60;27
351;61;27
351;62;27
351;63;27
351;64;27
351;65;27
351;66;27
351;67;27
351;68;27
351;69;27
351;70;42
351;71;42
351;72;42
351;73;42
351;74;42
351;75;42
351;76;42
351;77;42
351;78;21
351;79;21
351;80;21
351;81;21
351;82;21
351;83;21
351;84;21
351;85;21
351;86;21
351;87;21
351;88;21
351;89;21
351;90;21
351;91;21
351;92;21
351;93;21
351;94;21
351;95;21
351;96;21
351;97;21
351;98;26
351;99;26
351;100;26
351;101;26
351;102;26
351;103;26
351;104;26
351;105;26
351;106;26
351;107;26
351;108;26
351;109;26
351;110;26
351;111;26
351;112;26
351;113;26
351;114;26
351;115;26
351;116;26
351;117;26
351;118;26
351;119;26
351;120;26
351;121;26
351;122;26
351;123;26
351;124;26
351;125;26
351;126;26
351;127;26
351;128;19
351;129;19
351;130;19
351;131;19
351;132;19
351;133;19
351;134;19
351;135;19
351;136;19
351;137;19
351;138;19
351;139;19
351;140;19
351;141;19
351;142;19
351;143;19
351;144;19
351;145;19
351;146;19
351;147;19
351;148;19
351;149;19
351;150;19
351;151;19
351;152;19
351;153;19
351;154;19
351;155;19
351;156;19
351;157;19
351;158;19
351;159;41
351;160;41
351;161;41
351;162;41
351;163;41
351;164;41
351;165;41
351;166;41
351;167;41
351;168;41
351;169;41
351;170;41
351;171;41
351;172;41
351;173;41
351;174;41
351;175;41
351;176;41
351;177;41
351;178;41
351;179;41
351;180;41
351;181;41
351;182;41
351;183;41
351;184;41
351;185;41
351;186;41
351;187;37
351;188;37
351;189;37
351;190;37
351;191;37
351;192;37
351;193;37
351;194;37
351;195;37
351;196;37
351;197;37
351;198;37
351;199;37
351;200;37
351;201;50
351;202;50
351;203;50
351;204;50
351;205;50
351;206;50
351;207;50
351;208;50
351;209;50
351;210;50
351;211;50
351;212;50
351;213;50
351;214;50
351;215;50
351;216;50
351;217;50
351;218;25
351;219;25
351;220;25
351;221;25
351;222;25
351;223;25
351;224;25
351;225;25
351;226;25
351;227;30
351;228;30
351;229;30
351;230;30
351;231;30
351;232;30
351;233;30
351;234;30
351;235;30
351;236;30
351;237;30
351;238;30
351;239;30
351;240;30
351;241;30
351;242;30
351;243;30
351;244;30
351;245;30
351;246;30
351;247;30
351;248;30
351;249;30
351;250;30
351;251;30
351;252;30
351;253;30
351;254;30
351;255;30
351;256;30
351;257;30
351;258;30
351;259;30
351;260;30
351;261;30
351;262;30
351;263;2
351;264;2
351;265;2
351;266;2
351;267;2
351;268;2
351;269;2
351;270;2
351;271;2
351;272;2
351;273;2
351;274;2
351;275;2
351;276;2
351;277;45
351;278;45
351;279;45
351;280;45
351;281;45
351;282;45
351;283;45
351;284;45
351;285;45
351;286;45
351;287;45
351;288;45
351;289;45
351;290;45
351;291;45
351;292;45
351;293;45
351;294;45
351;295;45
351;296;45
351;297;45
351;298;45
351;299;45
351;300;45
351;301;45
351;302;38
351;303;38
351;304;38
351;305;38
351;306;7
351;307;7
351;308;42
351;309;42
351;310;42
351;311;42
351;312;42
351;313;42
351;314;42
351;315;42
351;316;42
351;317;42
351;318;42
351;319;42
351;320;42
351;321;42
351;322;42
351;323;42
351;324;42
351;325;42
351;326;42
351;327;42
351;328;42
351;329;42
351;330;42
351;331;42
351;332;42
351;333;42
351;334;42
351;335;42
351;336;42
351;337;42
351;338;42
351;339;42
351;340;42
351;341;42
351;342;29
351;343;29
351;344;29
351;345;29
351;346;29
351;347;29
351;348;29
351;349;29
351;350;29
351;351;29
351;352;29
351;353;29
351;354;29
351;355;29
351;356;29
351;357;29
351;358;29
351;359;29
351;360;29
351;361;29
351;362;29
351;363;29
351;364;29
351;365;29
351;366;29
351;367;29
351;368;29
351;369;29
351;370;29
351;371;29
351;372;29
351;373;29
351;374;29
351;375;29
351;376;29
351;377;29
351;378;29
351;379;1
351;380;1
351;381;1
351;382;1
351;383;1
351;384;1
351;385;1
351;386;1
351;387;1
351;388;1
351;389;1
351;390;1
351;391;1
351;392;1
351;393;1
351;394;1
351;395;1
351;396;1
351;397;1
351;398;1
351;399;1
351;400;1
351;401;1
351;402;1
351;403;1
351;404;1
351;405;1
351;406;1
351;407;1
351;408;1
351;409;1
351;410;1
351;411;1
351;412;1
351;413;16
351;414;16
351;415;16
351;416;16
351;417;16
351;418;16
351;419;16
351;420;16
351;421;16
351;422;16
351;423;16
351;424;16
351;425;16
351;426;16
351;427;40
351;428;40
351;429;40
351;430;40
351;431;40
351;432;40
351;433;40
351;434;40
351;435;40
351;436;40
351;437;40
351;438;40
351;439;40
351;440;40
351;441;40
351;442;40
351;443;40
351;444;40
351;445;40
351;446;40
351;447;40
351;448;40
351;449;40
351;450;20
351;451;20
351;452;20
351;453;20
351;454;20
351;455;20
351;456;20
351;457;20
351;458;20
351;459;20
351;460;20
351;461;20
351;462;20
351;463;20
351;464;20
351;465;20
351;466;20
351;467;20
351;468;20
351;469;20
351;470;20
351;471;20
351;472;20
351;473;20
351;474;20
351;475;20
351;476;35
351;477;35
351;478;24
351;479;24
351;480;24
351;481;24
351;482;24
351;483;24
351;484;24
351;485;24
351;486;24
351;487;24
351;488;24
351;489;24
351;490;24
351;491;24
351;492;24
351;493;24
351;494;24
351;495;24
351;496;24
351;497;24
351;498;24
351;499;24
352;0;21
352;1;21
352;2;21
352;3;21
352;4;21
352;5;21
352;6;21
352;7;21
352;8;21
352;9;21
352;10;21
352;11;21
352;12;21
352;13;21
352;14;21
352;15;21
352;16;21
352;17;21
352;18;21
352;19;21
352;20;21
352;21;21
352;22;21
352;23;21
352;24;21
352;25;21
352;26;21
352;27;21
352;28;21
352;29;21
352;30;21
352;31;21
352;32;21
352;33;21
352;34;21
352;35;21
352;36;21
352;37;21
352;38;21
352;39;21
352;40;21
352;41;29
352;42;29
352;43;29
352;44;29
352;45;29
352;46;29
352;47;29
352;48;29
352;49;29
352;50;27
352;51;27
352;52;27
352;53;27
352;54;27
352;55;27
352;56;27
352;57;27
352;58;27
352;59;27
352;60;27
352;61;27
352;62;27
352;63;27
352;64;27
352;65;27
352;66;27
352;67;27
352;68;27
352;69;27
352;70;27
352;71;27
352;72;42
352;73;42
352;74;42
352;75;42
352;76;42
352;77;21
352;78;21
352;79;21
352;80;21
352;81;21
352;82;21
352;83;21
352;84;21
352;85;21
352;86;21
352;87;21
352;88;21
352;89;21
352;90;21
352;91;21
352;92;21
352;93;21
352;94;21
352;95;21
352;96;21
352;97;21
352;98;26
352;99;26
352;100;26
352;101;26
352;102;26
352;103;26
352;104;26
352;105;26
352;106;26
352;107;26
352;108;26
352;109;26
352;110;26
352;111;26
352;112;26
352;113;26
352;114;26
352;115;26
352;116;26
352;117;26
352;118;26
352;119;26
352;120;26
352;121;26
352;122;26
352;123;26
352;124;26
352;125;26
352;126;26
352;127;26
352;128;26
352;129;19
352;130;19
352;131;19
352;132;19
352;133;19
352;134;19
352;135;19
352;136;19
352;137;19
352;138;19
352;139;19
352;140;19
352;141;19
352;142;19
352;143;19
352;144;19
352;145;19
352;146;19
352;147;19
352;148;19
352;149;19
352;150;19
352;151;19
352;152;19
352;153;19
352;154;19
352;155;19
352;156;19
352;157;19
352;158;19
352;159;19
352;160;41
352;161;41
352;162;41
352;163;41
352;164;41
352;165;41
352;166;41
352;167;41
352;168;41
352;169;41
352;170;41
352;171;41
352;172;41
352;173;41
352;174;41
352;175;41
352;176;41
352;177;41
352;178;41
352;179;41
352;180;41
352;181;41
352;182;41
352;183;41
352;184;41
352;185;41
352;186;37
352;187;37
352;188;37
352;189;37
352;190;37
352;191;37
352;192;37
352;193;37
352;194;37
352;195;37
352;196;37
352;197;37
352;198;37
352;199;37
352;200;37
352;201;37
352;202;37
352;203;50
352;204;50
352;205;50
352;206;50
352;207;50
352;208;50
352;209;50
352;210;50
352;211;50
352;212;50
352;213;50
352;214;50
352;215;50
352;216;50
352;217;50
352;218;25
352;219;25
352;220;25
352;221;25
352;222;25
352;223;25
352;224;25
352;225;25
352;226;25
352;227;25
352;228;25
352;229;30
352;230;30
352;231;30
352;232;30
352;233;30
352;234;30
352;235;30
352;236;30
352;237;30
352;238;30
352;239;30
352;240;30
352;241;30
352;242;30
352;243;30
352;244;30
352;245;30
352;246;30
352;247;30
352;248;30
352;249;30
352;250;30
352;251;30
352;252;30
352;253;30
352;254;30
352;255;30
352;256;30
352;257;30
352;258;30
352;259;30
352;260;30
352;261;30
352;262;30
352;263;2
352;264;2
352;265;2
352;266;2
352;267;2
352;268;2
352;269;2
352;270;2
352;271;2
352;272;2
352;273;2
352;274;2
352;275;2
352;276;45
352;277;45
352;278;45
352;279;45
352;280;45
352;281;45
352;282;45
352;283;45
352;284;45
352;285;45
352;286;45
352;287;45
352;288;45
352;289;45
352;290;45
352;291;45
352;292;45
352;293;45
352;294;45
352;295;45
352;296;45
352;297;45
352;298;45
352;299;45
352;300;45
352;301;45
352;302;38
352;303;38
352;304;38
352;305;38
352;306;38
352;307;38
352;308;42
352;309;42
352;310;42
352;311;42
352;312;42
352;313;42
352;314;42
352;315;42
352;316;42
352;317;42
352;318;42
352;319;42
352;320;42
352;321;42
352;322;42
352;323;42
352;324;42
352;325;42
352;326;42
352;327;42
352;328;42
352;329;42
352;330;42
352;331;42
352;332;42
352;333;42
352;334;42
352;335;42
352;336;42
352;337;42
352;338;42
352;339;42
352;340;42
352;341;42
352;342;29
352;343;29
352;344;29
352;345;29
352;346;29
352;347;29
352;348;29
352;349;29
352;350;29
352;351;29
352;352;29
352;353;29
352;354;29
352;355;29
352;356;29
352;357;29
352;358;29
352;359;29
352;360;29
352;361;29
352;362;29
352;363;29
352;364;29
352;365;29
352;366;29
352;367;29
352;368;29
352;369;29
352;370;29
352;371;29
352;372;29
352;373;29
352;374;29
352;375;29
352;376;29
352;377;29
352;378;29
352;379;1
352;380;1
352;381;1
352;382;1
352;383;1
352;384;1
352;385;1
352;386;1
352;387;1
352;388;1
352;389;1
352;390;1
352;391;1
352;392;1
352;393;1
352;394;1
352;395;1
352;396;1
352;397;1
352;398;1
352;399;1
352;400;1
352;401;1
352;402;1
352;403;1
352;404;1
352;405;1
352;406;1
352;407;1
352;408;1
352;409;1
352;410;1
352;411;1
352;412;1
352;413;1
352;414;1
352;415;16
352;416;16
352;417;16
352;418;16
352;419;16
352;420;16
352;421;16
352;422;16
352;423;16
352;424;16
352;425;16
352;426;16
352;427;40
352;428;40
352;429;40
352;430;40
352;431;40
352;432;40
352;433;40
352;434;40
352;435;40
352;436;40
352;437;40
352;438;40
352;439;40
352;440;20
352;441;20
352;442;20
352;443;20
352;444;20
352;445;20
352;446;20
352;447;20
352;448;20
352;449;20
352;450;20
352;451;20
352;452;20
352;453;20
352;454;20
352;455;20
352;456;20
352;457;20
352;458;20
352;459;20
352;460;20
352;461;20
352;462;20
352;463;20
352;464;20
352;465;20
352;466;20
352;467;20
352;468;20
352;469;20
352;470;20
352;471;20
352;472;20
352;473;20
352;474;20
352;475;35
352;476;35
352;477;35
352;478;35
352;479;24
352;480;24
352;481;24
352;482;24
352;483;24
352;484;24
352;485;24
352;486;24
352;487;24
352;488;24
352;489;24
352;490;24
352;491;24
352;492;24
352;493;24
352;494;24
352;495;24
352;496;24
352;497;24
352;498;24
352;499;24
353;0;21
353;1;21
353;2;21
353;3;21
353;4;21
353;5;21
353;6;21
353;7;21
353;8;21
353;9;21
353;10;21
353;11;21
353;12;21
353;13;21
353;14;21
353;15;21
353;16;21
353;17;21
353;18;21
353;19;21
353;20;21
353;21;21
353;22;21
353;23;21
353;24;21
353;25;21
353;26;21
353;27;21
353;28;21
353;29;21
353;30;21
353;31;21
353;32;21
353;33;21
353;34;21
353;35;21
353;36;21
353;37;21
353;38;21
353;39;21
353;40;21
353;41;29
353;42;29
353;43;29
353;44;29
353;45;29
353;46;29
353;47;29
353;48;29
353;49;29
353;50;27
353;51;27
353;52;27
353;53;27
353;54;27
353;55;27
353;56;27
353;57;27
353;58;27
353;59;27
353;60;27
353;61;27
353;62;27
353;63;27
353;64;27
353;65;27
353;66;27
353;67;27
353;68;27
353;69;27
353;70;27
353;71;27
353;72;27
353;73;27
353;74;42
353;75;42
353;76;42
353;77;21
353;78;21
353;79;21
353;80;21
353;81;21
353;82;21
353;83;21
353;84;21
353;85;21
353;86;21
353;87;21
353;88;21
353;89;21
353;90;21
353;91;21
353;92;21
353;93;21
353;94;21
353;95;21
353;96;21
353;97;21
353;98;26
353;99;26
353;100;26
353;101;26
353;102;26
353;103;26
353;104;26
353;105;26
353;106;26
353;107;26
353;108;26
353;109;26
353;110;26
353;111;26
353;112;26
353;113;26
353;114;26
353;115;26
353;116;26
353;117;26
353;118;26
353;119;26
353;120;26
353;121;26
353;122;26
353;123;26
353;124;26
353;125;26
353;126;26
353;127;26
353;128;26
353;129;26
353;130;19
353;131;19
353;132;19
353;133;19
353;134;19
353;135;19
353;136;19
353;137;19
353;138;19
353;139;19
353;140;19
353;141;19
353;142;19
353;143;19
353;144;19
353;145;19
353;146;19
353;147;19
353;148;19
353;149;19
353;150;19
353;151;19
353;152;19
353;153;19
353;154;19
353;155;19
353;156;19
353;157;19
353;158;19
353;159;19
353;160;19
353;161;41
353;162;41
353;163;41
353;164;41
353;165;41
353;166;41
353;167;41
353;168;41
353;169;41
353;170;41
353;171;41
353;172;41
353;173;41
353;174;41
353;175;41
353;176;41
353;177;41
353;178;41
353;179;41
353;180;41
353;181;41
353;182;41
353;183;41
353;184;41
353;185;37
353;186;37
353;187;37
353;188;37
353;189;37
353;190;37
353;191;37
353;192;37
353;193;37
353;194;37
353;195;37
353;196;37
353;197;37
353;198;37
353;199;37
353;200;37
353;201;37
353;202;37
353;203;37
353;204;37
353;205;50
353;206;50
353;207;50
353;208;50
353;209;50
353;210;50
353;211;50
353;212;50
353;213;50
353;214;50
353;215;50
353;216;50
353;217;50
353;218;25
353;219;25
353;220;25
353;221;25
353;222;25
353;223;25
353;224;25
353;225;25
353;226;25
353;227;25
353;228;25
353;229;25
353;230;25
353;231;30
353;232;30
353;233;30
353;234;30
353;235;30
353;236;30
353;237;30
353;238;30
353;239;30
353;240;30
353;241;30
353;242;30
353;243;30
353;244;30
353;245;30
353;246;30
353;247;30
353;248;30
353;249;30
353;250;30
353;251;30
353;252;30
353;253;30
353;254;30
353;255;30
353;256;30
353;257;30
353;258;30
353;259;30
353;260;30
353;261;30
353;262;30
353;263;30
353;264;2
353;265;2
353;266;2
353;267;2
353;268;2
353;269;2
353;270;2
353;271;2
353;272;2
353;273;2
353;274;2
353;275;45
353;276;45
353;277;45
353;278;45
353;279;45
353;280;45
353;281;45
353;282;45
353;283;45
353;284;45
353;285;45
353;286;45
353;287;45
353;288;45
353;289;45
353;290;45
353;291;45
353;292;45
353;293;45
353;294;45
353;295;45
353;296;45
353;297;45
353;298;45
353;299;45
353;300;45
353;301;45
353;302;38
353;303;38
353;304;38
353;305;38
353;306;38
353;307;38
353;308;38
353;309;42
353;310;42
353;311;42
353;312;42
353;313;42
353;314;42
353;315;42
353;316;42
353;317;42
353;318;42
353;319;42
353;320;42
353;321;42
353;322;42
353;323;42
353;324;42
353;325;42
353;326;42
353;327;42
353;328;42
353;329;42
353;330;42
353;331;42
353;332;42
353;333;42
353;334;42
353;335;42
353;336;42
353;337;42
353;338;42
353;339;42
353;340;42
353;341;42
353;342;29
353;343;29
353;344;29
353;345;29
353;346;29
353;347;29
353;348;29
353;349;29
353;350;29
353;351;29
353;352;29
353;353;29
353;354;29
353;355;29
353;356;29
353;357;29
353;358;29
353;359;29
353;360;29
353;361;29
353;362;29
353;363;29
353;364;29
353;365;29
353;366;29
353;367;29
353;368;29
353;369;29
353;370;29
353;371;29
353;372;29
353;373;29
353;374;29
353;375;29
353;376;29
353;377;29
353;378;29
353;379;29
353;380;1
353;381;1
353;382;1
353;383;1
353;384;1
353;385;1
353;386;1
353;387;1
353;388;1
353;389;1
353;390;1
353;391;1
353;392;1
353;393;1
353;394;1
353;395;1
353;396;1
353;397;1
353;398;1
353;399;1
353;400;1
353;401;1
353;402;1
353;403;1
353;404;1
353;405;1
353;406;1
353;407;1
353;408;1
353;409;1
353;410;1
353;411;1
353;412;1
353;413;1
353;414;1
353;415;1
353;416;1
353;417;16
353;418;16
353;419;16
353;420;16
353;421;16
353;422;16
353;423;16
353;424;16
353;425;16
353;426;16
353;427;20
353;428;20
353;429;20
353;430;20
353;431;20
353;432;20
353;433;20
353;434;20
353;435;20
353;436;20
353;437;20
353;438;20
353;439;20
353;440;20
353;441;20
353;442;20
353;443;20
353;444;20
353;445;20
353;446;20
353;447;20
353;448;20
353;449;20
353;450;20
353;451;20
353;452;20
353;453;20
353;454;20
353;455;20
353;456;20
353;457;20
353;458;20
353;459;20
353;460;20
353;461;20
353;462;20
353;463;20
353;464;20
353;465;20
353;466;20
353;467;20
353;468;20
353;469;20
353;470;20
353;471;20
353;472;20
353;473;20
353;474;35
353;475;35
353;476;35
353;477;35
353;478;35
353;479;35
353;480;24
353;481;24
353;482;24
353;483;24
353;484;24
353;485;24
353;486;24
353;487;24
353;488;24
353;489;24
353;490;24
353;491;24
353;492;24
353;493;24
353;494;24
353;495;24
353;496;24
353;497;24
353;498;24
353;499;24
354;0;21
354;1;21
354;2;21
354;3;21
354;4;21
354;5;21
354;6;21
354;7;21
354;8;21
354;9;21
354;10;21
354;11;21
354;12;21
354;13;21
354;14;21
354;15;21
354;16;21
354;17;21
354;18;21
354;19;21
354;20;21
354;21;21
354;22;21
354;23;21
354;24;21
354;25;21
354;26;21
354;27;21
354;28;21
354;29;21
354;30;21
354;31;21
354;32;21
354;33;21
354;34;21
354;35;21
354;36;21
354;37;21
354;38;21
354;39;21
354;40;21
354;41;29
354;42;29
354;43;29
354;44;29
354;45;29
354;46;29
354;47;29
354;48;29
354;49;29
354;50;29
354;51;27
354;52;27
354;53;27
354;54;27
354;55;27
354;56;27
354;57;27
354;58;27
354;59;27
354;60;27
354;61;27
354;62;27
354;63;27
354;64;27
354;65;27
354;66;27
354;67;27
354;68;27
354;69;27
354;70;27
354;71;27
354;72;27
354;73;27
354;74;27
354;75;42
354;76;42
354;77;21
354;78;21
354;79;21
354;80;21
354;81;21
354;82;21
354;83;21
354;84;21
354;85;21
354;86;21
354;87;21
354;88;21
354;89;21
354;90;21
354;91;21
354;92;21
354;93;21
354;94;21
354;95;21
354;96;21
354;97;21
354;98;21
354;99;26
354;100;26
354;101;26
354;102;26
354;103;26
354;104;26
354;105;26
354;106;26
354;107;26
354;108;26
354;109;26
354;110;26
354;111;26
354;112;26
354;113;26
354;114;26
354;115;26
354;116;26
354;117;26
354;118;26
354;119;26
354;120;26
354;121;26
354;122;26
354;123;26
354;124;26
354;125;26
354;126;26
354;127;26
354;128;26
354;129;26
354;130;26
354;131;19
354;132;19
354;133;19
354;134;19
354;135;19
354;136;19
354;137;19
354;138;19
354;139;19
354;140;19
354;141;19
354;142;19
354;143;19
354;144;19
354;145;19
354;146;19
354;147;19
354;148;19
354;149;19
354;150;19
354;151;19
354;152;19
354;153;19
354;154;19
354;155;19
354;156;19
354;157;19
354;158;19
354;159;19
354;160;19
354;161;19
354;162;41
354;163;41
354;164;41
354;165;41
354;166;41
354;167;41
354;168;41
354;169;41
354;170;41
354;171;41
354;172;41
354;173;41
354;174;41
354;175;41
354;176;41
354;177;41
354;178;41
354;179;41
354;180;41
354;181;41
354;182;41
354;183;41
354;184;37
354;185;37
354;186;37
354;187;37
354;188;37
354;189;37
354;190;37
354;191;37
354;192;37
354;193;37
354;194;37
354;195;37
354;196;37
354;197;37
354;198;37
354;199;37
354;200;37
354;201;37
354;202;37
354;203;37
354;204;37
354;205;37
354;206;37
354;207;50
354;208;50
354;209;50
354;210;50
354;211;50
354;212;50
354;213;50
354;214;50
354;215;50
354;216;50
354;217;50
354;218;25
354;219;25
354;220;25
354;221;25
354;222;25
354;223;25
354;224;25
354;225;25
354;226;25
354;227;25
354;228;25
354;229;25
354;230;25
354;231;25
354;232;25
354;233;30
354;234;30
354;235;30
354;236;30
354;237;30
354;238;30
354;239;30
354;240;30
354;241;30
354;242;30
354;243;30
354;244;30
354;245;30
354;246;30
354;247;30
354;248;30
354;249;30
354;250;30
354;251;30
354;252;30
354;253;30
354;254;30
354;255;30
354;256;30
354;257;30
354;258;30
354;259;30
354;260;30
354;261;30
354;262;30
354;263;30
354;264;2
354;265;2
354;266;2
354;267;2
354;268;2
354;269;2
354;270;2
354;271;2
354;272;2
354;273;2
354;274;45
354;275;45
354;276;45
354;277;45
354;278;45
354;279;45
354;280;45
354;281;45
354;282;45
354;283;45
354;284;45
354;285;45
354;286;45
354;287;45
354;288;45
354;289;45
354;290;45
354;291;45
354;292;45
354;293;45
354;294;45
354;295;45
354;296;45
354;297;45
354;298;45
354;299;45
354;300;45
354;301;45
354;302;38
354;303;38
354;304;38
354;305;38
354;306;38
354;307;38
354;308;38
354;309;38
354;310;42
354;311;42
354;312;42
354;313;42
354;314;42
354;315;42
354;316;42
354;317;42
354;318;42
354;319;42
354;320;42
354;321;42
354;322;42
354;323;42
354;324;42
354;325;42
354;326;42
354;327;42
354;328;42
354;329;42
354;330;42
354;331;42
354;332;42
354;333;42
354;334;42
354;335;42
354;336;42
354;337;42
354;338;42
354;339;42
354;340;42
354;341;42
354;342;29
354;343;29
354;344;29
354;345;29
354;346;29
354;347;29
354;348;29
354;349;29
354;350;29
354;351;29
354;352;29
354;353;29
354;354;29
354;355;29
354;356;29
354;357;29
354;358;29
354;359;29
354;360;29
354;361;29
354;362;29
354;363;29
354;364;29
354;365;29
354;366;29
354;367;29
354;368;29
354;369;29
354;370;29
354;371;29
354;372;29
354;373;29
354;374;29
354;375;29
354;376;29
354;377;29
354;378;29
354;379;29
354;380;1
354;381;1
354;382;1
354;383;1
354;384;1
354;385;1
354;386;1
354;387;1
354;388;1
354;389;1
354;390;1
354;391;1
354;392;1
354;393;1
354;394;1
354;395;1
354;396;1
354;397;1
354;398;1
354;399;1
354;400;1
354;401;1
354;402;1
354;403;1
354;404;1
354;405;1
354;406;1
354;407;1
354;408;1
354;409;1
354;410;1
354;411;1
354;412;1
354;413;1
354;414;1
354;415;1
354;416;1
354;417;1
354;418;1
354;419;1
354;420;1
354;421;1
354;422;1
354;423;1
354;424;1
354;425;1
354;426;1
354;427;1
354;428;20
354;429;20
354;430;20
354;431;20
354;432;20
354;433;20
354;434;20
354;435;20
354;436;20
354;437;20
354;438;20
354;439;20
354;440;20
354;441;20
354;442;20
354;443;20
354;444;20
354;445;20
354;446;20
354;447;20
354;448;20
354;449;20
354;450;20
354;451;20
354;452;20
354;453;20
354;454;20
354;455;20
354;456;20
354;457;20
354;458;20
354;459;20
354;460;20
354;461;20
354;462;20
354;463;20
354;464;20
354;465;20
354;466;20
354;467;20
354;468;20
354;469;20
354;470;20
354;471;20
354;472;20
354;473;35
354;474;35
354;475;35
354;476;35
354;477;35
354;478;35
354;479;35
354;480;35
354;481;24
354;482;24
354;483;24
354;484;24
354;485;24
354;486;24
354;487;24
354;488;24
354;489;24
354;490;24
354;491;24
354;492;24
354;493;24
354;494;24
354;495;24
354;496;24
354;497;24
354;498;24
354;499;24
355;0;21
355;1;21
355;2;21
355;3;21
355;4;21
355;5;21
355;6;21
355;7;21
355;8;21
355;9;21
355;10;21
355;11;21
355;12;21
355;13;21
355;14;21
355;15;21
355;16;21
355;17;21
355;18;21
355;19;21
355;20;21
355;21;21
355;22;21
355;23;21
355;24;21
355;25;21
355;26;21
355;27;21
355;28;21
355;29;21
355;30;21
355;31;21
355;32;21
355;33;21
355;34;21
355;35;21
355;36;21
355;37;21
355;38;21
355;39;21
355;40;21
355;41;29
355;42;29
355;43;29
355;44;29
355;45;29
355;46;29
355;47;29
355;48;29
355;49;29
355;50;29
355;51;29
355;52;27
355;53;27
355;54;27
355;55;27
355;56;27
355;57;27
355;58;27
355;59;27
355;60;27
355;61;27
355;62;27
355;63;27
355;64;27
355;65;27
355;66;27
355;67;27
355;68;27
355;69;27
355;70;27
355;71;27
355;72;27
355;73;27
355;74;27
355;75;27
355;76;42
355;77;21
355;78;21
355;79;21
355;80;21
355;81;21
355;82;21
355;83;21
355;84;21
355;85;21
355;86;21
355;87;21
355;88;21
355;89;21
355;90;21
355;91;21
355;92;21
355;93;21
355;94;21
355;95;21
355;96;21
355;97;21
355;98;21
355;99;26
355;100;26
355;101;26
355;102;26
355;103;26
355;104;26
355;105;26
355;106;26
355;107;26
355;108;26
355;109;26
355;110;26
355;111;26
355;112;26
355;113;26
355;114;26
355;115;26
355;116;26
355;117;26
355;118;26
355;119;26
355;120;26
355;121;26
355;122;26
355;123;26
355;124;26
355;125;26
355;126;26
355;127;26
355;128;26
355;129;26
355;130;26
355;131;26
355;132;19
355;133;19
355;134;19
355;135;19
355;136;19
355;137;19
355;138;19
355;139;19
355;140;19
355;141;19
355;142;19
355;143;19
355;144;19
355;145;19
355;146;19
355;147;19
355;148;19
355;149;19
355;150;19
355;151;19
355;152;19
355;153;19
355;154;19
355;155;19
355;156;19
355;157;19
355;158;19
355;159;19
355;160;19
355;161;19
355;162;19
355;163;41
355;164;41
355;165;41
355;166;41
355;167;41
355;168;41
355;169;41
355;170;41
355;171;41
355;172;41
355;173;41
355;174;41
355;175;41
355;176;41
355;177;41
355;178;41
355;179;41
355;180;41
355;181;41
355;182;41
355;183;37
355;184;37
355;185;37
355;186;37
355;187;37
355;188;37
355;189;37
355;190;37
355;191;37
355;192;37
355;193;37
355;194;37
355;195;37
355;196;37
355;197;37
355;198;37
355;199;37
355;200;37
355;201;37
355;202;37
355;203;37
355;204;37
355;205;37
355;206;37
355;207;37
355;208;37
355;209;50
355;210;50
355;211;50
355;212;50
355;213;50
355;214;50
355;215;50
355;216;50
355;217;50
355;218;25
355;219;25
355;220;25
355;221;25
355;222;25
355;223;25
355;224;25
355;225;25
355;226;25
355;227;25
355;228;25
355;229;25
355;230;25
355;231;25
355;232;25
355;233;25
355;234;25
355;235;30
355;236;30
355;237;30
355;238;30
355;239;30
355;240;30
355;241;30
355;242;30
355;243;30
355;244;30
355;245;30
355;246;30
355;247;30
355;248;30
355;249;30
355;250;30
355;251;30
355;252;30
355;253;30
355;254;30
355;255;30
355;256;30
355;257;30
355;258;30
355;259;30
355;260;30
355;261;30
355;262;30
355;263;30
355;264;30
355;265;2
355;266;2
355;267;2
355;268;2
355;269;2
355;270;2
355;271;2
355;272;2
355;273;45
355;274;45
355;275;45
355;276;45
355;277;45
355;278;45
355;279;45
355;280;45
355;281;45
355;282;45
355;283;45
355;284;45
355;285;45
355;286;45
355;287;45
355;288;45
355;289;45
355;290;45
355;291;45
355;292;45
355;293;45
355;294;45
355;295;45
355;296;45
355;297;45
355;298;45
355;299;45
355;300;45
355;301;45
355;302;38
355;303;38
355;304;38
355;305;38
355;306;38
355;307;38
355;308;38
355;309;38
355;310;38
355;311;42
355;312;42
355;313;42
355;314;42
355;315;42
355;316;42
355;317;42
355;318;42
355;319;42
355;320;42
355;321;42
355;322;42
355;323;42
355;324;42
355;325;42
355;326;42
355;327;42
355;328;42
355;329;42
355;330;42
355;331;42
355;332;42
355;333;42
355;334;42
355;335;42
355;336;42
355;337;42
355;338;42
355;339;42
355;340;42
355;341;42
355;342;29
355;343;29
355;344;29
355;345;29
355;346;29
355;347;29
355;348;29
355;349;29
355;350;29
355;351;29
355;352;29
355;353;29
355;354;29
355;355;29
355;356;29
355;357;29
355;358;29
355;359;29
355;360;29
355;361;29
355;362;29
355;363;29
355;364;29
355;365;29
355;366;29
355;367;29
355;368;29
355;369;29
355;370;29
355;371;29
355;372;29
355;373;29
355;374;29
355;375;29
355;376;29
355;377;29
355;378;29
355;379;29
355;380;29
355;381;1
355;382;1
355;383;1
355;384;1
355;385;1
355;386;1
355;387;1
355;388;1
355;389;1
355;390;1
355;391;1
355;392;1
355;393;1
355;394;1
355;395;1
355;396;1
355;397;1
355;398;1
355;399;1
355;400;1
355;401;1
355;402;1
355;403;1
355;404;1
355;405;1
355;406;1
355;407;1
355;408;1
355;409;1
355;410;1
355;411;1
355;412;1
355;413;1
355;414;1
355;415;1
355;416;1
355;417;1
355;418;1
355;419;1
355;420;1
355;421;1
355;422;1
355;423;1
355;424;1
355;425;1
355;426;1
355;427;1
355;428;20
355;429;20
355;430;20
355;431;20
355;432;20
355;433;20
355;434;20
355;435;20
355;436;20
355;437;20
355;438;20
355;439;20
355;440;20
355;441;20
355;442;20
355;443;20
355;444;20
355;445;20
355;446;20
355;447;20
355;448;20
355;449;20
355;450;20
355;451;20
355;452;20
355;453;20
355;454;20
355;455;20
355;456;20
355;457;20
355;458;20
355;459;20
355;460;20
355;461;20
355;462;20
355;463;20
355;464;20
355;465;20
355;466;20
355;467;20
355;468;20
355;469;20
355;470;20
355;471;20
355;472;20
355;473;35
355;474;35
355;475;35
355;476;35
355;477;35
355;478;35
355;479;35
355;480;35
355;481;35
355;482;24
355;483;24
355;484;24
355;485;24
355;486;24
355;487;24
355;488;24
355;489;24
355;490;24
355;491;24
355;492;24
355;493;24
355;494;24
355;495;24
355;496;24
355;497;24
355;498;24
355;499;24
356;0;21
356;1;21
356;2;21
356;3;21
356;4;21
356;5;21
356;6;21
356;7;21
356;8;21
356;9;21
356;10;21
356;11;21
356;12;21
356;13;21
356;14;21
356;15;21
356;16;21
356;17;21
356;18;21
356;19;21
356;20;21
356;21;21
356;22;21
356;23;21
356;24;21
356;25;21
356;26;21
356;27;21
356;28;21
356;29;21
356;30;21
356;31;21
356;32;21
356;33;21
356;34;21
356;35;21
356;36;21
356;37;21
356;38;21
356;39;21
356;40;21
356;41;29
356;42;29
356;43;29
356;44;29
356;45;29
356;46;29
356;47;29
356;48;29
356;49;29
356;50;29
356;51;29
356;52;29
356;53;27
356;54;27
356;55;27
356;56;27
356;57;27
356;58;27
356;59;27
356;60;27
356;61;27
356;62;27
356;63;27
356;64;27
356;65;27
356;66;27
356;67;27
356;68;27
356;69;27
356;70;27
356;71;27
356;72;27
356;73;27
356;74;27
356;75;27
356;76;27
356;77;21
356;78;21
356;79;21
356;80;21
356;81;21
356;82;21
356;83;21
356;84;21
356;85;21
356;86;21
356;87;21
356;88;21
356;89;21
356;90;21
356;91;21
356;92;21
356;93;21
356;94;21
356;95;21
356;96;21
356;97;21
356;98;21
356;99;21
356;100;26
356;101;26
356;102;26
356;103;26
356;104;26
356;105;26
356;106;26
356;107;26
356;108;26
356;109;26
356;110;26
356;111;26
356;112;26
356;113;26
356;114;26
356;115;26
356;116;26
356;117;26
356;118;26
356;119;26
356;120;26
356;121;26
356;122;26
356;123;26
356;124;26
356;125;26
356;126;26
356;127;26
356;128;26
356;129;26
356;130;26
356;131;26
356;132;26
356;133;26
356;134;19
356;135;19
356;136;19
356;137;19
356;138;19
356;139;19
356;140;19
356;141;19
356;142;19
356;143;19
356;144;19
356;145;19
356;146;19
356;147;19
356;148;19
356;149;19
356;150;19
356;151;19
356;152;19
356;153;19
356;154;19
356;155;19
356;156;19
356;157;19
356;158;19
356;159;19
356;160;19
356;161;19
356;162;19
356;163;41
356;164;41
356;165;41
356;166;41
356;167;41
356;168;41
356;169;41
356;170;41
356;171;41
356;172;41
356;173;41
356;174;41
356;175;41
356;176;41
356;177;41
356;178;41
356;179;41
356;180;37
356;181;37
356;182;37
356;183;37
356;184;37
356;185;37
356;186;37
356;187;37
356;188;37
356;189;37
356;190;37
356;191;37
356;192;37
356;193;37
356;194;37
356;195;37
356;196;37
356;197;37
356;198;37
356;199;37
356;200;37
356;201;37
356;202;37
356;203;37
356;204;37
356;205;37
356;206;37
356;207;37
356;208;37
356;209;37
356;210;37
356;211;50
356;212;50
356;213;50
356;214;50
356;215;50
356;216;50
356;217;25
356;218;25
356;219;25
356;220;25
356;221;25
356;222;25
356;223;25
356;224;25
356;225;25
356;226;25
356;227;25
356;228;25
356;229;25
356;230;25
356;231;25
356;232;25
356;233;25
356;234;25
356;235;25
356;236;25
356;237;30
356;238;30
356;239;30
356;240;30
356;241;30
356;242;30
356;243;30
356;244;30
356;245;30
356;246;30
356;247;30
356;248;30
356;249;30
356;250;30
356;251;30
356;252;30
356;253;30
356;254;30
356;255;30
356;256;30
356;257;30
356;258;30
356;259;30
356;260;30
356;261;30
356;262;30
356;263;30
356;264;30
356;265;2
356;266;2
356;267;2
356;268;2
356;269;2
356;270;2
356;271;2
356;272;2
356;273;45
356;274;45
356;275;45
356;276;45
356;277;45
356;278;45
356;279;45
356;280;45
356;281;45
356;282;45
356;283;45
356;284;45
356;285;45
356;286;45
356;287;45
356;288;45
356;289;45
356;290;45
356;291;45
356;292;45
356;293;45
356;294;45
356;295;45
356;296;45
356;297;45
356;298;45
356;299;45
356;300;45
356;301;38
356;302;38
356;303;38
356;304;38
356;305;38
356;306;38
356;307;38
356;308;38
356;309;38
356;310;38
356;311;38
356;312;42
356;313;42
356;314;42
356;315;42
356;316;42
356;317;42
356;318;42
356;319;42
356;320;42
356;321;42
356;322;42
356;323;42
356;324;42
356;325;42
356;326;42
356;327;42
356;328;42
356;329;42
356;330;42
356;331;42
356;332;42
356;333;42
356;334;42
356;335;42
356;336;42
356;337;42
356;338;42
356;339;42
356;340;42
356;341;42
356;342;29
356;343;29
356;344;29
356;345;29
356;346;29
356;347;29
356;348;29
356;349;29
356;350;29
356;351;29
356;352;29
356;353;29
356;354;29
356;355;29
356;356;29
356;357;29
356;358;29
356;359;29
356;360;29
356;361;29
356;362;29
356;363;29
356;364;29
356;365;29
356;366;29
356;367;29
356;368;29
356;369;29
356;370;29
356;371;29
356;372;29
356;373;29
356;374;29
356;375;29
356;376;29
356;377;29
356;378;29
356;379;29
356;380;29
356;381;1
356;382;1
356;383;1
356;384;1
356;385;1
356;386;1
356;387;1
356;388;1
356;389;1
356;390;1
356;391;1
356;392;1
356;393;1
356;394;1
356;395;1
356;396;1
356;397;1
356;398;1
356;399;1
356;400;1
356;401;1
356;402;1
356;403;1
356;404;1
356;405;1
356;406;1
356;407;1
356;408;1
356;409;1
356;410;1
356;411;1
356;412;1
356;413;1
356;414;1
356;415;1
356;416;1
356;417;1
356;418;1
356;419;1
356;420;1
356;421;1
356;422;1
356;423;1
356;424;1
356;425;1
356;426;1
356;427;1
356;428;1
356;429;20
356;430;20
356;431;20
356;432;20
356;433;20
356;434;20
356;435;20
356;436;20
356;437;20
356;438;20
356;439;20
356;440;20
356;441;20
356;442;20
356;443;20
356;444;20
356;445;20
356;446;20
356;447;20
356;448;20
356;449;20
356;450;20
356;451;20
356;452;20
356;453;20
356;454;20
356;455;20
356;456;20
356;457;20
356;458;20
356;459;20
356;460;20
356;461;20
356;462;20
356;463;20
356;464;20
356;465;20
356;466;20
356;467;20
356;468;20
356;469;20
356;470;20
356;471;20
356;472;20
356;473;35
356;474;35
356;475;35
356;476;35
356;477;35
356;478;35
356;479;35
356;480;35
356;481;35
356;482;35
356;483;24
356;484;24
356;485;24
356;486;24
356;487;24
356;488;24
356;489;24
356;490;24
356;491;24
356;492;24
356;493;24
356;494;24
356;495;24
356;496;24
356;497;24
356;498;24
356;499;24
357;0;21
357;1;21
357;2;21
357;3;21
357;4;21
357;5;21
357;6;21
357;7;21
357;8;21
357;9;21
357;10;21
357;11;21
357;12;21
357;13;21
357;14;21
357;15;21
357;16;21
357;17;21
357;18;21
357;19;21
357;20;21
357;21;21
357;22;21
357;23;21
357;24;21
357;25;21
357;26;21
357;27;21
357;28;21
357;29;21
357;30;21
357;31;21
357;32;21
357;33;21
357;34;21
357;35;21
357;36;21
357;37;21
357;38;21
357;39;21
357;40;21
357;41;29
357;42;29
357;43;29
357;44;29
357;45;29
357;46;29
357;47;29
357;48;29
357;49;29
357;50;29
357;51;29
357;52;29
357;53;29
357;54;27
357;55;27
357;56;27
357;57;27
357;58;27
357;59;27
357;60;27
357;61;27
357;62;27
357;63;27
357;64;27
357;65;27
357;66;27
357;67;27
357;68;27
357;69;27
357;70;27
357;71;27
357;72;27
357;73;27
357;74;27
357;75;27
357;76;27
357;77;27
357;78;21
357;79;21
357;80;21
357;81;21
357;82;21
357;83;21
357;84;21
357;85;21
357;86;21
357;87;21
357;88;21
357;89;21
357;90;21
357;91;21
357;92;21
357;93;21
357;94;21
357;95;21
357;96;21
357;97;21
357;98;21
357;99;21
357;100;26
357;101;26
357;102;26
357;103;26
357;104;26
357;105;26
357;106;26
357;107;26
357;108;26
357;109;26
357;110;26
357;111;26
357;112;26
357;113;26
357;114;26
357;115;26
357;116;26
357;117;26
357;118;26
357;119;26
357;120;26
357;121;26
357;122;26
357;123;26
357;124;26
357;125;26
357;126;26
357;127;26
357;128;26
357;129;26
357;130;26
357;131;26
357;132;26
357;133;26
357;134;26
357;135;26
357;136;19
357;137;19
357;138;19
357;139;19
357;140;19
357;141;19
357;142;19
357;143;19
357;144;19
357;145;19
357;146;19
357;147;19
357;148;19
357;149;19
357;150;19
357;151;19
357;152;19
357;153;19
357;154;19
357;155;19
357;156;19
357;157;19
357;158;19
357;159;19
357;160;19
357;161;19
357;162;19
357;163;19
357;164;41
357;165;41
357;166;41
357;167;41
357;168;41
357;169;41
357;170;41
357;171;41
357;172;41
357;173;41
357;174;41
357;175;41
357;176;41
357;177;41
357;178;41
357;179;37
357;180;37
357;181;37
357;182;37
357;183;37
357;184;37
357;185;37
357;186;37
357;187;37
357;188;37
357;189;37
357;190;37
357;191;37
357;192;37
357;193;37
357;194;37
357;195;37
357;196;37
357;197;37
357;198;37
357;199;37
357;200;37
357;201;37
357;202;37
357;203;37
357;204;37
357;205;37
357;206;37
357;207;37
357;208;37
357;209;37
357;210;37
357;211;37
357;212;37
357;213;50
357;214;50
357;215;50
357;216;25
357;217;25
357;218;25
357;219;25
357;220;25
357;221;25
357;222;25
357;223;25
357;224;25
357;225;25
357;226;25
357;227;25
357;228;25
357;229;25
357;230;25
357;231;25
357;232;25
357;233;25
357;234;25
357;235;25
357;236;25
357;237;25
357;238;25
357;239;30
357;240;30
357;241;30
357;242;30
357;243;30
357;244;30
357;245;30
357;246;30
357;247;30
357;248;30
357;249;30
357;250;30
357;251;30
357;252;30
357;253;30
357;254;30
357;255;30
357;256;30
357;257;30
357;258;30
357;259;30
357;260;30
357;261;30
357;262;30
357;263;30
357;264;30
357;265;30
357;266;2
357;267;2
357;268;2
357;269;2
357;270;2
357;271;2
357;272;2
357;273;45
357;274;45
357;275;45
357;276;45
357;277;45
357;278;45
357;279;45
357;280;45
357;281;45
357;282;45
357;283;45
357;284;45
357;285;45
357;286;45
357;287;45
357;288;45
357;289;45
357;290;45
357;291;45
357;292;45
357;293;45
357;294;45
357;295;45
357;296;45
357;297;45
357;298;45
357;299;45
357;300;38
357;301;38
357;302;38
357;303;38
357;304;38
357;305;38
357;306;38
357;307;38
357;308;38
357;309;38
357;310;38
357;311;38
357;312;38
357;313;42
357;314;42
357;315;42
357;316;42
357;317;42
357;318;42
357;319;42
357;320;42
357;321;42
357;322;42
357;323;42
357;324;42
357;325;42
357;326;42
357;327;42
357;328;42
357;329;42
357;330;42
357;331;42
357;332;42
357;333;42
357;334;42
357;335;42
357;336;42
357;337;42
357;338;42
357;339;42
357;340;42
357;341;42
357;342;29
357;343;29
357;344;29
357;345;29
357;346;29
357;347;29
357;348;29
357;349;29
357;350;29
357;351;29
357;352;29
357;353;29
357;354;29
357;355;29
357;356;29
357;357;29
357;358;29
357;359;29
357;360;29
357;361;29
357;362;29
357;363;29
357;364;29
357;365;29
357;366;29
357;367;29
357;368;29
357;369;29
357;370;29
357;371;29
357;372;29
357;373;29
357;374;29
357;375;29
357;376;29
357;377;29
357;378;29
357;379;29
357;380;29
357;381;29
357;382;1
357;383;1
357;384;1
357;385;1
357;386;1
357;387;1
357;388;1
357;389;1
357;390;1
357;391;1
357;392;1
357;393;1
357;394;1
357;395;1
357;396;1
357;397;1
357;398;1
357;399;1
357;400;1
357;401;1
357;402;1
357;403;1
357;404;1
357;405;1
357;406;1
357;407;1
357;408;1
357;409;1
357;410;1
357;411;1
357;412;1
357;413;1
357;414;1
357;415;1
357;416;1
357;417;1
357;418;1
357;419;1
357;420;1
357;421;1
357;422;1
357;423;1
357;424;1
357;425;1
357;426;1
357;427;1
357;428;1
357;429;20
357;430;20
357;431;20
357;432;20
357;433;20
357;434;20
357;435;20
357;436;20
357;437;20
357;438;20
357;439;20
357;440;20
357;441;20
357;442;20
357;443;20
357;444;20
357;445;20
357;446;20
357;447;20
357;448;20
357;449;20
357;450;20
357;451;20
357;452;20
357;453;20
357;454;20
357;455;20
357;456;20
357;457;20
357;458;20
357;459;20
357;460;20
357;461;20
357;462;20
357;463;20
357;464;20
357;465;20
357;466;20
357;467;20
357;468;20
357;469;20
357;470;20
357;471;20
357;472;20
357;473;35
357;474;35
357;475;35
357;476;35
357;477;35
357;478;35
357;479;35
357;480;35
357;481;35
357;482;35
357;483;35
357;484;24
357;485;24
357;486;24
357;487;24
357;488;24
357;489;24
357;490;24
357;491;24
357;492;24
357;493;24
357;494;24
357;495;24
357;496;24
357;497;24
357;498;24
357;499;24
358;0;21
358;1;21
358;2;21
358;3;21
358;4;21
358;5;21
358;6;21
358;7;21
358;8;21
358;9;21
358;10;21
358;11;21
358;12;21
358;13;21
358;14;21
358;15;21
358;16;21
358;17;21
358;18;21
358;19;21
358;20;21
358;21;21
358;22;21
358;23;21
358;24;21
358;25;21
358;26;21
358;27;21
358;28;21
358;29;21
358;30;21
358;31;21
358;32;21
358;33;21
358;34;21
358;35;21
358;36;21
358;37;21
358;38;21
358;39;21
358;40;21
358;41;29
358;42;29
358;43;29
358;44;29
358;45;29
358;46;29
358;47;29
358;48;29
358;49;29
358;50;29
358;51;29
358;52;29
358;53;29
358;54;29
358;55;27
358;56;27
358;57;27
358;58;27
358;59;27
358;60;27
358;61;27
358;62;27
358;63;27
358;64;27
358;65;27
358;66;27
358;67;27
358;68;27
358;69;27
358;70;27
358;71;27
358;72;27
358;73;27
358;74;27
358;75;27
358;76;27
358;77;27
358;78;21
358;79;21
358;80;21
358;81;21
358;82;21
358;83;21
358;84;21
358;85;21
358;86;21
358;87;21
358;88;21
358;89;21
358;90;21
358;91;21
358;92;21
358;93;21
358;94;21
358;95;21
358;96;21
358;97;21
358;98;21
358;99;21
358;100;21
358;101;26
358;102;26
358;103;26
358;104;26
358;105;26
358;106;26
358;107;26
358;108;26
358;109;26
358;110;26
358;111;26
358;112;26
358;113;26
358;114;26
358;115;26
358;116;26
358;117;26
358;118;26
358;119;26
358;120;26
358;121;26
358;122;26
358;123;26
358;124;26
358;125;26
358;126;26
358;127;26
358;128;26
358;129;26
358;130;26
358;131;26
358;132;26
358;133;26
358;134;26
358;135;26
358;136;26
358;137;26
358;138;19
358;139;19
358;140;19
358;141;19
358;142;19
358;143;19
358;144;19
358;145;19
358;146;19
358;147;19
358;148;19
358;149;19
358;150;19
358;151;19
358;152;19
358;153;19
358;154;19
358;155;19
358;156;19
358;157;19
358;158;19
358;159;19
358;160;19
358;161;19
358;162;19
358;163;19
358;164;41
358;165;41
358;166;41
358;167;41
358;168;41
358;169;41
358;170;41
358;171;41
358;172;41
358;173;41
358;174;41
358;175;41
358;176;41
358;177;41
358;178;37
358;179;37
358;180;37
358;181;37
358;182;37
358;183;37
358;184;37
358;185;37
358;186;37
358;187;37
358;188;37
358;189;37
358;190;37
358;191;37
358;192;37
358;193;37
358;194;37
358;195;37
358;196;37
358;197;37
358;198;37
358;199;37
358;200;37
358;201;37
358;202;37
358;203;37
358;204;37
358;205;37
358;206;37
358;207;37
358;208;37
358;209;37
358;210;37
358;211;37
358;212;37
358;213;37
358;214;37
358;215;25
358;216;25
358;217;25
358;218;25
358;219;25
358;220;25
358;221;25
358;222;25
358;223;25
358;224;25
358;225;25
358;226;25
358;227;25
358;228;25
358;229;25
358;230;25
358;231;25
358;232;25
358;233;25
358;234;25
358;235;25
358;236;25
358;237;25
358;238;25
358;239;25
358;240;25
358;241;30
358;242;30
358;243;30
358;244;30
358;245;30
358;246;30
358;247;30
358;248;30
358;249;30
358;250;30
358;251;30
358;252;30
358;253;30
358;254;30
358;255;30
358;256;30
358;257;30
358;258;30
358;259;30
358;260;30
358;261;30
358;262;30
358;263;30
358;264;30
358;265;30
358;266;2
358;267;2
358;268;2
358;269;2
358;270;2
358;271;2
358;272;2
358;273;45
358;274;45
358;275;45
358;276;45
358;277;45
358;278;45
358;279;45
358;280;45
358;281;45
358;282;45
358;283;45
358;284;45
358;285;45
358;286;45
358;287;45
358;288;45
358;289;45
358;290;45
358;291;45
358;292;45
358;293;45
358;294;45
358;295;45
358;296;45
358;297;45
358;298;45
358;299;38
358;300;38
358;301;38
358;302;38
358;303;38
358;304;38
358;305;38
358;306;38
358;307;38
358;308;38
358;309;38
358;310;38
358;311;38
358;312;38
358;313;38
358;314;42
358;315;42
358;316;42
358;317;42
358;318;42
358;319;42
358;320;42
358;321;42
358;322;42
358;323;42
358;324;42
358;325;42
358;326;42
358;327;42
358;328;42
358;329;42
358;330;42
358;331;42
358;332;42
358;333;42
358;334;42
358;335;42
358;336;42
358;337;42
358;338;42
358;339;42
358;340;42
358;341;42
358;342;29
358;343;29
358;344;29
358;345;29
358;346;29
358;347;29
358;348;29
358;349;29
358;350;29
358;351;29
358;352;29
358;353;29
358;354;29
358;355;29
358;356;29
358;357;29
358;358;29
358;359;29
358;360;29
358;361;29
358;362;29
358;363;29
358;364;29
358;365;29
358;366;29
358;367;29
358;368;29
358;369;29
358;370;29
358;371;29
358;372;29
358;373;29
358;374;29
358;375;29
358;376;29
358;377;29
358;378;29
358;379;29
358;380;29
358;381;29
358;382;29
358;383;1
358;384;1
358;385;1
358;386;1
358;387;1
358;388;1
358;389;1
358;390;1
358;391;1
358;392;1
358;393;1
358;394;1
358;395;1
358;396;1
358;397;1
358;398;1
358;399;1
358;400;1
358;401;1
358;402;1
358;403;1
358;404;1
358;405;1
358;406;1
358;407;1
358;408;1
358;409;1
358;410;1
358;411;1
358;412;1
358;413;1
358;414;1
358;415;1
358;416;1
358;417;1
358;418;1
358;419;1
358;420;1
358;421;1
358;422;1
358;423;1
358;424;1
358;425;1
358;426;1
358;427;1
358;428;1
358;429;20
358;430;20
358;431;20
358;432;20
358;433;20
358;434;20
358;435;20
358;436;20
358;437;20
358;438;20
358;439;20
358;440;20
358;441;20
358;442;20
358;443;20
358;444;20
358;445;20
358;446;20
358;447;20
358;448;20
358;449;20
358;450;20
358;451;20
358;452;20
358;453;20
358;454;20
358;455;20
358;456;20
358;457;20
358;458;20
358;459;20
358;460;20
358;461;20
358;462;20
358;463;20
358;464;20
358;465;20
358;466;20
358;467;20
358;468;20
358;469;20
358;470;20
358;471;20
358;472;20
358;473;35
358;474;35
358;475;35
358;476;35
358;477;35
358;478;35
358;479;35
358;480;35
358;481;35
358;482;35
358;483;35
358;484;35
358;485;24
358;486;24
358;487;24
358;488;24
358;489;24
358;490;24
358;491;24
358;492;24
358;493;24
358;494;24
358;495;24
358;496;24
358;497;24
358;498;24
358;499;24
359;0;1
359;1;21
359;2;21
359;3;21
359;4;21
359;5;21
359;6;21
359;7;21
359;8;21
359;9;21
359;10;21
359;11;21
359;12;21
359;13;21
359;14;21
359;15;21
359;16;21
359;17;21
359;18;21
359;19;21
359;20;21
359;21;21
359;22;21
359;23;21
359;24;21
359;25;21
359;26;21
359;27;21
359;28;21
359;29;21
359;30;21
359;31;21
359;32;21
359;33;21
359;34;21
359;35;21
359;36;21
359;37;21
359;38;21
359;39;21
359;40;21
359;41;29
359;42;29
359;43;29
359;44;29
359;45;29
359;46;29
359;47;29
359;48;29
359;49;29
359;50;29
359;51;29
359;52;29
359;53;29
359;54;29
359;55;29
359;56;27
359;57;27
359;58;27
359;59;27
359;60;27
359;61;27
359;62;27
359;63;27
359;64;27
359;65;27
359;66;27
359;67;27
359;68;27
359;69;27
359;70;27
359;71;27
359;72;27
359;73;27
359;74;27
359;75;27
359;76;27
359;77;27
359;78;27
359;79;21
359;80;21
359;81;21
359;82;21
359;83;21
359;84;21
359;85;21
359;86;21
359;87;21
359;88;21
359;89;21
359;90;21
359;91;21
359;92;21
359;93;21
359;94;21
359;95;21
359;96;21
359;97;21
359;98;21
359;99;21
359;100;21
359;101;26
359;102;26
359;103;26
359;104;26
359;105;26
359;106;26
359;107;26
359;108;26
359;109;26
359;110;26
359;111;26
359;112;26
359;113;26
359;114;26
359;115;26
359;116;26
359;117;26
359;118;26
359;119;26
359;120;26
359;121;26
359;122;26
359;123;26
359;124;26
359;125;26
359;126;26
359;127;26
359;128;26
359;129;26
359;130;26
359;131;26
359;132;26
359;133;26
359;134;26
359;135;26
359;136;26
359;137;26
359;138;26
359;139;26
359;140;19
359;141;19
359;142;19
359;143;19
359;144;19
359;145;19
359;146;19
359;147;19
359;148;19
359;149;19
359;150;19
359;151;19
359;152;19
359;153;19
359;154;19
359;155;19
359;156;19
359;157;19
359;158;19
359;159;19
359;160;19
359;161;19
359;162;19
359;163;19
359;164;19
359;165;41
359;166;41
359;167;41
359;168;41
359;169;41
359;170;41
359;171;41
359;172;41
359;173;41
359;174;41
359;175;41
359;176;41
359;177;37
359;178;37
359;179;37
359;180;37
359;181;37
359;182;37
359;183;37
359;184;37
359;185;37
359;186;37
359;187;37
359;188;37
359;189;37
359;190;37
359;191;37
359;192;37
359;193;37
359;194;37
359;195;37
359;196;37
359;197;37
359;198;37
359;199;37
359;200;37
359;201;37
359;202;37
359;203;37
359;204;37
359;205;37
359;206;37
359;207;37
359;208;37
359;209;37
359;210;37
359;211;37
359;212;37
359;213;37
359;214;37
359;215;37
359;216;25
359;217;25
359;218;25
359;219;25
359;220;25
359;221;25
359;222;25
359;223;25
359;224;25
359;225;25
359;226;25
359;227;25
359;228;25
359;229;25
359;230;25
359;231;25
359;232;25
359;233;25
359;234;25
359;235;25
359;236;25
359;237;25
359;238;25
359;239;25
359;240;25
359;241;25
359;242;25
359;243;30
359;244;30
359;245;30
359;246;30
359;247;30
359;248;30
359;249;30
359;250;30
359;251;30
359;252;30
359;253;30
359;254;30
359;255;30
359;256;30
359;257;30
359;258;30
359;259;30
359;260;30
359;261;30
359;262;30
359;263;30
359;264;30
359;265;30
359;266;30
359;267;2
359;268;2
359;269;2
359;270;2
359;271;2
359;272;2
359;273;45
359;274;45
359;275;45
359;276;45
359;277;45
359;278;45
359;279;45
359;280;45
359;281;45
359;282;45
359;283;45
359;284;45
359;285;45
359;286;45
359;287;45
359;288;45
359;289;45
359;290;45
359;291;45
359;292;45
359;293;45
359;294;45
359;295;45
359;296;45
359;297;45
359;298;38
359;299;38
359;300;38
359;301;38
359;302;38
359;303;38
359;304;38
359;305;38
359;306;38
359;307;38
359;308;38
359;309;38
359;310;38
359;311;38
359;312;38
359;313;38
359;314;38
359;315;42
359;316;42
359;317;42
359;318;42
359;319;42
359;320;42
359;321;42
359;322;42
359;323;42
359;324;42
359;325;42
359;326;42
359;327;42
359;328;42
359;329;42
359;330;42
359;331;42
359;332;42
359;333;42
359;334;42
359;335;42
359;336;42
359;337;42
359;338;42
359;339;42
359;340;42
359;341;42
359;342;29
359;343;29
359;344;29
359;345;29
359;346;29
359;347;29
359;348;29
359;349;29
359;350;29
359;351;29
359;352;29
359;353;29
359;354;29
359;355;29
359;356;29
359;357;29
359;358;29
359;359;29
359;360;29
359;361;29
359;362;29
359;363;29
359;364;29
359;365;29
359;366;29
359;367;29
359;368;29
359;369;29
359;370;29
359;371;29
359;372;29
359;373;29
359;374;29
359;375;29
359;376;29
359;377;29
359;378;29
359;379;29
359;380;29
359;381;29
359;382;29
359;383;29
359;384;1
359;385;1
359;386;1
359;387;1
359;388;1
359;389;1
359;390;1
359;391;1
359;392;1
359;393;1
359;394;1
359;395;1
359;396;1
359;397;1
359;398;1
359;399;1
359;400;1
359;401;1
359;402;1
359;403;1
359;404;1
359;405;1
359;406;1
359;407;1
359;408;1
359;409;1
359;410;1
359;411;1
359;412;1
359;413;1
359;414;1
359;415;1
359;416;1
359;417;1
359;418;1
359;419;1
359;420;1
359;421;1
359;422;1
359;423;1
359;424;1
359;425;1
359;426;1
359;427;1
359;428;1
359;429;20
359;430;20
359;431;20
359;432;20
359;433;20
359;434;20
359;435;20
359;436;20
359;437;20
359;438;20
359;439;20
359;440;20
359;441;20
359;442;20
359;443;20
359;444;20
359;445;20
359;446;20
359;447;20
359;448;20
359;449;20
359;450;20
359;451;20
359;452;20
359;453;20
359;454;20
359;455;20
359;456;20
359;457;20
359;458;20
359;459;20
359;460;20
359;461;20
359;462;20
359;463;20
359;464;20
359;465;20
359;466;20
359;467;20
359;468;20
359;469;20
359;470;20
359;471;20
359;472;20
359;473;35
359;474;35
359;475;35
359;476;35
359;477;35
359;478;35
359;479;35
359;480;35
359;481;35
359;482;35
359;483;35
359;484;35
359;485;35
359;486;24
359;487;24
359;488;24
359;489;24
359;490;24
359;491;24
359;492;24
359;493;24
359;494;24
359;495;24
359;496;24
359;497;24
359;498;24
359;499;24
360;0;1
360;1;1
360;2;1
360;3;21
360;4;21
360;5;21
360;6;21
360;7;21
360;8;21
360;9;21
360;10;21
360;11;21
360;12;21
360;13;21
360;14;21
360;15;21
360;16;21
360;17;21
360;18;21
360;19;21
360;20;21
360;21;21
360;22;21
360;23;21
360;24;21
360;25;21
360;26;21
360;27;21
360;28;21
360;29;21
360;30;21
360;31;21
360;32;21
360;33;21
360;34;21
360;35;21
360;36;21
360;37;21
360;38;21
360;39;21
360;40;21
360;41;29
360;42;29
360;43;29
360;44;29
360;45;29
360;46;29
360;47;29
360;48;29
360;49;29
360;50;29
360;51;29
360;52;29
360;53;29
360;54;29
360;55;29
360;56;27
360;57;27
360;58;27
360;59;27
360;60;27
360;61;27
360;62;27
360;63;27
360;64;27
360;65;27
360;66;27
360;67;27
360;68;27
360;69;27
360;70;27
360;71;27
360;72;27
360;73;27
360;74;27
360;75;27
360;76;27
360;77;27
360;78;27
360;79;21
360;80;21
360;81;21
360;82;21
360;83;21
360;84;21
360;85;21
360;86;21
360;87;21
360;88;21
360;89;21
360;90;21
360;91;21
360;92;21
360;93;21
360;94;21
360;95;21
360;96;21
360;97;21
360;98;21
360;99;21
360;100;21
360;101;21
360;102;26
360;103;26
360;104;26
360;105;26
360;106;26
360;107;26
360;108;26
360;109;26
360;110;26
360;111;26
360;112;26
360;113;26
360;114;26
360;115;26
360;116;26
360;117;26
360;118;26
360;119;26
360;120;26
360;121;26
360;122;26
360;123;26
360;124;26
360;125;26
360;126;26
360;127;26
360;128;26
360;129;26
360;130;26
360;131;26
360;132;26
360;133;26
360;134;26
360;135;26
360;136;26
360;137;26
360;138;26
360;139;26
360;140;26
360;141;26
360;142;19
360;143;19
360;144;19
360;145;19
360;146;19
360;147;19
360;148;19
360;149;19
360;150;19
360;151;19
360;152;19
360;153;19
360;154;19
360;155;19
360;156;19
360;157;19
360;158;19
360;159;19
360;160;19
360;161;19
360;162;19
360;163;19
360;164;19
360;165;41
360;166;41
360;167;41
360;168;41
360;169;41
360;170;41
360;171;41
360;172;41
360;173;41
360;174;41
360;175;41
360;176;37
360;177;37
360;178;37
360;179;37
360;180;37
360;181;37
360;182;37
360;183;37
360;184;37
360;185;37
360;186;37
360;187;37
360;188;37
360;189;37
360;190;37
360;191;37
360;192;37
360;193;37
360;194;37
360;195;37
360;196;37
360;197;37
360;198;37
360;199;37
360;200;37
360;201;37
360;202;37
360;203;37
360;204;37
360;205;37
360;206;37
360;207;37
360;208;37
360;209;37
360;210;37
360;211;37
360;212;37
360;213;37
360;214;37
360;215;37
360;216;25
360;217;25
360;218;25
360;219;25
360;220;25
360;221;25
360;222;25
360;223;25
360;224;25
360;225;25
360;226;25
360;227;25
360;228;25
360;229;25
360;230;25
360;231;25
360;232;25
360;233;25
360;234;25
360;235;25
360;236;25
360;237;25
360;238;25
360;239;25
360;240;25
360;241;25
360;242;25
360;243;25
360;244;25
360;245;30
360;246;30
360;247;30
360;248;30
360;249;30
360;250;30
360;251;30
360;252;30
360;253;30
360;254;30
360;255;30
360;256;30
360;257;30
360;258;30
360;259;30
360;260;30
360;261;30
360;262;30
360;263;30
360;264;30
360;265;30
360;266;30
360;267;2
360;268;2
360;269;2
360;270;2
360;271;2
360;272;2
360;273;45
360;274;45
360;275;45
360;276;45
360;277;45
360;278;45
360;279;45
360;280;45
360;281;45
360;282;45
360;283;45
360;284;45
360;285;45
360;286;45
360;287;45
360;288;45
360;289;45
360;290;45
360;291;45
360;292;45
360;293;45
360;294;45
360;295;45
360;296;45
360;297;38
360;298;38
360;299;38
360;300;38
360;301;38
360;302;38
360;303;38
360;304;38
360;305;38
360;306;38
360;307;38
360;308;38
360;309;38
360;310;38
360;311;38
360;312;38
360;313;38
360;314;38
360;315;38
360;316;38
360;317;42
360;318;42
360;319;42
360;320;42
360;321;42
360;322;42
360;323;42
360;324;42
360;325;42
360;326;42
360;327;42
360;328;42
360;329;42
360;330;42
360;331;42
360;332;42
360;333;42
360;334;42
360;335;42
360;336;42
360;337;42
360;338;42
360;339;42
360;340;42
360;341;42
360;342;29
360;343;29
360;344;29
360;345;29
360;346;29
360;347;29
360;348;29
360;349;29
360;350;29
360;351;29
360;352;29
360;353;29
360;354;29
360;355;29
360;356;29
360;357;29
360;358;29
360;359;29
360;360;29
360;361;29
360;362;29
360;363;29
360;364;29
360;365;29
360;366;29
360;367;29
360;368;29
360;369;29
360;370;29
360;371;29
360;372;29
360;373;29
360;374;29
360;375;29
360;376;29
360;377;29
360;378;29
360;379;29
360;380;29
360;381;29
360;382;29
360;383;29
360;384;29
360;385;1
360;386;1
360;387;1
360;388;1
360;389;1
360;390;1
360;391;1
360;392;1
360;393;1
360;394;1
360;395;1
360;396;1
360;397;1
360;398;1
360;399;1
360;400;1
360;401;1
360;402;1
360;403;1
360;404;1
360;405;1
360;406;1
360;407;1
360;408;1
360;409;1
360;410;1
360;411;1
360;412;1
360;413;1
360;414;1
360;415;1
360;416;1
360;417;1
360;418;1
360;419;1
360;420;1
360;421;1
360;422;1
360;423;1
360;424;1
360;425;1
360;426;1
360;427;1
360;428;1
360;429;20
360;430;20
360;431;20
360;432;20
360;433;20
360;434;20
360;435;20
360;436;20
360;437;20
360;438;20
360;439;20
360;440;20
360;441;20
360;442;20
360;443;20
360;444;20
360;445;20
360;446;20
360;447;20
360;448;20
360;449;20
360;450;20
360;451;20
360;452;20
360;453;20
360;454;20
360;455;20
360;456;20
360;457;20
360;458;20
360;459;20
360;460;20
360;461;20
360;462;20
360;463;20
360;464;20
360;465;20
360;466;20
360;467;20
360;468;20
360;469;20
360;470;20
360;471;20
360;472;20
360;473;35
360;474;35
360;475;35
360;476;35
360;477;35
360;478;35
360;479;35
360;480;35
360;481;35
360;482;35
360;483;35
360;484;35
360;485;35
360;486;24
360;487;24
360;488;24
360;489;24
360;490;24
360;491;24
360;492;24
360;493;24
360;494;24
360;495;24
360;496;24
360;497;24
360;498;24
360;499;24
361;0;1
361;1;1
361;2;1
361;3;1
361;4;1
361;5;21
361;6;21
361;7;21
361;8;21
361;9;21
361;10;21
361;11;21
361;12;21
361;13;21
361;14;21
361;15;21
361;16;21
361;17;21
361;18;21
361;19;21
361;20;21
361;21;21
361;22;21
361;23;21
361;24;21
361;25;21
361;26;21
361;27;21
361;28;21
361;29;21
361;30;21
361;31;21
361;32;21
361;33;21
361;34;21
361;35;21
361;36;21
361;37;21
361;38;21
361;39;21
361;40;21
361;41;29
361;42;29
361;43;29
361;44;29
361;45;29
361;46;29
361;47;29
361;48;29
361;49;29
361;50;29
361;51;29
361;52;29
361;53;29
361;54;29
361;55;29
361;56;29
361;57;27
361;58;27
361;59;27
361;60;27
361;61;27
361;62;27
361;63;27
361;64;27
361;65;27
361;66;27
361;67;27
361;68;27
361;69;27
361;70;27
361;71;27
361;72;27
361;73;27
361;74;27
361;75;27
361;76;27
361;77;27
361;78;27
361;79;27
361;80;21
361;81;21
361;82;21
361;83;21
361;84;21
361;85;21
361;86;21
361;87;21
361;88;21
361;89;21
361;90;21
361;91;21
361;92;21
361;93;21
361;94;21
361;95;21
361;96;21
361;97;21
361;98;21
361;99;21
361;100;21
361;101;21
361;102;26
361;103;26
361;104;26
361;105;26
361;106;26
361;107;26
361;108;26
361;109;26
361;110;26
361;111;26
361;112;26
361;113;26
361;114;26
361;115;26
361;116;26
361;117;26
361;118;26
361;119;26
361;120;26
361;121;26
361;122;26
361;123;26
361;124;26
361;125;26
361;126;26
361;127;26
361;128;26
361;129;26
361;130;26
361;131;26
361;132;26
361;133;26
361;134;26
361;135;26
361;136;26
361;137;26
361;138;26
361;139;26
361;140;26
361;141;26
361;142;26
361;143;19
361;144;19
361;145;19
361;146;19
361;147;19
361;148;19
361;149;19
361;150;19
361;151;19
361;152;19
361;153;19
361;154;19
361;155;19
361;156;19
361;157;19
361;158;19
361;159;19
361;160;19
361;161;19
361;162;19
361;163;19
361;164;19
361;165;19
361;166;41
361;167;41
361;168;41
361;169;41
361;170;41
361;171;41
361;172;41
361;173;41
361;174;41
361;175;37
361;176;37
361;177;37
361;178;37
361;179;37
361;180;37
361;181;37
361;182;37
361;183;37
361;184;37
361;185;37
361;186;37
361;187;37
361;188;37
361;189;37
361;190;37
361;191;37
361;192;37
361;193;37
361;194;37
361;195;37
361;196;37
361;197;37
361;198;37
361;199;37
361;200;37
361;201;37
361;202;37
361;203;37
361;204;37
361;205;37
361;206;37
361;207;37
361;208;37
361;209;37
361;210;37
361;211;37
361;212;37
361;213;37
361;214;37
361;215;37
361;216;37
361;217;25
361;218;25
361;219;25
361;220;25
361;221;25
361;222;25
361;223;25
361;224;25
361;225;25
361;226;25
361;227;25
361;228;25
361;229;25
361;230;25
361;231;25
361;232;25
361;233;25
361;234;25
361;235;25
361;236;25
361;237;25
361;238;25
361;239;25
361;240;25
361;241;25
361;242;25
361;243;25
361;244;25
361;245;25
361;246;25
361;247;25
361;248;30
361;249;30
361;250;30
361;251;30
361;252;30
361;253;30
361;254;30
361;255;30
361;256;30
361;257;30
361;258;30
361;259;30
361;260;30
361;261;30
361;262;30
361;263;30
361;264;30
361;265;30
361;266;30
361;267;30
361;268;2
361;269;2
361;270;2
361;271;2
361;272;2
361;273;45
361;274;45
361;275;45
361;276;45
361;277;45
361;278;45
361;279;45
361;280;45
361;281;45
361;282;45
361;283;45
361;284;45
361;285;45
361;286;45
361;287;45
361;288;45
361;289;45
361;290;45
361;291;45
361;292;45
361;293;45
361;294;45
361;295;45
361;296;38
361;297;38
361;298;38
361;299;38
361;300;38
361;301;38
361;302;38
361;303;38
361;304;38
361;305;38
361;306;38
361;307;38
361;308;38
361;309;38
361;310;38
361;311;38
361;312;38
361;313;38
361;314;38
361;315;38
361;316;38
361;317;38
361;318;38
361;319;42
361;320;42
361;321;42
361;322;42
361;323;42
361;324;42
361;325;42
361;326;42
361;327;42
361;328;42
361;329;42
361;330;42
361;331;42
361;332;42
361;333;42
361;334;42
361;335;42
361;336;42
361;337;42
361;338;42
361;339;42
361;340;42
361;341;42
361;342;29
361;343;29
361;344;29
361;345;29
361;346;29
361;347;29
361;348;29
361;349;29
361;350;29
361;351;29
361;352;29
361;353;29
361;354;29
361;355;29
361;356;29
361;357;29
361;358;29
361;359;29
361;360;29
361;361;29
361;362;29
361;363;29
361;364;29
361;365;29
361;366;29
361;367;29
361;368;29
361;369;29
361;370;29
361;371;29
361;372;29
361;373;29
361;374;29
361;375;29
361;376;29
361;377;29
361;378;29
361;379;29
361;380;29
361;381;29
361;382;29
361;383;29
361;384;29
361;385;29
361;386;1
361;387;1
361;388;1
361;389;1
361;390;1
361;391;1
361;392;1
361;393;1
361;394;1
361;395;1
361;396;1
361;397;1
361;398;1
361;399;1
361;400;1
361;401;1
361;402;1
361;403;1
361;404;1
361;405;1
361;406;1
361;407;1
361;408;1
361;409;1
361;410;1
361;411;1
361;412;1
361;413;1
361;414;1
361;415;1
361;416;1
361;417;1
361;418;1
361;419;1
361;420;1
361;421;1
361;422;1
361;423;1
361;424;1
361;425;1
361;426;1
361;427;1
361;428;1
361;429;20
361;430;20
361;431;20
361;432;20
361;433;20
361;434;20
361;435;20
361;436;20
361;437;20
361;438;20
361;439;20
361;440;20
361;441;20
361;442;20
361;443;20
361;444;20
361;445;20
361;446;20
361;447;20
361;448;20
361;449;20
361;450;20
361;451;20
361;452;20
361;453;20
361;454;20
361;455;20
361;456;20
361;457;20
361;458;20
361;459;20
361;460;20
361;461;20
361;462;20
361;463;20
361;464;20
361;465;20
361;466;20
361;467;20
361;468;20
361;469;20
361;470;20
361;471;20
361;472;20
361;473;35
361;474;35
361;475;35
361;476;35
361;477;35
361;478;35
361;479;35
361;480;35
361;481;35
361;482;35
361;483;35
361;484;35
361;485;35
361;486;35
361;487;24
361;488;24
361;489;24
361;490;24
361;491;24
361;492;24
361;493;24
361;494;24
361;495;24
361;496;24
361;497;24
361;498;24
361;499;24
362;0;1
362;1;1
362;2;1
362;3;1
362;4;1
362;5;1
362;6;1
362;7;21
362;8;21
362;9;21
362;10;21
362;11;21
362;12;21
362;13;21
362;14;21
362;15;21
362;16;21
362;17;21
362;18;21
362;19;21
362;20;21
362;21;21
362;22;21
362;23;21
362;24;21
362;25;21
362;26;21
362;27;21
362;28;21
362;29;21
362;30;21
362;31;21
362;32;21
362;33;21
362;34;21
362;35;21
362;36;21
362;37;21
362;38;21
362;39;21
362;40;21
362;41;29
362;42;29
362;43;29
362;44;29
362;45;29
362;46;29
362;47;29
362;48;29
362;49;29
362;50;29
362;51;29
362;52;29
362;53;29
362;54;29
362;55;29
362;56;29
362;57;27
362;58;27
362;59;27
362;60;27
362;61;27
362;62;27
362;63;27
362;64;27
362;65;27
362;66;27
362;67;27
362;68;27
362;69;27
362;70;27
362;71;27
362;72;27
362;73;27
362;74;27
362;75;27
362;76;27
362;77;27
362;78;27
362;79;27
362;80;21
362;81;21
362;82;21
362;83;21
362;84;21
362;85;21
362;86;21
362;87;21
362;88;21
362;89;21
362;90;21
362;91;21
362;92;21
362;93;21
362;94;21
362;95;21
362;96;21
362;97;21
362;98;21
362;99;21
362;100;21
362;101;21
362;102;21
362;103;26
362;104;26
362;105;26
362;106;26
362;107;26
362;108;26
362;109;26
362;110;26
362;111;26
362;112;26
362;113;26
362;114;26
362;115;26
362;116;26
362;117;26
362;118;26
362;119;26
362;120;26
362;121;26
362;122;26
362;123;26
362;124;26
362;125;26
362;126;26
362;127;26
362;128;26
362;129;26
362;130;26
362;131;26
362;132;26
362;133;26
362;134;26
362;135;26
362;136;26
362;137;26
362;138;26
362;139;26
362;140;26
362;141;26
362;142;26
362;143;26
362;144;26
362;145;19
362;146;19
362;147;19
362;148;19
362;149;19
362;150;19
362;151;19
362;152;19
362;153;19
362;154;19
362;155;19
362;156;19
362;157;19
362;158;19
362;159;19
362;160;19
362;161;19
362;162;19
362;163;19
362;164;19
362;165;19
362;166;19
362;167;41
362;168;41
362;169;41
362;170;41
362;171;41
362;172;41
362;173;41
362;174;37
362;175;37
362;176;37
362;177;37
362;178;37
362;179;37
362;180;37
362;181;37
362;182;37
362;183;37
362;184;37
362;185;37
362;186;37
362;187;37
362;188;37
362;189;37
362;190;37
362;191;37
362;192;37
362;193;37
362;194;37
362;195;37
362;196;37
362;197;37
362;198;37
362;199;37
362;200;37
362;201;37
362;202;37
362;203;37
362;204;37
362;205;37
362;206;37
362;207;37
362;208;37
362;209;37
362;210;37
362;211;37
362;212;37
362;213;37
362;214;37
362;215;37
362;216;37
362;217;25
362;218;25
362;219;25
362;220;25
362;221;25
362;222;25
362;223;25
362;224;25
362;225;25
362;226;25
362;227;25
362;228;25
362;229;25
362;230;25
362;231;25
362;232;25
362;233;25
362;234;25
362;235;25
362;236;25
362;237;25
362;238;25
362;239;25
362;240;25
362;241;25
362;242;25
362;243;25
362;244;25
362;245;25
362;246;25
362;247;25
362;248;25
362;249;25
362;250;30
362;251;30
362;252;30
362;253;30
362;254;30
362;255;30
362;256;30
362;257;30
362;258;30
362;259;30
362;260;30
362;261;30
362;262;30
362;263;30
362;264;30
362;265;30
362;266;30
362;267;30
362;268;2
362;269;2
362;270;2
362;271;2
362;272;2
362;273;45
362;274;45
362;275;45
362;276;45
362;277;45
362;278;45
362;279;45
362;280;45
362;281;45
362;282;45
362;283;45
362;284;45
362;285;45
362;286;45
362;287;45
362;288;45
362;289;45
362;290;45
362;291;45
362;292;45
362;293;45
362;294;45
362;295;45
362;296;38
362;297;38
362;298;38
362;299;38
362;300;38
362;301;38
362;302;38
362;303;38
362;304;38
362;305;38
362;306;38
362;307;38
362;308;38
362;309;38
362;310;38
362;311;38
362;312;38
362;313;38
362;314;38
362;315;38
362;316;38
362;317;38
362;318;38
362;319;38
362;320;38
362;321;42
362;322;42
362;323;42
362;324;42
362;325;42
362;326;42
362;327;42
362;328;42
362;329;42
362;330;42
362;331;42
362;332;42
362;333;42
362;334;42
362;335;42
362;336;42
362;337;42
362;338;42
362;339;42
362;340;42
362;341;42
362;342;29
362;343;29
362;344;29
362;345;29
362;346;29
362;347;29
362;348;29
362;349;29
362;350;29
362;351;29
362;352;29
362;353;29
362;354;29
362;355;29
362;356;29
362;357;29
362;358;29
362;359;29
362;360;29
362;361;29
362;362;29
362;363;29
362;364;29
362;365;29
362;366;29
362;367;29
362;368;29
362;369;29
362;370;29
362;371;29
362;372;29
362;373;29
362;374;29
362;375;29
362;376;29
362;377;29
362;378;29
362;379;29
362;380;29
362;381;29
362;382;29
362;383;29
362;384;29
362;385;29
362;386;29
362;387;1
362;388;1
362;389;1
362;390;1
362;391;1
362;392;1
362;393;1
362;394;1
362;395;1
362;396;1
362;397;1
362;398;1
362;399;1
362;400;1
362;401;1
362;402;1
362;403;1
362;404;1
362;405;1
362;406;1
362;407;1
362;408;1
362;409;1
362;410;1
362;411;1
362;412;1
362;413;1
362;414;1
362;415;1
362;416;1
362;417;1
362;418;1
362;419;1
362;420;1
362;421;1
362;422;1
362;423;1
362;424;1
362;425;1
362;426;1
362;427;1
362;428;1
362;429;20
362;430;20
362;431;20
362;432;20
362;433;20
362;434;20
362;435;20
362;436;20
362;437;20
362;438;20
362;439;20
362;440;20
362;441;20
362;442;20
362;443;20
362;444;20
362;445;20
362;446;20
362;447;20
362;448;20
362;449;20
362;450;20
362;451;20
362;452;20
362;453;20
362;454;20
362;455;20
362;456;20
362;457;20
362;458;20
362;459;20
362;460;20
362;461;20
362;462;20
362;463;20
362;464;20
362;465;20
362;466;20
362;467;20
362;468;20
362;469;20
362;470;20
362;471;20
362;472;20
362;473;35
362;474;35
362;475;35
362;476;35
362;477;35
362;478;35
362;479;35
362;480;35
362;481;35
362;482;35
362;483;35
362;484;35
362;485;35
362;486;35
362;487;24
362;488;24
362;489;24
362;490;24
362;491;24
362;492;24
362;493;24
362;494;24
362;495;24
362;496;24
362;497;24
362;498;24
362;499;24
363;0;1
363;1;1
363;2;1
363;3;1
363;4;1
363;5;1
363;6;1
363;7;1
363;8;1
363;9;21
363;10;21
363;11;21
363;12;21
363;13;21
363;14;21
363;15;21
363;16;21
363;17;21
363;18;21
363;19;21
363;20;21
363;21;21
363;22;21
363;23;21
363;24;21
363;25;21
363;26;21
363;27;21
363;28;21
363;29;21
363;30;21
363;31;21
363;32;21
363;33;21
363;34;21
363;35;21
363;36;21
363;37;21
363;38;21
363;39;21
363;40;21
363;41;29
363;42;29
363;43;29
363;44;29
363;45;29
363;46;29
363;47;29
363;48;29
363;49;29
363;50;29
363;51;29
363;52;29
363;53;29
363;54;29
363;55;29
363;56;29
363;57;29
363;58;27
363;59;27
363;60;27
363;61;27
363;62;27
363;63;27
363;64;27
363;65;27
363;66;27
363;67;27
363;68;27
363;69;27
363;70;27
363;71;27
363;72;27
363;73;27
363;74;27
363;75;27
363;76;27
363;77;27
363;78;27
363;79;27
363;80;27
363;81;21
363;82;21
363;83;21
363;84;21
363;85;21
363;86;21
363;87;21
363;88;21
363;89;21
363;90;21
363;91;21
363;92;21
363;93;21
363;94;21
363;95;21
363;96;21
363;97;21
363;98;21
363;99;21
363;100;21
363;101;21
363;102;21
363;103;26
363;104;26
363;105;26
363;106;26
363;107;26
363;108;26
363;109;26
363;110;26
363;111;26
363;112;26
363;113;26
363;114;26
363;115;26
363;116;26
363;117;26
363;118;26
363;119;26
363;120;26
363;121;26
363;122;26
363;123;26
363;124;26
363;125;26
363;126;26
363;127;26
363;128;26
363;129;26
363;130;26
363;131;26
363;132;26
363;133;26
363;134;26
363;135;26
363;136;26
363;137;26
363;138;26
363;139;26
363;140;26
363;141;26
363;142;26
363;143;26
363;144;26
363;145;26
363;146;26
363;147;19
363;148;19
363;149;19
363;150;19
363;151;19
363;152;19
363;153;19
363;154;19
363;155;19
363;156;19
363;157;19
363;158;19
363;159;19
363;160;19
363;161;19
363;162;19
363;163;19
363;164;19
363;165;19
363;166;19
363;167;19
363;168;41
363;169;41
363;170;41
363;171;41
363;172;41
363;173;37
363;174;37
363;175;37
363;176;37
363;177;37
363;178;37
363;179;37
363;180;37
363;181;37
363;182;37
363;183;37
363;184;37
363;185;37
363;186;37
363;187;37
363;188;37
363;189;37
363;190;37
363;191;37
363;192;37
363;193;37
363;194;37
363;195;37
363;196;37
363;197;37
363;198;37
363;199;37
363;200;37
363;201;37
363;202;37
363;203;37
363;204;37
363;205;37
363;206;37
363;207;37
363;208;37
363;209;37
363;210;37
363;211;37
363;212;37
363;213;37
363;214;37
363;215;37
363;216;37
363;217;19
363;218;25
363;219;25
363;220;25
363;221;25
363;222;25
363;223;25
363;224;25
363;225;25
363;226;25
363;227;25
363;228;25
363;229;25
363;230;25
363;231;25
363;232;25
363;233;25
363;234;25
363;235;25
363;236;25
363;237;25
363;238;25
363;239;25
363;240;25
363;241;25
363;242;25
363;243;25
363;244;25
363;245;25
363;246;25
363;247;25
363;248;25
363;249;25
363;250;25
363;251;25
363;252;30
363;253;30
363;254;30
363;255;30
363;256;30
363;257;30
363;258;30
363;259;30
363;260;30
363;261;30
363;262;30
363;263;30
363;264;30
363;265;30
363;266;30
363;267;30
363;268;30
363;269;2
363;270;2
363;271;2
363;272;2
363;273;45
363;274;45
363;275;45
363;276;45
363;277;45
363;278;45
363;279;45
363;280;45
363;281;45
363;282;45
363;283;45
363;284;45
363;285;45
363;286;45
363;287;45
363;288;45
363;289;45
363;290;45
363;291;45
363;292;45
363;293;45
363;294;45
363;295;38
363;296;38
363;297;38
363;298;38
363;299;38
363;300;38
363;301;38
363;302;38
363;303;38
363;304;38
363;305;38
363;306;38
363;307;38
363;308;38
363;309;38
363;310;38
363;311;38
363;312;38
363;313;38
363;314;38
363;315;38
363;316;38
363;317;38
363;318;38
363;319;38
363;320;38
363;321;38
363;322;38
363;323;42
363;324;42
363;325;42
363;326;42
363;327;42
363;328;42
363;329;42
363;330;42
363;331;42
363;332;42
363;333;42
363;334;42
363;335;42
363;336;42
363;337;42
363;338;42
363;339;42
363;340;42
363;341;42
363;342;29
363;343;29
363;344;29
363;345;29
363;346;29
363;347;29
363;348;29
363;349;29
363;350;29
363;351;29
363;352;29
363;353;29
363;354;29
363;355;29
363;356;29
363;357;29
363;358;29
363;359;29
363;360;29
363;361;29
363;362;29
363;363;29
363;364;29
363;365;29
363;366;29
363;367;29
363;368;29
363;369;29
363;370;29
363;371;29
363;372;29
363;373;29
363;374;29
363;375;29
363;376;29
363;377;29
363;378;29
363;379;29
363;380;29
363;381;29
363;382;29
363;383;29
363;384;29
363;385;29
363;386;29
363;387;38
363;388;38
363;389;38
363;390;38
363;391;38
363;392;38
363;393;38
363;394;38
363;395;38
363;396;38
363;397;38
363;398;38
363;399;38
363;400;38
363;401;38
363;402;38
363;403;38
363;404;38
363;405;38
363;406;38
363;407;1
363;408;1
363;409;1
363;410;1
363;411;1
363;412;1
363;413;1
363;414;1
363;415;1
363;416;1
363;417;1
363;418;1
363;419;1
363;420;1
363;421;1
363;422;1
363;423;1
363;424;1
363;425;1
363;426;1
363;427;1
363;428;1
363;429;1
363;430;20
363;431;20
363;432;20
363;433;20
363;434;20
363;435;20
363;436;20
363;437;20
363;438;20
363;439;20
363;440;20
363;441;20
363;442;20
363;443;20
363;444;20
363;445;20
363;446;20
363;447;20
363;448;20
363;449;20
363;450;20
363;451;20
363;452;20
363;453;20
363;454;20
363;455;20
363;456;20
363;457;20
363;458;20
363;459;20
363;460;20
363;461;20
363;462;20
363;463;20
363;464;20
363;465;20
363;466;20
363;467;20
363;468;20
363;469;20
363;470;20
363;471;20
363;472;20
363;473;35
363;474;35
363;475;35
363;476;35
363;477;35
363;478;35
363;479;35
363;480;35
363;481;35
363;482;35
363;483;35
363;484;35
363;485;35
363;486;35
363;487;35
363;488;24
363;489;24
363;490;24
363;491;24
363;492;24
363;493;24
363;494;24
363;495;24
363;496;24
363;497;24
363;498;24
363;499;24
364;0;1
364;1;1
364;2;1
364;3;1
364;4;1
364;5;1
364;6;1
364;7;1
364;8;1
364;9;1
364;10;1
364;11;21
364;12;21
364;13;21
364;14;21
364;15;21
364;16;21
364;17;21
364;18;21
364;19;21
364;20;21
364;21;21
364;22;21
364;23;21
364;24;21
364;25;21
364;26;21
364;27;21
364;28;21
364;29;21
364;30;21
364;31;21
364;32;21
364;33;21
364;34;21
364;35;21
364;36;21
364;37;21
364;38;21
364;39;21
364;40;21
364;41;29
364;42;29
364;43;29
364;44;29
364;45;29
364;46;29
364;47;29
364;48;29
364;49;29
364;50;29
364;51;29
364;52;29
364;53;29
364;54;29
364;55;29
364;56;29
364;57;29
364;58;27
364;59;27
364;60;27
364;61;27
364;62;27
364;63;27
364;64;27
364;65;27
364;66;27
364;67;27
364;68;27
364;69;27
364;70;27
364;71;27
364;72;27
364;73;27
364;74;27
364;75;27
364;76;27
364;77;27
364;78;27
364;79;27
364;80;27
364;81;21
364;82;21
364;83;21
364;84;21
364;85;21
364;86;21
364;87;21
364;88;21
364;89;21
364;90;21
364;91;21
364;92;21
364;93;21
364;94;21
364;95;21
364;96;21
364;97;21
364;98;21
364;99;21
364;100;21
364;101;21
364;102;21
364;103;21
364;104;26
364;105;26
364;106;26
364;107;26
364;108;26
364;109;26
364;110;26
364;111;26
364;112;26
364;113;26
364;114;26
364;115;26
364;116;26
364;117;26
364;118;26
364;119;26
364;120;26
364;121;26
364;122;26
364;123;26
364;124;26
364;125;26
364;126;26
364;127;26
364;128;26
364;129;26
364;130;26
364;131;26
364;132;26
364;133;26
364;134;26
364;135;26
364;136;26
364;137;26
364;138;26
364;139;26
364;140;26
364;141;26
364;142;26
364;143;26
364;144;26
364;145;26
364;146;26
364;147;26
364;148;26
364;149;19
364;150;19
364;151;19
364;152;19
364;153;19
364;154;19
364;155;19
364;156;19
364;157;19
364;158;19
364;159;19
364;160;19
364;161;19
364;162;19
364;163;19
364;164;19
364;165;19
364;166;19
364;167;19
364;168;19
364;169;41
364;170;41
364;171;41
364;172;37
364;173;37
364;174;37
364;175;37
364;176;37
364;177;37
364;178;37
364;179;37
364;180;37
364;181;37
364;182;37
364;183;37
364;184;37
364;185;37
364;186;37
364;187;37
364;188;37
364;189;37
364;190;37
364;191;37
364;192;37
364;193;37
364;194;37
364;195;37
364;196;37
364;197;37
364;198;37
364;199;37
364;200;37
364;201;37
364;202;37
364;203;37
364;204;37
364;205;37
364;206;37
364;207;37
364;208;37
364;209;37
364;210;37
364;211;37
364;212;37
364;213;37
364;214;37
364;215;37
364;216;37
364;217;19
364;218;19
364;219;25
364;220;25
364;221;25
364;222;25
364;223;25
364;224;25
364;225;25
364;226;25
364;227;25
364;228;25
364;229;25
364;230;25
364;231;25
364;232;25
364;233;25
364;234;25
364;235;25
364;236;25
364;237;25
364;238;25
364;239;25
364;240;25
364;241;25
364;242;25
364;243;25
364;244;25
364;245;25
364;246;25
364;247;25
364;248;25
364;249;25
364;250;25
364;251;25
364;252;25
364;253;25
364;254;30
364;255;30
364;256;30
364;257;30
364;258;30
364;259;30
364;260;30
364;261;30
364;262;30
364;263;30
364;264;30
364;265;30
364;266;30
364;267;30
364;268;30
364;269;30
364;270;2
364;271;2
364;272;2
364;273;45
364;274;45
364;275;45
364;276;45
364;277;45
364;278;45
364;279;45
364;280;45
364;281;45
364;282;45
364;283;45
364;284;45
364;285;45
364;286;45
364;287;45
364;288;45
364;289;45
364;290;45
364;291;45
364;292;45
364;293;45
364;294;38
364;295;38
364;296;38
364;297;38
364;298;38
364;299;38
364;300;38
364;301;38
364;302;38
364;303;38
364;304;38
364;305;38
364;306;38
364;307;38
364;308;38
364;309;38
364;310;38
364;311;38
364;312;38
364;313;38
364;314;38
364;315;38
364;316;38
364;317;38
364;318;38
364;319;38
364;320;38
364;321;38
364;322;38
364;323;38
364;324;38
364;325;42
364;326;42
364;327;42
364;328;42
364;329;42
364;330;42
364;331;42
364;332;42
364;333;42
364;334;42
364;335;42
364;336;42
364;337;42
364;338;42
364;339;42
364;340;42
364;341;42
364;342;29
364;343;29
364;344;29
364;345;29
364;346;29
364;347;29
364;348;29
364;349;29
364;350;29
364;351;29
364;352;29
364;353;29
364;354;29
364;355;29
364;356;29
364;357;29
364;358;29
364;359;29
364;360;29
364;361;29
364;362;29
364;363;29
364;364;29
364;365;29
364;366;29
364;367;29
364;368;29
364;369;29
364;370;29
364;371;29
364;372;29
364;373;29
364;374;29
364;375;29
364;376;29
364;377;29
364;378;29
364;379;29
364;380;29
364;381;29
364;382;29
364;383;29
364;384;29
364;385;29
364;386;29
364;387;29
364;388;38
364;389;38
364;390;38
364;391;38
364;392;38
364;393;38
364;394;38
364;395;38
364;396;38
364;397;38
364;398;38
364;399;38
364;400;38
364;401;38
364;402;38
364;403;38
364;404;38
364;405;38
364;406;38
364;407;38
364;408;38
364;409;38
364;410;38
364;411;38
364;412;38
364;413;38
364;414;38
364;415;1
364;416;1
364;417;1
364;418;1
364;419;1
364;420;1
364;421;1
364;422;1
364;423;1
364;424;1
364;425;1
364;426;1
364;427;1
364;428;1
364;429;1
364;430;20
364;431;20
364;432;20
364;433;20
364;434;20
364;435;20
364;436;20
364;437;20
364;438;20
364;439;20
364;440;20
364;441;20
364;442;20
364;443;20
364;444;20
364;445;20
364;446;20
364;447;20
364;448;20
364;449;20
364;450;20
364;451;20
364;452;20
364;453;20
364;454;20
364;455;20
364;456;20
364;457;20
364;458;20
364;459;20
364;460;20
364;461;20
364;462;20
364;463;20
364;464;20
364;465;20
364;466;20
364;467;20
364;468;20
364;469;20
364;470;20
364;471;20
364;472;35
364;473;35
364;474;35
364;475;35
364;476;35
364;477;35
364;478;35
364;479;35
364;480;35
364;481;35
364;482;35
364;483;35
364;484;35
364;485;35
364;486;35
364;487;35
364;488;24
364;489;24
364;490;24
364;491;24
364;492;24
364;493;24
364;494;24
364;495;24
364;496;24
364;497;24
364;498;24
364;499;24
365;0;1
365;1;1
365;2;1
365;3;1
365;4;1
365;5;1
365;6;1
365;7;1
365;8;1
365;9;1
365;10;1
365;11;1
365;12;1
365;13;21
365;14;21
365;15;21
365;16;21
365;17;21
365;18;21
365;19;21
365;20;21
365;21;21
365;22;21
365;23;21
365;24;21
365;25;21
365;26;21
365;27;21
365;28;21
365;29;21
365;30;21
365;31;21
365;32;21
365;33;21
365;34;21
365;35;21
365;36;21
365;37;21
365;38;21
365;39;21
365;40;21
365;41;29
365;42;29
365;43;29
365;44;29
365;45;29
365;46;29
365;47;29
365;48;29
365;49;29
365;50;29
365;51;29
365;52;29
365;53;29
365;54;29
365;55;29
365;56;29
365;57;29
365;58;29
365;59;27
365;60;27
365;61;27
365;62;27
365;63;27
365;64;27
365;65;27
365;66;27
365;67;27
365;68;27
365;69;27
365;70;27
365;71;27
365;72;27
365;73;27
365;74;27
365;75;27
365;76;27
365;77;27
365;78;27
365;79;27
365;80;27
365;81;27
365;82;21
365;83;21
365;84;21
365;85;21
365;86;21
365;87;21
365;88;21
365;89;21
365;90;21
365;91;21
365;92;21
365;93;21
365;94;21
365;95;21
365;96;21
365;97;21
365;98;21
365;99;21
365;100;21
365;101;21
365;102;21
365;103;21
365;104;26
365;105;26
365;106;26
365;107;26
365;108;26
365;109;26
365;110;26
365;111;26
365;112;26
365;113;26
365;114;26
365;115;26
365;116;26
365;117;26
365;118;26
365;119;26
365;120;26
365;121;26
365;122;26
365;123;26
365;124;26
365;125;26
365;126;26
365;127;26
365;128;26
365;129;26
365;130;26
365;131;26
365;132;26
365;133;26
365;134;26
365;135;26
365;136;26
365;137;26
365;138;26
365;139;26
365;140;26
365;141;26
365;142;26
365;143;26
365;144;26
365;145;26
365;146;26
365;147;26
365;148;26
365;149;26
365;150;26
365;151;19
365;152;19
365;153;19
365;154;19
365;155;19
365;156;19
365;157;19
365;158;19
365;159;19
365;160;19
365;161;19
365;162;19
365;163;19
365;164;19
365;165;19
365;166;19
365;167;19
365;168;19
365;169;19
365;170;41
365;171;37
365;172;37
365;173;37
365;174;37
365;175;37
365;176;37
365;177;37
365;178;37
365;179;37
365;180;37
365;181;37
365;182;37
365;183;37
365;184;37
365;185;37
365;186;37
365;187;37
365;188;37
365;189;37
365;190;37
365;191;37
365;192;37
365;193;37
365;194;37
365;195;37
365;196;37
365;197;37
365;198;37
365;199;37
365;200;37
365;201;37
365;202;37
365;203;37
365;204;37
365;205;37
365;206;37
365;207;37
365;208;37
365;209;37
365;210;37
365;211;37
365;212;37
365;213;37
365;214;37
365;215;37
365;216;37
365;217;19
365;218;19
365;219;19
365;220;25
365;221;25
365;222;25
365;223;25
365;224;25
365;225;25
365;226;25
365;227;25
365;228;25
365;229;25
365;230;25
365;231;25
365;232;25
365;233;25
365;234;25
365;235;25
365;236;25
365;237;25
365;238;25
365;239;25
365;240;25
365;241;25
365;242;25
365;243;25
365;244;25
365;245;25
365;246;25
365;247;25
365;248;25
365;249;25
365;250;25
365;251;25
365;252;25
365;253;25
365;254;25
365;255;25
365;256;30
365;257;30
365;258;30
365;259;30
365;260;30
365;261;30
365;262;30
365;263;30
365;264;30
365;265;30
365;266;30
365;267;30
365;268;30
365;269;30
365;270;30
365;271;2
365;272;2
365;273;45
365;274;45
365;275;45
365;276;45
365;277;45
365;278;45
365;279;45
365;280;45
365;281;45
365;282;45
365;283;45
365;284;45
365;285;45
365;286;45
365;287;45
365;288;45
365;289;45
365;290;45
365;291;45
365;292;45
365;293;38
365;294;38
365;295;38
365;296;38
365;297;38
365;298;38
365;299;38
365;300;38
365;301;38
365;302;38
365;303;38
365;304;38
365;305;38
365;306;38
365;307;38
365;308;38
365;309;38
365;310;38
365;311;38
365;312;38
365;313;38
365;314;38
365;315;38
365;316;38
365;317;38
365;318;38
365;319;38
365;320;38
365;321;38
365;322;38
365;323;38
365;324;38
365;325;38
365;326;38
365;327;29
365;328;29
365;329;29
365;330;29
365;331;29
365;332;29
365;333;29
365;334;29
365;335;29
365;336;29
365;337;29
365;338;29
365;339;29
365;340;29
365;341;29
365;342;29
365;343;29
365;344;29
365;345;29
365;346;29
365;347;29
365;348;29
365;349;29
365;350;29
365;351;29
365;352;29
365;353;29
365;354;29
365;355;29
365;356;29
365;357;29
365;358;29
365;359;29
365;360;29
365;361;29
365;362;29
365;363;29
365;364;29
365;365;29
365;366;29
365;367;29
365;368;29
365;369;29
365;370;29
365;371;29
365;372;29
365;373;29
365;374;29
365;375;29
365;376;29
365;377;29
365;378;29
365;379;29
365;380;29
365;381;29
365;382;29
365;383;29
365;384;29
365;385;29
365;386;29
365;387;29
365;388;38
365;389;38
365;390;38
365;391;38
365;392;38
365;393;38
365;394;38
365;395;38
365;396;38
365;397;38
365;398;38
365;399;38
365;400;38
365;401;38
365;402;38
365;403;38
365;404;38
365;405;38
365;406;38
365;407;38
365;408;38
365;409;38
365;410;38
365;411;38
365;412;38
365;413;38
365;414;38
365;415;38
365;416;38
365;417;38
365;418;38
365;419;38
365;420;38
365;421;38
365;422;38
365;423;38
365;424;38
365;425;38
365;426;38
365;427;38
365;428;38
365;429;38
365;430;38
365;431;20
365;432;20
365;433;20
365;434;20
365;435;20
365;436;20
365;437;20
365;438;20
365;439;20
365;440;20
365;441;20
365;442;20
365;443;20
365;444;20
365;445;20
365;446;20
365;447;20
365;448;20
365;449;20
365;450;20
365;451;20
365;452;20
365;453;20
365;454;20
365;455;20
365;456;20
365;457;20
365;458;20
365;459;20
365;460;20
365;461;20
365;462;20
365;463;20
365;464;42
365;465;42
365;466;42
365;467;42
365;468;42
365;469;42
365;470;42
365;471;42
365;472;35
365;473;35
365;474;35
365;475;35
365;476;35
365;477;35
365;478;35
365;479;35
365;480;35
365;481;35
365;482;35
365;483;35
365;484;35
365;485;35
365;486;35
365;487;35
365;488;35
365;489;24
365;490;24
365;491;24
365;492;24
365;493;24
365;494;24
365;495;24
365;496;24
365;497;24
365;498;24
365;499;24
366;0;1
366;1;1
366;2;1
366;3;1
366;4;1
366;5;1
366;6;1
366;7;1
366;8;1
366;9;1
366;10;1
366;11;1
366;12;1
366;13;1
366;14;1
366;15;21
366;16;21
366;17;21
366;18;21
366;19;21
366;20;21
366;21;21
366;22;21
366;23;21
366;24;21
366;25;21
366;26;21
366;27;21
366;28;21
366;29;21
366;30;21
366;31;21
366;32;21
366;33;21
366;34;21
366;35;21
366;36;21
366;37;21
366;38;21
366;39;21
366;40;21
366;41;29
366;42;29
366;43;29
366;44;29
366;45;29
366;46;29
366;47;29
366;48;29
366;49;29
366;50;29
366;51;29
366;52;29
366;53;29
366;54;29
366;55;29
366;56;29
366;57;29
366;58;29
366;59;27
366;60;27
366;61;27
366;62;27
366;63;27
366;64;27
366;65;27
366;66;27
366;67;27
366;68;27
366;69;27
366;70;27
366;71;27
366;72;27
366;73;27
366;74;27
366;75;27
366;76;27
366;77;27
366;78;27
366;79;27
366;80;27
366;81;27
366;82;21
366;83;21
366;84;21
366;85;21
366;86;21
366;87;21
366;88;21
366;89;21
366;90;21
366;91;21
366;92;21
366;93;21
366;94;21
366;95;21
366;96;21
366;97;21
366;98;21
366;99;21
366;100;21
366;101;21
366;102;21
366;103;21
366;104;21
366;105;26
366;106;26
366;107;26
366;108;26
366;109;26
366;110;26
366;111;26
366;112;26
366;113;26
366;114;26
366;115;26
366;116;26
366;117;26
366;118;26
366;119;26
366;120;26
366;121;26
366;122;26
366;123;26
366;124;26
366;125;26
366;126;26
366;127;26
366;128;26
366;129;26
366;130;26
366;131;26
366;132;26
366;133;26
366;134;26
366;135;26
366;136;26
366;137;26
366;138;26
366;139;26
366;140;26
366;141;26
366;142;26
366;143;26
366;144;26
366;145;26
366;146;26
366;147;26
366;148;26
366;149;26
366;150;26
366;151;26
366;152;26
366;153;19
366;154;19
366;155;19
366;156;19
366;157;19
366;158;19
366;159;19
366;160;19
366;161;19
366;162;19
366;163;19
366;164;19
366;165;19
366;166;19
366;167;19
366;168;19
366;169;19
366;170;37
366;171;37
366;172;37
366;173;37
366;174;37
366;175;37
366;176;37
366;177;37
366;178;37
366;179;37
366;180;37
366;181;37
366;182;37
366;183;37
366;184;37
366;185;37
366;186;37
366;187;37
366;188;37
366;189;37
366;190;37
366;191;37
366;192;37
366;193;37
366;194;37
366;195;37
366;196;37
366;197;37
366;198;37
366;199;37
366;200;37
366;201;37
366;202;37
366;203;37
366;204;37
366;205;37
366;206;37
366;207;37
366;208;37
366;209;37
366;210;37
366;211;37
366;212;37
366;213;37
366;214;37
366;215;37
366;216;37
366;217;19
366;218;19
366;219;19
366;220;25
366;221;25
366;222;25
366;223;25
366;224;25
366;225;25
366;226;25
366;227;25
366;228;25
366;229;25
366;230;25
366;231;25
366;232;25
366;233;25
366;234;25
366;235;25
366;236;25
366;237;25
366;238;25
366;239;25
366;240;25
366;241;25
366;242;25
366;243;25
366;244;25
366;245;25
366;246;25
366;247;25
366;248;25
366;249;25
366;250;25
366;251;25
366;252;25
366;253;25
366;254;25
366;255;25
366;256;25
366;257;25
366;258;30
366;259;30
366;260;30
366;261;30
366;262;30
366;263;30
366;264;30
366;265;30
366;266;30
366;267;30
366;268;30
366;269;30
366;270;30
366;271;30
366;272;2
366;273;45
366;274;45
366;275;45
366;276;45
366;277;45
366;278;45
366;279;45
366;280;45
366;281;45
366;282;45
366;283;45
366;284;45
366;285;45
366;286;45
366;287;45
366;288;45
366;289;45
366;290;45
366;291;45
366;292;38
366;293;38
366;294;38
366;295;38
366;296;38
366;297;38
366;298;38
366;299;38
366;300;38
366;301;38
366;302;38
366;303;38
366;304;38
366;305;38
366;306;38
366;307;38
366;308;38
366;309;38
366;310;38
366;311;38
366;312;38
366;313;38
366;314;38
366;315;38
366;316;38
366;317;38
366;318;38
366;319;38
366;320;38
366;321;38
366;322;38
366;323;38
366;324;38
366;325;38
366;326;38
366;327;29
366;328;29
366;329;29
366;330;29
366;331;29
366;332;29
366;333;29
366;334;29
366;335;29
366;336;29
366;337;29
366;338;29
366;339;29
366;340;29
366;341;29
366;342;29
366;343;29
366;344;29
366;345;29
366;346;29
366;347;29
366;348;29
366;349;29
366;350;29
366;351;29
366;352;29
366;353;29
366;354;29
366;355;29
366;356;29
366;357;29
366;358;29
366;359;29
366;360;29
366;361;29
366;362;29
366;363;29
366;364;29
366;365;29
366;366;29
366;367;29
366;368;29
366;369;29
366;370;29
366;371;29
366;372;29
366;373;29
366;374;29
366;375;29
366;376;29
366;377;29
366;378;29
366;379;29
366;380;29
366;381;29
366;382;29
366;383;29
366;384;29
366;385;29
366;386;29
366;387;29
366;388;29
366;389;38
366;390;38
366;391;38
366;392;38
366;393;38
366;394;38
366;395;38
366;396;38
366;397;38
366;398;38
366;399;38
366;400;38
366;401;38
366;402;38
366;403;38
366;404;38
366;405;38
366;406;38
366;407;38
366;408;38
366;409;38
366;410;38
366;411;38
366;412;38
366;413;38
366;414;38
366;415;38
366;416;38
366;417;38
366;418;38
366;419;38
366;420;38
366;421;38
366;422;38
366;423;38
366;424;38
366;425;38
366;426;38
366;427;38
366;428;38
366;429;38
366;430;38
366;431;38
366;432;20
366;433;20
366;434;20
366;435;20
366;436;20
366;437;20
366;438;20
366;439;20
366;440;20
366;441;20
366;442;20
366;443;20
366;444;20
366;445;20
366;446;20
366;447;20
366;448;20
366;449;20
366;450;20
366;451;20
366;452;20
366;453;20
366;454;20
366;455;20
366;456;20
366;457;20
366;458;20
366;459;20
366;460;20
366;461;20
366;462;20
366;463;42
366;464;42
366;465;42
366;466;42
366;467;42
366;468;42
366;469;42
366;470;42
366;471;42
366;472;42
366;473;35
366;474;35
366;475;35
366;476;35
366;477;35
366;478;35
366;479;35
366;480;35
366;481;35
366;482;35
366;483;35
366;484;35
366;485;35
366;486;35
366;487;35
366;488;35
366;489;35
366;490;24
366;491;24
366;492;24
366;493;24
366;494;24
366;495;24
366;496;24
366;497;24
366;498;24
366;499;24
367;0;1
367;1;1
367;2;1
367;3;1
367;4;1
367;5;1
367;6;1
367;7;1
367;8;1
367;9;1
367;10;1
367;11;1
367;12;1
367;13;1
367;14;1
367;15;1
367;16;1
367;17;21
367;18;21
367;19;21
367;20;21
367;21;21
367;22;21
367;23;21
367;24;21
367;25;21
367;26;21
367;27;21
367;28;21
367;29;21
367;30;21
367;31;21
367;32;21
367;33;21
367;34;21
367;35;21
367;36;21
367;37;21
367;38;21
367;39;21
367;40;21
367;41;29
367;42;29
367;43;29
367;44;29
367;45;29
367;46;29
367;47;29
367;48;29
367;49;29
367;50;29
367;51;29
367;52;29
367;53;29
367;54;29
367;55;29
367;56;29
367;57;29
367;58;29
367;59;29
367;60;27
367;61;27
367;62;27
367;63;27
367;64;27
367;65;27
367;66;27
367;67;27
367;68;27
367;69;27
367;70;27
367;71;27
367;72;27
367;73;27
367;74;27
367;75;27
367;76;27
367;77;27
367;78;27
367;79;27
367;80;27
367;81;27
367;82;27
367;83;21
367;84;21
367;85;21
367;86;21
367;87;21
367;88;21
367;89;21
367;90;21
367;91;21
367;92;21
367;93;21
367;94;21
367;95;21
367;96;21
367;97;21
367;98;21
367;99;21
367;100;21
367;101;21
367;102;21
367;103;21
367;104;21
367;105;26
367;106;26
367;107;26
367;108;26
367;109;26
367;110;26
367;111;26
367;112;26
367;113;26
367;114;26
367;115;26
367;116;26
367;117;26
367;118;26
367;119;26
367;120;26
367;121;26
367;122;26
367;123;26
367;124;26
367;125;26
367;126;26
367;127;26
367;128;26
367;129;26
367;130;26
367;131;26
367;132;26
367;133;26
367;134;26
367;135;26
367;136;26
367;137;26
367;138;26
367;139;26
367;140;26
367;141;26
367;142;26
367;143;26
367;144;26
367;145;26
367;146;26
367;147;26
367;148;26
367;149;26
367;150;26
367;151;26
367;152;26
367;153;26
367;154;26
367;155;19
367;156;19
367;157;19
367;158;19
367;159;19
367;160;19
367;161;19
367;162;19
367;163;19
367;164;19
367;165;19
367;166;19
367;167;19
367;168;19
367;169;19
367;170;37
367;171;37
367;172;37
367;173;37
367;174;37
367;175;37
367;176;37
367;177;37
367;178;37
367;179;37
367;180;37
367;181;37
367;182;37
367;183;37
367;184;37
367;185;37
367;186;37
367;187;37
367;188;37
367;189;37
367;190;37
367;191;37
367;192;37
367;193;37
367;194;37
367;195;37
367;196;37
367;197;37
367;198;37
367;199;37
367;200;37
367;201;37
367;202;37
367;203;37
367;204;37
367;205;37
367;206;37
367;207;37
367;208;37
367;209;37
367;210;37
367;211;37
367;212;37
367;213;37
367;214;37
367;215;37
367;216;37
367;217;19
367;218;19
367;219;19
367;220;19
367;221;25
367;222;25
367;223;25
367;224;25
367;225;25
367;226;25
367;227;25
367;228;25
367;229;25
367;230;25
367;231;25
367;232;25
367;233;25
367;234;25
367;235;25
367;236;25
367;237;25
367;238;25
367;239;25
367;240;25
367;241;25
367;242;25
367;243;25
367;244;25
367;245;25
367;246;25
367;247;25
367;248;25
367;249;25
367;250;25
367;251;25
367;252;25
367;253;25
367;254;25
367;255;25
367;256;25
367;257;25
367;258;25
367;259;25
367;260;30
367;261;30
367;262;30
367;263;30
367;264;30
367;265;30
367;266;30
367;267;30
367;268;30
367;269;30
367;270;30
367;271;30
367;272;30
367;273;45
367;274;45
367;275;45
367;276;45
367;277;45
367;278;45
367;279;45
367;280;45
367;281;45
367;282;45
367;283;45
367;284;45
367;285;45
367;286;45
367;287;45
367;288;45
367;289;45
367;290;45
367;291;38
367;292;38
367;293;38
367;294;38
367;295;38
367;296;38
367;297;38
367;298;38
367;299;38
367;300;38
367;301;38
367;302;38
367;303;38
367;304;38
367;305;38
367;306;38
367;307;38
367;308;38
367;309;38
367;310;38
367;311;38
367;312;38
367;313;38
367;314;38
367;315;38
367;316;38
367;317;38
367;318;38
367;319;38
367;320;38
367;321;38
367;322;38
367;323;38
367;324;38
367;325;38
367;326;38
367;327;29
367;328;29
367;329;29
367;330;29
367;331;29
367;332;29
367;333;29
367;334;29
367;335;29
367;336;29
367;337;29
367;338;29
367;339;29
367;340;29
367;341;29
367;342;29
367;343;29
367;344;29
367;345;29
367;346;29
367;347;29
367;348;29
367;349;29
367;350;29
367;351;29
367;352;29
367;353;29
367;354;29
367;355;29
367;356;29
367;357;29
367;358;29
367;359;29
367;360;29
367;361;29
367;362;29
367;363;29
367;364;29
367;365;29
367;366;29
367;367;29
367;368;29
367;369;29
367;370;29
367;371;29
367;372;29
367;373;29
367;374;29
367;375;29
367;376;29
367;377;29
367;378;29
367;379;29
367;380;29
367;381;29
367;382;29
367;383;29
367;384;29
367;385;29
367;386;29
367;387;29
367;388;29
367;389;38
367;390;38
367;391;38
367;392;38
367;393;38
367;394;38
367;395;38
367;396;38
367;397;38
367;398;38
367;399;38
367;400;38
367;401;38
367;402;38
367;403;38
367;404;38
367;405;38
367;406;38
367;407;38
367;408;38
367;409;38
367;410;38
367;411;38
367;412;38
367;413;38
367;414;38
367;415;38
367;416;38
367;417;38
367;418;38
367;419;38
367;420;38
367;421;38
367;422;38
367;423;38
367;424;38
367;425;38
367;426;38
367;427;38
367;428;38
367;429;38
367;430;38
367;431;38
367;432;38
367;433;20
367;434;20
367;435;20
367;436;20
367;437;20
367;438;20
367;439;20
367;440;20
367;441;20
367;442;20
367;443;20
367;444;20
367;445;20
367;446;20
367;447;20
367;448;20
367;449;20
367;450;20
367;451;20
367;452;20
367;453;20
367;454;20
367;455;20
367;456;20
367;457;20
367;458;20
367;459;20
367;460;20
367;461;20
367;462;20
367;463;42
367;464;42
367;465;42
367;466;42
367;467;42
367;468;42
367;469;42
367;470;42
367;471;42
367;472;42
367;473;42
367;474;35
367;475;35
367;476;35
367;477;35
367;478;35
367;479;35
367;480;35
367;481;35
367;482;35
367;483;35
367;484;35
367;485;35
367;486;35
367;487;35
367;488;35
367;489;35
367;490;35
367;491;24
367;492;24
367;493;24
367;494;24
367;495;24
367;496;24
367;497;24
367;498;24
367;499;24
368;0;1
368;1;1
368;2;1
368;3;1
368;4;1
368;5;1
368;6;1
368;7;1
368;8;1
368;9;1
368;10;1
368;11;1
368;12;1
368;13;1
368;14;1
368;15;1
368;16;1
368;17;1
368;18;1
368;19;21
368;20;21
368;21;21
368;22;21
368;23;21
368;24;21
368;25;21
368;26;21
368;27;21
368;28;21
368;29;21
368;30;21
368;31;21
368;32;21
368;33;21
368;34;21
368;35;21
368;36;21
368;37;21
368;38;21
368;39;21
368;40;21
368;41;29
368;42;29
368;43;29
368;44;29
368;45;29
368;46;29
368;47;29
368;48;29
368;49;29
368;50;29
368;51;29
368;52;29
368;53;29
368;54;29
368;55;29
368;56;29
368;57;29
368;58;29
368;59;29
368;60;29
368;61;27
368;62;27
368;63;27
368;64;27
368;65;27
368;66;27
368;67;27
368;68;27
368;69;27
368;70;27
368;71;27
368;72;27
368;73;27
368;74;27
368;75;27
368;76;27
368;77;27
368;78;27
368;79;27
368;80;27
368;81;27
368;82;27
368;83;21
368;84;21
368;85;21
368;86;21
368;87;21
368;88;21
368;89;21
368;90;21
368;91;21
368;92;21
368;93;21
368;94;21
368;95;21
368;96;21
368;97;21
368;98;21
368;99;21
368;100;21
368;101;21
368;102;21
368;103;21
368;104;21
368;105;26
368;106;26
368;107;26
368;108;26
368;109;26
368;110;26
368;111;26
368;112;26
368;113;26
368;114;26
368;115;26
368;116;26
368;117;26
368;118;26
368;119;26
368;120;26
368;121;26
368;122;26
368;123;26
368;124;26
368;125;26
368;126;26
368;127;26
368;128;26
368;129;26
368;130;26
368;131;26
368;132;26
368;133;26
368;134;26
368;135;26
368;136;26
368;137;26
368;138;26
368;139;26
368;140;26
368;141;26
368;142;26
368;143;26
368;144;26
368;145;26
368;146;26
368;147;26
368;148;26
368;149;26
368;150;26
368;151;26
368;152;26
368;153;26
368;154;26
368;155;26
368;156;19
368;157;19
368;158;19
368;159;19
368;160;19
368;161;19
368;162;19
368;163;19
368;164;19
368;165;19
368;166;19
368;167;19
368;168;19
368;169;19
368;170;37
368;171;37
368;172;37
368;173;37
368;174;37
368;175;37
368;176;37
368;177;37
368;178;37
368;179;37
368;180;37
368;181;37
368;182;37
368;183;37
368;184;37
368;185;37
368;186;37
368;187;37
368;188;37
368;189;37
368;190;37
368;191;37
368;192;37
368;193;37
368;194;37
368;195;37
368;196;37
368;197;37
368;198;37
368;199;37
368;200;37
368;201;37
368;202;37
368;203;37
368;204;37
368;205;37
368;206;37
368;207;37
368;208;37
368;209;37
368;210;37
368;211;37
368;212;37
368;213;37
368;214;37
368;215;37
368;216;37
368;217;19
368;218;19
368;219;19
368;220;19
368;221;25
368;222;25
368;223;25
368;224;25
368;225;25
368;226;25
368;227;25
368;228;25
368;229;25
368;230;25
368;231;25
368;232;25
368;233;25
368;234;25
368;235;25
368;236;25
368;237;25
368;238;25
368;239;25
368;240;25
368;241;25
368;242;25
368;243;25
368;244;25
368;245;25
368;246;25
368;247;25
368;248;25
368;249;25
368;250;25
368;251;25
368;252;25
368;253;25
368;254;25
368;255;25
368;256;25
368;257;25
368;258;25
368;259;25
368;260;25
368;261;25
368;262;30
368;263;30
368;264;30
368;265;30
368;266;30
368;267;30
368;268;30
368;269;30
368;270;30
368;271;30
368;272;30
368;273;45
368;274;45
368;275;45
368;276;45
368;277;45
368;278;45
368;279;45
368;280;45
368;281;45
368;282;45
368;283;45
368;284;45
368;285;45
368;286;45
368;287;45
368;288;45
368;289;45
368;290;38
368;291;38
368;292;38
368;293;38
368;294;38
368;295;38
368;296;38
368;297;38
368;298;38
368;299;38
368;300;38
368;301;38
368;302;38
368;303;38
368;304;38
368;305;38
368;306;38
368;307;38
368;308;38
368;309;38
368;310;38
368;311;38
368;312;38
368;313;38
368;314;38
368;315;38
368;316;38
368;317;38
368;318;38
368;319;38
368;320;38
368;321;38
368;322;38
368;323;38
368;324;38
368;325;38
368;326;38
368;327;29
368;328;29
368;329;29
368;330;29
368;331;29
368;332;29
368;333;29
368;334;29
368;335;29
368;336;29
368;337;29
368;338;29
368;339;29
368;340;29
368;341;29
368;342;29
368;343;29
368;344;29
368;345;29
368;346;29
368;347;29
368;348;29
368;349;29
368;350;29
368;351;29
368;352;29
368;353;29
368;354;29
368;355;29
368;356;29
368;357;29
368;358;29
368;359;29
368;360;29
368;361;29
368;362;29
368;363;29
368;364;29
368;365;29
368;366;29
368;367;29
368;368;29
368;369;29
368;370;29
368;371;29
368;372;29
368;373;29
368;374;29
368;375;29
368;376;29
368;377;29
368;378;29
368;379;29
368;380;29
368;381;29
368;382;29
368;383;29
368;384;29
368;385;29
368;386;29
368;387;29
368;388;29
368;389;29
368;390;38
368;391;38
368;392;38
368;393;38
368;394;38
368;395;38
368;396;38
368;397;38
368;398;38
368;399;38
368;400;38
368;401;38
368;402;38
368;403;38
368;404;38
368;405;38
368;406;38
368;407;38
368;408;38
368;409;38
368;410;38
368;411;38
368;412;38
368;413;38
368;414;38
368;415;38
368;416;38
368;417;38
368;418;38
368;419;38
368;420;38
368;421;38
368;422;38
368;423;38
368;424;38
368;425;38
368;426;38
368;427;38
368;428;38
368;429;38
368;430;38
368;431;38
368;432;38
368;433;38
368;434;20
368;435;20
368;436;20
368;437;20
368;438;20
368;439;20
368;440;20
368;441;20
368;442;20
368;443;20
368;444;20
368;445;20
368;446;20
368;447;20
368;448;20
368;449;20
368;450;20
368;451;20
368;452;20
368;453;20
368;454;20
368;455;20
368;456;20
368;457;20
368;458;20
368;459;20
368;460;20
368;461;20
368;462;20
368;463;42
368;464;42
368;465;42
368;466;42
368;467;42
368;468;42
368;469;42
368;470;42
368;471;42
368;472;42
368;473;42
368;474;42
368;475;42
368;476;35
368;477;35
368;478;35
368;479;35
368;480;35
368;481;35
368;482;35
368;483;35
368;484;35
368;485;35
368;486;35
368;487;35
368;488;35
368;489;35
368;490;35
368;491;35
368;492;24
368;493;24
368;494;24
368;495;24
368;496;24
368;497;24
368;498;24
368;499;24
369;0;1
369;1;1
369;2;1
369;3;1
369;4;1
369;5;1
369;6;1
369;7;1
369;8;1
369;9;1
369;10;1
369;11;1
369;12;1
369;13;1
369;14;1
369;15;1
369;16;1
369;17;1
369;18;1
369;19;1
369;20;1
369;21;21
369;22;21
369;23;21
369;24;21
369;25;21
369;26;21
369;27;21
369;28;21
369;29;21
369;30;21
369;31;21
369;32;21
369;33;21
369;34;21
369;35;21
369;36;21
369;37;21
369;38;21
369;39;21
369;40;21
369;41;29
369;42;29
369;43;29
369;44;29
369;45;29
369;46;29
369;47;29
369;48;29
369;49;29
369;50;29
369;51;29
369;52;29
369;53;29
369;54;29
369;55;29
369;56;29
369;57;29
369;58;29
369;59;29
369;60;29
369;61;29
369;62;27
369;63;27
369;64;27
369;65;27
369;66;27
369;67;27
369;68;27
369;69;27
369;70;27
369;71;27
369;72;27
369;73;27
369;74;27
369;75;27
369;76;27
369;77;27
369;78;27
369;79;27
369;80;27
369;81;27
369;82;27
369;83;27
369;84;21
369;85;21
369;86;21
369;87;21
369;88;21
369;89;21
369;90;21
369;91;21
369;92;21
369;93;21
369;94;21
369;95;21
369;96;21
369;97;21
369;98;21
369;99;21
369;100;21
369;101;21
369;102;21
369;103;21
369;104;21
369;105;26
369;106;26
369;107;26
369;108;26
369;109;26
369;110;26
369;111;26
369;112;26
369;113;26
369;114;26
369;115;26
369;116;26
369;117;26
369;118;26
369;119;26
369;120;26
369;121;26
369;122;26
369;123;26
369;124;26
369;125;26
369;126;26
369;127;26
369;128;26
369;129;26
369;130;26
369;131;26
369;132;26
369;133;26
369;134;26
369;135;26
369;136;26
369;137;26
369;138;26
369;139;26
369;140;26
369;141;26
369;142;26
369;143;26
369;144;26
369;145;26
369;146;26
369;147;26
369;148;26
369;149;26
369;150;26
369;151;26
369;152;26
369;153;26
369;154;26
369;155;26
369;156;26
369;157;19
369;158;19
369;159;19
369;160;19
369;161;19
369;162;19
369;163;19
369;164;19
369;165;19
369;166;19
369;167;19
369;168;19
369;169;19
369;170;37
369;171;37
369;172;37
369;173;37
369;174;37
369;175;37
369;176;37
369;177;37
369;178;37
369;179;37
369;180;37
369;181;37
369;182;37
369;183;37
369;184;37
369;185;37
369;186;37
369;187;37
369;188;37
369;189;37
369;190;37
369;191;37
369;192;37
369;193;37
369;194;37
369;195;37
369;196;37
369;197;37
369;198;37
369;199;37
369;200;37
369;201;37
369;202;37
369;203;37
369;204;37
369;205;37
369;206;37
369;207;37
369;208;37
369;209;37
369;210;37
369;211;37
369;212;37
369;213;37
369;214;37
369;215;37
369;216;37
369;217;19
369;218;19
369;219;19
369;220;19
369;221;19
369;222;25
369;223;25
369;224;25
369;225;25
369;226;25
369;227;25
369;228;25
369;229;25
369;230;25
369;231;25
369;232;25
369;233;25
369;234;25
369;235;25
369;236;25
369;237;25
369;238;25
369;239;25
369;240;25
369;241;25
369;242;25
369;243;25
369;244;25
369;245;25
369;246;25
369;247;25
369;248;25
369;249;25
369;250;25
369;251;25
369;252;25
369;253;25
369;254;25
369;255;25
369;256;25
369;257;25
369;258;25
369;259;25
369;260;25
369;261;25
369;262;25
369;263;25
369;264;30
369;265;30
369;266;30
369;267;30
369;268;30
369;269;30
369;270;30
369;271;30
369;272;30
369;273;30
369;274;45
369;275;45
369;276;45
369;277;45
369;278;45
369;279;45
369;280;45
369;281;45
369;282;45
369;283;45
369;284;45
369;285;45
369;286;45
369;287;45
369;288;45
369;289;45
369;290;38
369;291;38
369;292;38
369;293;38
369;294;38
369;295;38
369;296;38
369;297;38
369;298;38
369;299;38
369;300;38
369;301;38
369;302;38
369;303;38
369;304;38
369;305;38
369;306;38
369;307;38
369;308;38
369;309;38
369;310;38
369;311;38
369;312;38
369;313;38
369;314;38
369;315;38
369;316;38
369;317;38
369;318;38
369;319;38
369;320;38
369;321;38
369;322;38
369;323;38
369;324;38
369;325;38
369;326;38
369;327;29
369;328;29
369;329;29
369;330;29
369;331;29
369;332;29
369;333;29
369;334;29
369;335;29
369;336;29
369;337;29
369;338;29
369;339;29
369;340;29
369;341;29
369;342;29
369;343;29
369;344;29
369;345;29
369;346;29
369;347;29
369;348;29
369;349;29
369;350;29
369;351;29
369;352;29
369;353;29
369;354;29
369;355;29
369;356;29
369;357;29
369;358;29
369;359;29
369;360;29
369;361;29
369;362;29
369;363;29
369;364;29
369;365;29
369;366;29
369;367;29
369;368;29
369;369;29
369;370;29
369;371;29
369;372;29
369;373;29
369;374;29
369;375;29
369;376;29
369;377;29
369;378;29
369;379;29
369;380;29
369;381;29
369;382;29
369;383;29
369;384;29
369;385;29
369;386;29
369;387;29
369;388;29
369;389;29
369;390;38
369;391;38
369;392;38
369;393;38
369;394;38
369;395;38
369;396;38
369;397;38
369;398;38
369;399;38
369;400;38
369;401;38
369;402;38
369;403;38
369;404;38
369;405;38
369;406;38
369;407;38
369;408;38
369;409;38
369;410;38
369;411;38
369;412;38
369;413;38
369;414;38
369;415;38
369;416;38
369;417;38
369;418;38
369;419;38
369;420;38
369;421;38
369;422;38
369;423;38
369;424;38
369;425;38
369;426;38
369;427;38
369;428;38
369;429;38
369;430;38
369;431;38
369;432;38
369;433;38
369;434;38
369;435;20
369;436;20
369;437;20
369;438;20
369;439;20
369;440;20
369;441;20
369;442;20
369;443;20
369;444;20
369;445;20
369;446;20
369;447;20
369;448;20
369;449;20
369;450;20
369;451;20
369;452;20
369;453;20
369;454;20
369;455;20
369;456;20
369;457;20
369;458;20
369;459;20
369;460;20
369;461;20
369;462;20
369;463;42
369;464;42
369;465;42
369;466;42
369;467;42
369;468;42
369;469;42
369;470;42
369;471;42
369;472;42
369;473;42
369;474;42
369;475;42
369;476;42
369;477;35
369;478;35
369;479;35
369;480;35
369;481;35
369;482;35
369;483;35
369;484;35
369;485;35
369;486;35
369;487;35
369;488;35
369;489;35
369;490;35
369;491;35
369;492;24
369;493;24
369;494;24
369;495;24
369;496;24
369;497;24
369;498;24
369;499;24
370;0;1
370;1;1
370;2;1
370;3;1
370;4;1
370;5;1
370;6;1
370;7;1
370;8;1
370;9;1
370;10;1
370;11;1
370;12;1
370;13;1
370;14;1
370;15;1
370;16;1
370;17;1
370;18;1
370;19;1
370;20;1
370;21;1
370;22;1
370;23;21
370;24;21
370;25;21
370;26;21
370;27;21
370;28;21
370;29;21
370;30;21
370;31;21
370;32;21
370;33;21
370;34;21
370;35;21
370;36;21
370;37;21
370;38;21
370;39;21
370;40;21
370;41;29
370;42;29
370;43;29
370;44;29
370;45;29
370;46;29
370;47;29
370;48;29
370;49;29
370;50;29
370;51;29
370;52;29
370;53;29
370;54;29
370;55;29
370;56;29
370;57;29
370;58;29
370;59;29
370;60;29
370;61;29
370;62;29
370;63;27
370;64;27
370;65;27
370;66;27
370;67;27
370;68;27
370;69;27
370;70;27
370;71;27
370;72;27
370;73;27
370;74;27
370;75;27
370;76;27
370;77;27
370;78;27
370;79;27
370;80;27
370;81;27
370;82;27
370;83;27
370;84;21
370;85;21
370;86;21
370;87;21
370;88;21
370;89;21
370;90;21
370;91;21
370;92;21
370;93;21
370;94;21
370;95;21
370;96;21
370;97;21
370;98;21
370;99;21
370;100;21
370;101;21
370;102;21
370;103;21
370;104;21
370;105;26
370;106;26
370;107;26
370;108;26
370;109;26
370;110;26
370;111;26
370;112;26
370;113;26
370;114;26
370;115;26
370;116;26
370;117;26
370;118;26
370;119;26
370;120;26
370;121;26
370;122;26
370;123;26
370;124;26
370;125;26
370;126;26
370;127;26
370;128;26
370;129;26
370;130;26
370;131;26
370;132;26
370;133;26
370;134;26
370;135;26
370;136;26
370;137;26
370;138;26
370;139;26
370;140;26
370;141;26
370;142;26
370;143;26
370;144;26
370;145;26
370;146;26
370;147;26
370;148;26
370;149;26
370;150;26
370;151;26
370;152;26
370;153;26
370;154;26
370;155;26
370;156;26
370;157;26
370;158;19
370;159;19
370;160;19
370;161;19
370;162;19
370;163;19
370;164;19
370;165;19
370;166;19
370;167;19
370;168;19
370;169;19
370;170;37
370;171;37
370;172;37
370;173;37
370;174;37
370;175;37
370;176;37
370;177;37
370;178;37
370;179;37
370;180;37
370;181;37
370;182;37
370;183;37
370;184;37
370;185;37
370;186;37
370;187;37
370;188;37
370;189;37
370;190;37
370;191;37
370;192;37
370;193;37
370;194;37
370;195;37
370;196;37
370;197;37
370;198;37
370;199;37
370;200;37
370;201;37
370;202;37
370;203;37
370;204;37
370;205;37
370;206;37
370;207;37
370;208;37
370;209;37
370;210;37
370;211;37
370;212;37
370;213;37
370;214;37
370;215;37
370;216;37
370;217;19
370;218;19
370;219;19
370;220;19
370;221;19
370;222;25
370;223;25
370;224;25
370;225;25
370;226;25
370;227;25
370;228;25
370;229;25
370;230;25
370;231;25
370;232;25
370;233;25
370;234;25
370;235;25
370;236;25
370;237;25
370;238;25
370;239;25
370;240;25
370;241;25
370;242;25
370;243;25
370;244;25
370;245;25
370;246;25
370;247;25
370;248;25
370;249;25
370;250;25
370;251;25
370;252;25
370;253;25
370;254;25
370;255;25
370;256;25
370;257;25
370;258;25
370;259;25
370;260;25
370;261;25
370;262;25
370;263;25
370;264;25
370;265;25
370;266;30
370;267;30
370;268;30
370;269;30
370;270;30
370;271;30
370;272;30
370;273;30
370;274;45
370;275;45
370;276;45
370;277;45
370;278;45
370;279;45
370;280;45
370;281;45
370;282;45
370;283;45
370;284;45
370;285;45
370;286;45
370;287;45
370;288;45
370;289;45
370;290;38
370;291;38
370;292;38
370;293;38
370;294;38
370;295;38
370;296;38
370;297;38
370;298;38
370;299;38
370;300;38
370;301;38
370;302;38
370;303;38
370;304;38
370;305;38
370;306;38
370;307;38
370;308;38
370;309;38
370;310;38
370;311;38
370;312;38
370;313;38
370;314;38
370;315;38
370;316;38
370;317;38
370;318;38
370;319;38
370;320;38
370;321;38
370;322;38
370;323;38
370;324;38
370;325;38
370;326;38
370;327;29
370;328;29
370;329;29
370;330;29
370;331;29
370;332;29
370;333;29
370;334;29
370;335;29
370;336;29
370;337;29
370;338;29
370;339;29
370;340;29
370;341;29
370;342;29
370;343;29
370;344;29
370;345;29
370;346;29
370;347;29
370;348;29
370;349;29
370;350;29
370;351;29
370;352;29
370;353;29
370;354;29
370;355;29
370;356;29
370;357;29
370;358;29
370;359;29
370;360;29
370;361;29
370;362;29
370;363;29
370;364;29
370;365;29
370;366;29
370;367;29
370;368;29
370;369;29
370;370;29
370;371;29
370;372;29
370;373;29
370;374;29
370;375;29
370;376;29
370;377;29
370;378;29
370;379;29
370;380;29
370;381;29
370;382;29
370;383;29
370;384;29
370;385;29
370;386;29
370;387;29
370;388;29
370;389;29
370;390;29
370;391;38
370;392;38
370;393;38
370;394;38
370;395;38
370;396;38
370;397;38
370;398;38
370;399;38
370;400;38
370;401;38
370;402;38
370;403;38
370;404;38
370;405;38
370;406;38
370;407;38
370;408;38
370;409;38
370;410;38
370;411;38
370;412;38
370;413;38
370;414;38
370;415;38
370;416;38
370;417;38
370;418;38
370;419;38
370;420;38
370;421;38
370;422;38
370;423;38
370;424;38
370;425;38
370;426;38
370;427;38
370;428;38
370;429;38
370;430;38
370;431;38
370;432;38
370;433;38
370;434;38
370;435;38
370;436;20
370;437;20
370;438;20
370;439;20
370;440;20
370;441;20
370;442;20
370;443;20
370;444;20
370;445;20
370;446;20
370;447;20
370;448;20
370;449;20
370;450;20
370;451;20
370;452;20
370;453;20
370;454;20
370;455;20
370;456;20
370;457;20
370;458;20
370;459;20
370;460;20
370;461;20
370;462;20
370;463;42
370;464;42
370;465;42
370;466;42
370;467;42
370;468;42
370;469;42
370;470;42
370;471;42
370;472;42
370;473;42
370;474;42
370;475;42
370;476;42
370;477;42
370;478;35
370;479;35
370;480;35
370;481;35
370;482;35
370;483;35
370;484;35
370;485;35
370;486;35
370;487;35
370;488;35
370;489;35
370;490;35
370;491;35
370;492;35
370;493;24
370;494;24
370;495;24
370;496;24
370;497;24
370;498;24
370;499;24
371;0;1
371;1;1
371;2;1
371;3;1
371;4;1
371;5;1
371;6;1
371;7;1
371;8;1
371;9;1
371;10;1
371;11;1
371;12;1
371;13;1
371;14;1
371;15;1
371;16;1
371;17;1
371;18;1
371;19;1
371;20;1
371;21;1
371;22;1
371;23;1
371;24;1
371;25;21
371;26;21
371;27;21
371;28;21
371;29;21
371;30;21
371;31;21
371;32;21
371;33;21
371;34;21
371;35;21
371;36;21
371;37;21
371;38;21
371;39;21
371;40;21
371;41;29
371;42;29
371;43;29
371;44;29
371;45;29
371;46;29
371;47;29
371;48;29
371;49;29
371;50;29
371;51;29
371;52;29
371;53;29
371;54;29
371;55;29
371;56;29
371;57;29
371;58;29
371;59;29
371;60;29
371;61;29
371;62;29
371;63;29
371;64;27
371;65;27
371;66;27
371;67;27
371;68;27
371;69;27
371;70;27
371;71;27
371;72;27
371;73;27
371;74;27
371;75;27
371;76;27
371;77;27
371;78;27
371;79;27
371;80;27
371;81;27
371;82;27
371;83;27
371;84;27
371;85;21
371;86;21
371;87;21
371;88;21
371;89;21
371;90;21
371;91;21
371;92;21
371;93;21
371;94;21
371;95;21
371;96;21
371;97;21
371;98;21
371;99;21
371;100;21
371;101;21
371;102;21
371;103;21
371;104;21
371;105;26
371;106;26
371;107;26
371;108;26
371;109;26
371;110;26
371;111;26
371;112;26
371;113;26
371;114;26
371;115;26
371;116;26
371;117;26
371;118;26
371;119;26
371;120;26
371;121;26
371;122;26
371;123;26
371;124;26
371;125;34
371;126;34
371;127;34
371;128;26
371;129;26
371;130;26
371;131;26
371;132;26
371;133;26
371;134;26
371;135;26
371;136;26
371;137;26
371;138;26
371;139;26
371;140;26
371;141;26
371;142;26
371;143;26
371;144;26
371;145;26
371;146;26
371;147;26
371;148;26
371;149;26
371;150;26
371;151;26
371;152;26
371;153;26
371;154;26
371;155;26
371;156;26
371;157;26
371;158;26
371;159;19
371;160;19
371;161;19
371;162;19
371;163;19
371;164;19
371;165;19
371;166;19
371;167;19
371;168;19
371;169;19
371;170;37
371;171;37
371;172;37
371;173;37
371;174;37
371;175;37
371;176;37
371;177;37
371;178;37
371;179;37
371;180;37
371;181;37
371;182;37
371;183;37
371;184;37
371;185;37
371;186;37
371;187;37
371;188;37
371;189;37
371;190;37
371;191;37
371;192;37
371;193;37
371;194;37
371;195;37
371;196;37
371;197;37
371;198;37
371;199;37
371;200;37
371;201;37
371;202;37
371;203;37
371;204;37
371;205;37
371;206;37
371;207;37
371;208;37
371;209;37
371;210;37
371;211;37
371;212;37
371;213;37
371;214;37
371;215;37
371;216;37
371;217;19
371;218;19
371;219;19
371;220;19
371;221;19
371;222;19
371;223;25
371;224;25
371;225;25
371;226;25
371;227;25
371;228;25
371;229;25
371;230;25
371;231;25
371;232;25
371;233;25
371;234;25
371;235;25
371;236;25
371;237;25
371;238;25
371;239;25
371;240;25
371;241;25
371;242;25
371;243;25
371;244;25
371;245;25
371;246;25
371;247;25
371;248;25
371;249;25
371;250;25
371;251;25
371;252;25
371;253;25
371;254;25
371;255;25
371;256;25
371;257;25
371;258;25
371;259;25
371;260;25
371;261;25
371;262;25
371;263;25
371;264;25
371;265;25
371;266;25
371;267;25
371;268;30
371;269;30
371;270;30
371;271;30
371;272;30
371;273;30
371;274;30
371;275;45
371;276;45
371;277;45
371;278;45
371;279;45
371;280;45
371;281;45
371;282;45
371;283;45
371;284;45
371;285;45
371;286;45
371;287;45
371;288;45
371;289;45
371;290;38
371;291;38
371;292;38
371;293;38
371;294;38
371;295;38
371;296;38
371;297;38
371;298;38
371;299;38
371;300;38
371;301;38
371;302;38
371;303;38
371;304;38
371;305;38
371;306;38
371;307;38
371;308;38
371;309;38
371;310;38
371;311;38
371;312;38
371;313;38
371;314;38
371;315;38
371;316;38
371;317;38
371;318;38
371;319;38
371;320;38
371;321;38
371;322;38
371;323;38
371;324;38
371;325;38
371;326;38
371;327;29
371;328;29
371;329;29
371;330;29
371;331;29
371;332;29
371;333;29
371;334;29
371;335;29
371;336;29
371;337;29
371;338;29
371;339;29
371;340;29
371;341;29
371;342;29
371;343;29
371;344;29
371;345;29
371;346;29
371;347;29
371;348;29
371;349;29
371;350;29
371;351;29
371;352;29
371;353;29
371;354;29
371;355;29
371;356;29
371;357;29
371;358;29
371;359;29
371;360;29
371;361;29
371;362;29
371;363;29
371;364;29
371;365;29
371;366;29
371;367;29
371;368;29
371;369;29
371;370;29
371;371;29
371;372;29
371;373;29
371;374;29
371;375;29
371;376;29
371;377;29
371;378;29
371;379;29
371;380;29
371;381;29
371;382;29
371;383;29
371;384;29
371;385;29
371;386;29
371;387;29
371;388;29
371;389;29
371;390;29
371;391;38
371;392;38
371;393;38
371;394;38
371;395;38
371;396;38
371;397;38
371;398;38
371;399;38
371;400;38
371;401;38
371;402;38
371;403;38
371;404;38
371;405;38
371;406;38
371;407;38
371;408;38
371;409;38
371;410;38
371;411;38
371;412;38
371;413;38
371;414;38
371;415;38
371;416;38
371;417;38
371;418;38
371;419;38
371;420;38
371;421;38
371;422;38
371;423;38
371;424;38
371;425;38
371;426;38
371;427;38
371;428;38
371;429;38
371;430;38
371;431;38
371;432;38
371;433;38
371;434;38
371;435;38
371;436;38
371;437;20
371;438;20
371;439;20
371;440;20
371;441;20
371;442;20
371;443;20
371;444;20
371;445;20
371;446;20
371;447;20
371;448;20
371;449;20
371;450;20
371;451;20
371;452;20
371;453;20
371;454;20
371;455;20
371;456;20
371;457;20
371;458;20
371;459;20
371;460;20
371;461;20
371;462;20
371;463;42
371;464;42
371;465;42
371;466;42
371;467;42
371;468;42
371;469;42
371;470;42
371;471;42
371;472;42
371;473;42
371;474;42
371;475;42
371;476;42
371;477;42
371;478;42
371;479;35
371;480;35
371;481;35
371;482;35
371;483;35
371;484;35
371;485;35
371;486;35
371;487;35
371;488;35
371;489;35
371;490;35
371;491;35
371;492;35
371;493;24
371;494;24
371;495;24
371;496;24
371;497;24
371;498;24
371;499;24
372;0;1
372;1;1
372;2;1
372;3;1
372;4;1
372;5;1
372;6;1
372;7;1
372;8;1
372;9;1
372;10;1
372;11;1
372;12;1
372;13;1
372;14;1
372;15;1
372;16;1
372;17;1
372;18;1
372;19;1
372;20;1
372;21;1
372;22;1
372;23;1
372;24;1
372;25;1
372;26;1
372;27;21
372;28;21
372;29;21
372;30;21
372;31;21
372;32;21
372;33;21
372;34;21
372;35;21
372;36;21
372;37;21
372;38;21
372;39;21
372;40;21
372;41;29
372;42;29
372;43;29
372;44;29
372;45;29
372;46;29
372;47;29
372;48;29
372;49;29
372;50;29
372;51;29
372;52;29
372;53;29
372;54;29
372;55;29
372;56;29
372;57;29
372;58;29
372;59;29
372;60;29
372;61;29
372;62;29
372;63;29
372;64;29
372;65;27
372;66;27
372;67;27
372;68;27
372;69;27
372;70;27
372;71;27
372;72;27
372;73;27
372;74;27
372;75;27
372;76;27
372;77;27
372;78;27
372;79;27
372;80;27
372;81;27
372;82;27
372;83;27
372;84;27
372;85;21
372;86;21
372;87;21
372;88;21
372;89;21
372;90;21
372;91;21
372;92;21
372;93;21
372;94;21
372;95;21
372;96;21
372;97;21
372;98;21
372;99;21
372;100;21
372;101;21
372;102;21
372;103;21
372;104;21
372;105;26
372;106;26
372;107;26
372;108;26
372;109;34
372;110;34
372;111;34
372;112;34
372;113;34
372;114;34
372;115;34
372;116;34
372;117;34
372;118;34
372;119;34
372;120;34
372;121;34
372;122;34
372;123;34
372;124;34
372;125;34
372;126;34
372;127;34
372;128;34
372;129;37
372;130;37
372;131;37
372;132;26
372;133;26
372;134;26
372;135;26
372;136;26
372;137;26
372;138;26
372;139;26
372;140;26
372;141;26
372;142;26
372;143;26
372;144;26
372;145;26
372;146;26
372;147;26
372;148;26
372;149;26
372;150;26
372;151;26
372;152;26
372;153;26
372;154;26
372;155;26
372;156;26
372;157;26
372;158;26
372;159;26
372;160;19
372;161;19
372;162;19
372;163;19
372;164;19
372;165;19
372;166;19
372;167;19
372;168;19
372;169;19
372;170;10
372;171;37
372;172;37
372;173;37
372;174;37
372;175;37
372;176;37
372;177;37
372;178;37
372;179;37
372;180;37
372;181;37
372;182;37
372;183;37
372;184;37
372;185;37
372;186;37
372;187;37
372;188;37
372;189;37
372;190;37
372;191;37
372;192;37
372;193;37
372;194;37
372;195;37
372;196;37
372;197;37
372;198;37
372;199;37
372;200;37
372;201;37
372;202;37
372;203;37
372;204;37
372;205;37
372;206;37
372;207;37
372;208;37
372;209;37
372;210;37
372;211;37
372;212;37
372;213;37
372;214;37
372;215;37
372;216;37
372;217;19
372;218;19
372;219;19
372;220;19
372;221;19
372;222;19
372;223;25
372;224;25
372;225;25
372;226;25
372;227;25
372;228;25
372;229;25
372;230;25
372;231;25
372;232;25
372;233;25
372;234;25
372;235;25
372;236;25
372;237;25
372;238;25
372;239;25
372;240;25
372;241;25
372;242;25
372;243;25
372;244;25
372;245;25
372;246;25
372;247;25
372;248;25
372;249;25
372;250;25
372;251;25
372;252;25
372;253;25
372;254;25
372;255;25
372;256;25
372;257;25
372;258;25
372;259;25
372;260;25
372;261;25
372;262;25
372;263;25
372;264;25
372;265;25
372;266;25
372;267;25
372;268;25
372;269;25
372;270;30
372;271;30
372;272;30
372;273;30
372;274;30
372;275;45
372;276;45
372;277;45
372;278;45
372;279;45
372;280;45
372;281;45
372;282;45
372;283;45
372;284;45
372;285;45
372;286;45
372;287;45
372;288;45
372;289;45
372;290;38
372;291;38
372;292;38
372;293;38
372;294;38
372;295;38
372;296;38
372;297;38
372;298;38
372;299;38
372;300;38
372;301;38
372;302;38
372;303;38
372;304;38
372;305;38
372;306;38
372;307;38
372;308;38
372;309;38
372;310;38
372;311;38
372;312;38
372;313;38
372;314;38
372;315;38
372;316;38
372;317;38
372;318;38
372;319;38
372;320;38
372;321;38
372;322;38
372;323;38
372;324;38
372;325;38
372;326;38
372;327;29
372;328;29
372;329;29
372;330;29
372;331;29
372;332;29
372;333;29
372;334;29
372;335;29
372;336;29
372;337;29
372;338;29
372;339;29
372;340;29
372;341;29
372;342;29
372;343;29
372;344;29
372;345;29
372;346;29
372;347;29
372;348;29
372;349;29
372;350;29
372;351;29
372;352;29
372;353;29
372;354;29
372;355;29
372;356;29
372;357;29
372;358;29
372;359;29
372;360;29
372;361;29
372;362;29
372;363;29
372;364;29
372;365;29
372;366;29
372;367;29
372;368;29
372;369;29
372;370;29
372;371;29
372;372;29
372;373;29
372;374;29
372;375;29
372;376;29
372;377;29
372;378;29
372;379;29
372;380;29
372;381;29
372;382;29
372;383;29
372;384;29
372;385;29
372;386;29
372;387;29
372;388;29
372;389;29
372;390;29
372;391;29
372;392;38
372;393;38
372;394;38
372;395;38
372;396;38
372;397;38
372;398;38
372;399;38
372;400;38
372;401;38
372;402;38
372;403;38
372;404;38
372;405;38
372;406;38
372;407;38
372;408;38
372;409;38
372;410;38
372;411;38
372;412;38
372;413;38
372;414;38
372;415;38
372;416;38
372;417;38
372;418;38
372;419;38
372;420;38
372;421;38
372;422;38
372;423;38
372;424;38
372;425;38
372;426;38
372;427;38
372;428;38
372;429;38
372;430;38
372;431;38
372;432;38
372;433;38
372;434;38
372;435;38
372;436;38
372;437;38
372;438;20
372;439;20
372;440;20
372;441;20
372;442;20
372;443;20
372;444;20
372;445;20
372;446;20
372;447;20
372;448;20
372;449;20
372;450;20
372;451;20
372;452;20
372;453;20
372;454;20
372;455;20
372;456;20
372;457;20
372;458;20
372;459;20
372;460;20
372;461;20
372;462;20
372;463;42
372;464;42
372;465;42
372;466;42
372;467;42
372;468;42
372;469;42
372;470;42
372;471;42
372;472;42
372;473;42
372;474;42
372;475;42
372;476;42
372;477;42
372;478;42
372;479;42
372;480;35
372;481;35
372;482;35
372;483;35
372;484;35
372;485;35
372;486;35
372;487;35
372;488;35
372;489;35
372;490;35
372;491;35
372;492;35
372;493;35
372;494;24
372;495;24
372;496;24
372;497;24
372;498;24
372;499;24
373;0;1
373;1;1
373;2;1
373;3;1
373;4;1
373;5;1
373;6;1
373;7;1
373;8;1
373;9;1
373;10;1
373;11;1
373;12;1
373;13;1
373;14;1
373;15;1
373;16;1
373;17;1
373;18;1
373;19;1
373;20;1
373;21;1
373;22;1
373;23;1
373;24;1
373;25;1
373;26;1
373;27;1
373;28;1
373;29;33
373;30;33
373;31;33
373;32;33
373;33;33
373;34;33
373;35;33
373;36;33
373;37;33
373;38;33
373;39;33
373;40;33
373;41;33
373;42;33
373;43;29
373;44;29
373;45;29
373;46;29
373;47;29
373;48;29
373;49;29
373;50;29
373;51;29
373;52;29
373;53;29
373;54;29
373;55;29
373;56;29
373;57;29
373;58;29
373;59;29
373;60;29
373;61;29
373;62;29
373;63;29
373;64;29
373;65;29
373;66;27
373;67;27
373;68;27
373;69;27
373;70;27
373;71;27
373;72;27
373;73;27
373;74;27
373;75;27
373;76;27
373;77;27
373;78;27
373;79;27
373;80;27
373;81;27
373;82;27
373;83;27
373;84;27
373;85;27
373;86;21
373;87;21
373;88;21
373;89;21
373;90;21
373;91;21
373;92;21
373;93;21
373;94;21
373;95;21
373;96;21
373;97;21
373;98;21
373;99;21
373;100;21
373;101;21
373;102;21
373;103;21
373;104;21
373;105;26
373;106;26
373;107;26
373;108;34
373;109;34
373;110;34
373;111;34
373;112;34
373;113;34
373;114;34
373;115;34
373;116;34
373;117;34
373;118;34
373;119;34
373;120;34
373;121;34
373;122;34
373;123;34
373;124;34
373;125;34
373;126;34
373;127;34
373;128;34
373;129;37
373;130;37
373;131;37
373;132;37
373;133;37
373;134;26
373;135;26
373;136;26
373;137;26
373;138;26
373;139;26
373;140;26
373;141;26
373;142;26
373;143;26
373;144;26
373;145;26
373;146;26
373;147;26
373;148;26
373;149;26
373;150;26
373;151;26
373;152;26
373;153;26
373;154;26
373;155;26
373;156;26
373;157;26
373;158;26
373;159;26
373;160;26
373;161;19
373;162;19
373;163;19
373;164;19
373;165;19
373;166;19
373;167;19
373;168;19
373;169;10
373;170;10
373;171;10
373;172;10
373;173;37
373;174;37
373;175;37
373;176;37
373;177;37
373;178;37
373;179;37
373;180;37
373;181;37
373;182;37
373;183;37
373;184;37
373;185;37
373;186;37
373;187;37
373;188;37
373;189;37
373;190;37
373;191;37
373;192;37
373;193;37
373;194;37
373;195;37
373;196;37
373;197;37
373;198;37
373;199;37
373;200;37
373;201;37
373;202;37
373;203;37
373;204;37
373;205;37
373;206;37
373;207;37
373;208;37
373;209;37
373;210;37
373;211;37
373;212;37
373;213;37
373;214;37
373;215;37
373;216;19
373;217;19
373;218;19
373;219;19
373;220;19
373;221;19
373;222;19
373;223;19
373;224;25
373;225;25
373;226;25
373;227;25
373;228;25
373;229;25
373;230;25
373;231;25
373;232;25
373;233;25
373;234;25
373;235;25
373;236;25
373;237;25
373;238;25
373;239;25
373;240;25
373;241;25
373;242;25
373;243;25
373;244;25
373;245;25
373;246;25
373;247;25
373;248;25
373;249;25
373;250;25
373;251;25
373;252;25
373;253;25
373;254;25
373;255;25
373;256;25
373;257;25
373;258;25
373;259;25
373;260;25
373;261;25
373;262;25
373;263;25
373;264;25
373;265;25
373;266;25
373;267;25
373;268;25
373;269;25
373;270;25
373;271;25
373;272;30
373;273;30
373;274;30
373;275;30
373;276;45
373;277;45
373;278;45
373;279;45
373;280;45
373;281;45
373;282;45
373;283;45
373;284;45
373;285;45
373;286;45
373;287;45
373;288;45
373;289;45
373;290;38
373;291;38
373;292;38
373;293;38
373;294;38
373;295;38
373;296;38
373;297;38
373;298;38
373;299;38
373;300;38
373;301;38
373;302;38
373;303;38
373;304;38
373;305;38
373;306;38
373;307;38
373;308;38
373;309;38
373;310;38
373;311;38
373;312;38
373;313;38
373;314;38
373;315;38
373;316;38
373;317;38
373;318;38
373;319;38
373;320;38
373;321;38
373;322;38
373;323;38
373;324;38
373;325;38
373;326;38
373;327;29
373;328;29
373;329;29
373;330;29
373;331;29
373;332;29
373;333;29
373;334;29
373;335;29
373;336;29
373;337;29
373;338;29
373;339;29
373;340;29
373;341;29
373;342;29
373;343;29
373;344;29
373;345;29
373;346;29
373;347;29
373;348;29
373;349;29
373;350;29
373;351;29
373;352;29
373;353;29
373;354;29
373;355;29
373;356;29
373;357;29
373;358;29
373;359;29
373;360;29
373;361;29
373;362;29
373;363;29
373;364;29
373;365;29
373;366;29
373;367;29
373;368;29
373;369;29
373;370;29
373;371;29
373;372;29
373;373;29
373;374;29
373;375;29
373;376;29
373;377;29
373;378;29
373;379;29
373;380;29
373;381;29
373;382;29
373;383;29
373;384;29
373;385;29
373;386;29
373;387;29
373;388;29
373;389;29
373;390;29
373;391;29
373;392;38
373;393;38
373;394;38
373;395;38
373;396;38
373;397;38
373;398;38
373;399;38
373;400;38
373;401;38
373;402;38
373;403;38
373;404;38
373;405;38
373;406;38
373;407;38
373;408;38
373;409;38
373;410;38
373;411;38
373;412;38
373;413;38
373;414;38
373;415;38
373;416;38
373;417;38
373;418;38
373;419;38
373;420;38
373;421;38
373;422;38
373;423;38
373;424;38
373;425;38
373;426;38
373;427;38
373;428;38
373;429;38
373;430;38
373;431;38
373;432;38
373;433;38
373;434;38
373;435;38
373;436;38
373;437;38
373;438;20
373;439;20
373;440;20
373;441;20
373;442;20
373;443;20
373;444;20
373;445;20
373;446;20
373;447;20
373;448;20
373;449;20
373;450;20
373;451;20
373;452;20
373;453;20
373;454;20
373;455;20
373;456;20
373;457;20
373;458;20
373;459;20
373;460;20
373;461;20
373;462;20
373;463;42
373;464;42
373;465;42
373;466;42
373;467;42
373;468;42
373;469;42
373;470;42
373;471;42
373;472;42
373;473;42
373;474;42
373;475;42
373;476;42
373;477;42
373;478;42
373;479;42
373;480;42
373;481;35
373;482;35
373;483;35
373;484;35
373;485;35
373;486;35
373;487;35
373;488;35
373;489;35
373;490;35
373;491;35
373;492;35
373;493;35
373;494;35
373;495;24
373;496;24
373;497;24
373;498;24
373;499;24
374;0;1
374;1;1
374;2;1
374;3;1
374;4;1
374;5;1
374;6;1
374;7;1
374;8;1
374;9;1
374;10;1
374;11;1
374;12;1
374;13;1
374;14;1
374;15;1
374;16;1
374;17;1
374;18;1
374;19;1
374;20;1
374;21;1
374;22;1
374;23;1
374;24;1
374;25;1
374;26;1
374;27;1
374;28;1
374;29;1
374;30;33
374;31;33
374;32;33
374;33;33
374;34;33
374;35;33
374;36;33
374;37;33
374;38;33
374;39;33
374;40;33
374;41;33
374;42;33
374;43;33
374;44;33
374;45;29
374;46;29
374;47;29
374;48;29
374;49;29
374;50;29
374;51;29
374;52;29
374;53;29
374;54;29
374;55;29
374;56;29
374;57;29
374;58;29
374;59;29
374;60;29
374;61;29
374;62;29
374;63;29
374;64;29
374;65;29
374;66;29
374;67;27
374;68;27
374;69;27
374;70;27
374;71;27
374;72;27
374;73;27
374;74;27
374;75;27
374;76;27
374;77;27
374;78;27
374;79;27
374;80;27
374;81;27
374;82;27
374;83;27
374;84;27
374;85;27
374;86;21
374;87;21
374;88;21
374;89;21
374;90;21
374;91;21
374;92;21
374;93;21
374;94;21
374;95;21
374;96;21
374;97;21
374;98;21
374;99;21
374;100;21
374;101;21
374;102;21
374;103;21
374;104;21
374;105;26
374;106;26
374;107;34
374;108;34
374;109;34
374;110;34
374;111;34
374;112;34
374;113;34
374;114;34
374;115;34
374;116;34
374;117;34
374;118;34
374;119;34
374;120;34
374;121;34
374;122;34
374;123;34
374;124;34
374;125;34
374;126;34
374;127;34
374;128;34
374;129;34
374;130;37
374;131;37
374;132;37
374;133;37
374;134;37
374;135;37
374;136;26
374;137;26
374;138;26
374;139;26
374;140;26
374;141;26
374;142;26
374;143;26
374;144;26
374;145;26
374;146;26
374;147;26
374;148;26
374;149;26
374;150;26
374;151;26
374;152;26
374;153;26
374;154;26
374;155;26
374;156;26
374;157;26
374;158;26
374;159;26
374;160;26
374;161;26
374;162;19
374;163;19
374;164;19
374;165;19
374;166;19
374;167;19
374;168;10
374;169;10
374;170;10
374;171;10
374;172;10
374;173;10
374;174;10
374;175;37
374;176;37
374;177;37
374;178;37
374;179;37
374;180;37
374;181;37
374;182;37
374;183;37
374;184;37
374;185;37
374;186;37
374;187;37
374;188;37
374;189;37
374;190;37
374;191;37
374;192;37
374;193;37
374;194;37
374;195;37
374;196;37
374;197;37
374;198;37
374;199;37
374;200;37
374;201;37
374;202;37
374;203;37
374;204;37
374;205;37
374;206;37
374;207;37
374;208;37
374;209;37
374;210;37
374;211;37
374;212;37
374;213;37
374;214;37
374;215;19
374;216;19
374;217;19
374;218;19
374;219;19
374;220;19
374;221;19
374;222;19
374;223;19
374;224;25
374;225;25
374;226;25
374;227;25
374;228;25
374;229;25
374;230;25
374;231;25
374;232;25
374;233;25
374;234;25
374;235;25
374;236;25
374;237;25
374;238;25
374;239;25
374;240;25
374;241;25
374;242;25
374;243;25
374;244;25
374;245;25
374;246;25
374;247;25
374;248;25
374;249;25
374;250;25
374;251;25
374;252;25
374;253;25
374;254;25
374;255;25
374;256;25
374;257;25
374;258;25
374;259;25
374;260;25
374;261;25
374;262;25
374;263;25
374;264;25
374;265;25
374;266;25
374;267;25
374;268;25
374;269;25
374;270;25
374;271;25
374;272;25
374;273;25
374;274;30
374;275;30
374;276;45
374;277;45
374;278;45
374;279;45
374;280;45
374;281;45
374;282;45
374;283;45
374;284;45
374;285;45
374;286;45
374;287;45
374;288;45
374;289;45
374;290;38
374;291;38
374;292;38
374;293;38
374;294;38
374;295;38
374;296;38
374;297;38
374;298;38
374;299;38
374;300;38
374;301;38
374;302;38
374;303;38
374;304;38
374;305;38
374;306;38
374;307;38
374;308;38
374;309;38
374;310;38
374;311;38
374;312;38
374;313;38
374;314;38
374;315;38
374;316;38
374;317;38
374;318;38
374;319;38
374;320;38
374;321;38
374;322;38
374;323;38
374;324;38
374;325;38
374;326;38
374;327;29
374;328;29
374;329;29
374;330;29
374;331;29
374;332;29
374;333;29
374;334;29
374;335;29
374;336;29
374;337;29
374;338;29
374;339;29
374;340;29
374;341;29
374;342;29
374;343;29
374;344;29
374;345;29
374;346;29
374;347;29
374;348;29
374;349;29
374;350;29
374;351;29
374;352;29
374;353;29
374;354;29
374;355;29
374;356;29
374;357;29
374;358;29
374;359;29
374;360;29
374;361;29
374;362;29
374;363;29
374;364;29
374;365;29
374;366;29
374;367;29
374;368;29
374;369;29
374;370;29
374;371;29
374;372;29
374;373;29
374;374;29
374;375;29
374;376;29
374;377;29
374;378;29
374;379;29
374;380;29
374;381;29
374;382;29
374;383;29
374;384;29
374;385;29
374;386;29
374;387;29
374;388;29
374;389;29
374;390;29
374;391;29
374;392;29
374;393;38
374;394;38
374;395;38
374;396;38
374;397;38
374;398;38
374;399;38
374;400;38
374;401;38
374;402;38
374;403;38
374;404;38
374;405;38
374;406;38
374;407;38
374;408;38
374;409;38
374;410;38
374;411;38
374;412;38
374;413;38
374;414;38
374;415;38
374;416;38
374;417;38
374;418;38
374;419;38
374;420;38
374;421;38
374;422;38
374;423;38
374;424;38
374;425;38
374;426;38
374;427;38
374;428;38
374;429;38
374;430;38
374;431;38
374;432;38
374;433;38
374;434;38
374;435;38
374;436;38
374;437;38
374;438;38
374;439;20
374;440;20
374;441;20
374;442;20
374;443;20
374;444;20
374;445;20
374;446;20
374;447;20
374;448;20
374;449;20
374;450;20
374;451;20
374;452;20
374;453;20
374;454;20
374;455;20
374;456;20
374;457;20
374;458;20
374;459;20
374;460;20
374;461;20
374;462;20
374;463;42
374;464;42
374;465;42
374;466;42
374;467;42
374;468;42
374;469;42
374;470;42
374;471;42
374;472;42
374;473;42
374;474;42
374;475;42
374;476;42
374;477;42
374;478;42
374;479;42
374;480;42
374;481;42
374;482;35
374;483;35
374;484;35
374;485;35
374;486;35
374;487;35
374;488;35
374;489;35
374;490;35
374;491;35
374;492;35
374;493;35
374;494;35
374;495;35
374;496;24
374;497;24
374;498;24
374;499;24
375;0;1
375;1;1
375;2;1
375;3;1
375;4;1
375;5;1
375;6;1
375;7;1
375;8;1
375;9;1
375;10;1
375;11;1
375;12;1
375;13;1
375;14;1
375;15;1
375;16;1
375;17;1
375;18;1
375;19;1
375;20;1
375;21;1
375;22;1
375;23;1
375;24;1
375;25;1
375;26;1
375;27;1
375;28;1
375;29;1
375;30;33
375;31;33
375;32;33
375;33;33
375;34;33
375;35;33
375;36;33
375;37;33
375;38;33
375;39;33
375;40;33
375;41;33
375;42;33
375;43;33
375;44;33
375;45;33
375;46;33
375;47;33
375;48;33
375;49;33
375;50;33
375;51;33
375;52;33
375;53;33
375;54;33
375;55;33
375;56;33
375;57;33
375;58;29
375;59;29
375;60;29
375;61;29
375;62;29
375;63;29
375;64;29
375;65;29
375;66;29
375;67;29
375;68;27
375;69;27
375;70;27
375;71;27
375;72;27
375;73;27
375;74;27
375;75;27
375;76;27
375;77;27
375;78;27
375;79;27
375;80;27
375;81;27
375;82;27
375;83;27
375;84;27
375;85;27
375;86;27
375;87;21
375;88;21
375;89;21
375;90;21
375;91;21
375;92;21
375;93;21
375;94;21
375;95;21
375;96;21
375;97;21
375;98;21
375;99;21
375;100;21
375;101;21
375;102;21
375;103;21
375;104;21
375;105;34
375;106;34
375;107;34
375;108;34
375;109;34
375;110;34
375;111;34
375;112;34
375;113;34
375;114;34
375;115;34
375;116;34
375;117;34
375;118;34
375;119;34
375;120;34
375;121;34
375;122;34
375;123;34
375;124;34
375;125;34
375;126;34
375;127;34
375;128;34
375;129;34
375;130;37
375;131;37
375;132;37
375;133;37
375;134;37
375;135;37
375;136;37
375;137;37
375;138;26
375;139;26
375;140;26
375;141;26
375;142;26
375;143;26
375;144;26
375;145;26
375;146;26
375;147;26
375;148;26
375;149;26
375;150;26
375;151;26
375;152;26
375;153;26
375;154;26
375;155;26
375;156;26
375;157;26
375;158;26
375;159;26
375;160;26
375;161;26
375;162;26
375;163;19
375;164;19
375;165;19
375;166;19
375;167;19
375;168;10
375;169;10
375;170;10
375;171;10
375;172;10
375;173;10
375;174;10
375;175;10
375;176;10
375;177;37
375;178;37
375;179;37
375;180;37
375;181;37
375;182;37
375;183;37
375;184;37
375;185;37
375;186;37
375;187;37
375;188;37
375;189;37
375;190;37
375;191;37
375;192;37
375;193;37
375;194;37
375;195;37
375;196;37
375;197;37
375;198;37
375;199;37
375;200;37
375;201;37
375;202;37
375;203;37
375;204;37
375;205;37
375;206;37
375;207;37
375;208;37
375;209;37
375;210;37
375;211;37
375;212;37
375;213;37
375;214;19
375;215;19
375;216;19
375;217;19
375;218;19
375;219;19
375;220;19
375;221;19
375;222;19
375;223;19
375;224;19
375;225;25
375;226;25
375;227;25
375;228;25
375;229;25
375;230;25
375;231;25
375;232;25
375;233;25
375;234;25
375;235;25
375;236;25
375;237;25
375;238;25
375;239;25
375;240;25
375;241;25
375;242;25
375;243;25
375;244;25
375;245;25
375;246;25
375;247;25
375;248;25
375;249;25
375;250;25
375;251;25
375;252;25
375;253;25
375;254;25
375;255;25
375;256;25
375;257;25
375;258;25
375;259;25
375;260;25
375;261;25
375;262;25
375;263;25
375;264;25
375;265;25
375;266;25
375;267;25
375;268;25
375;269;25
375;270;25
375;271;25
375;272;25
375;273;25
375;274;25
375;275;25
375;276;30
375;277;45
375;278;45
375;279;45
375;280;45
375;281;45
375;282;45
375;283;45
375;284;45
375;285;45
375;286;45
375;287;45
375;288;45
375;289;45
375;290;38
375;291;38
375;292;38
375;293;38
375;294;38
375;295;38
375;296;38
375;297;38
375;298;38
375;299;38
375;300;38
375;301;38
375;302;38
375;303;38
375;304;38
375;305;38
375;306;38
375;307;38
375;308;38
375;309;38
375;310;38
375;311;38
375;312;38
375;313;38
375;314;38
375;315;38
375;316;38
375;317;38
375;318;38
375;319;38
375;320;38
375;321;38
375;322;38
375;323;38
375;324;38
375;325;38
375;326;38
375;327;29
375;328;29
375;329;29
375;330;29
375;331;29
375;332;29
375;333;29
375;334;29
375;335;29
375;336;29
375;337;29
375;338;29
375;339;29
375;340;29
375;341;29
375;342;29
375;343;29
375;344;29
375;345;29
375;346;29
375;347;29
375;348;29
375;349;29
375;350;29
375;351;29
375;352;29
375;353;29
375;354;29
375;355;29
375;356;29
375;357;29
375;358;29
375;359;29
375;360;29
375;361;29
375;362;29
375;363;29
375;364;29
375;365;29
375;366;29
375;367;29
375;368;29
375;369;29
375;370;29
375;371;29
375;372;29
375;373;29
375;374;29
375;375;29
375;376;29
375;377;29
375;378;29
375;379;29
375;380;29
375;381;29
375;382;29
375;383;29
375;384;29
375;385;29
375;386;29
375;387;29
375;388;29
375;389;29
375;390;29
375;391;29
375;392;5
375;393;5
375;394;5
375;395;38
375;396;38
375;397;38
375;398;38
375;399;38
375;400;38
375;401;38
375;402;38
375;403;38
375;404;38
375;405;38
375;406;38
375;407;38
375;408;38
375;409;38
375;410;38
375;411;38
375;412;38
375;413;38
375;414;38
375;415;38
375;416;38
375;417;38
375;418;38
375;419;38
375;420;38
375;421;38
375;422;38
375;423;38
375;424;38
375;425;38
375;426;38
375;427;38
375;428;38
375;429;38
375;430;38
375;431;38
375;432;38
375;433;38
375;434;38
375;435;38
375;436;38
375;437;38
375;438;38
375;439;20
375;440;20
375;441;20
375;442;20
375;443;20
375;444;20
375;445;20
375;446;20
375;447;20
375;448;20
375;449;20
375;450;20
375;451;20
375;452;20
375;453;20
375;454;20
375;455;20
375;456;20
375;457;20
375;458;20
375;459;20
375;460;20
375;461;20
375;462;42
375;463;42
375;464;42
375;465;42
375;466;42
375;467;42
375;468;42
375;469;42
375;470;42
375;471;42
375;472;42
375;473;42
375;474;42
375;475;42
375;476;42
375;477;42
375;478;42
375;479;42
375;480;42
375;481;42
375;482;42
375;483;35
375;484;35
375;485;35
375;486;35
375;487;35
375;488;35
375;489;35
375;490;35
375;491;35
375;492;35
375;493;35
375;494;35
375;495;35
375;496;35
375;497;24
375;498;24
375;499;24
376;0;1
376;1;1
376;2;1
376;3;1
376;4;1
376;5;1
376;6;1
376;7;1
376;8;1
376;9;1
376;10;1
376;11;1
376;12;1
376;13;1
376;14;1
376;15;1
376;16;1
376;17;1
376;18;1
376;19;1
376;20;1
376;21;1
376;22;1
376;23;1
376;24;1
376;25;1
376;26;1
376;27;1
376;28;1
376;29;1
376;30;1
376;31;33
376;32;33
376;33;33
376;34;33
376;35;33
376;36;33
376;37;33
376;38;33
376;39;33
376;40;33
376;41;33
376;42;33
376;43;33
376;44;33
376;45;33
376;46;33
376;47;33
376;48;33
376;49;33
376;50;33
376;51;33
376;52;33
376;53;33
376;54;33
376;55;33
376;56;33
376;57;33
376;58;33
376;59;33
376;60;29
376;61;29
376;62;29
376;63;29
376;64;29
376;65;29
376;66;29
376;67;29
376;68;29
376;69;27
376;70;27
376;71;27
376;72;27
376;73;27
376;74;27
376;75;27
376;76;27
376;77;27
376;78;27
376;79;27
376;80;27
376;81;27
376;82;27
376;83;27
376;84;27
376;85;27
376;86;27
376;87;21
376;88;21
376;89;21
376;90;21
376;91;21
376;92;21
376;93;21
376;94;21
376;95;21
376;96;21
376;97;21
376;98;21
376;99;21
376;100;21
376;101;21
376;102;21
376;103;21
376;104;34
376;105;34
376;106;34
376;107;34
376;108;34
376;109;34
376;110;34
376;111;34
376;112;34
376;113;34
376;114;34
376;115;34
376;116;34
376;117;34
376;118;34
376;119;34
376;120;34
376;121;34
376;122;34
376;123;34
376;124;34
376;125;34
376;126;34
376;127;34
376;128;34
376;129;34
376;130;34
376;131;37
376;132;37
376;133;37
376;134;37
376;135;37
376;136;37
376;137;37
376;138;37
376;139;37
376;140;26
376;141;26
376;142;26
376;143;26
376;144;26
376;145;26
376;146;26
376;147;26
376;148;26
376;149;26
376;150;26
376;151;26
376;152;26
376;153;26
376;154;26
376;155;26
376;156;26
376;157;26
376;158;26
376;159;26
376;160;26
376;161;26
376;162;26
376;163;26
376;164;19
376;165;19
376;166;19
376;167;19
376;168;10
376;169;10
376;170;10
376;171;10
376;172;10
376;173;10
376;174;10
376;175;10
376;176;10
376;177;10
376;178;10
376;179;37
376;180;37
376;181;37
376;182;37
376;183;37
376;184;37
376;185;37
376;186;37
376;187;37
376;188;37
376;189;37
376;190;37
376;191;37
376;192;37
376;193;37
376;194;37
376;195;37
376;196;37
376;197;37
376;198;37
376;199;37
376;200;37
376;201;37
376;202;37
376;203;37
376;204;37
376;205;37
376;206;37
376;207;37
376;208;37
376;209;37
376;210;37
376;211;37
376;212;37
376;213;19
376;214;19
376;215;19
376;216;19
376;217;19
376;218;19
376;219;19
376;220;19
376;221;19
376;222;19
376;223;19
376;224;19
376;225;25
376;226;25
376;227;25
376;228;25
376;229;25
376;230;25
376;231;25
376;232;25
376;233;25
376;234;25
376;235;25
376;236;25
376;237;25
376;238;25
376;239;25
376;240;25
376;241;25
376;242;25
376;243;25
376;244;25
376;245;25
376;246;25
376;247;25
376;248;25
376;249;25
376;250;25
376;251;25
376;252;25
376;253;25
376;254;25
376;255;25
376;256;25
376;257;25
376;258;25
376;259;25
376;260;25
376;261;25
376;262;25
376;263;25
376;264;25
376;265;25
376;266;25
376;267;25
376;268;25
376;269;25
376;270;25
376;271;25
376;272;25
376;273;25
376;274;25
376;275;25
376;276;25
376;277;25
376;278;45
376;279;45
376;280;45
376;281;45
376;282;45
376;283;45
376;284;45
376;285;45
376;286;45
376;287;45
376;288;45
376;289;45
376;290;38
376;291;38
376;292;38
376;293;38
376;294;38
376;295;38
376;296;38
376;297;38
376;298;38
376;299;38
376;300;38
376;301;38
376;302;38
376;303;38
376;304;38
376;305;38
376;306;38
376;307;38
376;308;38
376;309;38
376;310;38
376;311;38
376;312;38
376;313;38
376;314;38
376;315;38
376;316;38
376;317;38
376;318;38
376;319;38
376;320;38
376;321;38
376;322;38
376;323;38
376;324;38
376;325;38
376;326;38
376;327;29
376;328;29
376;329;29
376;330;29
376;331;29
376;332;29
376;333;29
376;334;29
376;335;29
376;336;29
376;337;29
376;338;29
376;339;29
376;340;29
376;341;29
376;342;29
376;343;29
376;344;29
376;345;29
376;346;29
376;347;29
376;348;29
376;349;29
376;350;29
376;351;29
376;352;29
376;353;29
376;354;29
376;355;29
376;356;29
376;357;29
376;358;29
376;359;29
376;360;29
376;361;29
376;362;29
376;363;29
376;364;29
376;365;29
376;366;29
376;367;29
376;368;29
376;369;29
376;370;29
376;371;29
376;372;29
376;373;29
376;374;29
376;375;29
376;376;29
376;377;29
376;378;29
376;379;29
376;380;29
376;381;29
376;382;29
376;383;29
376;384;29
376;385;29
376;386;29
376;387;29
376;388;29
376;389;29
376;390;29
376;391;5
376;392;5
376;393;5
376;394;5
376;395;5
376;396;5
376;397;38
376;398;38
376;399;38
376;400;38
376;401;38
376;402;38
376;403;38
376;404;38
376;405;38
376;406;38
376;407;38
376;408;38
376;409;38
376;410;38
376;411;38
376;412;38
376;413;38
376;414;38
376;415;38
376;416;38
376;417;38
376;418;38
376;419;38
376;420;38
376;421;38
376;422;38
376;423;38
376;424;38
376;425;38
376;426;38
376;427;38
376;428;38
376;429;38
376;430;38
376;431;38
376;432;38
376;433;38
376;434;38
376;435;38
376;436;38
376;437;38
376;438;38
376;439;38
376;440;20
376;441;20
376;442;20
376;443;20
376;444;20
376;445;20
376;446;20
376;447;20
376;448;20
376;449;20
376;450;20
376;451;20
376;452;20
376;453;20
376;454;20
376;455;20
376;456;20
376;457;20
376;458;20
376;459;20
376;460;20
376;461;42
376;462;42
376;463;42
376;464;42
376;465;42
376;466;42
376;467;42
376;468;42
376;469;42
376;470;42
376;471;42
376;472;42
376;473;42
376;474;42
376;475;42
376;476;42
376;477;42
376;478;42
376;479;42
376;480;42
376;481;42
376;482;42
376;483;42
376;484;35
376;485;35
376;486;35
376;487;35
376;488;35
376;489;35
376;490;35
376;491;35
376;492;35
376;493;35
376;494;35
376;495;35
376;496;35
376;497;35
376;498;24
376;499;24
377;0;1
377;1;1
377;2;1
377;3;1
377;4;1
377;5;1
377;6;1
377;7;1
377;8;1
377;9;1
377;10;1
377;11;1
377;12;1
377;13;1
377;14;1
377;15;1
377;16;1
377;17;1
377;18;1
377;19;1
377;20;1
377;21;1
377;22;1
377;23;1
377;24;1
377;25;1
377;26;1
377;27;1
377;28;1
377;29;1
377;30;1
377;31;33
377;32;33
377;33;33
377;34;33
377;35;33
377;36;33
377;37;33
377;38;33
377;39;33
377;40;33
377;41;33
377;42;33
377;43;33
377;44;33
377;45;33
377;46;33
377;47;33
377;48;33
377;49;33
377;50;33
377;51;33
377;52;33
377;53;33
377;54;33
377;55;33
377;56;33
377;57;33
377;58;33
377;59;33
377;60;33
377;61;33
377;62;29
377;63;29
377;64;29
377;65;29
377;66;29
377;67;29
377;68;29
377;69;29
377;70;27
377;71;27
377;72;27
377;73;27
377;74;27
377;75;27
377;76;27
377;77;27
377;78;27
377;79;27
377;80;27
377;81;27
377;82;27
377;83;27
377;84;27
377;85;27
377;86;27
377;87;27
377;88;21
377;89;21
377;90;21
377;91;21
377;92;21
377;93;21
377;94;21
377;95;21
377;96;21
377;97;21
377;98;21
377;99;21
377;100;21
377;101;21
377;102;21
377;103;34
377;104;34
377;105;34
377;106;34
377;107;34
377;108;34
377;109;34
377;110;34
377;111;34
377;112;34
377;113;34
377;114;34
377;115;34
377;116;34
377;117;34
377;118;34
377;119;34
377;120;34
377;121;34
377;122;34
377;123;34
377;124;34
377;125;34
377;126;34
377;127;34
377;128;34
377;129;34
377;130;34
377;131;37
377;132;37
377;133;37
377;134;37
377;135;37
377;136;37
377;137;37
377;138;37
377;139;37
377;140;37
377;141;37
377;142;26
377;143;26
377;144;26
377;145;26
377;146;26
377;147;26
377;148;26
377;149;26
377;150;26
377;151;26
377;152;26
377;153;26
377;154;26
377;155;26
377;156;26
377;157;26
377;158;26
377;159;26
377;160;26
377;161;26
377;162;26
377;163;26
377;164;26
377;165;19
377;166;19
377;167;26
377;168;10
377;169;10
377;170;10
377;171;10
377;172;10
377;173;10
377;174;10
377;175;10
377;176;10
377;177;10
377;178;10
377;179;10
377;180;10
377;181;37
377;182;37
377;183;37
377;184;37
377;185;37
377;186;37
377;187;37
377;188;37
377;189;37
377;190;37
377;191;37
377;192;37
377;193;37
377;194;37
377;195;37
377;196;37
377;197;37
377;198;37
377;199;37
377;200;37
377;201;37
377;202;37
377;203;37
377;204;37
377;205;37
377;206;37
377;207;37
377;208;37
377;209;37
377;210;37
377;211;37
377;212;19
377;213;19
377;214;19
377;215;19
377;216;19
377;217;19
377;218;19
377;219;19
377;220;19
377;221;19
377;222;19
377;223;19
377;224;19
377;225;19
377;226;25
377;227;25
377;228;25
377;229;25
377;230;25
377;231;25
377;232;25
377;233;25
377;234;25
377;235;25
377;236;25
377;237;25
377;238;25
377;239;25
377;240;25
377;241;25
377;242;25
377;243;25
377;244;25
377;245;25
377;246;25
377;247;25
377;248;25
377;249;25
377;250;25
377;251;25
377;252;25
377;253;25
377;254;25
377;255;25
377;256;25
377;257;25
377;258;25
377;259;25
377;260;25
377;261;25
377;262;25
377;263;25
377;264;25
377;265;25
377;266;25
377;267;25
377;268;25
377;269;25
377;270;25
377;271;25
377;272;25
377;273;25
377;274;25
377;275;25
377;276;25
377;277;25
377;278;45
377;279;45
377;280;45
377;281;45
377;282;45
377;283;45
377;284;45
377;285;45
377;286;45
377;287;45
377;288;45
377;289;45
377;290;38
377;291;38
377;292;38
377;293;38
377;294;38
377;295;38
377;296;38
377;297;38
377;298;38
377;299;38
377;300;38
377;301;38
377;302;38
377;303;38
377;304;38
377;305;38
377;306;38
377;307;38
377;308;38
377;309;38
377;310;38
377;311;38
377;312;38
377;313;38
377;314;38
377;315;38
377;316;38
377;317;38
377;318;38
377;319;38
377;320;38
377;321;38
377;322;38
377;323;38
377;324;38
377;325;38
377;326;38
377;327;29
377;328;29
377;329;29
377;330;29
377;331;29
377;332;29
377;333;29
377;334;29
377;335;29
377;336;29
377;337;29
377;338;29
377;339;29
377;340;29
377;341;29
377;342;29
377;343;29
377;344;29
377;345;29
377;346;29
377;347;29
377;348;29
377;349;29
377;350;29
377;351;29
377;352;29
377;353;29
377;354;29
377;355;29
377;356;29
377;357;29
377;358;29
377;359;29
377;360;29
377;361;29
377;362;29
377;363;29
377;364;29
377;365;29
377;366;29
377;367;29
377;368;29
377;369;29
377;370;29
377;371;29
377;372;29
377;373;29
377;374;29
377;375;29
377;376;29
377;377;29
377;378;29
377;379;29
377;380;29
377;381;29
377;382;29
377;383;29
377;384;29
377;385;29
377;386;29
377;387;29
377;388;29
377;389;29
377;390;5
377;391;5
377;392;5
377;393;5
377;394;5
377;395;5
377;396;5
377;397;5
377;398;5
377;399;38
377;400;38
377;401;38
377;402;38
377;403;38
377;404;38
377;405;38
377;406;38
377;407;38
377;408;38
377;409;38
377;410;38
377;411;38
377;412;38
377;413;38
377;414;38
377;415;38
377;416;38
377;417;38
377;418;38
377;419;38
377;420;38
377;421;38
377;422;38
377;423;38
377;424;38
377;425;38
377;426;38
377;427;38
377;428;38
377;429;38
377;430;38
377;431;38
377;432;38
377;433;38
377;434;38
377;435;38
377;436;38
377;437;38
377;438;38
377;439;38
377;440;20
377;441;20
377;442;20
377;443;20
377;444;20
377;445;20
377;446;20
377;447;20
377;448;20
377;449;20
377;450;20
377;451;20
377;452;20
377;453;20
377;454;20
377;455;20
377;456;20
377;457;20
377;458;20
377;459;20
377;460;42
377;461;42
377;462;42
377;463;42
377;464;42
377;465;42
377;466;42
377;467;42
377;468;42
377;469;42
377;470;42
377;471;42
377;472;42
377;473;42
377;474;42
377;475;42
377;476;42
377;477;42
377;478;42
377;479;42
377;480;42
377;481;42
377;482;42
377;483;42
377;484;42
377;485;35
377;486;35
377;487;35
377;488;35
377;489;35
377;490;35
377;491;35
377;492;35
377;493;35
377;494;35
377;495;35
377;496;35
377;497;35
377;498;35
377;499;24
378;0;1
378;1;1
378;2;1
378;3;1
378;4;1
378;5;1
378;6;1
378;7;1
378;8;1
378;9;1
378;10;1
378;11;1
378;12;1
378;13;1
378;14;1
378;15;1
378;16;1
378;17;1
378;18;1
378;19;1
378;20;1
378;21;1
378;22;1
378;23;1
378;24;1
378;25;1
378;26;1
378;27;1
378;28;1
378;29;1
378;30;1
378;31;1
378;32;33
378;33;33
378;34;33
378;35;33
378;36;33
378;37;33
378;38;33
378;39;33
378;40;33
378;41;33
378;42;33
378;43;33
378;44;33
378;45;33
378;46;33
378;47;33
378;48;33
378;49;33
378;50;33
378;51;33
378;52;33
378;53;33
378;54;33
378;55;33
378;56;33
378;57;33
378;58;33
378;59;33
378;60;33
378;61;33
378;62;33
378;63;33
378;64;29
378;65;29
378;66;29
378;67;29
378;68;29
378;69;29
378;70;29
378;71;27
378;72;27
378;73;27
378;74;27
378;75;27
378;76;27
378;77;27
378;78;27
378;79;27
378;80;27
378;81;27
378;82;27
378;83;27
378;84;27
378;85;27
378;86;27
378;87;27
378;88;21
378;89;21
378;90;21
378;91;21
378;92;21
378;93;21
378;94;21
378;95;21
378;96;21
378;97;21
378;98;21
378;99;21
378;100;21
378;101;21
378;102;34
378;103;34
378;104;34
378;105;34
378;106;34
378;107;34
378;108;34
378;109;34
378;110;34
378;111;34
378;112;34
378;113;34
378;114;34
378;115;34
378;116;34
378;117;34
378;118;34
378;119;34
378;120;34
378;121;34
378;122;34
378;123;34
378;124;34
378;125;34
378;126;34
378;127;34
378;128;34
378;129;34
378;130;34
378;131;34
378;132;37
378;133;37
378;134;37
378;135;37
378;136;37
378;137;37
378;138;37
378;139;37
378;140;37
378;141;37
378;142;37
378;143;37
378;144;37
378;145;37
378;146;37
378;147;37
378;148;37
378;149;26
378;150;26
378;151;26
378;152;26
378;153;26
378;154;26
378;155;26
378;156;26
378;157;26
378;158;26
378;159;26
378;160;26
378;161;26
378;162;26
378;163;26
378;164;26
378;165;26
378;166;26
378;167;26
378;168;26
378;169;10
378;170;10
378;171;10
378;172;10
378;173;10
378;174;10
378;175;10
378;176;10
378;177;10
378;178;10
378;179;10
378;180;10
378;181;10
378;182;10
378;183;37
378;184;37
378;185;37
378;186;37
378;187;37
378;188;37
378;189;37
378;190;37
378;191;37
378;192;37
378;193;37
378;194;37
378;195;37
378;196;37
378;197;37
378;198;37
378;199;37
378;200;37
378;201;37
378;202;37
378;203;37
378;204;37
378;205;37
378;206;37
378;207;37
378;208;37
378;209;37
378;210;37
378;211;19
378;212;19
378;213;19
378;214;19
378;215;19
378;216;19
378;217;19
378;218;19
378;219;19
378;220;19
378;221;19
378;222;19
378;223;19
378;224;19
378;225;19
378;226;19
378;227;25
378;228;25
378;229;25
378;230;25
378;231;25
378;232;25
378;233;25
378;234;25
378;235;25
378;236;25
378;237;25
378;238;25
378;239;25
378;240;25
378;241;25
378;242;25
378;243;25
378;244;25
378;245;25
378;246;25
378;247;25
378;248;25
378;249;25
378;250;25
378;251;25
378;252;25
378;253;25
378;254;25
378;255;25
378;256;25
378;257;25
378;258;25
378;259;25
378;260;25
378;261;25
378;262;25
378;263;25
378;264;25
378;265;25
378;266;25
378;267;25
378;268;25
378;269;25
378;270;25
378;271;25
378;272;25
378;273;25
378;274;25
378;275;25
378;276;25
378;277;26
378;278;26
378;279;26
378;280;45
378;281;45
378;282;45
378;283;45
378;284;45
378;285;45
378;286;45
378;287;45
378;288;45
378;289;45
378;290;38
378;291;38
378;292;38
378;293;38
378;294;38
378;295;38
378;296;38
378;297;38
378;298;38
378;299;38
378;300;38
378;301;38
378;302;38
378;303;38
378;304;38
378;305;38
378;306;38
378;307;38
378;308;38
378;309;38
378;310;38
378;311;38
378;312;38
378;313;38
378;314;38
378;315;38
378;316;38
378;317;38
378;318;38
378;319;38
378;320;38
378;321;38
378;322;38
378;323;38
378;324;38
378;325;38
378;326;38
378;327;29
378;328;29
378;329;29
378;330;29
378;331;29
378;332;29
378;333;29
378;334;29
378;335;29
378;336;29
378;337;29
378;338;29
378;339;29
378;340;29
378;341;29
378;342;29
378;343;29
378;344;29
378;345;29
378;346;29
378;347;29
378;348;29
378;349;29
378;350;29
378;351;29
378;352;29
378;353;29
378;354;29
378;355;29
378;356;29
378;357;29
378;358;29
378;359;29
378;360;29
378;361;29
378;362;29
378;363;29
378;364;29
378;365;29
378;366;29
378;367;29
378;368;29
378;369;29
378;370;29
378;371;29
378;372;29
378;373;29
378;374;29
378;375;29
378;376;29
378;377;29
378;378;29
378;379;29
378;380;29
378;381;29
378;382;29
378;383;29
378;384;29
378;385;29
378;386;29
378;387;29
378;388;29
378;389;5
378;390;5
378;391;5
378;392;5
378;393;5
378;394;5
378;395;5
378;396;5
378;397;5
378;398;5
378;399;5
378;400;27
378;401;27
378;402;27
378;403;27
378;404;27
378;405;27
378;406;27
378;407;27
378;408;27
378;409;27
378;410;27
378;411;27
378;412;38
378;413;38
378;414;38
378;415;38
378;416;38
378;417;38
378;418;38
378;419;38
378;420;38
378;421;38
378;422;38
378;423;38
378;424;38
378;425;38
378;426;38
378;427;38
378;428;38
378;429;38
378;430;38
378;431;38
378;432;38
378;433;38
378;434;38
378;435;38
378;436;38
378;437;38
378;438;38
378;439;38
378;440;38
378;441;20
378;442;20
378;443;20
378;444;20
378;445;20
378;446;20
378;447;20
378;448;20
378;449;20
378;450;20
378;451;20
378;452;20
378;453;20
378;454;20
378;455;20
378;456;20
378;457;20
378;458;20
378;459;42
378;460;42
378;461;42
378;462;42
378;463;42
378;464;42
378;465;42
378;466;42
378;467;42
378;468;42
378;469;42
378;470;42
378;471;42
378;472;42
378;473;42
378;474;42
378;475;42
378;476;42
378;477;42
378;478;42
378;479;42
378;480;42
378;481;42
378;482;42
378;483;42
378;484;42
378;485;42
378;486;35
378;487;35
378;488;35
378;489;35
378;490;35
378;491;35
378;492;35
378;493;35
378;494;35
378;495;35
378;496;35
378;497;35
378;498;35
378;499;35
379;0;1
379;1;1
379;2;1
379;3;1
379;4;1
379;5;1
379;6;1
379;7;1
379;8;1
379;9;1
379;10;1
379;11;1
379;12;1
379;13;1
379;14;1
379;15;1
379;16;1
379;17;1
379;18;1
379;19;1
379;20;1
379;21;1
379;22;1
379;23;1
379;24;1
379;25;1
379;26;1
379;27;1
379;28;1
379;29;1
379;30;1
379;31;1
379;32;33
379;33;33
379;34;33
379;35;33
379;36;33
379;37;33
379;38;33
379;39;33
379;40;33
379;41;33
379;42;33
379;43;33
379;44;33
379;45;33
379;46;33
379;47;33
379;48;33
379;49;33
379;50;33
379;51;33
379;52;33
379;53;33
379;54;33
379;55;33
379;56;33
379;57;33
379;58;33
379;59;33
379;60;33
379;61;33
379;62;33
379;63;33
379;64;33
379;65;33
379;66;29
379;67;29
379;68;29
379;69;29
379;70;29
379;71;29
379;72;27
379;73;27
379;74;27
379;75;27
379;76;27
379;77;27
379;78;27
379;79;27
379;80;27
379;81;27
379;82;27
379;83;27
379;84;27
379;85;27
379;86;27
379;87;27
379;88;27
379;89;21
379;90;21
379;91;21
379;92;21
379;93;21
379;94;21
379;95;21
379;96;21
379;97;21
379;98;21
379;99;21
379;100;21
379;101;34
379;102;34
379;103;34
379;104;34
379;105;34
379;106;34
379;107;34
379;108;34
379;109;34
379;110;34
379;111;34
379;112;34
379;113;34
379;114;34
379;115;34
379;116;34
379;117;34
379;118;34
379;119;34
379;120;34
379;121;34
379;122;34
379;123;34
379;124;34
379;125;34
379;126;34
379;127;34
379;128;34
379;129;34
379;130;34
379;131;34
379;132;37
379;133;37
379;134;37
379;135;37
379;136;37
379;137;37
379;138;37
379;139;37
379;140;37
379;141;37
379;142;37
379;143;37
379;144;37
379;145;37
379;146;37
379;147;37
379;148;37
379;149;37
379;150;37
379;151;26
379;152;26
379;153;26
379;154;26
379;155;26
379;156;26
379;157;26
379;158;26
379;159;26
379;160;26
379;161;26
379;162;26
379;163;26
379;164;26
379;165;26
379;166;26
379;167;26
379;168;26
379;169;26
379;170;10
379;171;10
379;172;10
379;173;10
379;174;10
379;175;10
379;176;10
379;177;10
379;178;10
379;179;10
379;180;10
379;181;10
379;182;10
379;183;10
379;184;10
379;185;37
379;186;37
379;187;37
379;188;37
379;189;37
379;190;37
379;191;37
379;192;37
379;193;37
379;194;37
379;195;37
379;196;37
379;197;37
379;198;37
379;199;37
379;200;37
379;201;37
379;202;37
379;203;37
379;204;37
379;205;37
379;206;37
379;207;37
379;208;37
379;209;37
379;210;19
379;211;19
379;212;19
379;213;19
379;214;19
379;215;19
379;216;19
379;217;19
379;218;19
379;219;19
379;220;19
379;221;19
379;222;19
379;223;19
379;224;19
379;225;19
379;226;19
379;227;19
379;228;25
379;229;25
379;230;25
379;231;25
379;232;25
379;233;25
379;234;25
379;235;25
379;236;25
379;237;25
379;238;25
379;239;25
379;240;25
379;241;25
379;242;25
379;243;25
379;244;25
379;245;25
379;246;25
379;247;25
379;248;25
379;249;25
379;250;25
379;251;25
379;252;25
379;253;25
379;254;25
379;255;25
379;256;25
379;257;25
379;258;25
379;259;25
379;260;25
379;261;25
379;262;25
379;263;25
379;264;25
379;265;25
379;266;25
379;267;25
379;268;25
379;269;25
379;270;25
379;271;25
379;272;25
379;273;25
379;274;25
379;275;25
379;276;26
379;277;26
379;278;26
379;279;26
379;280;26
379;281;26
379;282;45
379;283;45
379;284;45
379;285;45
379;286;45
379;287;45
379;288;45
379;289;45
379;290;38
379;291;38
379;292;38
379;293;38
379;294;38
379;295;38
379;296;38
379;297;38
379;298;38
379;299;38
379;300;38
379;301;38
379;302;38
379;303;38
379;304;38
379;305;38
379;306;38
379;307;38
379;308;38
379;309;38
379;310;38
379;311;38
379;312;38
379;313;38
379;314;38
379;315;38
379;316;38
379;317;38
379;318;38
379;319;38
379;320;38
379;321;38
379;322;38
379;323;38
379;324;38
379;325;38
379;326;38
379;327;29
379;328;29
379;329;29
379;330;29
379;331;29
379;332;29
379;333;29
379;334;29
379;335;29
379;336;29
379;337;29
379;338;29
379;339;29
379;340;29
379;341;29
379;342;29
379;343;29
379;344;29
379;345;29
379;346;29
379;347;29
379;348;29
379;349;29
379;350;29
379;351;29
379;352;29
379;353;29
379;354;29
379;355;29
379;356;29
379;357;29
379;358;29
379;359;29
379;360;29
379;361;29
379;362;29
379;363;29
379;364;29
379;365;29
379;366;29
379;367;29
379;368;29
379;369;29
379;370;29
379;371;29
379;372;29
379;373;29
379;374;29
379;375;29
379;376;29
379;377;29
379;378;29
379;379;29
379;380;29
379;381;29
379;382;29
379;383;29
379;384;29
379;385;29
379;386;29
379;387;29
379;388;5
379;389;5
379;390;5
379;391;5
379;392;5
379;393;5
379;394;5
379;395;5
379;396;5
379;397;5
379;398;5
379;399;5
379;400;5
379;401;27
379;402;27
379;403;27
379;404;27
379;405;27
379;406;27
379;407;27
379;408;27
379;409;27
379;410;27
379;411;27
379;412;27
379;413;27
379;414;38
379;415;38
379;416;38
379;417;38
379;418;38
379;419;38
379;420;38
379;421;38
379;422;38
379;423;38
379;424;38
379;425;38
379;426;38
379;427;38
379;428;38
379;429;38
379;430;38
379;431;38
379;432;38
379;433;38
379;434;38
379;435;38
379;436;38
379;437;38
379;438;38
379;439;38
379;440;38
379;441;20
379;442;20
379;443;20
379;444;20
379;445;20
379;446;20
379;447;20
379;448;20
379;449;20
379;450;20
379;451;20
379;452;20
379;453;20
379;454;20
379;455;20
379;456;20
379;457;20
379;458;42
379;459;42
379;460;42
379;461;42
379;462;42
379;463;42
379;464;42
379;465;42
379;466;42
379;467;42
379;468;42
379;469;42
379;470;42
379;471;42
379;472;42
379;473;42
379;474;42
379;475;42
379;476;42
379;477;42
379;478;42
379;479;42
379;480;42
379;481;42
379;482;42
379;483;42
379;484;42
379;485;42
379;486;42
379;487;42
379;488;35
379;489;35
379;490;35
379;491;35
379;492;35
379;493;35
379;494;35
379;495;35
379;496;35
379;497;35
379;498;35
379;499;35
380;0;1
380;1;1
380;2;1
380;3;1
380;4;1
380;5;1
380;6;1
380;7;1
380;8;1
380;9;1
380;10;1
380;11;1
380;12;1
380;13;1
380;14;1
380;15;1
380;16;1
380;17;1
380;18;1
380;19;1
380;20;1
380;21;1
380;22;1
380;23;1
380;24;1
380;25;1
380;26;1
380;27;1
380;28;1
380;29;1
380;30;1
380;31;1
380;32;1
380;33;33
380;34;33
380;35;33
380;36;33
380;37;33
380;38;33
380;39;33
380;40;33
380;41;33
380;42;33
380;43;33
380;44;33
380;45;33
380;46;33
380;47;33
380;48;33
380;49;33
380;50;33
380;51;33
380;52;33
380;53;33
380;54;33
380;55;33
380;56;33
380;57;33
380;58;33
380;59;33
380;60;33
380;61;33
380;62;33
380;63;33
380;64;33
380;65;33
380;66;33
380;67;33
380;68;33
380;69;33
380;70;33
380;71;33
380;72;33
380;73;27
380;74;27
380;75;27
380;76;27
380;77;27
380;78;27
380;79;27
380;80;27
380;81;27
380;82;27
380;83;27
380;84;27
380;85;27
380;86;27
380;87;27
380;88;27
380;89;21
380;90;21
380;91;21
380;92;21
380;93;21
380;94;21
380;95;21
380;96;21
380;97;21
380;98;21
380;99;21
380;100;34
380;101;34
380;102;34
380;103;34
380;104;34
380;105;34
380;106;34
380;107;34
380;108;34
380;109;34
380;110;34
380;111;34
380;112;34
380;113;34
380;114;34
380;115;34
380;116;34
380;117;34
380;118;34
380;119;34
380;120;34
380;121;34
380;122;34
380;123;34
380;124;34
380;125;34
380;126;34
380;127;34
380;128;34
380;129;34
380;130;34
380;131;34
380;132;34
380;133;37
380;134;37
380;135;37
380;136;37
380;137;37
380;138;37
380;139;37
380;140;37
380;141;37
380;142;37
380;143;37
380;144;37
380;145;37
380;146;37
380;147;37
380;148;37
380;149;37
380;150;37
380;151;37
380;152;37
380;153;26
380;154;26
380;155;26
380;156;26
380;157;26
380;158;26
380;159;26
380;160;26
380;161;26
380;162;26
380;163;26
380;164;26
380;165;26
380;166;26
380;167;26
380;168;26
380;169;26
380;170;26
380;171;10
380;172;10
380;173;10
380;174;10
380;175;10
380;176;10
380;177;10
380;178;10
380;179;10
380;180;10
380;181;10
380;182;10
380;183;10
380;184;10
380;185;10
380;186;10
380;187;37
380;188;37
380;189;37
380;190;37
380;191;37
380;192;37
380;193;37
380;194;37
380;195;37
380;196;37
380;197;37
380;198;37
380;199;37
380;200;37
380;201;37
380;202;37
380;203;37
380;204;37
380;205;37
380;206;37
380;207;37
380;208;37
380;209;19
380;210;19
380;211;19
380;212;19
380;213;19
380;214;19
380;215;19
380;216;19
380;217;19
380;218;19
380;219;19
380;220;19
380;221;19
380;222;19
380;223;19
380;224;19
380;225;19
380;226;19
380;227;19
380;228;19
380;229;25
380;230;25
380;231;25
380;232;25
380;233;25
380;234;25
380;235;25
380;236;25
380;237;25
380;238;25
380;239;25
380;240;25
380;241;25
380;242;25
380;243;25
380;244;25
380;245;25
380;246;25
380;247;25
380;248;25
380;249;25
380;250;25
380;251;25
380;252;25
380;253;25
380;254;25
380;255;25
380;256;25
380;257;25
380;258;25
380;259;25
380;260;25
380;261;25
380;262;25
380;263;25
380;264;25
380;265;25
380;266;25
380;267;25
380;268;25
380;269;25
380;270;27
380;271;27
380;272;27
380;273;27
380;274;27
380;275;27
380;276;26
380;277;26
380;278;26
380;279;26
380;280;26
380;281;26
380;282;26
380;283;26
380;284;45
380;285;45
380;286;45
380;287;45
380;288;45
380;289;45
380;290;38
380;291;38
380;292;38
380;293;38
380;294;38
380;295;38
380;296;38
380;297;38
380;298;38
380;299;38
380;300;38
380;301;38
380;302;38
380;303;38
380;304;38
380;305;38
380;306;38
380;307;38
380;308;38
380;309;38
380;310;38
380;311;38
380;312;38
380;313;38
380;314;38
380;315;38
380;316;38
380;317;38
380;318;38
380;319;38
380;320;38
380;321;38
380;322;38
380;323;38
380;324;38
380;325;38
380;326;38
380;327;29
380;328;29
380;329;29
380;330;29
380;331;29
380;332;29
380;333;29
380;334;29
380;335;29
380;336;29
380;337;29
380;338;29
380;339;29
380;340;29
380;341;29
380;342;29
380;343;29
380;344;29
380;345;29
380;346;29
380;347;29
380;348;29
380;349;29
380;350;29
380;351;29
380;352;29
380;353;29
380;354;29
380;355;29
380;356;29
380;357;29
380;358;29
380;359;29
380;360;29
380;361;29
380;362;29
380;363;29
380;364;29
380;365;29
380;366;29
380;367;29
380;368;29
380;369;29
380;370;29
380;371;29
380;372;29
380;373;29
380;374;29
380;375;29
380;376;29
380;377;29
380;378;29
380;379;29
380;380;29
380;381;29
380;382;29
380;383;29
380;384;29
380;385;29
380;386;29
380;387;5
380;388;5
380;389;5
380;390;5
380;391;5
380;392;5
380;393;5
380;394;5
380;395;5
380;396;5
380;397;5
380;398;5
380;399;5
380;400;5
380;401;5
380;402;27
380;403;27
380;404;27
380;405;27
380;406;27
380;407;27
380;408;27
380;409;27
380;410;27
380;411;27
380;412;27
380;413;27
380;414;27
380;415;27
380;416;27
380;417;27
380;418;27
380;419;27
380;420;27
380;421;27
380;422;38
380;423;38
380;424;38
380;425;38
380;426;38
380;427;38
380;428;38
380;429;38
380;430;38
380;431;38
380;432;38
380;433;38
380;434;38
380;435;38
380;436;38
380;437;38
380;438;38
380;439;38
380;440;38
380;441;38
380;442;20
380;443;20
380;444;20
380;445;20
380;446;20
380;447;20
380;448;20
380;449;20
380;450;20
380;451;20
380;452;20
380;453;20
380;454;20
380;455;20
380;456;20
380;457;20
380;458;42
380;459;42
380;460;42
380;461;42
380;462;42
380;463;42
380;464;42
380;465;42
380;466;42
380;467;42
380;468;42
380;469;42
380;470;42
380;471;42
380;472;42
380;473;42
380;474;42
380;475;42
380;476;42
380;477;42
380;478;42
380;479;42
380;480;42
380;481;42
380;482;42
380;483;42
380;484;42
380;485;42
380;486;42
380;487;42
380;488;42
380;489;35
380;490;35
380;491;35
380;492;35
380;493;35
380;494;35
380;495;35
380;496;35
380;497;35
380;498;35
380;499;35
381;0;1
381;1;1
381;2;1
381;3;1
381;4;1
381;5;1
381;6;1
381;7;1
381;8;1
381;9;1
381;10;1
381;11;1
381;12;1
381;13;1
381;14;1
381;15;1
381;16;1
381;17;1
381;18;1
381;19;1
381;20;1
381;21;1
381;22;1
381;23;1
381;24;1
381;25;1
381;26;1
381;27;1
381;28;1
381;29;1
381;30;1
381;31;1
381;32;1
381;33;33
381;34;33
381;35;33
381;36;33
381;37;33
381;38;33
381;39;33
381;40;33
381;41;33
381;42;33
381;43;33
381;44;33
381;45;33
381;46;33
381;47;33
381;48;33
381;49;33
381;50;33
381;51;33
381;52;33
381;53;33
381;54;33
381;55;33
381;56;33
381;57;33
381;58;33
381;59;33
381;60;33
381;61;33
381;62;33
381;63;33
381;64;33
381;65;33
381;66;33
381;67;33
381;68;33
381;69;33
381;70;33
381;71;33
381;72;33
381;73;33
381;74;33
381;75;27
381;76;27
381;77;27
381;78;27
381;79;27
381;80;27
381;81;27
381;82;27
381;83;27
381;84;27
381;85;27
381;86;27
381;87;27
381;88;27
381;89;27
381;90;21
381;91;21
381;92;21
381;93;21
381;94;21
381;95;21
381;96;21
381;97;21
381;98;21
381;99;34
381;100;34
381;101;34
381;102;34
381;103;34
381;104;34
381;105;34
381;106;34
381;107;34
381;108;34
381;109;34
381;110;34
381;111;34
381;112;34
381;113;34
381;114;34
381;115;34
381;116;34
381;117;34
381;118;34
381;119;34
381;120;34
381;121;34
381;122;34
381;123;34
381;124;34
381;125;34
381;126;34
381;127;34
381;128;34
381;129;34
381;130;34
381;131;34
381;132;34
381;133;37
381;134;37
381;135;37
381;136;37
381;137;37
381;138;37
381;139;37
381;140;37
381;141;37
381;142;37
381;143;37
381;144;37
381;145;37
381;146;37
381;147;37
381;148;37
381;149;37
381;150;37
381;151;37
381;152;37
381;153;37
381;154;37
381;155;26
381;156;26
381;157;26
381;158;26
381;159;26
381;160;26
381;161;26
381;162;26
381;163;26
381;164;26
381;165;26
381;166;26
381;167;26
381;168;26
381;169;26
381;170;26
381;171;26
381;172;10
381;173;10
381;174;10
381;175;10
381;176;10
381;177;10
381;178;10
381;179;10
381;180;10
381;181;10
381;182;10
381;183;10
381;184;10
381;185;10
381;186;10
381;187;10
381;188;10
381;189;37
381;190;37
381;191;37
381;192;37
381;193;37
381;194;37
381;195;37
381;196;37
381;197;37
381;198;37
381;199;37
381;200;37
381;201;37
381;202;37
381;203;37
381;204;37
381;205;37
381;206;37
381;207;37
381;208;37
381;209;19
381;210;19
381;211;19
381;212;19
381;213;19
381;214;19
381;215;19
381;216;19
381;217;19
381;218;19
381;219;19
381;220;19
381;221;19
381;222;19
381;223;19
381;224;19
381;225;19
381;226;19
381;227;19
381;228;19
381;229;19
381;230;25
381;231;25
381;232;25
381;233;25
381;234;25
381;235;25
381;236;25
381;237;25
381;238;25
381;239;25
381;240;25
381;241;25
381;242;25
381;243;25
381;244;25
381;245;25
381;246;25
381;247;25
381;248;25
381;249;25
381;250;25
381;251;25
381;252;25
381;253;25
381;254;25
381;255;25
381;256;25
381;257;25
381;258;25
381;259;25
381;260;25
381;261;25
381;262;25
381;263;25
381;264;25
381;265;25
381;266;25
381;267;25
381;268;25
381;269;27
381;270;27
381;271;27
381;272;27
381;273;27
381;274;27
381;275;27
381;276;26
381;277;26
381;278;26
381;279;26
381;280;26
381;281;26
381;282;26
381;283;26
381;284;26
381;285;26
381;286;45
381;287;45
381;288;45
381;289;45
381;290;38
381;291;38
381;292;38
381;293;38
381;294;38
381;295;38
381;296;38
381;297;38
381;298;38
381;299;38
381;300;38
381;301;38
381;302;38
381;303;38
381;304;38
381;305;38
381;306;38
381;307;38
381;308;38
381;309;38
381;310;38
381;311;38
381;312;38
381;313;38
381;314;38
381;315;38
381;316;38
381;317;38
381;318;38
381;319;38
381;320;38
381;321;38
381;322;38
381;323;38
381;324;38
381;325;38
381;326;24
381;327;29
381;328;29
381;329;29
381;330;29
381;331;29
381;332;29
381;333;29
381;334;29
381;335;29
381;336;29
381;337;29
381;338;29
381;339;29
381;340;29
381;341;29
381;342;29
381;343;29
381;344;29
381;345;29
381;346;29
381;347;29
381;348;29
381;349;29
381;350;29
381;351;29
381;352;29
381;353;29
381;354;29
381;355;29
381;356;29
381;357;29
381;358;29
381;359;29
381;360;29
381;361;29
381;362;29
381;363;29
381;364;29
381;365;29
381;366;29
381;367;29
381;368;29
381;369;29
381;370;29
381;371;29
381;372;29
381;373;29
381;374;29
381;375;29
381;376;29
381;377;29
381;378;29
381;379;29
381;380;29
381;381;29
381;382;29
381;383;29
381;384;29
381;385;29
381;386;5
381;387;5
381;388;5
381;389;5
381;390;5
381;391;5
381;392;5
381;393;5
381;394;5
381;395;5
381;396;5
381;397;5
381;398;5
381;399;5
381;400;5
381;401;5
381;402;27
381;403;27
381;404;27
381;405;27
381;406;27
381;407;27
381;408;27
381;409;27
381;410;27
381;411;27
381;412;27
381;413;27
381;414;27
381;415;27
381;416;27
381;417;27
381;418;27
381;419;27
381;420;27
381;421;27
381;422;27
381;423;27
381;424;38
381;425;38
381;426;38
381;427;38
381;428;38
381;429;38
381;430;38
381;431;38
381;432;38
381;433;38
381;434;38
381;435;38
381;436;38
381;437;38
381;438;38
381;439;38
381;440;38
381;441;38
381;442;20
381;443;20
381;444;20
381;445;20
381;446;20
381;447;20
381;448;20
381;449;20
381;450;20
381;451;20
381;452;20
381;453;20
381;454;20
381;455;20
381;456;20
381;457;20
381;458;42
381;459;42
381;460;42
381;461;42
381;462;42
381;463;42
381;464;42
381;465;42
381;466;42
381;467;42
381;468;42
381;469;42
381;470;42
381;471;42
381;472;42
381;473;42
381;474;42
381;475;42
381;476;42
381;477;42
381;478;42
381;479;42
381;480;42
381;481;42
381;482;42
381;483;42
381;484;42
381;485;42
381;486;42
381;487;42
381;488;42
381;489;42
381;490;35
381;491;35
381;492;35
381;493;35
381;494;35
381;495;35
381;496;35
381;497;35
381;498;35
381;499;35
382;0;1
382;1;1
382;2;1
382;3;1
382;4;1
382;5;1
382;6;1
382;7;1
382;8;1
382;9;1
382;10;1
382;11;1
382;12;1
382;13;1
382;14;1
382;15;1
382;16;1
382;17;1
382;18;1
382;19;1
382;20;1
382;21;1
382;22;1
382;23;1
382;24;1
382;25;1
382;26;1
382;27;1
382;28;1
382;29;1
382;30;1
382;31;1
382;32;1
382;33;1
382;34;33
382;35;33
382;36;33
382;37;33
382;38;33
382;39;33
382;40;33
382;41;33
382;42;33
382;43;33
382;44;33
382;45;33
382;46;33
382;47;33
382;48;33
382;49;33
382;50;33
382;51;33
382;52;33
382;53;33
382;54;33
382;55;33
382;56;33
382;57;33
382;58;33
382;59;33
382;60;33
382;61;33
382;62;33
382;63;33
382;64;33
382;65;33
382;66;33
382;67;33
382;68;33
382;69;33
382;70;33
382;71;33
382;72;33
382;73;33
382;74;33
382;75;33
382;76;33
382;77;27
382;78;27
382;79;27
382;80;27
382;81;27
382;82;27
382;83;27
382;84;27
382;85;27
382;86;27
382;87;27
382;88;27
382;89;27
382;90;21
382;91;21
382;92;21
382;93;21
382;94;21
382;95;21
382;96;21
382;97;21
382;98;34
382;99;34
382;100;34
382;101;34
382;102;34
382;103;34
382;104;34
382;105;34
382;106;34
382;107;34
382;108;34
382;109;34
382;110;34
382;111;34
382;112;34
382;113;34
382;114;34
382;115;34
382;116;34
382;117;34
382;118;34
382;119;34
382;120;34
382;121;34
382;122;34
382;123;34
382;124;34
382;125;34
382;126;34
382;127;34
382;128;34
382;129;34
382;130;34
382;131;34
382;132;34
382;133;34
382;134;37
382;135;37
382;136;37
382;137;37
382;138;37
382;139;37
382;140;37
382;141;37
382;142;37
382;143;37
382;144;37
382;145;37
382;146;37
382;147;37
382;148;37
382;149;37
382;150;37
382;151;37
382;152;37
382;153;37
382;154;37
382;155;37
382;156;37
382;157;26
382;158;26
382;159;26
382;160;26
382;161;26
382;162;26
382;163;26
382;164;26
382;165;26
382;166;26
382;167;26
382;168;26
382;169;26
382;170;26
382;171;26
382;172;26
382;173;10
382;174;10
382;175;10
382;176;10
382;177;10
382;178;10
382;179;10
382;180;10
382;181;10
382;182;10
382;183;10
382;184;10
382;185;10
382;186;10
382;187;10
382;188;10
382;189;10
382;190;10
382;191;37
382;192;37
382;193;37
382;194;37
382;195;37
382;196;37
382;197;37
382;198;37
382;199;37
382;200;37
382;201;37
382;202;37
382;203;37
382;204;37
382;205;37
382;206;37
382;207;37
382;208;37
382;209;19
382;210;19
382;211;19
382;212;19
382;213;19
382;214;19
382;215;19
382;216;19
382;217;19
382;218;19
382;219;19
382;220;19
382;221;19
382;222;19
382;223;19
382;224;19
382;225;19
382;226;19
382;227;19
382;228;19
382;229;19
382;230;19
382;231;25
382;232;25
382;233;25
382;234;25
382;235;25
382;236;25
382;237;25
382;238;25
382;239;25
382;240;25
382;241;25
382;242;25
382;243;25
382;244;25
382;245;25
382;246;25
382;247;25
382;248;25
382;249;25
382;250;25
382;251;25
382;252;25
382;253;25
382;254;25
382;255;25
382;256;25
382;257;25
382;258;25
382;259;25
382;260;25
382;261;25
382;262;25
382;263;25
382;264;25
382;265;25
382;266;25
382;267;25
382;268;27
382;269;27
382;270;27
382;271;27
382;272;27
382;273;27
382;274;27
382;275;27
382;276;27
382;277;26
382;278;26
382;279;26
382;280;26
382;281;26
382;282;26
382;283;26
382;284;26
382;285;26
382;286;26
382;287;26
382;288;45
382;289;45
382;290;38
382;291;38
382;292;38
382;293;38
382;294;38
382;295;38
382;296;38
382;297;38
382;298;38
382;299;38
382;300;38
382;301;38
382;302;38
382;303;38
382;304;38
382;305;38
382;306;38
382;307;38
382;308;38
382;309;38
382;310;38
382;311;38
382;312;38
382;313;38
382;314;38
382;315;38
382;316;38
382;317;38
382;318;38
382;319;38
382;320;38
382;321;38
382;322;38
382;323;38
382;324;38
382;325;24
382;326;24
382;327;24
382;328;29
382;329;29
382;330;29
382;331;29
382;332;29
382;333;29
382;334;29
382;335;29
382;336;29
382;337;29
382;338;29
382;339;29
382;340;29
382;341;29
382;342;29
382;343;29
382;344;29
382;345;29
382;346;29
382;347;29
382;348;29
382;349;29
382;350;29
382;351;29
382;352;29
382;353;29
382;354;29
382;355;29
382;356;29
382;357;29
382;358;29
382;359;29
382;360;29
382;361;29
382;362;29
382;363;29
382;364;29
382;365;29
382;366;29
382;367;29
382;368;29
382;369;29
382;370;29
382;371;29
382;372;29
382;373;29
382;374;29
382;375;29
382;376;29
382;377;29
382;378;29
382;379;29
382;380;29
382;381;29
382;382;29
382;383;29
382;384;29
382;385;5
382;386;5
382;387;5
382;388;5
382;389;5
382;390;5
382;391;5
382;392;5
382;393;5
382;394;5
382;395;5
382;396;5
382;397;5
382;398;5
382;399;5
382;400;5
382;401;5
382;402;5
382;403;27
382;404;27
382;405;27
382;406;27
382;407;27
382;408;27
382;409;27
382;410;27
382;411;27
382;412;27
382;413;27
382;414;27
382;415;27
382;416;27
382;417;27
382;418;27
382;419;27
382;420;27
382;421;27
382;422;27
382;423;27
382;424;27
382;425;27
382;426;27
382;427;27
382;428;27
382;429;27
382;430;27
382;431;27
382;432;27
382;433;27
382;434;27
382;435;27
382;436;27
382;437;27
382;438;27
382;439;27
382;440;27
382;441;27
382;442;27
382;443;20
382;444;20
382;445;20
382;446;20
382;447;20
382;448;20
382;449;20
382;450;20
382;451;20
382;452;20
382;453;20
382;454;20
382;455;20
382;456;20
382;457;20
382;458;42
382;459;42
382;460;42
382;461;42
382;462;42
382;463;42
382;464;42
382;465;42
382;466;42
382;467;42
382;468;42
382;469;42
382;470;42
382;471;42
382;472;42
382;473;42
382;474;42
382;475;42
382;476;42
382;477;42
382;478;42
382;479;42
382;480;42
382;481;42
382;482;42
382;483;42
382;484;42
382;485;42
382;486;42
382;487;42
382;488;42
382;489;42
382;490;42
382;491;35
382;492;35
382;493;35
382;494;35
382;495;35
382;496;35
382;497;35
382;498;35
382;499;35
383;0;1
383;1;1
383;2;1
383;3;1
383;4;1
383;5;1
383;6;1
383;7;1
383;8;1
383;9;1
383;10;1
383;11;1
383;12;1
383;13;1
383;14;1
383;15;1
383;16;1
383;17;1
383;18;1
383;19;1
383;20;1
383;21;1
383;22;1
383;23;1
383;24;1
383;25;1
383;26;1
383;27;1
383;28;1
383;29;1
383;30;1
383;31;1
383;32;1
383;33;1
383;34;33
383;35;33
383;36;33
383;37;33
383;38;33
383;39;33
383;40;33
383;41;33
383;42;33
383;43;33
383;44;33
383;45;33
383;46;33
383;47;33
383;48;33
383;49;33
383;50;33
383;51;33
383;52;33
383;53;33
383;54;33
383;55;33
383;56;33
383;57;33
383;58;33
383;59;33
383;60;33
383;61;33
383;62;33
383;63;33
383;64;33
383;65;33
383;66;33
383;67;33
383;68;33
383;69;33
383;70;33
383;71;33
383;72;33
383;73;33
383;74;33
383;75;33
383;76;33
383;77;33
383;78;33
383;79;27
383;80;27
383;81;27
383;82;27
383;83;27
383;84;27
383;85;27
383;86;27
383;87;27
383;88;27
383;89;27
383;90;27
383;91;21
383;92;21
383;93;21
383;94;21
383;95;21
383;96;21
383;97;34
383;98;34
383;99;34
383;100;34
383;101;34
383;102;34
383;103;34
383;104;34
383;105;34
383;106;34
383;107;34
383;108;34
383;109;34
383;110;34
383;111;34
383;112;34
383;113;34
383;114;34
383;115;34
383;116;34
383;117;34
383;118;34
383;119;34
383;120;34
383;121;34
383;122;34
383;123;34
383;124;34
383;125;34
383;126;34
383;127;34
383;128;34
383;129;34
383;130;34
383;131;34
383;132;34
383;133;34
383;134;37
383;135;37
383;136;37
383;137;37
383;138;37
383;139;37
383;140;37
383;141;37
383;142;37
383;143;37
383;144;37
383;145;37
383;146;37
383;147;37
383;148;37
383;149;37
383;150;37
383;151;37
383;152;37
383;153;37
383;154;37
383;155;37
383;156;37
383;157;37
383;158;37
383;159;37
383;160;37
383;161;37
383;162;37
383;163;37
383;164;26
383;165;26
383;166;26
383;167;26
383;168;26
383;169;26
383;170;26
383;171;26
383;172;26
383;173;26
383;174;10
383;175;10
383;176;10
383;177;10
383;178;10
383;179;10
383;180;10
383;181;10
383;182;10
383;183;10
383;184;10
383;185;10
383;186;10
383;187;10
383;188;10
383;189;10
383;190;10
383;191;10
383;192;37
383;193;37
383;194;37
383;195;37
383;196;37
383;197;37
383;198;37
383;199;37
383;200;37
383;201;37
383;202;37
383;203;37
383;204;37
383;205;37
383;206;37
383;207;37
383;208;37
383;209;19
383;210;19
383;211;19
383;212;19
383;213;19
383;214;19
383;215;19
383;216;19
383;217;19
383;218;19
383;219;19
383;220;19
383;221;19
383;222;19
383;223;19
383;224;19
383;225;19
383;226;19
383;227;19
383;228;19
383;229;19
383;230;19
383;231;19
383;232;25
383;233;25
383;234;25
383;235;25
383;236;25
383;237;25
383;238;25
383;239;25
383;240;25
383;241;25
383;242;25
383;243;25
383;244;25
383;245;25
383;246;25
383;247;25
383;248;25
383;249;25
383;250;25
383;251;25
383;252;25
383;253;25
383;254;25
383;255;25
383;256;25
383;257;25
383;258;25
383;259;25
383;260;25
383;261;25
383;262;25
383;263;25
383;264;25
383;265;25
383;266;25
383;267;27
383;268;27
383;269;27
383;270;27
383;271;27
383;272;27
383;273;27
383;274;27
383;275;27
383;276;27
383;277;26
383;278;26
383;279;26
383;280;26
383;281;26
383;282;26
383;283;26
383;284;26
383;285;26
383;286;26
383;287;26
383;288;26
383;289;26
383;290;26
383;291;38
383;292;38
383;293;38
383;294;38
383;295;38
383;296;38
383;297;38
383;298;38
383;299;38
383;300;38
383;301;38
383;302;38
383;303;38
383;304;38
383;305;38
383;306;38
383;307;38
383;308;38
383;309;38
383;310;38
383;311;38
383;312;38
383;313;38
383;314;38
383;315;38
383;316;38
383;317;38
383;318;38
383;319;38
383;320;38
383;321;38
383;322;38
383;323;38
383;324;24
383;325;24
383;326;24
383;327;24
383;328;24
383;329;29
383;330;29
383;331;29
383;332;29
383;333;29
383;334;29
383;335;29
383;336;29
383;337;29
383;338;29
383;339;29
383;340;29
383;341;29
383;342;29
383;343;29
383;344;29
383;345;29
383;346;29
383;347;29
383;348;29
383;349;29
383;350;29
383;351;29
383;352;29
383;353;29
383;354;29
383;355;29
383;356;29
383;357;29
383;358;29
383;359;29
383;360;29
383;361;29
383;362;29
383;363;29
383;364;29
383;365;29
383;366;29
383;367;29
383;368;29
383;369;29
383;370;29
383;371;29
383;372;29
383;373;29
383;374;29
383;375;29
383;376;29
383;377;29
383;378;29
383;379;29
383;380;29
383;381;29
383;382;29
383;383;29
383;384;29
383;385;5
383;386;5
383;387;5
383;388;5
383;389;5
383;390;5
383;391;5
383;392;5
383;393;5
383;394;5
383;395;5
383;396;5
383;397;5
383;398;5
383;399;5
383;400;5
383;401;5
383;402;5
383;403;39
383;404;27
383;405;27
383;406;27
383;407;27
383;408;27
383;409;27
383;410;27
383;411;27
383;412;27
383;413;27
383;414;27
383;415;27
383;416;27
383;417;27
383;418;27
383;419;27
383;420;27
383;421;27
383;422;27
383;423;27
383;424;27
383;425;27
383;426;27
383;427;27
383;428;27
383;429;27
383;430;27
383;431;27
383;432;27
383;433;27
383;434;27
383;435;27
383;436;27
383;437;27
383;438;27
383;439;27
383;440;27
383;441;27
383;442;27
383;443;27
383;444;20
383;445;20
383;446;20
383;447;20
383;448;20
383;449;20
383;450;20
383;451;20
383;452;20
383;453;20
383;454;20
383;455;20
383;456;20
383;457;26
383;458;26
383;459;26
383;460;26
383;461;26
383;462;26
383;463;26
383;464;26
383;465;26
383;466;26
383;467;26
383;468;26
383;469;26
383;470;26
383;471;26
383;472;26
383;473;26
383;474;26
383;475;42
383;476;42
383;477;42
383;478;42
383;479;42
383;480;42
383;481;42
383;482;42
383;483;42
383;484;42
383;485;42
383;486;42
383;487;42
383;488;42
383;489;42
383;490;42
383;491;42
383;492;35
383;493;35
383;494;35
383;495;35
383;496;35
383;497;35
383;498;35
383;499;35
384;0;1
384;1;1
384;2;1
384;3;1
384;4;1
384;5;1
384;6;1
384;7;1
384;8;1
384;9;1
384;10;1
384;11;1
384;12;1
384;13;1
384;14;1
384;15;1
384;16;1
384;17;1
384;18;1
384;19;1
384;20;1
384;21;1
384;22;1
384;23;1
384;24;1
384;25;1
384;26;1
384;27;1
384;28;1
384;29;1
384;30;1
384;31;1
384;32;1
384;33;1
384;34;1
384;35;33
384;36;33
384;37;33
384;38;33
384;39;33
384;40;33
384;41;33
384;42;33
384;43;33
384;44;33
384;45;33
384;46;33
384;47;33
384;48;33
384;49;33
384;50;33
384;51;33
384;52;33
384;53;33
384;54;33
384;55;33
384;56;33
384;57;33
384;58;33
384;59;33
384;60;33
384;61;33
384;62;33
384;63;33
384;64;33
384;65;33
384;66;33
384;67;33
384;68;33
384;69;33
384;70;33
384;71;33
384;72;33
384;73;33
384;74;33
384;75;33
384;76;33
384;77;33
384;78;33
384;79;33
384;80;33
384;81;27
384;82;27
384;83;27
384;84;27
384;85;27
384;86;27
384;87;27
384;88;27
384;89;27
384;90;27
384;91;27
384;92;21
384;93;21
384;94;21
384;95;21
384;96;34
384;97;34
384;98;34
384;99;34
384;100;34
384;101;34
384;102;34
384;103;34
384;104;34
384;105;34
384;106;34
384;107;34
384;108;34
384;109;34
384;110;34
384;111;34
384;112;34
384;113;34
384;114;34
384;115;34
384;116;34
384;117;34
384;118;34
384;119;34
384;120;34
384;121;34
384;122;34
384;123;34
384;124;34
384;125;34
384;126;34
384;127;34
384;128;34
384;129;34
384;130;34
384;131;34
384;132;34
384;133;34
384;134;34
384;135;37
384;136;37
384;137;37
384;138;37
384;139;37
384;140;37
384;141;37
384;142;37
384;143;37
384;144;37
384;145;37
384;146;37
384;147;37
384;148;37
384;149;37
384;150;37
384;151;37
384;152;37
384;153;37
384;154;37
384;155;37
384;156;37
384;157;37
384;158;37
384;159;37
384;160;37
384;161;37
384;162;37
384;163;37
384;164;37
384;165;26
384;166;26
384;167;26
384;168;26
384;169;26
384;170;26
384;171;26
384;172;26
384;173;26
384;174;26
384;175;10
384;176;10
384;177;10
384;178;10
384;179;10
384;180;10
384;181;10
384;182;10
384;183;10
384;184;10
384;185;10
384;186;10
384;187;10
384;188;10
384;189;10
384;190;10
384;191;10
384;192;10
384;193;37
384;194;37
384;195;37
384;196;37
384;197;37
384;198;37
384;199;37
384;200;37
384;201;37
384;202;37
384;203;37
384;204;37
384;205;37
384;206;37
384;207;37
384;208;19
384;209;19
384;210;19
384;211;19
384;212;19
384;213;19
384;214;19
384;215;19
384;216;19
384;217;19
384;218;19
384;219;19
384;220;19
384;221;19
384;222;19
384;223;19
384;224;19
384;225;19
384;226;19
384;227;19
384;228;19
384;229;19
384;230;19
384;231;19
384;232;19
384;233;25
384;234;25
384;235;25
384;236;25
384;237;25
384;238;25
384;239;25
384;240;25
384;241;25
384;242;25
384;243;25
384;244;25
384;245;25
384;246;25
384;247;25
384;248;25
384;249;25
384;250;25
384;251;25
384;252;25
384;253;25
384;254;25
384;255;25
384;256;25
384;257;25
384;258;25
384;259;25
384;260;25
384;261;25
384;262;25
384;263;25
384;264;25
384;265;25
384;266;27
384;267;27
384;268;27
384;269;27
384;270;27
384;271;27
384;272;27
384;273;27
384;274;27
384;275;27
384;276;27
384;277;27
384;278;26
384;279;26
384;280;26
384;281;26
384;282;26
384;283;26
384;284;26
384;285;26
384;286;26
384;287;26
384;288;26
384;289;26
384;290;26
384;291;26
384;292;26
384;293;38
384;294;38
384;295;38
384;296;38
384;297;38
384;298;38
384;299;38
384;300;38
384;301;38
384;302;38
384;303;38
384;304;38
384;305;38
384;306;38
384;307;38
384;308;38
384;309;38
384;310;38
384;311;38
384;312;38
384;313;38
384;314;38
384;315;38
384;316;38
384;317;38
384;318;38
384;319;38
384;320;38
384;321;38
384;322;38
384;323;24
384;324;24
384;325;24
384;326;24
384;327;24
384;328;24
384;329;24
384;330;29
384;331;29
384;332;29
384;333;29
384;334;29
384;335;29
384;336;29
384;337;29
384;338;29
384;339;29
384;340;29
384;341;29
384;342;29
384;343;29
384;344;29
384;345;29
384;346;29
384;347;29
384;348;29
384;349;29
384;350;29
384;351;29
384;352;29
384;353;29
384;354;29
384;355;29
384;356;29
384;357;29
384;358;29
384;359;29
384;360;29
384;361;29
384;362;29
384;363;29
384;364;29
384;365;29
384;366;29
384;367;29
384;368;29
384;369;29
384;370;29
384;371;29
384;372;29
384;373;29
384;374;29
384;375;29
384;376;29
384;377;29
384;378;29
384;379;29
384;380;29
384;381;29
384;382;29
384;383;29
384;384;29
384;385;5
384;386;5
384;387;5
384;388;5
384;389;5
384;390;5
384;391;5
384;392;5
384;393;5
384;394;5
384;395;5
384;396;5
384;397;5
384;398;5
384;399;5
384;400;5
384;401;5
384;402;5
384;403;5
384;404;39
384;405;27
384;406;27
384;407;27
384;408;27
384;409;27
384;410;27
384;411;27
384;412;27
384;413;27
384;414;27
384;415;27
384;416;27
384;417;27
384;418;27
384;419;27
384;420;27
384;421;27
384;422;27
384;423;27
384;424;27
384;425;27
384;426;27
384;427;27
384;428;27
384;429;27
384;430;27
384;431;27
384;432;27
384;433;27
384;434;27
384;435;27
384;436;27
384;437;27
384;438;27
384;439;27
384;440;27
384;441;27
384;442;27
384;443;27
384;444;27
384;445;20
384;446;20
384;447;20
384;448;20
384;449;20
384;450;20
384;451;20
384;452;20
384;453;20
384;454;20
384;455;20
384;456;26
384;457;26
384;458;26
384;459;26
384;460;26
384;461;26
384;462;26
384;463;26
384;464;26
384;465;26
384;466;26
384;467;26
384;468;26
384;469;26
384;470;26
384;471;26
384;472;26
384;473;26
384;474;26
384;475;26
384;476;26
384;477;26
384;478;26
384;479;26
384;480;42
384;481;42
384;482;42
384;483;42
384;484;42
384;485;42
384;486;42
384;487;42
384;488;42
384;489;42
384;490;42
384;491;42
384;492;42
384;493;35
384;494;35
384;495;35
384;496;35
384;497;35
384;498;35
384;499;35
385;0;1
385;1;1
385;2;1
385;3;1
385;4;1
385;5;1
385;6;1
385;7;1
385;8;1
385;9;1
385;10;1
385;11;1
385;12;1
385;13;1
385;14;1
385;15;1
385;16;1
385;17;1
385;18;1
385;19;1
385;20;1
385;21;1
385;22;1
385;23;1
385;24;1
385;25;1
385;26;1
385;27;1
385;28;1
385;29;1
385;30;1
385;31;1
385;32;1
385;33;1
385;34;1
385;35;33
385;36;33
385;37;33
385;38;33
385;39;33
385;40;33
385;41;33
385;42;33
385;43;33
385;44;33
385;45;33
385;46;33
385;47;33
385;48;33
385;49;33
385;50;33
385;51;33
385;52;33
385;53;33
385;54;33
385;55;33
385;56;33
385;57;33
385;58;33
385;59;33
385;60;33
385;61;33
385;62;33
385;63;33
385;64;33
385;65;33
385;66;33
385;67;33
385;68;33
385;69;33
385;70;33
385;71;33
385;72;33
385;73;33
385;74;33
385;75;33
385;76;33
385;77;33
385;78;33
385;79;33
385;80;33
385;81;33
385;82;33
385;83;27
385;84;27
385;85;27
385;86;27
385;87;27
385;88;27
385;89;27
385;90;27
385;91;27
385;92;27
385;93;21
385;94;21
385;95;34
385;96;34
385;97;34
385;98;34
385;99;34
385;100;34
385;101;34
385;102;34
385;103;34
385;104;34
385;105;34
385;106;34
385;107;34
385;108;34
385;109;34
385;110;34
385;111;34
385;112;34
385;113;34
385;114;34
385;115;34
385;116;34
385;117;34
385;118;34
385;119;34
385;120;34
385;121;34
385;122;34
385;123;34
385;124;34
385;125;34
385;126;34
385;127;34
385;128;34
385;129;34
385;130;34
385;131;34
385;132;34
385;133;34
385;134;34
385;135;37
385;136;37
385;137;37
385;138;37
385;139;37
385;140;37
385;141;37
385;142;37
385;143;37
385;144;37
385;145;37
385;146;37
385;147;37
385;148;37
385;149;37
385;150;37
385;151;37
385;152;37
385;153;37
385;154;37
385;155;37
385;156;37
385;157;37
385;158;37
385;159;37
385;160;37
385;161;37
385;162;37
385;163;37
385;164;37
385;165;26
385;166;26
385;167;26
385;168;26
385;169;26
385;170;26
385;171;26
385;172;26
385;173;26
385;174;26
385;175;26
385;176;10
385;177;10
385;178;10
385;179;10
385;180;10
385;181;10
385;182;10
385;183;10
385;184;10
385;185;10
385;186;10
385;187;10
385;188;10
385;189;10
385;190;10
385;191;10
385;192;10
385;193;10
385;194;37
385;195;37
385;196;37
385;197;37
385;198;37
385;199;37
385;200;37
385;201;37
385;202;37
385;203;37
385;204;37
385;205;37
385;206;37
385;207;19
385;208;19
385;209;19
385;210;19
385;211;19
385;212;19
385;213;19
385;214;19
385;215;19
385;216;19
385;217;19
385;218;19
385;219;19
385;220;19
385;221;19
385;222;19
385;223;19
385;224;19
385;225;19
385;226;19
385;227;19
385;228;19
385;229;19
385;230;19
385;231;19
385;232;19
385;233;19
385;234;25
385;235;25
385;236;25
385;237;25
385;238;25
385;239;25
385;240;25
385;241;25
385;242;25
385;243;25
385;244;25
385;245;25
385;246;25
385;247;25
385;248;25
385;249;25
385;250;25
385;251;25
385;252;25
385;253;25
385;254;25
385;255;25
385;256;25
385;257;25
385;258;25
385;259;25
385;260;25
385;261;25
385;262;25
385;263;25
385;264;25
385;265;27
385;266;27
385;267;27
385;268;27
385;269;27
385;270;27
385;271;27
385;272;27
385;273;27
385;274;27
385;275;27
385;276;27
385;277;27
385;278;26
385;279;26
385;280;26
385;281;26
385;282;26
385;283;26
385;284;26
385;285;26
385;286;26
385;287;26
385;288;26
385;289;26
385;290;26
385;291;26
385;292;26
385;293;26
385;294;26
385;295;38
385;296;38
385;297;38
385;298;38
385;299;38
385;300;38
385;301;38
385;302;38
385;303;38
385;304;38
385;305;38
385;306;38
385;307;38
385;308;38
385;309;38
385;310;38
385;311;38
385;312;38
385;313;38
385;314;38
385;315;38
385;316;38
385;317;38
385;318;38
385;319;38
385;320;38
385;321;38
385;322;24
385;323;24
385;324;24
385;325;24
385;326;24
385;327;24
385;328;24
385;329;24
385;330;24
385;331;29
385;332;29
385;333;29
385;334;29
385;335;29
385;336;29
385;337;29
385;338;29
385;339;29
385;340;29
385;341;29
385;342;29
385;343;29
385;344;29
385;345;29
385;346;29
385;347;29
385;348;29
385;349;29
385;350;29
385;351;29
385;352;29
385;353;29
385;354;29
385;355;29
385;356;29
385;357;29
385;358;29
385;359;29
385;360;29
385;361;29
385;362;29
385;363;29
385;364;29
385;365;29
385;366;29
385;367;29
385;368;29
385;369;29
385;370;29
385;371;29
385;372;29
385;373;29
385;374;29
385;375;29
385;376;29
385;377;29
385;378;29
385;379;29
385;380;29
385;381;29
385;382;29
385;383;29
385;384;29
385;385;5
385;386;5
385;387;5
385;388;5
385;389;5
385;390;5
385;391;5
385;392;5
385;393;5
385;394;5
385;395;5
385;396;5
385;397;5
385;398;5
385;399;5
385;400;5
385;401;5
385;402;5
385;403;5
385;404;39
385;405;39
385;406;27
385;407;27
385;408;27
385;409;27
385;410;27
385;411;27
385;412;27
385;413;27
385;414;27
385;415;27
385;416;27
385;417;27
385;418;27
385;419;27
385;420;27
385;421;27
385;422;27
385;423;27
385;424;27
385;425;27
385;426;27
385;427;27
385;428;27
385;429;27
385;430;27
385;431;27
385;432;27
385;433;27
385;434;27
385;435;27
385;436;27
385;437;27
385;438;27
385;439;27
385;440;27
385;441;27
385;442;27
385;443;27
385;444;27
385;445;27
385;446;20
385;447;20
385;448;20
385;449;20
385;450;20
385;451;20
385;452;20
385;453;20
385;454;20
385;455;26
385;456;26
385;457;26
385;458;26
385;459;26
385;460;26
385;461;26
385;462;26
385;463;26
385;464;26
385;465;26
385;466;26
385;467;26
385;468;26
385;469;26
385;470;26
385;471;26
385;472;26
385;473;26
385;474;26
385;475;26
385;476;26
385;477;26
385;478;26
385;479;26
385;480;26
385;481;26
385;482;26
385;483;26
385;484;26
385;485;26
385;486;26
385;487;26
385;488;26
385;489;26
385;490;26
385;491;26
385;492;26
385;493;26
385;494;45
385;495;45
385;496;35
385;497;35
385;498;35
385;499;35
386;0;1
386;1;1
386;2;1
386;3;1
386;4;1
386;5;1
386;6;1
386;7;1
386;8;1
386;9;1
386;10;1
386;11;1
386;12;1
386;13;1
386;14;1
386;15;1
386;16;1
386;17;1
386;18;1
386;19;1
386;20;1
386;21;1
386;22;1
386;23;1
386;24;1
386;25;1
386;26;1
386;27;1
386;28;1
386;29;1
386;30;1
386;31;1
386;32;1
386;33;1
386;34;1
386;35;1
386;36;33
386;37;33
386;38;33
386;39;33
386;40;33
386;41;33
386;42;33
386;43;33
386;44;33
386;45;33
386;46;33
386;47;33
386;48;33
386;49;33
386;50;33
386;51;33
386;52;33
386;53;33
386;54;33
386;55;33
386;56;33
386;57;33
386;58;33
386;59;33
386;60;33
386;61;33
386;62;33
386;63;33
386;64;33
386;65;33
386;66;33
386;67;33
386;68;33
386;69;33
386;70;33
386;71;33
386;72;33
386;73;33
386;74;33
386;75;33
386;76;33
386;77;33
386;78;33
386;79;33
386;80;33
386;81;33
386;82;33
386;83;33
386;84;33
386;85;27
386;86;27
386;87;27
386;88;27
386;89;27
386;90;27
386;91;27
386;92;27
386;93;27
386;94;34
386;95;34
386;96;34
386;97;34
386;98;34
386;99;34
386;100;34
386;101;34
386;102;34
386;103;34
386;104;34
386;105;34
386;106;34
386;107;34
386;108;34
386;109;34
386;110;34
386;111;34
386;112;34
386;113;34
386;114;34
386;115;34
386;116;34
386;117;34
386;118;34
386;119;34
386;120;34
386;121;34
386;122;34
386;123;34
386;124;34
386;125;34
386;126;34
386;127;34
386;128;34
386;129;34
386;130;34
386;131;34
386;132;34
386;133;34
386;134;34
386;135;34
386;136;37
386;137;37
386;138;37
386;139;37
386;140;37
386;141;37
386;142;37
386;143;37
386;144;37
386;145;37
386;146;37
386;147;37
386;148;37
386;149;37
386;150;37
386;151;37
386;152;37
386;153;37
386;154;37
386;155;37
386;156;37
386;157;37
386;158;37
386;159;37
386;160;37
386;161;37
386;162;37
386;163;37
386;164;37
386;165;37
386;166;26
386;167;26
386;168;26
386;169;26
386;170;26
386;171;26
386;172;26
386;173;26
386;174;26
386;175;26
386;176;26
386;177;10
386;178;10
386;179;10
386;180;10
386;181;10
386;182;10
386;183;10
386;184;10
386;185;10
386;186;10
386;187;10
386;188;10
386;189;10
386;190;10
386;191;10
386;192;10
386;193;10
386;194;10
386;195;37
386;196;37
386;197;37
386;198;37
386;199;37
386;200;37
386;201;37
386;202;37
386;203;37
386;204;37
386;205;37
386;206;19
386;207;19
386;208;19
386;209;19
386;210;19
386;211;19
386;212;19
386;213;19
386;214;19
386;215;19
386;216;19
386;217;19
386;218;19
386;219;19
386;220;19
386;221;19
386;222;19
386;223;19
386;224;19
386;225;19
386;226;19
386;227;19
386;228;19
386;229;19
386;230;19
386;231;19
386;232;19
386;233;19
386;234;19
386;235;25
386;236;25
386;237;25
386;238;25
386;239;25
386;240;25
386;241;25
386;242;25
386;243;25
386;244;25
386;245;25
386;246;25
386;247;25
386;248;25
386;249;25
386;250;25
386;251;25
386;252;25
386;253;25
386;254;25
386;255;25
386;256;25
386;257;25
386;258;25
386;259;25
386;260;25
386;261;25
386;262;25
386;263;25
386;264;27
386;265;27
386;266;27
386;267;27
386;268;27
386;269;27
386;270;27
386;271;27
386;272;27
386;273;27
386;274;27
386;275;27
386;276;27
386;277;27
386;278;27
386;279;26
386;280;26
386;281;26
386;282;26
386;283;26
386;284;26
386;285;26
386;286;26
386;287;26
386;288;26
386;289;26
386;290;26
386;291;26
386;292;26
386;293;26
386;294;26
386;295;26
386;296;26
386;297;38
386;298;38
386;299;38
386;300;38
386;301;38
386;302;38
386;303;38
386;304;38
386;305;38
386;306;38
386;307;38
386;308;38
386;309;38
386;310;38
386;311;38
386;312;38
386;313;38
386;314;38
386;315;38
386;316;38
386;317;38
386;318;38
386;319;38
386;320;38
386;321;24
386;322;24
386;323;24
386;324;24
386;325;24
386;326;24
386;327;24
386;328;24
386;329;24
386;330;24
386;331;24
386;332;29
386;333;29
386;334;29
386;335;29
386;336;29
386;337;29
386;338;29
386;339;29
386;340;29
386;341;29
386;342;29
386;343;29
386;344;29
386;345;29
386;346;29
386;347;29
386;348;29
386;349;29
386;350;29
386;351;29
386;352;29
386;353;29
386;354;29
386;355;29
386;356;29
386;357;29
386;358;29
386;359;29
386;360;29
386;361;29
386;362;29
386;363;29
386;364;29
386;365;29
386;366;29
386;367;29
386;368;29
386;369;29
386;370;29
386;371;29
386;372;29
386;373;29
386;374;29
386;375;29
386;376;29
386;377;29
386;378;29
386;379;29
386;380;29
386;381;29
386;382;29
386;383;29
386;384;29
386;385;8
386;386;5
386;387;5
386;388;5
386;389;5
386;390;5
386;391;5
386;392;5
386;393;5
386;394;5
386;395;5
386;396;5
386;397;5
386;398;5
386;399;5
386;400;5
386;401;5
386;402;5
386;403;5
386;404;5
386;405;39
386;406;39
386;407;27
386;408;27
386;409;27
386;410;27
386;411;27
386;412;27
386;413;27
386;414;27
386;415;27
386;416;27
386;417;27
386;418;27
386;419;27
386;420;27
386;421;27
386;422;27
386;423;27
386;424;27
386;425;27
386;426;27
386;427;27
386;428;27
386;429;27
386;430;27
386;431;27
386;432;27
386;433;27
386;434;27
386;435;27
386;436;27
386;437;27
386;438;27
386;439;27
386;440;27
386;441;27
386;442;27
386;443;27
386;444;27
386;445;27
386;446;27
386;447;20
386;448;20
386;449;20
386;450;20
386;451;20
386;452;20
386;453;20
386;454;26
386;455;26
386;456;26
386;457;26
386;458;26
386;459;26
386;460;26
386;461;26
386;462;26
386;463;26
386;464;26
386;465;26
386;466;26
386;467;26
386;468;26
386;469;26
386;470;26
386;471;26
386;472;26
386;473;26
386;474;26
386;475;26
386;476;26
386;477;26
386;478;26
386;479;26
386;480;26
386;481;26
386;482;26
386;483;26
386;484;26
386;485;26
386;486;26
386;487;26
386;488;26
386;489;26
386;490;26
386;491;26
386;492;26
386;493;26
386;494;45
386;495;45
386;496;45
386;497;45
386;498;35
386;499;35
387;0;1
387;1;1
387;2;1
387;3;1
387;4;1
387;5;1
387;6;1
387;7;1
387;8;1
387;9;1
387;10;1
387;11;1
387;12;1
387;13;1
387;14;1
387;15;1
387;16;1
387;17;1
387;18;1
387;19;1
387;20;1
387;21;1
387;22;1
387;23;1
387;24;1
387;25;1
387;26;1
387;27;1
387;28;1
387;29;1
387;30;1
387;31;1
387;32;1
387;33;1
387;34;1
387;35;1
387;36;33
387;37;33
387;38;33
387;39;33
387;40;33
387;41;33
387;42;33
387;43;33
387;44;33
387;45;33
387;46;33
387;47;33
387;48;33
387;49;33
387;50;33
387;51;33
387;52;33
387;53;33
387;54;33
387;55;33
387;56;33
387;57;33
387;58;33
387;59;33
387;60;33
387;61;33
387;62;33
387;63;33
387;64;33
387;65;33
387;66;33
387;67;33
387;68;33
387;69;33
387;70;33
387;71;33
387;72;33
387;73;33
387;74;33
387;75;33
387;76;33
387;77;33
387;78;33
387;79;33
387;80;33
387;81;33
387;82;33
387;83;33
387;84;33
387;85;33
387;86;33
387;87;27
387;88;27
387;89;27
387;90;27
387;91;27
387;92;27
387;93;27
387;94;34
387;95;34
387;96;34
387;97;34
387;98;34
387;99;34
387;100;34
387;101;34
387;102;34
387;103;34
387;104;34
387;105;34
387;106;34
387;107;34
387;108;34
387;109;34
387;110;34
387;111;34
387;112;34
387;113;34
387;114;34
387;115;34
387;116;34
387;117;34
387;118;34
387;119;34
387;120;34
387;121;34
387;122;34
387;123;34
387;124;34
387;125;34
387;126;34
387;127;34
387;128;34
387;129;34
387;130;34
387;131;34
387;132;34
387;133;34
387;134;34
387;135;34
387;136;37
387;137;37
387;138;37
387;139;37
387;140;37
387;141;37
387;142;37
387;143;37
387;144;37
387;145;37
387;146;37
387;147;37
387;148;37
387;149;37
387;150;37
387;151;37
387;152;37
387;153;37
387;154;37
387;155;37
387;156;37
387;157;37
387;158;37
387;159;37
387;160;37
387;161;37
387;162;37
387;163;37
387;164;37
387;165;37
387;166;26
387;167;26
387;168;26
387;169;26
387;170;26
387;171;26
387;172;26
387;173;26
387;174;26
387;175;26
387;176;26
387;177;26
387;178;10
387;179;10
387;180;10
387;181;10
387;182;10
387;183;10
387;184;10
387;185;10
387;186;10
387;187;10
387;188;10
387;189;10
387;190;10
387;191;10
387;192;10
387;193;10
387;194;10
387;195;10
387;196;37
387;197;37
387;198;37
387;199;37
387;200;37
387;201;37
387;202;37
387;203;37
387;204;37
387;205;19
387;206;19
387;207;19
387;208;19
387;209;19
387;210;19
387;211;19
387;212;19
387;213;19
387;214;19
387;215;19
387;216;19
387;217;19
387;218;19
387;219;19
387;220;19
387;221;19
387;222;19
387;223;19
387;224;19
387;225;19
387;226;19
387;227;19
387;228;19
387;229;19
387;230;19
387;231;19
387;232;19
387;233;19
387;234;19
387;235;19
387;236;49
387;237;25
387;238;25
387;239;25
387;240;25
387;241;25
387;242;25
387;243;25
387;244;25
387;245;25
387;246;25
387;247;25
387;248;25
387;249;25
387;250;25
387;251;25
387;252;25
387;253;25
387;254;25
387;255;25
387;256;25
387;257;25
387;258;25
387;259;25
387;260;25
387;261;25
387;262;25
387;263;27
387;264;27
387;265;27
387;266;27
387;267;27
387;268;27
387;269;27
387;270;27
387;271;27
387;272;27
387;273;27
387;274;27
387;275;27
387;276;27
387;277;27
387;278;27
387;279;26
387;280;26
387;281;26
387;282;26
387;283;26
387;284;26
387;285;26
387;286;26
387;287;26
387;288;26
387;289;26
387;290;26
387;291;26
387;292;26
387;293;26
387;294;26
387;295;26
387;296;26
387;297;26
387;298;26
387;299;38
387;300;38
387;301;38
387;302;38
387;303;38
387;304;38
387;305;38
387;306;38
387;307;38
387;308;38
387;309;38
387;310;38
387;311;38
387;312;38
387;313;38
387;314;38
387;315;38
387;316;38
387;317;38
387;318;24
387;319;24
387;320;24
387;321;24
387;322;24
387;323;24
387;324;24
387;325;24
387;326;24
387;327;24
387;328;24
387;329;24
387;330;24
387;331;24
387;332;24
387;333;29
387;334;29
387;335;29
387;336;29
387;337;29
387;338;29
387;339;29
387;340;29
387;341;29
387;342;29
387;343;29
387;344;29
387;345;29
387;346;29
387;347;29
387;348;29
387;349;29
387;350;29
387;351;29
387;352;29
387;353;29
387;354;29
387;355;29
387;356;29
387;357;29
387;358;29
387;359;29
387;360;29
387;361;29
387;362;29
387;363;29
387;364;29
387;365;29
387;366;29
387;367;29
387;368;29
387;369;29
387;370;29
387;371;29
387;372;29
387;373;29
387;374;29
387;375;29
387;376;29
387;377;8
387;378;8
387;379;8
387;380;8
387;381;8
387;382;8
387;383;8
387;384;8
387;385;8
387;386;8
387;387;5
387;388;5
387;389;5
387;390;5
387;391;5
387;392;5
387;393;5
387;394;5
387;395;5
387;396;5
387;397;5
387;398;5
387;399;5
387;400;5
387;401;5
387;402;5
387;403;5
387;404;5
387;405;39
387;406;39
387;407;39
387;408;27
387;409;27
387;410;27
387;411;27
387;412;27
387;413;27
387;414;27
387;415;27
387;416;27
387;417;27
387;418;27
387;419;27
387;420;27
387;421;27
387;422;27
387;423;27
387;424;27
387;425;27
387;426;27
387;427;27
387;428;27
387;429;27
387;430;27
387;431;27
387;432;27
387;433;27
387;434;27
387;435;27
387;436;27
387;437;27
387;438;27
387;439;27
387;440;27
387;441;27
387;442;27
387;443;27
387;444;27
387;445;27
387;446;27
387;447;27
387;448;20
387;449;20
387;450;20
387;451;20
387;452;20
387;453;26
387;454;26
387;455;26
387;456;26
387;457;26
387;458;26
387;459;26
387;460;26
387;461;26
387;462;26
387;463;26
387;464;26
387;465;26
387;466;26
387;467;26
387;468;26
387;469;26
387;470;26
387;471;26
387;472;26
387;473;26
387;474;26
387;475;26
387;476;26
387;477;26
387;478;26
387;479;26
387;480;26
387;481;26
387;482;26
387;483;26
387;484;26
387;485;26
387;486;26
387;487;26
387;488;26
387;489;26
387;490;26
387;491;26
387;492;26
387;493;26
387;494;45
387;495;45
387;496;45
387;497;45
387;498;45
387;499;45
388;0;1
388;1;1
388;2;1
388;3;1
388;4;1
388;5;1
388;6;1
388;7;1
388;8;1
388;9;1
388;10;1
388;11;1
388;12;1
388;13;1
388;14;1
388;15;1
388;16;1
388;17;1
388;18;1
388;19;1
388;20;1
388;21;1
388;22;1
388;23;1
388;24;1
388;25;1
388;26;1
388;27;1
388;28;1
388;29;1
388;30;1
388;31;1
388;32;1
388;33;1
388;34;1
388;35;1
388;36;1
388;37;33
388;38;33
388;39;33
388;40;33
388;41;33
388;42;33
388;43;33
388;44;33
388;45;33
388;46;33
388;47;33
388;48;33
388;49;33
388;50;33
388;51;33
388;52;33
388;53;33
388;54;33
388;55;33
388;56;33
388;57;33
388;58;33
388;59;33
388;60;33
388;61;33
388;62;33
388;63;33
388;64;33
388;65;33
388;66;33
388;67;33
388;68;33
388;69;33
388;70;33
388;71;33
388;72;33
388;73;33
388;74;33
388;75;33
388;76;33
388;77;33
388;78;33
388;79;33
388;80;33
388;81;33
388;82;33
388;83;33
388;84;33
388;85;33
388;86;33
388;87;33
388;88;33
388;89;27
388;90;27
388;91;27
388;92;27
388;93;34
388;94;34
388;95;34
388;96;34
388;97;34
388;98;34
388;99;34
388;100;34
388;101;34
388;102;34
388;103;34
388;104;34
388;105;34
388;106;34
388;107;34
388;108;34
388;109;34
388;110;34
388;111;34
388;112;34
388;113;34
388;114;34
388;115;34
388;116;34
388;117;34
388;118;34
388;119;34
388;120;34
388;121;34
388;122;34
388;123;34
388;124;34
388;125;34
388;126;34
388;127;34
388;128;34
388;129;34
388;130;34
388;131;34
388;132;34
388;133;34
388;134;34
388;135;34
388;136;34
388;137;37
388;138;37
388;139;37
388;140;37
388;141;37
388;142;37
388;143;37
388;144;37
388;145;37
388;146;37
388;147;37
388;148;37
388;149;37
388;150;37
388;151;37
388;152;37
388;153;37
388;154;37
388;155;37
388;156;37
388;157;37
388;158;37
388;159;37
388;160;37
388;161;37
388;162;37
388;163;37
388;164;37
388;165;37
388;166;37
388;167;26
388;168;26
388;169;26
388;170;26
388;171;26
388;172;26
388;173;26
388;174;26
388;175;26
388;176;26
388;177;26
388;178;26
388;179;10
388;180;10
388;181;10
388;182;10
388;183;10
388;184;10
388;185;10
388;186;10
388;187;10
388;188;10
388;189;10
388;190;10
388;191;10
388;192;10
388;193;10
388;194;10
388;195;10
388;196;10
388;197;37
388;198;37
388;199;37
388;200;37
388;201;37
388;202;37
388;203;37
388;204;19
388;205;19
388;206;19
388;207;19
388;208;19
388;209;19
388;210;19
388;211;19
388;212;19
388;213;19
388;214;19
388;215;19
388;216;19
388;217;19
388;218;19
388;219;19
388;220;19
388;221;19
388;222;19
388;223;19
388;224;19
388;225;19
388;226;19
388;227;19
388;228;19
388;229;19
388;230;19
388;231;19
388;232;19
388;233;19
388;234;19
388;235;19
388;236;49
388;237;49
388;238;25
388;239;25
388;240;25
388;241;25
388;242;25
388;243;25
388;244;25
388;245;25
388;246;25
388;247;25
388;248;25
388;249;25
388;250;25
388;251;25
388;252;25
388;253;25
388;254;25
388;255;25
388;256;25
388;257;25
388;258;25
388;259;25
388;260;25
388;261;25
388;262;27
388;263;27
388;264;27
388;265;27
388;266;27
388;267;27
388;268;27
388;269;27
388;270;27
388;271;27
388;272;27
388;273;27
388;274;27
388;275;27
388;276;27
388;277;27
388;278;27
388;279;27
388;280;26
388;281;26
388;282;26
388;283;26
388;284;26
388;285;26
388;286;26
388;287;26
388;288;26
388;289;26
388;290;26
388;291;26
388;292;26
388;293;26
388;294;26
388;295;26
388;296;26
388;297;26
388;298;26
388;299;26
388;300;26
388;301;38
388;302;38
388;303;38
388;304;38
388;305;38
388;306;38
388;307;38
388;308;38
388;309;38
388;310;38
388;311;38
388;312;38
388;313;38
388;314;38
388;315;38
388;316;38
388;317;24
388;318;24
388;319;24
388;320;24
388;321;24
388;322;24
388;323;24
388;324;24
388;325;24
388;326;24
388;327;24
388;328;24
388;329;24
388;330;24
388;331;24
388;332;24
388;333;24
388;334;29
388;335;29
388;336;29
388;337;29
388;338;29
388;339;29
388;340;29
388;341;29
388;342;29
388;343;29
388;344;29
388;345;29
388;346;29
388;347;29
388;348;29
388;349;29
388;350;29
388;351;29
388;352;29
388;353;29
388;354;29
388;355;29
388;356;29
388;357;29
388;358;29
388;359;29
388;360;29
388;361;29
388;362;29
388;363;29
388;364;29
388;365;29
388;366;29
388;367;29
388;368;29
388;369;29
388;370;29
388;371;29
388;372;29
388;373;29
388;374;29
388;375;29
388;376;8
388;377;8
388;378;8
388;379;8
388;380;8
388;381;8
388;382;8
388;383;8
388;384;8
388;385;8
388;386;8
388;387;8
388;388;5
388;389;5
388;390;5
388;391;5
388;392;5
388;393;5
388;394;5
388;395;5
388;396;5
388;397;5
388;398;5
388;399;5
388;400;5
388;401;5
388;402;5
388;403;5
388;404;5
388;405;5
388;406;39
388;407;39
388;408;39
388;409;39
388;410;27
388;411;27
388;412;27
388;413;27
388;414;27
388;415;27
388;416;27
388;417;27
388;418;27
388;419;27
388;420;27
388;421;27
388;422;27
388;423;27
388;424;27
388;425;27
388;426;27
388;427;27
388;428;27
388;429;27
388;430;27
388;431;27
388;432;27
388;433;27
388;434;27
388;435;27
388;436;27
388;437;27
388;438;27
388;439;27
388;440;27
388;441;27
388;442;27
388;443;27
388;444;27
388;445;27
388;446;27
388;447;27
388;448;19
388;449;20
388;450;20
388;451;20
388;452;20
388;453;26
388;454;26
388;455;26
388;456;26
388;457;26
388;458;26
388;459;26
388;460;26
388;461;26
388;462;26
388;463;26
388;464;26
388;465;26
388;466;26
388;467;26
388;468;26
388;469;26
388;470;26
388;471;26
388;472;26
388;473;26
388;474;26
388;475;26
388;476;26
388;477;26
388;478;26
388;479;26
388;480;26
388;481;26
388;482;26
388;483;26
388;484;26
388;485;26
388;486;26
388;487;26
388;488;26
388;489;26
388;490;26
388;491;26
388;492;26
388;493;45
388;494;45
388;495;45
388;496;45
388;497;45
388;498;45
388;499;45
389;0;1
389;1;1
389;2;1
389;3;1
389;4;1
389;5;1
389;6;1
389;7;1
389;8;1
389;9;1
389;10;1
389;11;1
389;12;1
389;13;1
389;14;1
389;15;1
389;16;1
389;17;1
389;18;1
389;19;1
389;20;1
389;21;1
389;22;1
389;23;1
389;24;1
389;25;1
389;26;1
389;27;1
389;28;1
389;29;1
389;30;1
389;31;1
389;32;1
389;33;1
389;34;1
389;35;1
389;36;1
389;37;33
389;38;33
389;39;33
389;40;33
389;41;33
389;42;33
389;43;33
389;44;33
389;45;33
389;46;33
389;47;33
389;48;33
389;49;33
389;50;33
389;51;33
389;52;33
389;53;33
389;54;33
389;55;33
389;56;33
389;57;33
389;58;33
389;59;33
389;60;33
389;61;33
389;62;33
389;63;33
389;64;33
389;65;33
389;66;33
389;67;33
389;68;33
389;69;33
389;70;33
389;71;33
389;72;33
389;73;33
389;74;33
389;75;33
389;76;33
389;77;33
389;78;33
389;79;33
389;80;33
389;81;33
389;82;33
389;83;33
389;84;33
389;85;33
389;86;33
389;87;33
389;88;33
389;89;33
389;90;33
389;91;27
389;92;34
389;93;34
389;94;34
389;95;34
389;96;34
389;97;34
389;98;34
389;99;34
389;100;34
389;101;34
389;102;34
389;103;34
389;104;34
389;105;34
389;106;34
389;107;34
389;108;34
389;109;34
389;110;34
389;111;34
389;112;34
389;113;34
389;114;34
389;115;34
389;116;34
389;117;34
389;118;34
389;119;34
389;120;34
389;121;34
389;122;34
389;123;34
389;124;34
389;125;34
389;126;34
389;127;34
389;128;34
389;129;34
389;130;34
389;131;34
389;132;34
389;133;34
389;134;34
389;135;34
389;136;34
389;137;34
389;138;37
389;139;37
389;140;37
389;141;37
389;142;37
389;143;37
389;144;37
389;145;37
389;146;37
389;147;37
389;148;37
389;149;37
389;150;37
389;151;37
389;152;37
389;153;37
389;154;37
389;155;37
389;156;37
389;157;37
389;158;37
389;159;37
389;160;37
389;161;37
389;162;37
389;163;37
389;164;37
389;165;37
389;166;37
389;167;26
389;168;26
389;169;26
389;170;26
389;171;26
389;172;26
389;173;26
389;174;26
389;175;26
389;176;26
389;177;26
389;178;26
389;179;26
389;180;10
389;181;10
389;182;10
389;183;10
389;184;10
389;185;10
389;186;10
389;187;10
389;188;10
389;189;10
389;190;10
389;191;10
389;192;10
389;193;10
389;194;10
389;195;10
389;196;10
389;197;10
389;198;10
389;199;37
389;200;37
389;201;37
389;202;37
389;203;19
389;204;19
389;205;19
389;206;19
389;207;19
389;208;19
389;209;19
389;210;19
389;211;19
389;212;19
389;213;19
389;214;19
389;215;19
389;216;19
389;217;19
389;218;19
389;219;19
389;220;19
389;221;19
389;222;19
389;223;19
389;224;19
389;225;19
389;226;19
389;227;19
389;228;19
389;229;19
389;230;19
389;231;19
389;232;19
389;233;19
389;234;19
389;235;19
389;236;49
389;237;49
389;238;49
389;239;25
389;240;25
389;241;25
389;242;25
389;243;25
389;244;25
389;245;25
389;246;25
389;247;25
389;248;25
389;249;25
389;250;25
389;251;25
389;252;25
389;253;25
389;254;25
389;255;25
389;256;25
389;257;25
389;258;25
389;259;25
389;260;25
389;261;27
389;262;27
389;263;27
389;264;27
389;265;27
389;266;27
389;267;27
389;268;27
389;269;27
389;270;27
389;271;27
389;272;27
389;273;27
389;274;27
389;275;27
389;276;27
389;277;27
389;278;27
389;279;27
389;280;26
389;281;26
389;282;26
389;283;26
389;284;26
389;285;26
389;286;26
389;287;26
389;288;26
389;289;26
389;290;26
389;291;26
389;292;26
389;293;26
389;294;26
389;295;26
389;296;26
389;297;26
389;298;26
389;299;26
389;300;26
389;301;26
389;302;26
389;303;26
389;304;26
389;305;38
389;306;38
389;307;38
389;308;38
389;309;38
389;310;38
389;311;38
389;312;38
389;313;38
389;314;38
389;315;38
389;316;24
389;317;24
389;318;24
389;319;24
389;320;24
389;321;24
389;322;24
389;323;24
389;324;24
389;325;24
389;326;24
389;327;24
389;328;24
389;329;24
389;330;24
389;331;24
389;332;24
389;333;24
389;334;24
389;335;29
389;336;29
389;337;29
389;338;29
389;339;29
389;340;29
389;341;29
389;342;29
389;343;29
389;344;29
389;345;29
389;346;29
389;347;29
389;348;29
389;349;29
389;350;29
389;351;29
389;352;29
389;353;29
389;354;29
389;355;29
389;356;29
389;357;29
389;358;29
389;359;29
389;360;29
389;361;29
389;362;29
389;363;29
389;364;29
389;365;29
389;366;29
389;367;29
389;368;29
389;369;29
389;370;29
389;371;29
389;372;29
389;373;29
389;374;29
389;375;8
389;376;8
389;377;8
389;378;8
389;379;8
389;380;8
389;381;8
389;382;8
389;383;8
389;384;8
389;385;8
389;386;8
389;387;8
389;388;8
389;389;5
389;390;5
389;391;5
389;392;5
389;393;5
389;394;5
389;395;5
389;396;5
389;397;5
389;398;5
389;399;5
389;400;5
389;401;5
389;402;5
389;403;5
389;404;5
389;405;5
389;406;39
389;407;39
389;408;39
389;409;39
389;410;39
389;411;39
389;412;27
389;413;27
389;414;27
389;415;27
389;416;27
389;417;27
389;418;27
389;419;27
389;420;27
389;421;27
389;422;27
389;423;27
389;424;27
389;425;27
389;426;27
389;427;27
389;428;27
389;429;27
389;430;27
389;431;27
389;432;27
389;433;27
389;434;27
389;435;27
389;436;27
389;437;27
389;438;27
389;439;27
389;440;27
389;441;27
389;442;27
389;443;27
389;444;27
389;445;27
389;446;27
389;447;19
389;448;19
389;449;19
389;450;19
389;451;20
389;452;25
389;453;25
389;454;25
389;455;25
389;456;25
389;457;25
389;458;25
389;459;26
389;460;26
389;461;26
389;462;26
389;463;26
389;464;26
389;465;26
389;466;26
389;467;26
389;468;26
389;469;26
389;470;26
389;471;26
389;472;26
389;473;26
389;474;26
389;475;26
389;476;26
389;477;26
389;478;26
389;479;26
389;480;26
389;481;26
389;482;26
389;483;26
389;484;26
389;485;26
389;486;26
389;487;26
389;488;26
389;489;26
389;490;26
389;491;26
389;492;45
389;493;45
389;494;45
389;495;45
389;496;45
389;497;45
389;498;45
389;499;45
390;0;1
390;1;1
390;2;1
390;3;1
390;4;1
390;5;1
390;6;1
390;7;1
390;8;1
390;9;1
390;10;1
390;11;1
390;12;1
390;13;1
390;14;1
390;15;1
390;16;1
390;17;1
390;18;1
390;19;1
390;20;1
390;21;1
390;22;1
390;23;1
390;24;1
390;25;1
390;26;1
390;27;1
390;28;1
390;29;1
390;30;1
390;31;1
390;32;1
390;33;1
390;34;1
390;35;1
390;36;1
390;37;1
390;38;33
390;39;33
390;40;33
390;41;33
390;42;33
390;43;33
390;44;33
390;45;33
390;46;33
390;47;33
390;48;33
390;49;33
390;50;33
390;51;33
390;52;33
390;53;33
390;54;33
390;55;33
390;56;33
390;57;33
390;58;33
390;59;33
390;60;33
390;61;33
390;62;33
390;63;33
390;64;33
390;65;33
390;66;33
390;67;33
390;68;33
390;69;33
390;70;33
390;71;33
390;72;33
390;73;33
390;74;33
390;75;33
390;76;33
390;77;33
390;78;33
390;79;33
390;80;33
390;81;33
390;82;33
390;83;33
390;84;33
390;85;33
390;86;33
390;87;33
390;88;33
390;89;33
390;90;33
390;91;33
390;92;34
390;93;34
390;94;34
390;95;34
390;96;34
390;97;34
390;98;34
390;99;34
390;100;34
390;101;34
390;102;34
390;103;34
390;104;34
390;105;34
390;106;34
390;107;34
390;108;34
390;109;34
390;110;34
390;111;34
390;112;34
390;113;34
390;114;34
390;115;34
390;116;34
390;117;34
390;118;34
390;119;34
390;120;34
390;121;34
390;122;34
390;123;34
390;124;34
390;125;34
390;126;34
390;127;34
390;128;34
390;129;34
390;130;34
390;131;34
390;132;34
390;133;34
390;134;34
390;135;34
390;136;34
390;137;34
390;138;34
390;139;37
390;140;37
390;141;37
390;142;37
390;143;37
390;144;37
390;145;37
390;146;37
390;147;37
390;148;37
390;149;37
390;150;37
390;151;37
390;152;37
390;153;37
390;154;37
390;155;37
390;156;37
390;157;37
390;158;37
390;159;37
390;160;37
390;161;37
390;162;37
390;163;37
390;164;37
390;165;37
390;166;37
390;167;26
390;168;26
390;169;26
390;170;26
390;171;26
390;172;26
390;173;26
390;174;26
390;175;26
390;176;26
390;177;26
390;178;26
390;179;26
390;180;26
390;181;10
390;182;10
390;183;10
390;184;10
390;185;10
390;186;10
390;187;10
390;188;10
390;189;10
390;190;10
390;191;10
390;192;10
390;193;10
390;194;10
390;195;10
390;196;10
390;197;10
390;198;10
390;199;10
390;200;10
390;201;37
390;202;19
390;203;19
390;204;19
390;205;19
390;206;19
390;207;19
390;208;19
390;209;19
390;210;19
390;211;19
390;212;19
390;213;19
390;214;19
390;215;19
390;216;19
390;217;19
390;218;19
390;219;19
390;220;19
390;221;19
390;222;19
390;223;19
390;224;19
390;225;19
390;226;19
390;227;19
390;228;19
390;229;19
390;230;19
390;231;19
390;232;19
390;233;19
390;234;19
390;235;19
390;236;49
390;237;49
390;238;49
390;239;49
390;240;25
390;241;25
390;242;25
390;243;25
390;244;25
390;245;25
390;246;25
390;247;25
390;248;25
390;249;25
390;250;25
390;251;25
390;252;25
390;253;25
390;254;25
390;255;25
390;256;27
390;257;27
390;258;27
390;259;27
390;260;27
390;261;27
390;262;27
390;263;27
390;264;27
390;265;27
390;266;27
390;267;27
390;268;27
390;269;27
390;270;27
390;271;27
390;272;27
390;273;27
390;274;27
390;275;27
390;276;27
390;277;27
390;278;27
390;279;27
390;280;27
390;281;26
390;282;26
390;283;26
390;284;26
390;285;26
390;286;26
390;287;26
390;288;26
390;289;26
390;290;26
390;291;26
390;292;26
390;293;26
390;294;26
390;295;26
390;296;26
390;297;26
390;298;26
390;299;26
390;300;26
390;301;26
390;302;26
390;303;26
390;304;26
390;305;26
390;306;26
390;307;38
390;308;36
390;309;36
390;310;36
390;311;36
390;312;36
390;313;36
390;314;36
390;315;36
390;316;24
390;317;24
390;318;24
390;319;24
390;320;24
390;321;24
390;322;24
390;323;24
390;324;24
390;325;24
390;326;24
390;327;24
390;328;24
390;329;24
390;330;24
390;331;24
390;332;24
390;333;24
390;334;24
390;335;24
390;336;29
390;337;29
390;338;29
390;339;29
390;340;29
390;341;29
390;342;29
390;343;29
390;344;29
390;345;29
390;346;29
390;347;29
390;348;29
390;349;29
390;350;29
390;351;29
390;352;29
390;353;29
390;354;29
390;355;29
390;356;29
390;357;29
390;358;29
390;359;29
390;360;29
390;361;29
390;362;29
390;363;29
390;364;29
390;365;29
390;366;29
390;367;29
390;368;29
390;369;29
390;370;29
390;371;29
390;372;29
390;373;29
390;374;8
390;375;8
390;376;8
390;377;8
390;378;8
390;379;8
390;380;8
390;381;8
390;382;8
390;383;8
390;384;8
390;385;8
390;386;8
390;387;8
390;388;8
390;389;8
390;390;5
390;391;5
390;392;5
390;393;5
390;394;5
390;395;5
390;396;5
390;397;5
390;398;5
390;399;5
390;400;5
390;401;5
390;402;5
390;403;5
390;404;5
390;405;5
390;406;5
390;407;39
390;408;39
390;409;39
390;410;39
390;411;39
390;412;39
390;413;39
390;414;27
390;415;27
390;416;27
390;417;27
390;418;27
390;419;27
390;420;27
390;421;27
390;422;27
390;423;27
390;424;27
390;425;27
390;426;27
390;427;27
390;428;27
390;429;27
390;430;27
390;431;27
390;432;27
390;433;27
390;434;27
390;435;27
390;436;27
390;437;27
390;438;27
390;439;27
390;440;27
390;441;27
390;442;27
390;443;27
390;444;27
390;445;27
390;446;19
390;447;19
390;448;19
390;449;19
390;450;19
390;451;19
390;452;25
390;453;25
390;454;25
390;455;25
390;456;25
390;457;25
390;458;25
390;459;25
390;460;25
390;461;26
390;462;26
390;463;26
390;464;26
390;465;26
390;466;26
390;467;26
390;468;26
390;469;26
390;470;26
390;471;26
390;472;26
390;473;26
390;474;26
390;475;26
390;476;26
390;477;26
390;478;26
390;479;26
390;480;26
390;481;26
390;482;26
390;483;26
390;484;26
390;485;26
390;486;26
390;487;26
390;488;26
390;489;26
390;490;26
390;491;45
390;492;45
390;493;45
390;494;45
390;495;45
390;496;45
390;497;45
390;498;45
390;499;45
391;0;1
391;1;1
391;2;1
391;3;1
391;4;1
391;5;1
391;6;1
391;7;1
391;8;1
391;9;1
391;10;1
391;11;1
391;12;1
391;13;1
391;14;1
391;15;1
391;16;1
391;17;1
391;18;1
391;19;1
391;20;1
391;21;1
391;22;1
391;23;1
391;24;1
391;25;1
391;26;1
391;27;1
391;28;1
391;29;1
391;30;1
391;31;1
391;32;1
391;33;1
391;34;1
391;35;1
391;36;1
391;37;1
391;38;33
391;39;33
391;40;33
391;41;33
391;42;33
391;43;33
391;44;33
391;45;33
391;46;33
391;47;33
391;48;33
391;49;33
391;50;33
391;51;33
391;52;33
391;53;33
391;54;33
391;55;33
391;56;33
391;57;33
391;58;33
391;59;33
391;60;33
391;61;33
391;62;33
391;63;33
391;64;33
391;65;33
391;66;33
391;67;33
391;68;33
391;69;33
391;70;33
391;71;33
391;72;33
391;73;33
391;74;33
391;75;33
391;76;33
391;77;33
391;78;33
391;79;33
391;80;33
391;81;33
391;82;33
391;83;33
391;84;33
391;85;33
391;86;33
391;87;33
391;88;33
391;89;33
391;90;33
391;91;33
391;92;33
391;93;34
391;94;34
391;95;34
391;96;34
391;97;34
391;98;34
391;99;34
391;100;34
391;101;34
391;102;34
391;103;34
391;104;34
391;105;34
391;106;34
391;107;34
391;108;34
391;109;34
391;110;34
391;111;34
391;112;34
391;113;34
391;114;34
391;115;34
391;116;34
391;117;34
391;118;34
391;119;34
391;120;34
391;121;34
391;122;34
391;123;34
391;124;34
391;125;34
391;126;34
391;127;34
391;128;34
391;129;34
391;130;34
391;131;34
391;132;34
391;133;34
391;134;34
391;135;34
391;136;34
391;137;34
391;138;34
391;139;37
391;140;37
391;141;37
391;142;37
391;143;37
391;144;37
391;145;37
391;146;37
391;147;37
391;148;37
391;149;37
391;150;37
391;151;37
391;152;37
391;153;37
391;154;37
391;155;37
391;156;37
391;157;37
391;158;37
391;159;37
391;160;37
391;161;37
391;162;37
391;163;37
391;164;37
391;165;37
391;166;37
391;167;26
391;168;26
391;169;26
391;170;26
391;171;26
391;172;26
391;173;26
391;174;26
391;175;26
391;176;26
391;177;26
391;178;26
391;179;26
391;180;26
391;181;26
391;182;10
391;183;10
391;184;10
391;185;10
391;186;10
391;187;10
391;188;10
391;189;10
391;190;10
391;191;10
391;192;10
391;193;10
391;194;10
391;195;10
391;196;10
391;197;10
391;198;10
391;199;10
391;200;10
391;201;10
391;202;19
391;203;19
391;204;19
391;205;19
391;206;19
391;207;19
391;208;19
391;209;19
391;210;19
391;211;19
391;212;19
391;213;19
391;214;19
391;215;19
391;216;19
391;217;19
391;218;19
391;219;19
391;220;19
391;221;19
391;222;19
391;223;19
391;224;19
391;225;19
391;226;19
391;227;19
391;228;19
391;229;19
391;230;19
391;231;19
391;232;19
391;233;19
391;234;19
391;235;19
391;236;49
391;237;49
391;238;49
391;239;49
391;240;49
391;241;25
391;242;25
391;243;25
391;244;25
391;245;25
391;246;25
391;247;25
391;248;25
391;249;25
391;250;25
391;251;25
391;252;25
391;253;25
391;254;25
391;255;27
391;256;27
391;257;27
391;258;27
391;259;27
391;260;27
391;261;27
391;262;27
391;263;27
391;264;27
391;265;27
391;266;27
391;267;27
391;268;27
391;269;27
391;270;27
391;271;27
391;272;27
391;273;27
391;274;27
391;275;27
391;276;27
391;277;27
391;278;27
391;279;27
391;280;27
391;281;26
391;282;26
391;283;26
391;284;26
391;285;26
391;286;26
391;287;26
391;288;26
391;289;26
391;290;26
391;291;26
391;292;26
391;293;26
391;294;26
391;295;26
391;296;26
391;297;26
391;298;26
391;299;26
391;300;26
391;301;26
391;302;26
391;303;26
391;304;26
391;305;26
391;306;26
391;307;26
391;308;36
391;309;36
391;310;36
391;311;36
391;312;36
391;313;36
391;314;36
391;315;36
391;316;36
391;317;24
391;318;24
391;319;24
391;320;24
391;321;24
391;322;24
391;323;24
391;324;24
391;325;24
391;326;24
391;327;24
391;328;24
391;329;24
391;330;24
391;331;24
391;332;24
391;333;24
391;334;24
391;335;24
391;336;24
391;337;29
391;338;29
391;339;29
391;340;29
391;341;29
391;342;29
391;343;29
391;344;29
391;345;29
391;346;29
391;347;29
391;348;29
391;349;29
391;350;29
391;351;29
391;352;29
391;353;29
391;354;29
391;355;29
391;356;29
391;357;29
391;358;29
391;359;29
391;360;29
391;361;29
391;362;29
391;363;29
391;364;29
391;365;29
391;366;29
391;367;29
391;368;29
391;369;29
391;370;29
391;371;29
391;372;29
391;373;8
391;374;8
391;375;8
391;376;8
391;377;8
391;378;8
391;379;8
391;380;8
391;381;8
391;382;8
391;383;8
391;384;8
391;385;8
391;386;8
391;387;8
391;388;8
391;389;8
391;390;8
391;391;5
391;392;5
391;393;5
391;394;5
391;395;5
391;396;5
391;397;5
391;398;5
391;399;5
391;400;5
391;401;5
391;402;5
391;403;5
391;404;5
391;405;5
391;406;5
391;407;39
391;408;39
391;409;39
391;410;39
391;411;39
391;412;39
391;413;39
391;414;39
391;415;39
391;416;27
391;417;27
391;418;27
391;419;27
391;420;27
391;421;27
391;422;27
391;423;27
391;424;27
391;425;27
391;426;27
391;427;27
391;428;27
391;429;27
391;430;27
391;431;27
391;432;27
391;433;27
391;434;27
391;435;27
391;436;27
391;437;27
391;438;27
391;439;27
391;440;27
391;441;27
391;442;27
391;443;27
391;444;27
391;445;19
391;446;19
391;447;19
391;448;19
391;449;19
391;450;19
391;451;19
391;452;19
391;453;25
391;454;25
391;455;25
391;456;25
391;457;25
391;458;25
391;459;25
391;460;25
391;461;25
391;462;25
391;463;26
391;464;26
391;465;26
391;466;26
391;467;26
391;468;26
391;469;26
391;470;26
391;471;26
391;472;26
391;473;26
391;474;26
391;475;26
391;476;26
391;477;26
391;478;26
391;479;26
391;480;26
391;481;26
391;482;26
391;483;26
391;484;26
391;485;26
391;486;26
391;487;26
391;488;26
391;489;26
391;490;45
391;491;45
391;492;45
391;493;45
391;494;45
391;495;45
391;496;45
391;497;45
391;498;45
391;499;45
392;0;1
392;1;1
392;2;1
392;3;1
392;4;1
392;5;1
392;6;1
392;7;1
392;8;1
392;9;1
392;10;1
392;11;1
392;12;1
392;13;1
392;14;1
392;15;1
392;16;1
392;17;1
392;18;1
392;19;1
392;20;1
392;21;1
392;22;1
392;23;1
392;24;1
392;25;1
392;26;1
392;27;1
392;28;1
392;29;1
392;30;1
392;31;1
392;32;1
392;33;1
392;34;1
392;35;1
392;36;1
392;37;1
392;38;1
392;39;33
392;40;33
392;41;33
392;42;33
392;43;33
392;44;33
392;45;33
392;46;33
392;47;33
392;48;33
392;49;33
392;50;33
392;51;33
392;52;33
392;53;33
392;54;33
392;55;33
392;56;33
392;57;33
392;58;33
392;59;33
392;60;33
392;61;33
392;62;33
392;63;33
392;64;33
392;65;33
392;66;33
392;67;33
392;68;33
392;69;33
392;70;33
392;71;33
392;72;33
392;73;33
392;74;33
392;75;33
392;76;33
392;77;33
392;78;33
392;79;33
392;80;33
392;81;33
392;82;33
392;83;33
392;84;33
392;85;33
392;86;33
392;87;33
392;88;33
392;89;33
392;90;33
392;91;33
392;92;33
392;93;34
392;94;34
392;95;34
392;96;34
392;97;34
392;98;34
392;99;34
392;100;34
392;101;34
392;102;34
392;103;34
392;104;34
392;105;34
392;106;34
392;107;34
392;108;34
392;109;34
392;110;34
392;111;34
392;112;34
392;113;34
392;114;34
392;115;34
392;116;34
392;117;34
392;118;34
392;119;34
392;120;34
392;121;34
392;122;34
392;123;34
392;124;34
392;125;34
392;126;34
392;127;34
392;128;34
392;129;34
392;130;34
392;131;34
392;132;34
392;133;34
392;134;34
392;135;34
392;136;34
392;137;34
392;138;34
392;139;34
392;140;37
392;141;37
392;142;37
392;143;37
392;144;37
392;145;37
392;146;37
392;147;37
392;148;37
392;149;37
392;150;37
392;151;37
392;152;37
392;153;37
392;154;37
392;155;37
392;156;37
392;157;37
392;158;37
392;159;37
392;160;37
392;161;37
392;162;37
392;163;37
392;164;37
392;165;37
392;166;37
392;167;26
392;168;26
392;169;26
392;170;26
392;171;26
392;172;26
392;173;26
392;174;26
392;175;26
392;176;26
392;177;26
392;178;26
392;179;26
392;180;26
392;181;26
392;182;26
392;183;10
392;184;10
392;185;10
392;186;10
392;187;10
392;188;10
392;189;10
392;190;10
392;191;10
392;192;10
392;193;10
392;194;10
392;195;10
392;196;10
392;197;10
392;198;10
392;199;10
392;200;10
392;201;10
392;202;10
392;203;19
392;204;19
392;205;19
392;206;19
392;207;19
392;208;19
392;209;19
392;210;19
392;211;19
392;212;19
392;213;19
392;214;19
392;215;19
392;216;19
392;217;19
392;218;19
392;219;19
392;220;19
392;221;19
392;222;19
392;223;19
392;224;19
392;225;19
392;226;19
392;227;19
392;228;19
392;229;19
392;230;19
392;231;19
392;232;19
392;233;19
392;234;19
392;235;49
392;236;49
392;237;49
392;238;49
392;239;49
392;240;49
392;241;49
392;242;25
392;243;25
392;244;25
392;245;25
392;246;25
392;247;25
392;248;25
392;249;25
392;250;25
392;251;25
392;252;25
392;253;25
392;254;27
392;255;27
392;256;27
392;257;27
392;258;27
392;259;27
392;260;27
392;261;27
392;262;27
392;263;27
392;264;27
392;265;27
392;266;27
392;267;27
392;268;27
392;269;27
392;270;27
392;271;27
392;272;27
392;273;27
392;274;27
392;275;27
392;276;27
392;277;27
392;278;27
392;279;27
392;280;27
392;281;27
392;282;26
392;283;26
392;284;26
392;285;26
392;286;26
392;287;26
392;288;26
392;289;26
392;290;26
392;291;26
392;292;26
392;293;26
392;294;26
392;295;26
392;296;26
392;297;26
392;298;26
392;299;26
392;300;26
392;301;26
392;302;26
392;303;26
392;304;26
392;305;26
392;306;26
392;307;26
392;308;36
392;309;36
392;310;36
392;311;36
392;312;36
392;313;36
392;314;36
392;315;36
392;316;36
392;317;36
392;318;24
392;319;24
392;320;24
392;321;24
392;322;24
392;323;24
392;324;24
392;325;24
392;326;24
392;327;24
392;328;24
392;329;24
392;330;24
392;331;24
392;332;24
392;333;24
392;334;24
392;335;24
392;336;24
392;337;29
392;338;29
392;339;29
392;340;29
392;341;29
392;342;29
392;343;29
392;344;29
392;345;29
392;346;29
392;347;29
392;348;29
392;349;29
392;350;29
392;351;29
392;352;29
392;353;29
392;354;29
392;355;29
392;356;29
392;357;29
392;358;29
392;359;29
392;360;29
392;361;29
392;362;29
392;363;29
392;364;29
392;365;29
392;366;29
392;367;29
392;368;29
392;369;29
392;370;29
392;371;29
392;372;8
392;373;8
392;374;8
392;375;8
392;376;8
392;377;8
392;378;8
392;379;8
392;380;8
392;381;8
392;382;8
392;383;8
392;384;8
392;385;8
392;386;8
392;387;8
392;388;8
392;389;8
392;390;8
392;391;8
392;392;5
392;393;5
392;394;5
392;395;5
392;396;5
392;397;5
392;398;5
392;399;5
392;400;5
392;401;5
392;402;5
392;403;5
392;404;5
392;405;5
392;406;5
392;407;5
392;408;39
392;409;39
392;410;39
392;411;39
392;412;39
392;413;39
392;414;39
392;415;39
392;416;39
392;417;39
392;418;27
392;419;27
392;420;27
392;421;27
392;422;27
392;423;27
392;424;27
392;425;27
392;426;27
392;427;27
392;428;27
392;429;27
392;430;27
392;431;27
392;432;27
392;433;27
392;434;27
392;435;27
392;436;27
392;437;27
392;438;27
392;439;27
392;440;27
392;441;27
392;442;27
392;443;27
392;444;19
392;445;19
392;446;19
392;447;19
392;448;19
392;449;19
392;450;19
392;451;19
392;452;19
392;453;25
392;454;25
392;455;25
392;456;25
392;457;25
392;458;25
392;459;25
392;460;25
392;461;25
392;462;25
392;463;25
392;464;25
392;465;29
392;466;29
392;467;29
392;468;29
392;469;29
392;470;29
392;471;29
392;472;29
392;473;29
392;474;29
392;475;29
392;476;26
392;477;26
392;478;26
392;479;26
392;480;26
392;481;26
392;482;26
392;483;26
392;484;26
392;485;26
392;486;26
392;487;26
392;488;26
392;489;45
392;490;45
392;491;45
392;492;45
392;493;45
392;494;45
392;495;45
392;496;45
392;497;45
392;498;45
392;499;45
393;0;1
393;1;1
393;2;1
393;3;1
393;4;1
393;5;1
393;6;1
393;7;1
393;8;1
393;9;1
393;10;1
393;11;1
393;12;1
393;13;1
393;14;1
393;15;1
393;16;1
393;17;1
393;18;1
393;19;1
393;20;1
393;21;1
393;22;1
393;23;1
393;24;1
393;25;1
393;26;1
393;27;1
393;28;1
393;29;1
393;30;1
393;31;1
393;32;1
393;33;1
393;34;1
393;35;1
393;36;1
393;37;1
393;38;1
393;39;1
393;40;33
393;41;33
393;42;33
393;43;33
393;44;33
393;45;33
393;46;33
393;47;33
393;48;33
393;49;33
393;50;33
393;51;33
393;52;33
393;53;33
393;54;33
393;55;33
393;56;33
393;57;33
393;58;33
393;59;33
393;60;33
393;61;33
393;62;33
393;63;33
393;64;33
393;65;33
393;66;33
393;67;33
393;68;33
393;69;33
393;70;33
393;71;33
393;72;33
393;73;33
393;74;33
393;75;33
393;76;33
393;77;33
393;78;33
393;79;33
393;80;33
393;81;33
393;82;33
393;83;33
393;84;33
393;85;33
393;86;33
393;87;33
393;88;33
393;89;33
393;90;33
393;91;33
393;92;33
393;93;33
393;94;34
393;95;34
393;96;34
393;97;34
393;98;34
393;99;34
393;100;34
393;101;34
393;102;34
393;103;34
393;104;34
393;105;34
393;106;34
393;107;34
393;108;34
393;109;34
393;110;34
393;111;34
393;112;34
393;113;34
393;114;34
393;115;34
393;116;34
393;117;34
393;118;34
393;119;34
393;120;34
393;121;34
393;122;34
393;123;34
393;124;34
393;125;34
393;126;34
393;127;34
393;128;34
393;129;34
393;130;34
393;131;34
393;132;34
393;133;34
393;134;34
393;135;34
393;136;34
393;137;34
393;138;34
393;139;34
393;140;37
393;141;37
393;142;37
393;143;37
393;144;37
393;145;37
393;146;37
393;147;37
393;148;37
393;149;37
393;150;37
393;151;37
393;152;37
393;153;37
393;154;37
393;155;37
393;156;37
393;157;37
393;158;37
393;159;37
393;160;37
393;161;37
393;162;37
393;163;37
393;164;37
393;165;37
393;166;37
393;167;26
393;168;26
393;169;26
393;170;26
393;171;26
393;172;26
393;173;26
393;174;26
393;175;26
393;176;26
393;177;26
393;178;26
393;179;26
393;180;26
393;181;26
393;182;26
393;183;26
393;184;10
393;185;10
393;186;10
393;187;10
393;188;10
393;189;10
393;190;10
393;191;10
393;192;10
393;193;10
393;194;10
393;195;10
393;196;10
393;197;10
393;198;10
393;199;10
393;200;10
393;201;10
393;202;10
393;203;10
393;204;19
393;205;19
393;206;19
393;207;19
393;208;19
393;209;19
393;210;19
393;211;19
393;212;19
393;213;19
393;214;19
393;215;19
393;216;19
393;217;19
393;218;19
393;219;19
393;220;19
393;221;19
393;222;19
393;223;19
393;224;19
393;225;19
393;226;19
393;227;19
393;228;19
393;229;19
393;230;19
393;231;19
393;232;19
393;233;19
393;234;49
393;235;49
393;236;49
393;237;49
393;238;49
393;239;49
393;240;49
393;241;49
393;242;49
393;243;25
393;244;25
393;245;25
393;246;25
393;247;25
393;248;25
393;249;25
393;250;25
393;251;25
393;252;25
393;253;27
393;254;27
393;255;27
393;256;27
393;257;27
393;258;27
393;259;27
393;260;27
393;261;27
393;262;27
393;263;27
393;264;27
393;265;27
393;266;27
393;267;27
393;268;27
393;269;27
393;270;27
393;271;27
393;272;27
393;273;27
393;274;27
393;275;27
393;276;27
393;277;27
393;278;27
393;279;27
393;280;27
393;281;27
393;282;26
393;283;26
393;284;26
393;285;26
393;286;26
393;287;26
393;288;26
393;289;26
393;290;26
393;291;26
393;292;26
393;293;26
393;294;26
393;295;26
393;296;26
393;297;26
393;298;26
393;299;26
393;300;26
393;301;26
393;302;26
393;303;26
393;304;26
393;305;26
393;306;26
393;307;26
393;308;26
393;309;36
393;310;36
393;311;36
393;312;36
393;313;36
393;314;36
393;315;36
393;316;36
393;317;36
393;318;36
393;319;24
393;320;24
393;321;24
393;322;24
393;323;24
393;324;24
393;325;24
393;326;24
393;327;24
393;328;24
393;329;24
393;330;24
393;331;24
393;332;24
393;333;24
393;334;24
393;335;24
393;336;24
393;337;24
393;338;29
393;339;29
393;340;29
393;341;29
393;342;29
393;343;29
393;344;29
393;345;29
393;346;29
393;347;29
393;348;29
393;349;29
393;350;29
393;351;29
393;352;29
393;353;29
393;354;29
393;355;29
393;356;29
393;357;29
393;358;29
393;359;29
393;360;29
393;361;29
393;362;29
393;363;29
393;364;29
393;365;29
393;366;29
393;367;29
393;368;29
393;369;29
393;370;29
393;371;29
393;372;8
393;373;8
393;374;8
393;375;8
393;376;8
393;377;8
393;378;8
393;379;8
393;380;8
393;381;8
393;382;8
393;383;8
393;384;8
393;385;8
393;386;8
393;387;8
393;388;8
393;389;8
393;390;8
393;391;8
393;392;8
393;393;5
393;394;5
393;395;5
393;396;5
393;397;5
393;398;5
393;399;5
393;400;5
393;401;5
393;402;5
393;403;5
393;404;5
393;405;5
393;406;5
393;407;5
393;408;39
393;409;39
393;410;39
393;411;39
393;412;39
393;413;39
393;414;39
393;415;39
393;416;39
393;417;39
393;418;39
393;419;39
393;420;27
393;421;27
393;422;27
393;423;27
393;424;27
393;425;27
393;426;27
393;427;27
393;428;27
393;429;27
393;430;27
393;431;27
393;432;27
393;433;27
393;434;27
393;435;27
393;436;27
393;437;27
393;438;27
393;439;27
393;440;27
393;441;27
393;442;27
393;443;19
393;444;19
393;445;19
393;446;19
393;447;19
393;448;19
393;449;19
393;450;19
393;451;19
393;452;19
393;453;19
393;454;25
393;455;25
393;456;25
393;457;25
393;458;25
393;459;25
393;460;25
393;461;25
393;462;25
393;463;25
393;464;25
393;465;25
393;466;29
393;467;29
393;468;29
393;469;29
393;470;29
393;471;29
393;472;29
393;473;29
393;474;29
393;475;29
393;476;29
393;477;29
393;478;26
393;479;26
393;480;26
393;481;26
393;482;26
393;483;26
393;484;26
393;485;26
393;486;26
393;487;26
393;488;45
393;489;45
393;490;45
393;491;45
393;492;45
393;493;45
393;494;45
393;495;45
393;496;45
393;497;45
393;498;45
393;499;45
394;0;1
394;1;1
394;2;1
394;3;1
394;4;1
394;5;1
394;6;1
394;7;1
394;8;1
394;9;1
394;10;1
394;11;1
394;12;1
394;13;1
394;14;1
394;15;1
394;16;1
394;17;1
394;18;1
394;19;1
394;20;1
394;21;1
394;22;1
394;23;1
394;24;1
394;25;1
394;26;1
394;27;1
394;28;1
394;29;1
394;30;1
394;31;1
394;32;1
394;33;1
394;34;1
394;35;1
394;36;1
394;37;1
394;38;1
394;39;1
394;40;1
394;41;33
394;42;33
394;43;33
394;44;33
394;45;33
394;46;33
394;47;33
394;48;33
394;49;33
394;50;33
394;51;33
394;52;33
394;53;33
394;54;33
394;55;33
394;56;33
394;57;33
394;58;33
394;59;33
394;60;33
394;61;33
394;62;33
394;63;33
394;64;33
394;65;33
394;66;33
394;67;33
394;68;33
394;69;33
394;70;33
394;71;33
394;72;33
394;73;33
394;74;33
394;75;33
394;76;33
394;77;33
394;78;33
394;79;33
394;80;33
394;81;33
394;82;33
394;83;33
394;84;33
394;85;33
394;86;33
394;87;33
394;88;33
394;89;33
394;90;33
394;91;33
394;92;33
394;93;33
394;94;34
394;95;34
394;96;34
394;97;34
394;98;34
394;99;34
394;100;34
394;101;34
394;102;34
394;103;34
394;104;34
394;105;34
394;106;34
394;107;34
394;108;34
394;109;34
394;110;34
394;111;34
394;112;34
394;113;34
394;114;34
394;115;34
394;116;34
394;117;34
394;118;34
394;119;34
394;120;34
394;121;34
394;122;34
394;123;34
394;124;34
394;125;34
394;126;34
394;127;34
394;128;34
394;129;34
394;130;34
394;131;34
394;132;34
394;133;34
394;134;34
394;135;34
394;136;34
394;137;34
394;138;34
394;139;34
394;140;34
394;141;37
394;142;37
394;143;37
394;144;37
394;145;37
394;146;37
394;147;37
394;148;37
394;149;37
394;150;37
394;151;37
394;152;37
394;153;37
394;154;37
394;155;37
394;156;37
394;157;37
394;158;37
394;159;37
394;160;37
394;161;37
394;162;37
394;163;37
394;164;37
394;165;37
394;166;37
394;167;26
394;168;26
394;169;26
394;170;26
394;171;26
394;172;26
394;173;26
394;174;26
394;175;26
394;176;26
394;177;26
394;178;26
394;179;26
394;180;26
394;181;26
394;182;26
394;183;26
394;184;26
394;185;10
394;186;10
394;187;10
394;188;10
394;189;10
394;190;10
394;191;10
394;192;10
394;193;10
394;194;10
394;195;10
394;196;10
394;197;10
394;198;10
394;199;10
394;200;10
394;201;10
394;202;10
394;203;10
394;204;10
394;205;19
394;206;19
394;207;19
394;208;19
394;209;19
394;210;19
394;211;19
394;212;19
394;213;19
394;214;19
394;215;19
394;216;19
394;217;19
394;218;19
394;219;19
394;220;19
394;221;19
394;222;19
394;223;19
394;224;19
394;225;19
394;226;19
394;227;19
394;228;19
394;229;19
394;230;19
394;231;19
394;232;19
394;233;49
394;234;49
394;235;49
394;236;49
394;237;49
394;238;49
394;239;49
394;240;49
394;241;49
394;242;49
394;243;49
394;244;25
394;245;25
394;246;25
394;247;25
394;248;25
394;249;25
394;250;25
394;251;25
394;252;27
394;253;27
394;254;27
394;255;27
394;256;27
394;257;27
394;258;27
394;259;27
394;260;27
394;261;27
394;262;27
394;263;27
394;264;27
394;265;27
394;266;27
394;267;27
394;268;27
394;269;27
394;270;27
394;271;27
394;272;27
394;273;27
394;274;27
394;275;27
394;276;27
394;277;27
394;278;27
394;279;27
394;280;27
394;281;27
394;282;27
394;283;26
394;284;26
394;285;26
394;286;26
394;287;26
394;288;26
394;289;26
394;290;26
394;291;26
394;292;26
394;293;26
394;294;26
394;295;26
394;296;26
394;297;26
394;298;26
394;299;26
394;300;26
394;301;26
394;302;26
394;303;26
394;304;26
394;305;26
394;306;26
394;307;26
394;308;26
394;309;16
394;310;36
394;311;36
394;312;36
394;313;36
394;314;36
394;315;36
394;316;36
394;317;36
394;318;36
394;319;36
394;320;24
394;321;24
394;322;24
394;323;24
394;324;24
394;325;24
394;326;24
394;327;24
394;328;24
394;329;24
394;330;24
394;331;24
394;332;24
394;333;24
394;334;24
394;335;24
394;336;24
394;337;24
394;338;24
394;339;29
394;340;29
394;341;29
394;342;29
394;343;29
394;344;29
394;345;29
394;346;29
394;347;29
394;348;29
394;349;29
394;350;29
394;351;29
394;352;29
394;353;29
394;354;29
394;355;29
394;356;29
394;357;29
394;358;29
394;359;29
394;360;29
394;361;29
394;362;29
394;363;29
394;364;29
394;365;29
394;366;29
394;367;29
394;368;29
394;369;29
394;370;29
394;371;29
394;372;8
394;373;8
394;374;8
394;375;8
394;376;8
394;377;8
394;378;8
394;379;8
394;380;8
394;381;8
394;382;8
394;383;8
394;384;8
394;385;8
394;386;8
394;387;8
394;388;8
394;389;8
394;390;8
394;391;8
394;392;8
394;393;5
394;394;5
394;395;5
394;396;5
394;397;5
394;398;5
394;399;5
394;400;5
394;401;5
394;402;5
394;403;5
394;404;5
394;405;5
394;406;5
394;407;5
394;408;5
394;409;39
394;410;39
394;411;39
394;412;39
394;413;39
394;414;39
394;415;39
394;416;39
394;417;39
394;418;39
394;419;39
394;420;39
394;421;39
394;422;27
394;423;27
394;424;27
394;425;27
394;426;27
394;427;27
394;428;27
394;429;27
394;430;27
394;431;27
394;432;27
394;433;27
394;434;27
394;435;27
394;436;27
394;437;27
394;438;27
394;439;27
394;440;27
394;441;27
394;442;19
394;443;19
394;444;19
394;445;19
394;446;19
394;447;19
394;448;19
394;449;19
394;450;19
394;451;19
394;452;19
394;453;19
394;454;25
394;455;25
394;456;25
394;457;25
394;458;25
394;459;25
394;460;25
394;461;25
394;462;25
394;463;25
394;464;25
394;465;25
394;466;25
394;467;29
394;468;29
394;469;29
394;470;29
394;471;29
394;472;29
394;473;29
394;474;29
394;475;29
394;476;29
394;477;29
394;478;29
394;479;29
394;480;29
394;481;29
394;482;29
394;483;29
394;484;29
394;485;26
394;486;26
394;487;45
394;488;45
394;489;45
394;490;45
394;491;45
394;492;45
394;493;45
394;494;45
394;495;45
394;496;45
394;497;45
394;498;45
394;499;45
395;0;1
395;1;1
395;2;1
395;3;1
395;4;1
395;5;1
395;6;1
395;7;1
395;8;1
395;9;1
395;10;1
395;11;1
395;12;1
395;13;1
395;14;1
395;15;1
395;16;1
395;17;1
395;18;1
395;19;1
395;20;1
395;21;1
395;22;1
395;23;1
395;24;1
395;25;1
395;26;1
395;27;1
395;28;1
395;29;1
395;30;1
395;31;1
395;32;1
395;33;1
395;34;1
395;35;1
395;36;1
395;37;1
395;38;1
395;39;1
395;40;1
395;41;1
395;42;33
395;43;33
395;44;33
395;45;33
395;46;33
395;47;33
395;48;33
395;49;33
395;50;33
395;51;33
395;52;33
395;53;33
395;54;33
395;55;33
395;56;33
395;57;33
395;58;33
395;59;33
395;60;33
395;61;33
395;62;33
395;63;33
395;64;33
395;65;33
395;66;33
395;67;33
395;68;33
395;69;33
395;70;33
395;71;33
395;72;33
395;73;33
395;74;33
395;75;33
395;76;33
395;77;33
395;78;33
395;79;33
395;80;33
395;81;33
395;82;33
395;83;33
395;84;33
395;85;33
395;86;33
395;87;33
395;88;33
395;89;33
395;90;33
395;91;33
395;92;33
395;93;33
395;94;33
395;95;14
395;96;14
395;97;14
395;98;14
395;99;14
395;100;14
395;101;14
395;102;14
395;103;14
395;104;14
395;105;14
395;106;14
395;107;14
395;108;14
395;109;14
395;110;14
395;111;14
395;112;14
395;113;14
395;114;14
395;115;14
395;116;14
395;117;14
395;118;14
395;119;14
395;120;14
395;121;14
395;122;14
395;123;14
395;124;14
395;125;34
395;126;34
395;127;34
395;128;34
395;129;34
395;130;34
395;131;34
395;132;34
395;133;34
395;134;34
395;135;34
395;136;34
395;137;34
395;138;34
395;139;34
395;140;34
395;141;37
395;142;37
395;143;37
395;144;37
395;145;37
395;146;37
395;147;37
395;148;37
395;149;37
395;150;37
395;151;37
395;152;37
395;153;37
395;154;37
395;155;37
395;156;37
395;157;37
395;158;37
395;159;37
395;160;37
395;161;37
395;162;37
395;163;37
395;164;37
395;165;37
395;166;37
395;167;26
395;168;26
395;169;26
395;170;26
395;171;26
395;172;26
395;173;26
395;174;26
395;175;26
395;176;26
395;177;26
395;178;26
395;179;26
395;180;26
395;181;26
395;182;26
395;183;26
395;184;26
395;185;26
395;186;10
395;187;10
395;188;10
395;189;10
395;190;10
395;191;10
395;192;10
395;193;10
395;194;10
395;195;10
395;196;10
395;197;10
395;198;10
395;199;10
395;200;10
395;201;10
395;202;10
395;203;10
395;204;10
395;205;10
395;206;19
395;207;19
395;208;19
395;209;19
395;210;19
395;211;19
395;212;19
395;213;19
395;214;19
395;215;19
395;216;19
395;217;19
395;218;19
395;219;19
395;220;19
395;221;19
395;222;19
395;223;19
395;224;19
395;225;19
395;226;19
395;227;19
395;228;19
395;229;19
395;230;19
395;231;19
395;232;49
395;233;49
395;234;49
395;235;49
395;236;49
395;237;49
395;238;49
395;239;49
395;240;49
395;241;49
395;242;49
395;243;49
395;244;49
395;245;25
395;246;25
395;247;25
395;248;25
395;249;25
395;250;25
395;251;27
395;252;27
395;253;27
395;254;27
395;255;27
395;256;27
395;257;27
395;258;27
395;259;27
395;260;27
395;261;27
395;262;27
395;263;27
395;264;27
395;265;27
395;266;27
395;267;27
395;268;27
395;269;27
395;270;27
395;271;27
395;272;27
395;273;27
395;274;27
395;275;27
395;276;27
395;277;27
395;278;27
395;279;27
395;280;27
395;281;27
395;282;27
395;283;26
395;284;26
395;285;26
395;286;26
395;287;26
395;288;26
395;289;26
395;290;26
395;291;26
395;292;26
395;293;26
395;294;26
395;295;26
395;296;26
395;297;26
395;298;26
395;299;26
395;300;26
395;301;26
395;302;26
395;303;26
395;304;26
395;305;26
395;306;26
395;307;26
395;308;26
395;309;16
395;310;16
395;311;36
395;312;36
395;313;36
395;314;36
395;315;36
395;316;36
395;317;36
395;318;36
395;319;36
395;320;36
395;321;24
395;322;24
395;323;24
395;324;24
395;325;24
395;326;24
395;327;24
395;328;24
395;329;24
395;330;24
395;331;24
395;332;24
395;333;24
395;334;24
395;335;24
395;336;24
395;337;24
395;338;24
395;339;24
395;340;29
395;341;29
395;342;29
395;343;29
395;344;29
395;345;29
395;346;29
395;347;29
395;348;29
395;349;29
395;350;29
395;351;29
395;352;29
395;353;29
395;354;29
395;355;29
395;356;29
395;357;29
395;358;29
395;359;29
395;360;29
395;361;29
395;362;29
395;363;29
395;364;29
395;365;29
395;366;29
395;367;29
395;368;29
395;369;29
395;370;29
395;371;29
395;372;8
395;373;8
395;374;8
395;375;8
395;376;8
395;377;8
395;378;8
395;379;8
395;380;8
395;381;8
395;382;8
395;383;8
395;384;8
395;385;8
395;386;8
395;387;8
395;388;8
395;389;8
395;390;8
395;391;8
395;392;8
395;393;8
395;394;5
395;395;5
395;396;5
395;397;5
395;398;5
395;399;5
395;400;5
395;401;5
395;402;5
395;403;5
395;404;5
395;405;5
395;406;5
395;407;5
395;408;5
395;409;39
395;410;39
395;411;39
395;412;39
395;413;39
395;414;39
395;415;39
395;416;39
395;417;39
395;418;39
395;419;39
395;420;39
395;421;39
395;422;39
395;423;39
395;424;27
395;425;27
395;426;27
395;427;27
395;428;27
395;429;27
395;430;27
395;431;27
395;432;27
395;433;27
395;434;27
395;435;27
395;436;27
395;437;27
395;438;27
395;439;27
395;440;27
395;441;19
395;442;19
395;443;19
395;444;19
395;445;19
395;446;19
395;447;19
395;448;19
395;449;19
395;450;19
395;451;19
395;452;19
395;453;19
395;454;19
395;455;25
395;456;25
395;457;25
395;458;25
395;459;25
395;460;25
395;461;25
395;462;25
395;463;25
395;464;25
395;465;25
395;466;25
395;467;25
395;468;29
395;469;29
395;470;29
395;471;29
395;472;29
395;473;29
395;474;29
395;475;29
395;476;29
395;477;29
395;478;29
395;479;29
395;480;29
395;481;29
395;482;29
395;483;29
395;484;29
395;485;29
395;486;29
395;487;45
395;488;45
395;489;45
395;490;45
395;491;45
395;492;45
395;493;45
395;494;45
395;495;45
395;496;45
395;497;45
395;498;45
395;499;45
396;0;1
396;1;1
396;2;1
396;3;1
396;4;1
396;5;1
396;6;1
396;7;1
396;8;1
396;9;1
396;10;1
396;11;1
396;12;1
396;13;1
396;14;1
396;15;1
396;16;1
396;17;1
396;18;1
396;19;1
396;20;1
396;21;1
396;22;1
396;23;1
396;24;1
396;25;1
396;26;1
396;27;1
396;28;1
396;29;1
396;30;1
396;31;1
396;32;1
396;33;1
396;34;1
396;35;1
396;36;1
396;37;1
396;38;1
396;39;1
396;40;1
396;41;1
396;42;22
396;43;22
396;44;33
396;45;33
396;46;33
396;47;33
396;48;33
396;49;33
396;50;33
396;51;33
396;52;33
396;53;33
396;54;33
396;55;33
396;56;33
396;57;33
396;58;33
396;59;33
396;60;33
396;61;33
396;62;33
396;63;33
396;64;33
396;65;33
396;66;33
396;67;33
396;68;33
396;69;33
396;70;33
396;71;33
396;72;33
396;73;33
396;74;33
396;75;33
396;76;33
396;77;33
396;78;33
396;79;33
396;80;33
396;81;33
396;82;33
396;83;33
396;84;33
396;85;33
396;86;33
396;87;33
396;88;33
396;89;33
396;90;33
396;91;33
396;92;33
396;93;33
396;94;49
396;95;14
396;96;14
396;97;14
396;98;14
396;99;14
396;100;14
396;101;14
396;102;14
396;103;14
396;104;14
396;105;14
396;106;14
396;107;14
396;108;14
396;109;14
396;110;14
396;111;14
396;112;14
396;113;14
396;114;14
396;115;14
396;116;14
396;117;14
396;118;14
396;119;14
396;120;14
396;121;14
396;122;14
396;123;14
396;124;14
396;125;14
396;126;14
396;127;34
396;128;34
396;129;34
396;130;34
396;131;34
396;132;34
396;133;34
396;134;34
396;135;34
396;136;34
396;137;34
396;138;34
396;139;34
396;140;34
396;141;34
396;142;37
396;143;37
396;144;37
396;145;37
396;146;37
396;147;37
396;148;37
396;149;37
396;150;37
396;151;37
396;152;37
396;153;37
396;154;37
396;155;37
396;156;37
396;157;37
396;158;37
396;159;37
396;160;37
396;161;37
396;162;37
396;163;37
396;164;37
396;165;37
396;166;37
396;167;26
396;168;26
396;169;26
396;170;26
396;171;26
396;172;26
396;173;26
396;174;26
396;175;26
396;176;26
396;177;26
396;178;26
396;179;26
396;180;26
396;181;26
396;182;26
396;183;26
396;184;26
396;185;26
396;186;10
396;187;10
396;188;10
396;189;10
396;190;10
396;191;10
396;192;10
396;193;10
396;194;10
396;195;10
396;196;10
396;197;10
396;198;10
396;199;10
396;200;10
396;201;10
396;202;10
396;203;10
396;204;10
396;205;10
396;206;10
396;207;19
396;208;19
396;209;19
396;210;19
396;211;19
396;212;19
396;213;19
396;214;19
396;215;19
396;216;19
396;217;19
396;218;19
396;219;19
396;220;19
396;221;19
396;222;19
396;223;19
396;224;19
396;225;19
396;226;19
396;227;19
396;228;19
396;229;19
396;230;19
396;231;49
396;232;49
396;233;49
396;234;49
396;235;49
396;236;49
396;237;49
396;238;49
396;239;49
396;240;49
396;241;49
396;242;49
396;243;49
396;244;49
396;245;49
396;246;25
396;247;25
396;248;25
396;249;25
396;250;27
396;251;27
396;252;27
396;253;27
396;254;27
396;255;27
396;256;27
396;257;27
396;258;27
396;259;27
396;260;27
396;261;27
396;262;27
396;263;27
396;264;27
396;265;27
396;266;27
396;267;27
396;268;27
396;269;27
396;270;27
396;271;27
396;272;27
396;273;27
396;274;27
396;275;27
396;276;27
396;277;27
396;278;27
396;279;27
396;280;27
396;281;27
396;282;27
396;283;27
396;284;26
396;285;26
396;286;26
396;287;26
396;288;26
396;289;26
396;290;26
396;291;26
396;292;26
396;293;26
396;294;26
396;295;26
396;296;26
396;297;26
396;298;26
396;299;26
396;300;26
396;301;26
396;302;26
396;303;26
396;304;26
396;305;26
396;306;26
396;307;26
396;308;26
396;309;16
396;310;16
396;311;16
396;312;36
396;313;36
396;314;36
396;315;36
396;316;36
396;317;36
396;318;36
396;319;36
396;320;36
396;321;36
396;322;24
396;323;24
396;324;24
396;325;24
396;326;24
396;327;24
396;328;24
396;329;24
396;330;24
396;331;24
396;332;24
396;333;24
396;334;24
396;335;24
396;336;24
396;337;24
396;338;24
396;339;24
396;340;24
396;341;29
396;342;29
396;343;29
396;344;29
396;345;29
396;346;29
396;347;29
396;348;29
396;349;29
396;350;29
396;351;29
396;352;29
396;353;29
396;354;29
396;355;29
396;356;29
396;357;29
396;358;29
396;359;29
396;360;29
396;361;29
396;362;29
396;363;29
396;364;29
396;365;29
396;366;29
396;367;29
396;368;29
396;369;29
396;370;29
396;371;29
396;372;8
396;373;8
396;374;8
396;375;8
396;376;8
396;377;8
396;378;8
396;379;8
396;380;8
396;381;8
396;382;8
396;383;8
396;384;8
396;385;8
396;386;8
396;387;8
396;388;8
396;389;8
396;390;8
396;391;8
396;392;8
396;393;8
396;394;5
396;395;5
396;396;5
396;397;5
396;398;5
396;399;5
396;400;5
396;401;5
396;402;5
396;403;5
396;404;5
396;405;5
396;406;5
396;407;5
396;408;5
396;409;5
396;410;39
396;411;39
396;412;39
396;413;39
396;414;39
396;415;39
396;416;39
396;417;39
396;418;39
396;419;39
396;420;39
396;421;39
396;422;39
396;423;39
396;424;39
396;425;39
396;426;27
396;427;27
396;428;27
396;429;27
396;430;27
396;431;27
396;432;27
396;433;27
396;434;27
396;435;27
396;436;27
396;437;27
396;438;27
396;439;27
396;440;19
396;441;19
396;442;19
396;443;19
396;444;19
396;445;19
396;446;19
396;447;19
396;448;19
396;449;19
396;450;19
396;451;19
396;452;19
396;453;19
396;454;19
396;455;25
396;456;25
396;457;25
396;458;25
396;459;25
396;460;25
396;461;25
396;462;25
396;463;25
396;464;25
396;465;25
396;466;25
396;467;25
396;468;25
396;469;29
396;470;29
396;471;29
396;472;29
396;473;29
396;474;29
396;475;29
396;476;29
396;477;29
396;478;29
396;479;29
396;480;29
396;481;29
396;482;29
396;483;29
396;484;29
396;485;29
396;486;29
396;487;45
396;488;45
396;489;45
396;490;45
396;491;45
396;492;45
396;493;45
396;494;45
396;495;45
396;496;45
396;497;45
396;498;45
396;499;45
397;0;1
397;1;1
397;2;1
397;3;1
397;4;1
397;5;1
397;6;1
397;7;1
397;8;1
397;9;1
397;10;1
397;11;1
397;12;1
397;13;1
397;14;1
397;15;1
397;16;1
397;17;1
397;18;1
397;19;1
397;20;1
397;21;1
397;22;1
397;23;1
397;24;1
397;25;1
397;26;1
397;27;1
397;28;1
397;29;1
397;30;1
397;31;1
397;32;1
397;33;1
397;34;1
397;35;1
397;36;1
397;37;1
397;38;1
397;39;1
397;40;1
397;41;1
397;42;1
397;43;22
397;44;22
397;45;22
397;46;33
397;47;33
397;48;33
397;49;33
397;50;33
397;51;33
397;52;33
397;53;33
397;54;33
397;55;33
397;56;33
397;57;33
397;58;33
397;59;33
397;60;33
397;61;33
397;62;33
397;63;33
397;64;33
397;65;33
397;66;33
397;67;33
397;68;33
397;69;33
397;70;33
397;71;33
397;72;33
397;73;33
397;74;33
397;75;33
397;76;33
397;77;33
397;78;33
397;79;33
397;80;33
397;81;33
397;82;33
397;83;33
397;84;33
397;85;33
397;86;33
397;87;33
397;88;33
397;89;33
397;90;33
397;91;33
397;92;33
397;93;49
397;94;49
397;95;49
397;96;14
397;97;14
397;98;14
397;99;14
397;100;14
397;101;14
397;102;14
397;103;14
397;104;14
397;105;14
397;106;14
397;107;14
397;108;14
397;109;14
397;110;14
397;111;14
397;112;14
397;113;14
397;114;14
397;115;14
397;116;14
397;117;14
397;118;14
397;119;14
397;120;14
397;121;14
397;122;14
397;123;14
397;124;14
397;125;14
397;126;14
397;127;14
397;128;14
397;129;14
397;130;14
397;131;14
397;132;14
397;133;34
397;134;34
397;135;34
397;136;34
397;137;34
397;138;34
397;139;34
397;140;34
397;141;34
397;142;37
397;143;37
397;144;37
397;145;37
397;146;37
397;147;37
397;148;37
397;149;37
397;150;37
397;151;37
397;152;37
397;153;37
397;154;37
397;155;37
397;156;37
397;157;37
397;158;37
397;159;37
397;160;37
397;161;37
397;162;37
397;163;37
397;164;37
397;165;37
397;166;37
397;167;26
397;168;26
397;169;26
397;170;26
397;171;26
397;172;26
397;173;26
397;174;26
397;175;26
397;176;26
397;177;26
397;178;26
397;179;26
397;180;26
397;181;26
397;182;26
397;183;26
397;184;26
397;185;26
397;186;26
397;187;10
397;188;10
397;189;10
397;190;10
397;191;10
397;192;10
397;193;10
397;194;10
397;195;10
397;196;10
397;197;10
397;198;10
397;199;10
397;200;10
397;201;10
397;202;10
397;203;10
397;204;10
397;205;10
397;206;10
397;207;10
397;208;19
397;209;19
397;210;19
397;211;19
397;212;19
397;213;19
397;214;19
397;215;19
397;216;19
397;217;19
397;218;19
397;219;19
397;220;19
397;221;19
397;222;19
397;223;19
397;224;19
397;225;19
397;226;19
397;227;19
397;228;19
397;229;19
397;230;49
397;231;49
397;232;49
397;233;49
397;234;49
397;235;49
397;236;49
397;237;49
397;238;49
397;239;49
397;240;49
397;241;49
397;242;49
397;243;49
397;244;49
397;245;49
397;246;49
397;247;49
397;248;25
397;249;27
397;250;27
397;251;27
397;252;27
397;253;27
397;254;27
397;255;27
397;256;27
397;257;27
397;258;27
397;259;27
397;260;27
397;261;27
397;262;27
397;263;27
397;264;27
397;265;27
397;266;27
397;267;27
397;268;27
397;269;27
397;270;27
397;271;27
397;272;27
397;273;27
397;274;27
397;275;27
397;276;27
397;277;27
397;278;27
397;279;27
397;280;27
397;281;27
397;282;27
397;283;27
397;284;26
397;285;26
397;286;26
397;287;26
397;288;26
397;289;26
397;290;26
397;291;26
397;292;26
397;293;26
397;294;26
397;295;26
397;296;26
397;297;26
397;298;26
397;299;26
397;300;26
397;301;26
397;302;26
397;303;26
397;304;26
397;305;26
397;306;26
397;307;26
397;308;26
397;309;16
397;310;16
397;311;16
397;312;16
397;313;36
397;314;36
397;315;36
397;316;36
397;317;36
397;318;36
397;319;36
397;320;36
397;321;36
397;322;36
397;323;24
397;324;24
397;325;24
397;326;24
397;327;24
397;328;24
397;329;24
397;330;24
397;331;24
397;332;24
397;333;24
397;334;24
397;335;24
397;336;24
397;337;24
397;338;24
397;339;24
397;340;24
397;341;24
397;342;29
397;343;29
397;344;29
397;345;29
397;346;29
397;347;29
397;348;29
397;349;29
397;350;29
397;351;29
397;352;29
397;353;29
397;354;29
397;355;29
397;356;29
397;357;29
397;358;29
397;359;29
397;360;29
397;361;29
397;362;29
397;363;29
397;364;29
397;365;29
397;366;29
397;367;29
397;368;29
397;369;29
397;370;29
397;371;29
397;372;8
397;373;8
397;374;8
397;375;8
397;376;8
397;377;8
397;378;8
397;379;8
397;380;8
397;381;8
397;382;8
397;383;8
397;384;8
397;385;8
397;386;8
397;387;8
397;388;8
397;389;8
397;390;8
397;391;8
397;392;8
397;393;8
397;394;8
397;395;5
397;396;5
397;397;5
397;398;5
397;399;5
397;400;5
397;401;5
397;402;5
397;403;5
397;404;5
397;405;5
397;406;5
397;407;5
397;408;5
397;409;5
397;410;39
397;411;39
397;412;39
397;413;39
397;414;39
397;415;39
397;416;39
397;417;39
397;418;39
397;419;39
397;420;39
397;421;39
397;422;39
397;423;39
397;424;39
397;425;39
397;426;39
397;427;39
397;428;27
397;429;27
397;430;27
397;431;27
397;432;27
397;433;27
397;434;27
397;435;27
397;436;27
397;437;27
397;438;27
397;439;19
397;440;19
397;441;19
397;442;19
397;443;19
397;444;19
397;445;19
397;446;19
397;447;19
397;448;19
397;449;19
397;450;19
397;451;19
397;452;19
397;453;19
397;454;19
397;455;19
397;456;25
397;457;25
397;458;25
397;459;25
397;460;25
397;461;25
397;462;25
397;463;25
397;464;25
397;465;25
397;466;25
397;467;25
397;468;25
397;469;25
397;470;29
397;471;29
397;472;29
397;473;29
397;474;29
397;475;29
397;476;29
397;477;29
397;478;29
397;479;29
397;480;29
397;481;29
397;482;29
397;483;29
397;484;29
397;485;29
397;486;29
397;487;29
397;488;45
397;489;45
397;490;45
397;491;45
397;492;45
397;493;45
397;494;45
397;495;45
397;496;45
397;497;45
397;498;45
397;499;45
398;0;1
398;1;1
398;2;1
398;3;1
398;4;1
398;5;1
398;6;1
398;7;1
398;8;1
398;9;1
398;10;1
398;11;1
398;12;1
398;13;1
398;14;1
398;15;1
398;16;1
398;17;1
398;18;1
398;19;1
398;20;1
398;21;1
398;22;1
398;23;1
398;24;1
398;25;1
398;26;1
398;27;1
398;28;1
398;29;1
398;30;1
398;31;1
398;32;1
398;33;1
398;34;1
398;35;1
398;36;1
398;37;1
398;38;1
398;39;1
398;40;1
398;41;1
398;42;1
398;43;22
398;44;22
398;45;22
398;46;22
398;47;22
398;48;33
398;49;33
398;50;33
398;51;33
398;52;33
398;53;33
398;54;33
398;55;33
398;56;33
398;57;33
398;58;33
398;59;33
398;60;33
398;61;33
398;62;33
398;63;33
398;64;33
398;65;33
398;66;33
398;67;33
398;68;33
398;69;33
398;70;33
398;71;33
398;72;33
398;73;33
398;74;33
398;75;33
398;76;33
398;77;33
398;78;33
398;79;33
398;80;33
398;81;33
398;82;33
398;83;33
398;84;33
398;85;33
398;86;33
398;87;33
398;88;33
398;89;33
398;90;33
398;91;33
398;92;49
398;93;49
398;94;49
398;95;49
398;96;49
398;97;14
398;98;14
398;99;14
398;100;14
398;101;14
398;102;14
398;103;14
398;104;14
398;105;14
398;106;14
398;107;14
398;108;14
398;109;14
398;110;14
398;111;14
398;112;14
398;113;14
398;114;14
398;115;14
398;116;14
398;117;14
398;118;14
398;119;14
398;120;14
398;121;14
398;122;14
398;123;14
398;124;14
398;125;14
398;126;14
398;127;14
398;128;14
398;129;14
398;130;14
398;131;14
398;132;14
398;133;14
398;134;14
398;135;34
398;136;34
398;137;34
398;138;34
398;139;34
398;140;34
398;141;34
398;142;34
398;143;37
398;144;37
398;145;37
398;146;37
398;147;37
398;148;37
398;149;37
398;150;37
398;151;37
398;152;37
398;153;37
398;154;37
398;155;37
398;156;37
398;157;37
398;158;37
398;159;37
398;160;37
398;161;37
398;162;37
398;163;37
398;164;37
398;165;37
398;166;37
398;167;26
398;168;26
398;169;26
398;170;26
398;171;26
398;172;26
398;173;26
398;174;26
398;175;26
398;176;26
398;177;26
398;178;26
398;179;26
398;180;26
398;181;26
398;182;26
398;183;26
398;184;26
398;185;26
398;186;26
398;187;10
398;188;10
398;189;10
398;190;10
398;191;10
398;192;10
398;193;10
398;194;10
398;195;10
398;196;10
398;197;10
398;198;10
398;199;10
398;200;10
398;201;10
398;202;10
398;203;10
398;204;10
398;205;10
398;206;10
398;207;10
398;208;10
398;209;19
398;210;19
398;211;19
398;212;19
398;213;19
398;214;19
398;215;19
398;216;19
398;217;19
398;218;19
398;219;19
398;220;19
398;221;19
398;222;19
398;223;19
398;224;19
398;225;19
398;226;19
398;227;19
398;228;19
398;229;49
398;230;49
398;231;49
398;232;49
398;233;49
398;234;49
398;235;49
398;236;49
398;237;49
398;238;49
398;239;49
398;240;49
398;241;49
398;242;49
398;243;49
398;244;49
398;245;49
398;246;49
398;247;49
398;248;49
398;249;27
398;250;27
398;251;27
398;252;27
398;253;27
398;254;27
398;255;27
398;256;27
398;257;27
398;258;27
398;259;27
398;260;27
398;261;27
398;262;27
398;263;27
398;264;27
398;265;27
398;266;27
398;267;27
398;268;27
398;269;27
398;270;27
398;271;27
398;272;27
398;273;27
398;274;27
398;275;27
398;276;27
398;277;27
398;278;27
398;279;27
398;280;27
398;281;27
398;282;27
398;283;27
398;284;27
398;285;26
398;286;26
398;287;26
398;288;26
398;289;26
398;290;26
398;291;26
398;292;26
398;293;26
398;294;26
398;295;26
398;296;26
398;297;26
398;298;26
398;299;26
398;300;26
398;301;26
398;302;26
398;303;26
398;304;26
398;305;26
398;306;26
398;307;26
398;308;26
398;309;16
398;310;16
398;311;16
398;312;16
398;313;16
398;314;36
398;315;36
398;316;36
398;317;36
398;318;36
398;319;36
398;320;36
398;321;36
398;322;36
398;323;36
398;324;24
398;325;24
398;326;24
398;327;24
398;328;24
398;329;24
398;330;24
398;331;24
398;332;24
398;333;24
398;334;24
398;335;24
398;336;24
398;337;24
398;338;24
398;339;24
398;340;24
398;341;24
398;342;24
398;343;29
398;344;29
398;345;29
398;346;29
398;347;29
398;348;29
398;349;29
398;350;29
398;351;29
398;352;29
398;353;29
398;354;29
398;355;29
398;356;29
398;357;29
398;358;29
398;359;29
398;360;29
398;361;29
398;362;29
398;363;29
398;364;29
398;365;29
398;366;29
398;367;29
398;368;29
398;369;29
398;370;29
398;371;29
398;372;8
398;373;8
398;374;8
398;375;8
398;376;8
398;377;8
398;378;8
398;379;8
398;380;8
398;381;8
398;382;8
398;383;8
398;384;8
398;385;8
398;386;8
398;387;8
398;388;8
398;389;8
398;390;8
398;391;8
398;392;8
398;393;8
398;394;8
398;395;5
398;396;5
398;397;5
398;398;5
398;399;5
398;400;5
398;401;5
398;402;5
398;403;5
398;404;5
398;405;5
398;406;5
398;407;5
398;408;5
398;409;5
398;410;5
398;411;39
398;412;39
398;413;39
398;414;39
398;415;39
398;416;39
398;417;39
398;418;39
398;419;39
398;420;39
398;421;39
398;422;39
398;423;39
398;424;39
398;425;39
398;426;39
398;427;39
398;428;39
398;429;39
398;430;27
398;431;27
398;432;27
398;433;27
398;434;27
398;435;27
398;436;27
398;437;27
398;438;19
398;439;19
398;440;19
398;441;19
398;442;19
398;443;19
398;444;19
398;445;19
398;446;19
398;447;19
398;448;19
398;449;19
398;450;19
398;451;19
398;452;19
398;453;19
398;454;19
398;455;19
398;456;25
398;457;25
398;458;25
398;459;25
398;460;25
398;461;25
398;462;25
398;463;25
398;464;25
398;465;25
398;466;25
398;467;25
398;468;25
398;469;25
398;470;25
398;471;29
398;472;29
398;473;29
398;474;29
398;475;29
398;476;29
398;477;29
398;478;29
398;479;29
398;480;29
398;481;29
398;482;29
398;483;29
398;484;29
398;485;29
398;486;29
398;487;29
398;488;45
398;489;45
398;490;45
398;491;45
398;492;45
398;493;45
398;494;45
398;495;45
398;496;45
398;497;45
398;498;45
398;499;45
399;0;1
399;1;1
399;2;1
399;3;1
399;4;1
399;5;1
399;6;1
399;7;1
399;8;1
399;9;1
399;10;1
399;11;1
399;12;1
399;13;1
399;14;1
399;15;1
399;16;1
399;17;1
399;18;1
399;19;1
399;20;1
399;21;1
399;22;1
399;23;1
399;24;1
399;25;1
399;26;1
399;27;1
399;28;1
399;29;1
399;30;1
399;31;1
399;32;1
399;33;1
399;34;1
399;35;1
399;36;1
399;37;1
399;38;1
399;39;1
399;40;1
399;41;1
399;42;1
399;43;1
399;44;22
399;45;22
399;46;22
399;47;22
399;48;22
399;49;22
399;50;33
399;51;33
399;52;33
399;53;33
399;54;33
399;55;33
399;56;33
399;57;33
399;58;33
399;59;33
399;60;33
399;61;33
399;62;33
399;63;33
399;64;33
399;65;33
399;66;33
399;67;33
399;68;33
399;69;33
399;70;33
399;71;33
399;72;33
399;73;33
399;74;33
399;75;33
399;76;33
399;77;33
399;78;33
399;79;33
399;80;33
399;81;33
399;82;33
399;83;33
399;84;33
399;85;33
399;86;33
399;87;33
399;88;33
399;89;33
399;90;33
399;91;49
399;92;49
399;93;49
399;94;49
399;95;49
399;96;49
399;97;49
399;98;14
399;99;14
399;100;14
399;101;14
399;102;14
399;103;14
399;104;14
399;105;14
399;106;14
399;107;14
399;108;14
399;109;14
399;110;14
399;111;14
399;112;14
399;113;14
399;114;14
399;115;14
399;116;14
399;117;14
399;118;14
399;119;14
399;120;14
399;121;14
399;122;14
399;123;14
399;124;14
399;125;14
399;126;14
399;127;14
399;128;14
399;129;14
399;130;14
399;131;14
399;132;14
399;133;14
399;134;14
399;135;14
399;136;14
399;137;34
399;138;34
399;139;34
399;140;34
399;141;34
399;142;34
399;143;37
399;144;37
399;145;37
399;146;37
399;147;37
399;148;37
399;149;37
399;150;37
399;151;37
399;152;37
399;153;37
399;154;37
399;155;37
399;156;37
399;157;37
399;158;37
399;159;37
399;160;37
399;161;37
399;162;37
399;163;37
399;164;37
399;165;37
399;166;37
399;167;26
399;168;26
399;169;26
399;170;26
399;171;26
399;172;26
399;173;26
399;174;26
399;175;26
399;176;26
399;177;26
399;178;26
399;179;26
399;180;26
399;181;26
399;182;26
399;183;26
399;184;26
399;185;26
399;186;26
399;187;26
399;188;10
399;189;10
399;190;10
399;191;10
399;192;10
399;193;10
399;194;10
399;195;10
399;196;10
399;197;10
399;198;10
399;199;10
399;200;10
399;201;10
399;202;10
399;203;10
399;204;10
399;205;10
399;206;10
399;207;10
399;208;10
399;209;19
399;210;19
399;211;19
399;212;19
399;213;19
399;214;19
399;215;19
399;216;19
399;217;19
399;218;19
399;219;19
399;220;19
399;221;19
399;222;19
399;223;19
399;224;19
399;225;19
399;226;19
399;227;19
399;228;49
399;229;49
399;230;49
399;231;49
399;232;49
399;233;49
399;234;49
399;235;49
399;236;49
399;237;49
399;238;49
399;239;49
399;240;49
399;241;49
399;242;49
399;243;49
399;244;49
399;245;49
399;246;49
399;247;49
399;248;49
399;249;49
399;250;27
399;251;27
399;252;27
399;253;27
399;254;27
399;255;27
399;256;27
399;257;27
399;258;27
399;259;27
399;260;27
399;261;27
399;262;27
399;263;27
399;264;27
399;265;27
399;266;27
399;267;27
399;268;27
399;269;27
399;270;27
399;271;27
399;272;27
399;273;27
399;274;27
399;275;27
399;276;27
399;277;27
399;278;27
399;279;27
399;280;27
399;281;27
399;282;27
399;283;27
399;284;27
399;285;26
399;286;26
399;287;26
399;288;26
399;289;26
399;290;26
399;291;26
399;292;26
399;293;26
399;294;26
399;295;26
399;296;26
399;297;26
399;298;26
399;299;26
399;300;26
399;301;26
399;302;26
399;303;26
399;304;26
399;305;26
399;306;26
399;307;26
399;308;26
399;309;16
399;310;16
399;311;16
399;312;16
399;313;16
399;314;16
399;315;36
399;316;36
399;317;36
399;318;36
399;319;36
399;320;36
399;321;36
399;322;36
399;323;36
399;324;36
399;325;24
399;326;24
399;327;24
399;328;24
399;329;24
399;330;24
399;331;24
399;332;24
399;333;24
399;334;24
399;335;24
399;336;24
399;337;24
399;338;24
399;339;24
399;340;24
399;341;24
399;342;24
399;343;24
399;344;29
399;345;29
399;346;29
399;347;29
399;348;29
399;349;29
399;350;29
399;351;29
399;352;29
399;353;29
399;354;29
399;355;29
399;356;29
399;357;29
399;358;29
399;359;29
399;360;29
399;361;29
399;362;29
399;363;29
399;364;29
399;365;29
399;366;29
399;367;29
399;368;29
399;369;29
399;370;29
399;371;29
399;372;8
399;373;8
399;374;8
399;375;8
399;376;8
399;377;8
399;378;8
399;379;8
399;380;8
399;381;8
399;382;8
399;383;8
399;384;8
399;385;8
399;386;8
399;387;8
399;388;8
399;389;8
399;390;8
399;391;8
399;392;8
399;393;8
399;394;8
399;395;8
399;396;5
399;397;5
399;398;5
399;399;5
399;400;5
399;401;5
399;402;5
399;403;5
399;404;5
399;405;5
399;406;5
399;407;5
399;408;5
399;409;5
399;410;5
399;411;39
399;412;39
399;413;39
399;414;39
399;415;39
399;416;39
399;417;39
399;418;39
399;419;39
399;420;39
399;421;39
399;422;39
399;423;39
399;424;39
399;425;39
399;426;39
399;427;39
399;428;39
399;429;39
399;430;39
399;431;39
399;432;27
399;433;27
399;434;27
399;435;27
399;436;27
399;437;19
399;438;19
399;439;19
399;440;19
399;441;19
399;442;19
399;443;19
399;444;19
399;445;19
399;446;19
399;447;19
399;448;19
399;449;19
399;450;19
399;451;19
399;452;19
399;453;19
399;454;19
399;455;19
399;456;19
399;457;25
399;458;25
399;459;25
399;460;25
399;461;25
399;462;25
399;463;25
399;464;25
399;465;25
399;466;25
399;467;25
399;468;25
399;469;25
399;470;25
399;471;25
399;472;29
399;473;29
399;474;29
399;475;29
399;476;29
399;477;29
399;478;29
399;479;29
399;480;29
399;481;29
399;482;29
399;483;29
399;484;29
399;485;29
399;486;29
399;487;29
399;488;29
399;489;45
399;490;45
399;491;45
399;492;45
399;493;45
399;494;45
399;495;45
399;496;45
399;497;45
399;498;45
399;499;45
400;0;1
400;1;1
400;2;1
400;3;1
400;4;1
400;5;1
400;6;1
400;7;1
400;8;1
400;9;1
400;10;1
400;11;1
400;12;1
400;13;1
400;14;1
400;15;1
400;16;1
400;17;1
400;18;1
400;19;1
400;20;1
400;21;1
400;22;1
400;23;1
400;24;1
400;25;1
400;26;1
400;27;1
400;28;1
400;29;1
400;30;1
400;31;1
400;32;1
400;33;1
400;34;1
400;35;1
400;36;1
400;37;1
400;38;1
400;39;1
400;40;1
400;41;1
400;42;1
400;43;1
400;44;22
400;45;22
400;46;22
400;47;22
400;48;22
400;49;22
400;50;22
400;51;22
400;52;33
400;53;33
400;54;33
400;55;33
400;56;33
400;57;33
400;58;33
400;59;33
400;60;33
400;61;33
400;62;33
400;63;33
400;64;33
400;65;33
400;66;33
400;67;33
400;68;33
400;69;33
400;70;33
400;71;33
400;72;33
400;73;33
400;74;33
400;75;33
400;76;33
400;77;33
400;78;33
400;79;33
400;80;33
400;81;33
400;82;33
400;83;33
400;84;33
400;85;33
400;86;33
400;87;33
400;88;33
400;89;33
400;90;49
400;91;49
400;92;49
400;93;49
400;94;49
400;95;49
400;96;49
400;97;49
400;98;49
400;99;14
400;100;14
400;101;14
400;102;14
400;103;14
400;104;14
400;105;14
400;106;14
400;107;14
400;108;14
400;109;14
400;110;14
400;111;14
400;112;14
400;113;14
400;114;14
400;115;14
400;116;14
400;117;14
400;118;14
400;119;14
400;120;14
400;121;14
400;122;14
400;123;14
400;124;14
400;125;14
400;126;14
400;127;14
400;128;14
400;129;14
400;130;14
400;131;14
400;132;14
400;133;14
400;134;14
400;135;14
400;136;14
400;137;14
400;138;14
400;139;14
400;140;18
400;141;18
400;142;18
400;143;18
400;144;37
400;145;37
400;146;37
400;147;37
400;148;37
400;149;37
400;150;37
400;151;37
400;152;37
400;153;37
400;154;37
400;155;37
400;156;37
400;157;37
400;158;37
400;159;37
400;160;37
400;161;37
400;162;37
400;163;37
400;164;37
400;165;37
400;166;37
400;167;26
400;168;26
400;169;26
400;170;26
400;171;26
400;172;26
400;173;26
400;174;26
400;175;26
400;176;26
400;177;26
400;178;26
400;179;26
400;180;26
400;181;26
400;182;26
400;183;26
400;184;26
400;185;26
400;186;26
400;187;26
400;188;26
400;189;10
400;190;10
400;191;10
400;192;10
400;193;10
400;194;10
400;195;10
400;196;10
400;197;10
400;198;10
400;199;10
400;200;10
400;201;10
400;202;10
400;203;10
400;204;10
400;205;10
400;206;10
400;207;10
400;208;10
400;209;10
400;210;19
400;211;19
400;212;19
400;213;19
400;214;19
400;215;19
400;216;19
400;217;19
400;218;19
400;219;19
400;220;19
400;221;19
400;222;19
400;223;19
400;224;19
400;225;19
400;226;19
400;227;19
400;228;49
400;229;49
400;230;49
400;231;49
400;232;49
400;233;49
400;234;49
400;235;49
400;236;49
400;237;49
400;238;49
400;239;49
400;240;49
400;241;49
400;242;49
400;243;49
400;244;49
400;245;49
400;246;49
400;247;49
400;248;49
400;249;49
400;250;27
400;251;27
400;252;27
400;253;27
400;254;27
400;255;27
400;256;27
400;257;27
400;258;27
400;259;27
400;260;27
400;261;27
400;262;27
400;263;27
400;264;27
400;265;27
400;266;27
400;267;27
400;268;27
400;269;27
400;270;27
400;271;27
400;272;27
400;273;27
400;274;27
400;275;27
400;276;27
400;277;27
400;278;27
400;279;27
400;280;27
400;281;27
400;282;27
400;283;27
400;284;27
400;285;27
400;286;26
400;287;26
400;288;26
400;289;26
400;290;26
400;291;26
400;292;26
400;293;26
400;294;26
400;295;26
400;296;26
400;297;26
400;298;26
400;299;26
400;300;26
400;301;26
400;302;26
400;303;26
400;304;26
400;305;26
400;306;26
400;307;26
400;308;26
400;309;16
400;310;16
400;311;16
400;312;16
400;313;16
400;314;16
400;315;16
400;316;36
400;317;36
400;318;36
400;319;36
400;320;36
400;321;36
400;322;36
400;323;36
400;324;36
400;325;36
400;326;24
400;327;24
400;328;24
400;329;24
400;330;24
400;331;24
400;332;24
400;333;24
400;334;24
400;335;24
400;336;24
400;337;24
400;338;24
400;339;24
400;340;24
400;341;24
400;342;24
400;343;24
400;344;24
400;345;29
400;346;29
400;347;29
400;348;29
400;349;29
400;350;29
400;351;29
400;352;29
400;353;29
400;354;29
400;355;29
400;356;29
400;357;29
400;358;29
400;359;29
400;360;29
400;361;29
400;362;29
400;363;29
400;364;29
400;365;29
400;366;29
400;367;29
400;368;29
400;369;29
400;370;29
400;371;29
400;372;8
400;373;8
400;374;8
400;375;8
400;376;8
400;377;8
400;378;8
400;379;8
400;380;8
400;381;8
400;382;8
400;383;8
400;384;8
400;385;8
400;386;8
400;387;8
400;388;8
400;389;8
400;390;8
400;391;8
400;392;8
400;393;8
400;394;8
400;395;8
400;396;8
400;397;5
400;398;5
400;399;5
400;400;5
400;401;5
400;402;5
400;403;5
400;404;5
400;405;5
400;406;5
400;407;5
400;408;5
400;409;5
400;410;5
400;411;39
400;412;39
400;413;39
400;414;39
400;415;39
400;416;39
400;417;39
400;418;39
400;419;39
400;420;39
400;421;39
400;422;39
400;423;39
400;424;39
400;425;39
400;426;39
400;427;39
400;428;39
400;429;39
400;430;39
400;431;39
400;432;39
400;433;39
400;434;39
400;435;39
400;436;19
400;437;19
400;438;19
400;439;19
400;440;19
400;441;19
400;442;19
400;443;19
400;444;19
400;445;19
400;446;19
400;447;19
400;448;19
400;449;19
400;450;19
400;451;19
400;452;19
400;453;19
400;454;19
400;455;19
400;456;19
400;457;25
400;458;25
400;459;25
400;460;25
400;461;25
400;462;25
400;463;25
400;464;25
400;465;25
400;466;25
400;467;25
400;468;25
400;469;25
400;470;25
400;471;25
400;472;25
400;473;29
400;474;29
400;475;29
400;476;29
400;477;29
400;478;29
400;479;29
400;480;29
400;481;29
400;482;29
400;483;29
400;484;29
400;485;29
400;486;29
400;487;29
400;488;29
400;489;45
400;490;45
400;491;45
400;492;45
400;493;45
400;494;45
400;495;45
400;496;45
400;497;45
400;498;45
400;499;45
401;0;1
401;1;1
401;2;1
401;3;1
401;4;1
401;5;1
401;6;1
401;7;1
401;8;1
401;9;1
401;10;1
401;11;1
401;12;1
401;13;1
401;14;1
401;15;1
401;16;1
401;17;1
401;18;1
401;19;1
401;20;1
401;21;1
401;22;1
401;23;1
401;24;1
401;25;1
401;26;1
401;27;1
401;28;1
401;29;1
401;30;1
401;31;1
401;32;1
401;33;1
401;34;1
401;35;1
401;36;1
401;37;1
401;38;1
401;39;1
401;40;1
401;41;1
401;42;1
401;43;1
401;44;22
401;45;22
401;46;22
401;47;22
401;48;22
401;49;22
401;50;22
401;51;22
401;52;22
401;53;22
401;54;33
401;55;33
401;56;33
401;57;33
401;58;33
401;59;33
401;60;33
401;61;33
401;62;33
401;63;33
401;64;33
401;65;33
401;66;33
401;67;33
401;68;33
401;69;33
401;70;33
401;71;33
401;72;33
401;73;33
401;74;33
401;75;33
401;76;33
401;77;33
401;78;33
401;79;33
401;80;33
401;81;33
401;82;33
401;83;33
401;84;33
401;85;33
401;86;33
401;87;33
401;88;33
401;89;49
401;90;49
401;91;49
401;92;49
401;93;49
401;94;49
401;95;49
401;96;49
401;97;49
401;98;49
401;99;49
401;100;14
401;101;14
401;102;14
401;103;14
401;104;14
401;105;14
401;106;14
401;107;14
401;108;14
401;109;14
401;110;14
401;111;14
401;112;14
401;113;14
401;114;14
401;115;14
401;116;14
401;117;14
401;118;14
401;119;14
401;120;14
401;121;14
401;122;14
401;123;14
401;124;14
401;125;14
401;126;14
401;127;14
401;128;14
401;129;14
401;130;14
401;131;14
401;132;14
401;133;14
401;134;14
401;135;14
401;136;14
401;137;14
401;138;14
401;139;14
401;140;18
401;141;18
401;142;18
401;143;18
401;144;18
401;145;37
401;146;37
401;147;37
401;148;37
401;149;37
401;150;37
401;151;37
401;152;37
401;153;37
401;154;37
401;155;37
401;156;37
401;157;37
401;158;37
401;159;37
401;160;37
401;161;37
401;162;37
401;163;37
401;164;37
401;165;37
401;166;37
401;167;26
401;168;26
401;169;26
401;170;26
401;171;26
401;172;26
401;173;26
401;174;26
401;175;26
401;176;26
401;177;26
401;178;26
401;179;26
401;180;26
401;181;26
401;182;26
401;183;26
401;184;26
401;185;26
401;186;26
401;187;26
401;188;26
401;189;26
401;190;10
401;191;10
401;192;10
401;193;10
401;194;10
401;195;10
401;196;10
401;197;10
401;198;10
401;199;10
401;200;10
401;201;10
401;202;10
401;203;10
401;204;10
401;205;10
401;206;10
401;207;10
401;208;10
401;209;10
401;210;10
401;211;10
401;212;19
401;213;19
401;214;19
401;215;19
401;216;19
401;217;19
401;218;19
401;219;19
401;220;19
401;221;19
401;222;19
401;223;19
401;224;19
401;225;19
401;226;19
401;227;49
401;228;49
401;229;49
401;230;49
401;231;49
401;232;49
401;233;49
401;234;49
401;235;49
401;236;49
401;237;49
401;238;49
401;239;49
401;240;49
401;241;49
401;242;49
401;243;49
401;244;49
401;245;49
401;246;49
401;247;49
401;248;49
401;249;49
401;250;49
401;251;27
401;252;27
401;253;27
401;254;27
401;255;27
401;256;27
401;257;27
401;258;27
401;259;27
401;260;27
401;261;27
401;262;27
401;263;27
401;264;27
401;265;27
401;266;27
401;267;27
401;268;27
401;269;27
401;270;27
401;271;27
401;272;27
401;273;27
401;274;27
401;275;27
401;276;27
401;277;27
401;278;27
401;279;27
401;280;27
401;281;27
401;282;27
401;283;27
401;284;27
401;285;27
401;286;26
401;287;26
401;288;26
401;289;26
401;290;26
401;291;26
401;292;26
401;293;26
401;294;26
401;295;26
401;296;26
401;297;26
401;298;26
401;299;26
401;300;26
401;301;26
401;302;26
401;303;26
401;304;26
401;305;26
401;306;26
401;307;26
401;308;26
401;309;16
401;310;16
401;311;16
401;312;16
401;313;16
401;314;16
401;315;16
401;316;16
401;317;36
401;318;36
401;319;36
401;320;36
401;321;36
401;322;36
401;323;36
401;324;36
401;325;36
401;326;36
401;327;24
401;328;24
401;329;24
401;330;24
401;331;24
401;332;24
401;333;24
401;334;24
401;335;24
401;336;24
401;337;24
401;338;24
401;339;24
401;340;24
401;341;24
401;342;24
401;343;24
401;344;24
401;345;24
401;346;29
401;347;29
401;348;29
401;349;29
401;350;29
401;351;29
401;352;29
401;353;29
401;354;29
401;355;29
401;356;29
401;357;29
401;358;29
401;359;29
401;360;29
401;361;29
401;362;29
401;363;29
401;364;29
401;365;29
401;366;29
401;367;29
401;368;29
401;369;29
401;370;29
401;371;29
401;372;8
401;373;8
401;374;8
401;375;8
401;376;8
401;377;8
401;378;8
401;379;8
401;380;8
401;381;8
401;382;8
401;383;8
401;384;8
401;385;8
401;386;8
401;387;8
401;388;8
401;389;8
401;390;8
401;391;8
401;392;8
401;393;8
401;394;8
401;395;8
401;396;8
401;397;8
401;398;5
401;399;5
401;400;5
401;401;5
401;402;5
401;403;5
401;404;5
401;405;5
401;406;5
401;407;5
401;408;5
401;409;5
401;410;5
401;411;39
401;412;39
401;413;39
401;414;39
401;415;39
401;416;39
401;417;39
401;418;39
401;419;39
401;420;39
401;421;39
401;422;39
401;423;39
401;424;39
401;425;39
401;426;39
401;427;39
401;428;39
401;429;39
401;430;39
401;431;39
401;432;39
401;433;39
401;434;39
401;435;2
401;436;19
401;437;19
401;438;19
401;439;19
401;440;19
401;441;19
401;442;19
401;443;19
401;444;19
401;445;19
401;446;19
401;447;19
401;448;19
401;449;19
401;450;19
401;451;19
401;452;19
401;453;19
401;454;19
401;455;19
401;456;19
401;457;19
401;458;25
401;459;25
401;460;25
401;461;25
401;462;25
401;463;25
401;464;25
401;465;25
401;466;25
401;467;25
401;468;25
401;469;25
401;470;25
401;471;25
401;472;25
401;473;25
401;474;25
401;475;29
401;476;29
401;477;29
401;478;29
401;479;29
401;480;29
401;481;29
401;482;29
401;483;29
401;484;29
401;485;29
401;486;29
401;487;29
401;488;29
401;489;45
401;490;45
401;491;45
401;492;45
401;493;45
401;494;45
401;495;45
401;496;45
401;497;45
401;498;45
401;499;45
402;0;5
402;1;5
402;2;5
402;3;5
402;4;5
402;5;5
402;6;5
402;7;5
402;8;5
402;9;5
402;10;5
402;11;5
402;12;5
402;13;1
402;14;1
402;15;1
402;16;1
402;17;1
402;18;1
402;19;1
402;20;1
402;21;1
402;22;1
402;23;1
402;24;1
402;25;1
402;26;1
402;27;1
402;28;1
402;29;1
402;30;1
402;31;1
402;32;1
402;33;1
402;34;1
402;35;1
402;36;1
402;37;1
402;38;18
402;39;18
402;40;18
402;41;18
402;42;18
402;43;18
402;44;22
402;45;22
402;46;22
402;47;22
402;48;22
402;49;22
402;50;22
402;51;22
402;52;22
402;53;22
402;54;22
402;55;22
402;56;33
402;57;33
402;58;33
402;59;33
402;60;33
402;61;33
402;62;33
402;63;33
402;64;33
402;65;33
402;66;33
402;67;33
402;68;33
402;69;33
402;70;33
402;71;33
402;72;33
402;73;33
402;74;33
402;75;33
402;76;33
402;77;33
402;78;33
402;79;33
402;80;33
402;81;33
402;82;33
402;83;33
402;84;33
402;85;33
402;86;33
402;87;33
402;88;49
402;89;49
402;90;49
402;91;49
402;92;49
402;93;49
402;94;49
402;95;49
402;96;49
402;97;49
402;98;49
402;99;49
402;100;49
402;101;14
402;102;14
402;103;14
402;104;14
402;105;14
402;106;14
402;107;14
402;108;14
402;109;14
402;110;14
402;111;14
402;112;14
402;113;14
402;114;14
402;115;14
402;116;14
402;117;14
402;118;14
402;119;14
402;120;14
402;121;14
402;122;14
402;123;14
402;124;14
402;125;14
402;126;14
402;127;14
402;128;14
402;129;14
402;130;14
402;131;14
402;132;14
402;133;14
402;134;14
402;135;14
402;136;14
402;137;14
402;138;14
402;139;14
402;140;18
402;141;18
402;142;18
402;143;18
402;144;18
402;145;18
402;146;37
402;147;37
402;148;37
402;149;37
402;150;37
402;151;37
402;152;37
402;153;37
402;154;37
402;155;37
402;156;37
402;157;37
402;158;37
402;159;37
402;160;37
402;161;37
402;162;37
402;163;37
402;164;37
402;165;37
402;166;37
402;167;26
402;168;26
402;169;26
402;170;26
402;171;26
402;172;26
402;173;26
402;174;26
402;175;26
402;176;26
402;177;26
402;178;26
402;179;26
402;180;26
402;181;26
402;182;26
402;183;26
402;184;26
402;185;26
402;186;26
402;187;26
402;188;26
402;189;26
402;190;26
402;191;10
402;192;10
402;193;10
402;194;10
402;195;10
402;196;10
402;197;10
402;198;10
402;199;10
402;200;10
402;201;10
402;202;10
402;203;10
402;204;10
402;205;10
402;206;10
402;207;10
402;208;10
402;209;10
402;210;10
402;211;10
402;212;10
402;213;10
402;214;19
402;215;19
402;216;19
402;217;19
402;218;19
402;219;19
402;220;19
402;221;19
402;222;19
402;223;19
402;224;19
402;225;19
402;226;49
402;227;49
402;228;49
402;229;49
402;230;49
402;231;49
402;232;49
402;233;49
402;234;49
402;235;49
402;236;49
402;237;49
402;238;49
402;239;49
402;240;49
402;241;49
402;242;49
402;243;49
402;244;49
402;245;49
402;246;49
402;247;49
402;248;49
402;249;49
402;250;49
402;251;27
402;252;27
402;253;27
402;254;27
402;255;27
402;256;27
402;257;27
402;258;27
402;259;27
402;260;27
402;261;27
402;262;27
402;263;27
402;264;27
402;265;27
402;266;27
402;267;27
402;268;27
402;269;27
402;270;27
402;271;27
402;272;27
402;273;27
402;274;27
402;275;27
402;276;27
402;277;27
402;278;27
402;279;27
402;280;27
402;281;27
402;282;27
402;283;27
402;284;27
402;285;27
402;286;27
402;287;26
402;288;26
402;289;26
402;290;26
402;291;26
402;292;26
402;293;26
402;294;26
402;295;26
402;296;26
402;297;26
402;298;26
402;299;26
402;300;26
402;301;26
402;302;26
402;303;26
402;304;26
402;305;26
402;306;26
402;307;26
402;308;26
402;309;16
402;310;16
402;311;16
402;312;16
402;313;16
402;314;16
402;315;16
402;316;16
402;317;16
402;318;36
402;319;36
402;320;36
402;321;36
402;322;36
402;323;36
402;324;36
402;325;36
402;326;36
402;327;36
402;328;24
402;329;24
402;330;24
402;331;24
402;332;24
402;333;24
402;334;24
402;335;24
402;336;24
402;337;24
402;338;24
402;339;24
402;340;24
402;341;24
402;342;24
402;343;24
402;344;24
402;345;24
402;346;24
402;347;29
402;348;29
402;349;29
402;350;29
402;351;29
402;352;29
402;353;29
402;354;29
402;355;29
402;356;29
402;357;29
402;358;29
402;359;29
402;360;29
402;361;29
402;362;29
402;363;29
402;364;29
402;365;29
402;366;29
402;367;29
402;368;29
402;369;29
402;370;29
402;371;29
402;372;8
402;373;8
402;374;8
402;375;8
402;376;8
402;377;8
402;378;8
402;379;8
402;380;8
402;381;8
402;382;8
402;383;8
402;384;8
402;385;8
402;386;8
402;387;8
402;388;8
402;389;8
402;390;8
402;391;8
402;392;8
402;393;8
402;394;8
402;395;8
402;396;8
402;397;8
402;398;8
402;399;5
402;400;5
402;401;5
402;402;5
402;403;5
402;404;5
402;405;5
402;406;5
402;407;5
402;408;5
402;409;5
402;410;5
402;411;5
402;412;39
402;413;39
402;414;39
402;415;39
402;416;39
402;417;39
402;418;39
402;419;39
402;420;39
402;421;39
402;422;39
402;423;39
402;424;39
402;425;39
402;426;39
402;427;39
402;428;39
402;429;39
402;430;39
402;431;39
402;432;39
402;433;39
402;434;2
402;435;2
402;436;2
402;437;19
402;438;19
402;439;19
402;440;19
402;441;19
402;442;19
402;443;19
402;444;19
402;445;19
402;446;19
402;447;19
402;448;19
402;449;19
402;450;19
402;451;19
402;452;19
402;453;19
402;454;19
402;455;19
402;456;19
402;457;19
402;458;25
402;459;25
402;460;25
402;461;25
402;462;25
402;463;25
402;464;25
402;465;25
402;466;25
402;467;25
402;468;25
402;469;25
402;470;25
402;471;25
402;472;25
402;473;25
402;474;25
402;475;25
402;476;25
402;477;29
402;478;29
402;479;29
402;480;29
402;481;29
402;482;29
402;483;29
402;484;29
402;485;29
402;486;29
402;487;29
402;488;29
402;489;45
402;490;45
402;491;45
402;492;45
402;493;45
402;494;45
402;495;45
402;496;45
402;497;45
402;498;45
402;499;45
403;0;5
403;1;5
403;2;5
403;3;5
403;4;5
403;5;5
403;6;5
403;7;5
403;8;5
403;9;5
403;10;5
403;11;5
403;12;5
403;13;5
403;14;5
403;15;1
403;16;1
403;17;1
403;18;1
403;19;1
403;20;1
403;21;1
403;22;1
403;23;1
403;24;1
403;25;1
403;26;1
403;27;1
403;28;1
403;29;1
403;30;1
403;31;1
403;32;1
403;33;1
403;34;1
403;35;1
403;36;1
403;37;18
403;38;18
403;39;18
403;40;18
403;41;18
403;42;18
403;43;18
403;44;18
403;45;22
403;46;22
403;47;22
403;48;22
403;49;22
403;50;22
403;51;22
403;52;22
403;53;22
403;54;22
403;55;22
403;56;22
403;57;22
403;58;22
403;59;22
403;60;22
403;61;33
403;62;33
403;63;33
403;64;33
403;65;33
403;66;33
403;67;33
403;68;33
403;69;33
403;70;33
403;71;33
403;72;33
403;73;33
403;74;33
403;75;33
403;76;33
403;77;33
403;78;33
403;79;33
403;80;33
403;81;33
403;82;33
403;83;33
403;84;33
403;85;33
403;86;33
403;87;33
403;88;49
403;89;49
403;90;49
403;91;49
403;92;49
403;93;49
403;94;49
403;95;49
403;96;49
403;97;49
403;98;49
403;99;49
403;100;49
403;101;49
403;102;14
403;103;14
403;104;14
403;105;14
403;106;14
403;107;14
403;108;14
403;109;14
403;110;14
403;111;14
403;112;14
403;113;14
403;114;14
403;115;14
403;116;14
403;117;14
403;118;14
403;119;14
403;120;14
403;121;14
403;122;14
403;123;14
403;124;14
403;125;14
403;126;14
403;127;14
403;128;14
403;129;14
403;130;14
403;131;14
403;132;14
403;133;14
403;134;14
403;135;14
403;136;14
403;137;14
403;138;14
403;139;14
403;140;18
403;141;18
403;142;18
403;143;18
403;144;18
403;145;18
403;146;18
403;147;37
403;148;37
403;149;37
403;150;37
403;151;37
403;152;37
403;153;37
403;154;37
403;155;37
403;156;37
403;157;37
403;158;37
403;159;37
403;160;37
403;161;37
403;162;37
403;163;37
403;164;37
403;165;37
403;166;37
403;167;37
403;168;26
403;169;26
403;170;26
403;171;26
403;172;26
403;173;26
403;174;26
403;175;26
403;176;26
403;177;26
403;178;26
403;179;26
403;180;26
403;181;26
403;182;26
403;183;26
403;184;26
403;185;26
403;186;26
403;187;26
403;188;26
403;189;26
403;190;26
403;191;10
403;192;10
403;193;10
403;194;10
403;195;10
403;196;10
403;197;10
403;198;10
403;199;10
403;200;10
403;201;10
403;202;10
403;203;10
403;204;10
403;205;10
403;206;10
403;207;10
403;208;10
403;209;10
403;210;10
403;211;10
403;212;10
403;213;10
403;214;10
403;215;10
403;216;19
403;217;19
403;218;19
403;219;19
403;220;19
403;221;19
403;222;19
403;223;19
403;224;19
403;225;49
403;226;49
403;227;49
403;228;49
403;229;49
403;230;49
403;231;49
403;232;49
403;233;49
403;234;49
403;235;49
403;236;49
403;237;49
403;238;49
403;239;49
403;240;49
403;241;49
403;242;49
403;243;49
403;244;49
403;245;49
403;246;49
403;247;49
403;248;49
403;249;49
403;250;49
403;251;49
403;252;27
403;253;27
403;254;27
403;255;27
403;256;27
403;257;27
403;258;27
403;259;27
403;260;27
403;261;27
403;262;27
403;263;27
403;264;27
403;265;27
403;266;27
403;267;27
403;268;27
403;269;27
403;270;27
403;271;27
403;272;27
403;273;27
403;274;27
403;275;27
403;276;27
403;277;27
403;278;27
403;279;27
403;280;27
403;281;27
403;282;27
403;283;27
403;284;27
403;285;27
403;286;27
403;287;26
403;288;26
403;289;26
403;290;26
403;291;26
403;292;26
403;293;26
403;294;26
403;295;26
403;296;26
403;297;26
403;298;26
403;299;26
403;300;26
403;301;26
403;302;26
403;303;26
403;304;26
403;305;26
403;306;26
403;307;26
403;308;26
403;309;16
403;310;16
403;311;16
403;312;16
403;313;16
403;314;16
403;315;16
403;316;16
403;317;16
403;318;36
403;319;36
403;320;36
403;321;36
403;322;36
403;323;36
403;324;36
403;325;36
403;326;36
403;327;36
403;328;36
403;329;24
403;330;24
403;331;24
403;332;24
403;333;24
403;334;24
403;335;24
403;336;24
403;337;24
403;338;24
403;339;24
403;340;24
403;341;24
403;342;24
403;343;24
403;344;24
403;345;24
403;346;24
403;347;24
403;348;29
403;349;29
403;350;29
403;351;29
403;352;29
403;353;29
403;354;29
403;355;29
403;356;29
403;357;29
403;358;29
403;359;29
403;360;29
403;361;29
403;362;29
403;363;29
403;364;29
403;365;29
403;366;29
403;367;29
403;368;29
403;369;29
403;370;29
403;371;29
403;372;36
403;373;36
403;374;36
403;375;36
403;376;36
403;377;36
403;378;36
403;379;36
403;380;36
403;381;8
403;382;8
403;383;8
403;384;8
403;385;8
403;386;8
403;387;8
403;388;8
403;389;8
403;390;8
403;391;8
403;392;8
403;393;8
403;394;8
403;395;8
403;396;8
403;397;8
403;398;8
403;399;8
403;400;5
403;401;5
403;402;5
403;403;5
403;404;5
403;405;5
403;406;5
403;407;5
403;408;5
403;409;5
403;410;5
403;411;5
403;412;39
403;413;39
403;414;39
403;415;39
403;416;39
403;417;39
403;418;39
403;419;39
403;420;39
403;421;39
403;422;39
403;423;39
403;424;39
403;425;39
403;426;39
403;427;39
403;428;39
403;429;39
403;430;39
403;431;39
403;432;39
403;433;39
403;434;2
403;435;2
403;436;2
403;437;2
403;438;19
403;439;19
403;440;19
403;441;19
403;442;19
403;443;19
403;444;19
403;445;19
403;446;19
403;447;19
403;448;19
403;449;19
403;450;19
403;451;19
403;452;19
403;453;19
403;454;19
403;455;19
403;456;19
403;457;19
403;458;19
403;459;25
403;460;25
403;461;25
403;462;25
403;463;25
403;464;25
403;465;25
403;466;25
403;467;25
403;468;25
403;469;25
403;470;25
403;471;25
403;472;25
403;473;25
403;474;25
403;475;25
403;476;25
403;477;25
403;478;25
403;479;29
403;480;29
403;481;29
403;482;29
403;483;29
403;484;29
403;485;29
403;486;29
403;487;29
403;488;29
403;489;45
403;490;45
403;491;45
403;492;45
403;493;45
403;494;45
403;495;45
403;496;45
403;497;45
403;498;45
403;499;45
404;0;30
404;1;5
404;2;5
404;3;5
404;4;5
404;5;5
404;6;5
404;7;5
404;8;5
404;9;5
404;10;5
404;11;5
404;12;5
404;13;5
404;14;5
404;15;5
404;16;5
404;17;1
404;18;1
404;19;1
404;20;1
404;21;1
404;22;1
404;23;1
404;24;1
404;25;1
404;26;1
404;27;1
404;28;1
404;29;1
404;30;1
404;31;1
404;32;1
404;33;1
404;34;1
404;35;1
404;36;18
404;37;18
404;38;18
404;39;18
404;40;18
404;41;18
404;42;18
404;43;18
404;44;18
404;45;22
404;46;22
404;47;22
404;48;22
404;49;22
404;50;22
404;51;22
404;52;22
404;53;22
404;54;22
404;55;22
404;56;22
404;57;22
404;58;22
404;59;22
404;60;22
404;61;22
404;62;22
404;63;2
404;64;33
404;65;33
404;66;33
404;67;33
404;68;33
404;69;33
404;70;33
404;71;33
404;72;33
404;73;33
404;74;33
404;75;33
404;76;33
404;77;33
404;78;33
404;79;33
404;80;33
404;81;33
404;82;33
404;83;33
404;84;33
404;85;33
404;86;33
404;87;33
404;88;49
404;89;49
404;90;49
404;91;49
404;92;49
404;93;49
404;94;49
404;95;49
404;96;49
404;97;49
404;98;49
404;99;49
404;100;49
404;101;49
404;102;49
404;103;49
404;104;14
404;105;14
404;106;14
404;107;14
404;108;14
404;109;14
404;110;14
404;111;14
404;112;14
404;113;14
404;114;14
404;115;14
404;116;14
404;117;14
404;118;14
404;119;14
404;120;14
404;121;14
404;122;14
404;123;14
404;124;14
404;125;14
404;126;14
404;127;14
404;128;14
404;129;14
404;130;14
404;131;14
404;132;14
404;133;14
404;134;14
404;135;14
404;136;14
404;137;14
404;138;14
404;139;18
404;140;18
404;141;18
404;142;18
404;143;18
404;144;18
404;145;18
404;146;18
404;147;18
404;148;18
404;149;37
404;150;37
404;151;37
404;152;37
404;153;37
404;154;37
404;155;37
404;156;37
404;157;37
404;158;37
404;159;37
404;160;37
404;161;37
404;162;37
404;163;37
404;164;37
404;165;37
404;166;37
404;167;37
404;168;26
404;169;26
404;170;26
404;171;26
404;172;26
404;173;26
404;174;26
404;175;26
404;176;26
404;177;26
404;178;26
404;179;26
404;180;26
404;181;26
404;182;26
404;183;26
404;184;26
404;185;26
404;186;26
404;187;26
404;188;26
404;189;26
404;190;26
404;191;26
404;192;10
404;193;10
404;194;10
404;195;10
404;196;10
404;197;10
404;198;10
404;199;10
404;200;10
404;201;10
404;202;10
404;203;10
404;204;10
404;205;10
404;206;10
404;207;10
404;208;10
404;209;10
404;210;10
404;211;10
404;212;10
404;213;10
404;214;10
404;215;10
404;216;10
404;217;10
404;218;19
404;219;19
404;220;19
404;221;19
404;222;19
404;223;19
404;224;49
404;225;49
404;226;49
404;227;49
404;228;49
404;229;49
404;230;49
404;231;49
404;232;49
404;233;49
404;234;49
404;235;49
404;236;49
404;237;49
404;238;49
404;239;49
404;240;49
404;241;49
404;242;49
404;243;49
404;244;49
404;245;49
404;246;49
404;247;49
404;248;49
404;249;49
404;250;49
404;251;49
404;252;27
404;253;27
404;254;27
404;255;27
404;256;27
404;257;27
404;258;27
404;259;27
404;260;27
404;261;27
404;262;27
404;263;27
404;264;27
404;265;27
404;266;27
404;267;27
404;268;27
404;269;27
404;270;27
404;271;27
404;272;27
404;273;27
404;274;27
404;275;27
404;276;27
404;277;27
404;278;27
404;279;27
404;280;27
404;281;27
404;282;27
404;283;27
404;284;27
404;285;27
404;286;27
404;287;27
404;288;26
404;289;26
404;290;26
404;291;26
404;292;26
404;293;26
404;294;26
404;295;26
404;296;26
404;297;26
404;298;26
404;299;26
404;300;26
404;301;26
404;302;26
404;303;26
404;304;26
404;305;26
404;306;26
404;307;26
404;308;26
404;309;16
404;310;16
404;311;16
404;312;16
404;313;16
404;314;16
404;315;16
404;316;16
404;317;16
404;318;16
404;319;36
404;320;36
404;321;36
404;322;36
404;323;36
404;324;36
404;325;36
404;326;36
404;327;36
404;328;36
404;329;36
404;330;24
404;331;24
404;332;24
404;333;24
404;334;24
404;335;24
404;336;24
404;337;24
404;338;24
404;339;24
404;340;24
404;341;24
404;342;24
404;343;24
404;344;24
404;345;24
404;346;24
404;347;24
404;348;24
404;349;29
404;350;29
404;351;29
404;352;29
404;353;29
404;354;29
404;355;29
404;356;29
404;357;29
404;358;29
404;359;29
404;360;29
404;361;29
404;362;29
404;363;29
404;364;29
404;365;29
404;366;29
404;367;29
404;368;29
404;369;29
404;370;29
404;371;29
404;372;36
404;373;36
404;374;36
404;375;36
404;376;36
404;377;36
404;378;36
404;379;36
404;380;36
404;381;36
404;382;36
404;383;8
404;384;8
404;385;8
404;386;8
404;387;8
404;388;8
404;389;8
404;390;8
404;391;8
404;392;8
404;393;8
404;394;8
404;395;8
404;396;8
404;397;8
404;398;8
404;399;8
404;400;5
404;401;5
404;402;5
404;403;5
404;404;5
404;405;5
404;406;5
404;407;5
404;408;5
404;409;5
404;410;5
404;411;5
404;412;5
404;413;39
404;414;39
404;415;39
404;416;39
404;417;39
404;418;39
404;419;39
404;420;39
404;421;39
404;422;39
404;423;39
404;424;39
404;425;39
404;426;39
404;427;39
404;428;39
404;429;39
404;430;39
404;431;39
404;432;39
404;433;39
404;434;2
404;435;2
404;436;2
404;437;2
404;438;2
404;439;19
404;440;19
404;441;19
404;442;19
404;443;19
404;444;19
404;445;19
404;446;19
404;447;19
404;448;19
404;449;19
404;450;19
404;451;19
404;452;19
404;453;19
404;454;19
404;455;19
404;456;19
404;457;19
404;458;19
404;459;25
404;460;25
404;461;25
404;462;25
404;463;25
404;464;25
404;465;25
404;466;25
404;467;25
404;468;25
404;469;25
404;470;25
404;471;25
404;472;25
404;473;25
404;474;25
404;475;25
404;476;25
404;477;25
404;478;25
404;479;25
404;480;29
404;481;29
404;482;29
404;483;29
404;484;29
404;485;29
404;486;29
404;487;29
404;488;29
404;489;29
404;490;45
404;491;45
404;492;45
404;493;45
404;494;45
404;495;45
404;496;45
404;497;45
404;498;45
404;499;45
405;0;30
405;1;30
405;2;5
405;3;5
405;4;5
405;5;5
405;6;5
405;7;5
405;8;5
405;9;5
405;10;5
405;11;5
405;12;5
405;13;5
405;14;5
405;15;5
405;16;5
405;17;5
405;18;5
405;19;1
405;20;1
405;21;1
405;22;1
405;23;1
405;24;1
405;25;1
405;26;1
405;27;1
405;28;1
405;29;1
405;30;1
405;31;1
405;32;1
405;33;1
405;34;1
405;35;18
405;36;18
405;37;18
405;38;18
405;39;18
405;40;18
405;41;18
405;42;18
405;43;18
405;44;18
405;45;18
405;46;22
405;47;22
405;48;22
405;49;22
405;50;22
405;51;22
405;52;22
405;53;22
405;54;22
405;55;22
405;56;22
405;57;22
405;58;22
405;59;22
405;60;22
405;61;22
405;62;22
405;63;2
405;64;2
405;65;2
405;66;33
405;67;33
405;68;33
405;69;33
405;70;33
405;71;33
405;72;33
405;73;33
405;74;33
405;75;33
405;76;33
405;77;33
405;78;33
405;79;33
405;80;33
405;81;33
405;82;33
405;83;33
405;84;33
405;85;33
405;86;33
405;87;33
405;88;49
405;89;49
405;90;49
405;91;49
405;92;49
405;93;49
405;94;49
405;95;49
405;96;49
405;97;49
405;98;49
405;99;49
405;100;49
405;101;49
405;102;49
405;103;49
405;104;49
405;105;49
405;106;14
405;107;14
405;108;14
405;109;14
405;110;14
405;111;14
405;112;14
405;113;14
405;114;14
405;115;14
405;116;14
405;117;14
405;118;14
405;119;14
405;120;14
405;121;14
405;122;14
405;123;14
405;124;14
405;125;14
405;126;14
405;127;14
405;128;14
405;129;14
405;130;14
405;131;14
405;132;14
405;133;14
405;134;14
405;135;14
405;136;14
405;137;14
405;138;18
405;139;18
405;140;18
405;141;18
405;142;18
405;143;18
405;144;18
405;145;18
405;146;18
405;147;18
405;148;18
405;149;18
405;150;18
405;151;37
405;152;37
405;153;37
405;154;37
405;155;37
405;156;37
405;157;37
405;158;37
405;159;37
405;160;37
405;161;37
405;162;37
405;163;37
405;164;37
405;165;37
405;166;37
405;167;37
405;168;37
405;169;26
405;170;26
405;171;26
405;172;26
405;173;26
405;174;26
405;175;26
405;176;26
405;177;26
405;178;26
405;179;26
405;180;26
405;181;26
405;182;26
405;183;26
405;184;26
405;185;26
405;186;26
405;187;26
405;188;26
405;189;26
405;190;26
405;191;26
405;192;26
405;193;10
405;194;10
405;195;10
405;196;10
405;197;10
405;198;10
405;199;10
405;200;10
405;201;10
405;202;10
405;203;10
405;204;10
405;205;10
405;206;10
405;207;10
405;208;10
405;209;10
405;210;10
405;211;10
405;212;10
405;213;10
405;214;10
405;215;10
405;216;10
405;217;10
405;218;10
405;219;10
405;220;10
405;221;10
405;222;19
405;223;49
405;224;49
405;225;49
405;226;49
405;227;49
405;228;49
405;229;49
405;230;49
405;231;49
405;232;49
405;233;49
405;234;49
405;235;49
405;236;49
405;237;49
405;238;49
405;239;49
405;240;49
405;241;49
405;242;49
405;243;49
405;244;49
405;245;49
405;246;49
405;247;49
405;248;49
405;249;49
405;250;49
405;251;49
405;252;49
405;253;27
405;254;27
405;255;27
405;256;27
405;257;27
405;258;27
405;259;27
405;260;27
405;261;27
405;262;27
405;263;27
405;264;27
405;265;27
405;266;27
405;267;27
405;268;27
405;269;27
405;270;27
405;271;27
405;272;27
405;273;27
405;274;27
405;275;27
405;276;27
405;277;27
405;278;27
405;279;27
405;280;27
405;281;27
405;282;27
405;283;27
405;284;27
405;285;27
405;286;27
405;287;27
405;288;26
405;289;26
405;290;26
405;291;26
405;292;26
405;293;26
405;294;26
405;295;26
405;296;26
405;297;26
405;298;26
405;299;26
405;300;26
405;301;26
405;302;26
405;303;26
405;304;26
405;305;26
405;306;26
405;307;26
405;308;26
405;309;16
405;310;16
405;311;16
405;312;16
405;313;16
405;314;16
405;315;16
405;316;16
405;317;16
405;318;16
405;319;36
405;320;36
405;321;36
405;322;36
405;323;36
405;324;36
405;325;36
405;326;36
405;327;36
405;328;36
405;329;36
405;330;36
405;331;24
405;332;24
405;333;24
405;334;24
405;335;24
405;336;24
405;337;24
405;338;24
405;339;24
405;340;24
405;341;24
405;342;24
405;343;24
405;344;24
405;345;24
405;346;24
405;347;24
405;348;24
405;349;24
405;350;29
405;351;29
405;352;29
405;353;29
405;354;29
405;355;29
405;356;29
405;357;29
405;358;29
405;359;29
405;360;29
405;361;29
405;362;29
405;363;29
405;364;29
405;365;29
405;366;29
405;367;29
405;368;29
405;369;29
405;370;29
405;371;29
405;372;36
405;373;36
405;374;36
405;375;36
405;376;36
405;377;36
405;378;36
405;379;36
405;380;36
405;381;36
405;382;36
405;383;36
405;384;36
405;385;8
405;386;8
405;387;8
405;388;8
405;389;8
405;390;8
405;391;8
405;392;8
405;393;8
405;394;8
405;395;8
405;396;8
405;397;8
405;398;8
405;399;8
405;400;8
405;401;5
405;402;5
405;403;5
405;404;5
405;405;5
405;406;5
405;407;5
405;408;5
405;409;5
405;410;5
405;411;5
405;412;5
405;413;39
405;414;39
405;415;39
405;416;39
405;417;39
405;418;39
405;419;39
405;420;39
405;421;39
405;422;39
405;423;39
405;424;39
405;425;39
405;426;39
405;427;39
405;428;39
405;429;39
405;430;39
405;431;39
405;432;39
405;433;39
405;434;2
405;435;2
405;436;2
405;437;2
405;438;2
405;439;2
405;440;19
405;441;19
405;442;19
405;443;19
405;444;19
405;445;19
405;446;19
405;447;19
405;448;19
405;449;19
405;450;19
405;451;19
405;452;19
405;453;19
405;454;19
405;455;19
405;456;19
405;457;19
405;458;19
405;459;19
405;460;25
405;461;25
405;462;25
405;463;25
405;464;25
405;465;25
405;466;25
405;467;25
405;468;25
405;469;25
405;470;25
405;471;25
405;472;25
405;473;25
405;474;25
405;475;25
405;476;25
405;477;25
405;478;25
405;479;25
405;480;25
405;481;29
405;482;29
405;483;29
405;484;29
405;485;29
405;486;29
405;487;29
405;488;29
405;489;29
405;490;45
405;491;45
405;492;45
405;493;45
405;494;45
405;495;45
405;496;20
405;497;20
405;498;20
405;499;20
406;0;30
406;1;30
406;2;30
406;3;5
406;4;5
406;5;5
406;6;5
406;7;5
406;8;5
406;9;5
406;10;5
406;11;5
406;12;5
406;13;5
406;14;5
406;15;5
406;16;5
406;17;5
406;18;5
406;19;5
406;20;5
406;21;1
406;22;1
406;23;1
406;24;1
406;25;1
406;26;1
406;27;1
406;28;1
406;29;1
406;30;1
406;31;1
406;32;18
406;33;18
406;34;18
406;35;18
406;36;18
406;37;18
406;38;18
406;39;18
406;40;18
406;41;18
406;42;18
406;43;18
406;44;18
406;45;18
406;46;22
406;47;22
406;48;22
406;49;22
406;50;22
406;51;22
406;52;22
406;53;22
406;54;22
406;55;22
406;56;22
406;57;22
406;58;22
406;59;22
406;60;22
406;61;22
406;62;22
406;63;2
406;64;2
406;65;2
406;66;2
406;67;2
406;68;33
406;69;33
406;70;33
406;71;33
406;72;33
406;73;33
406;74;33
406;75;33
406;76;33
406;77;33
406;78;33
406;79;33
406;80;33
406;81;33
406;82;33
406;83;33
406;84;33
406;85;33
406;86;33
406;87;33
406;88;49
406;89;49
406;90;49
406;91;49
406;92;49
406;93;49
406;94;49
406;95;49
406;96;49
406;97;49
406;98;49
406;99;49
406;100;49
406;101;49
406;102;49
406;103;49
406;104;49
406;105;49
406;106;49
406;107;49
406;108;14
406;109;14
406;110;14
406;111;14
406;112;14
406;113;14
406;114;14
406;115;14
406;116;14
406;117;14
406;118;14
406;119;14
406;120;14
406;121;14
406;122;14
406;123;14
406;124;14
406;125;14
406;126;14
406;127;14
406;128;14
406;129;14
406;130;14
406;131;14
406;132;14
406;133;14
406;134;14
406;135;14
406;136;14
406;137;18
406;138;18
406;139;18
406;140;18
406;141;18
406;142;18
406;143;18
406;144;18
406;145;18
406;146;18
406;147;18
406;148;18
406;149;18
406;150;18
406;151;18
406;152;18
406;153;37
406;154;37
406;155;37
406;156;37
406;157;37
406;158;37
406;159;37
406;160;37
406;161;37
406;162;37
406;163;37
406;164;37
406;165;37
406;166;37
406;167;37
406;168;37
406;169;26
406;170;26
406;171;26
406;172;26
406;173;26
406;174;26
406;175;26
406;176;26
406;177;26
406;178;26
406;179;26
406;180;26
406;181;26
406;182;26
406;183;26
406;184;26
406;185;26
406;186;26
406;187;26
406;188;26
406;189;26
406;190;26
406;191;26
406;192;26
406;193;26
406;194;10
406;195;10
406;196;10
406;197;10
406;198;10
406;199;10
406;200;10
406;201;10
406;202;10
406;203;10
406;204;10
406;205;10
406;206;10
406;207;10
406;208;10
406;209;10
406;210;10
406;211;10
406;212;10
406;213;10
406;214;10
406;215;10
406;216;10
406;217;10
406;218;10
406;219;10
406;220;10
406;221;10
406;222;10
406;223;49
406;224;49
406;225;49
406;226;49
406;227;49
406;228;49
406;229;49
406;230;49
406;231;49
406;232;49
406;233;49
406;234;49
406;235;49
406;236;49
406;237;49
406;238;49
406;239;49
406;240;49
406;241;49
406;242;49
406;243;49
406;244;49
406;245;49
406;246;49
406;247;49
406;248;49
406;249;49
406;250;49
406;251;49
406;252;49
406;253;49
406;254;27
406;255;27
406;256;27
406;257;27
406;258;27
406;259;27
406;260;27
406;261;27
406;262;27
406;263;27
406;264;27
406;265;27
406;266;27
406;267;27
406;268;27
406;269;27
406;270;27
406;271;27
406;272;27
406;273;27
406;274;27
406;275;27
406;276;27
406;277;27
406;278;27
406;279;27
406;280;27
406;281;27
406;282;27
406;283;27
406;284;27
406;285;27
406;286;27
406;287;27
406;288;26
406;289;26
406;290;26
406;291;26
406;292;26
406;293;26
406;294;26
406;295;26
406;296;26
406;297;26
406;298;26
406;299;26
406;300;26
406;301;26
406;302;26
406;303;26
406;304;26
406;305;26
406;306;26
406;307;26
406;308;26
406;309;26
406;310;16
406;311;16
406;312;16
406;313;16
406;314;16
406;315;16
406;316;16
406;317;16
406;318;16
406;319;16
406;320;36
406;321;36
406;322;36
406;323;36
406;324;36
406;325;36
406;326;36
406;327;36
406;328;36
406;329;36
406;330;36
406;331;36
406;332;24
406;333;24
406;334;24
406;335;24
406;336;24
406;337;24
406;338;24
406;339;24
406;340;24
406;341;24
406;342;24
406;343;24
406;344;24
406;345;24
406;346;24
406;347;24
406;348;24
406;349;24
406;350;29
406;351;29
406;352;29
406;353;29
406;354;29
406;355;29
406;356;29
406;357;29
406;358;29
406;359;29
406;360;29
406;361;29
406;362;29
406;363;29
406;364;29
406;365;29
406;366;29
406;367;29
406;368;29
406;369;29
406;370;29
406;371;29
406;372;36
406;373;36
406;374;36
406;375;36
406;376;36
406;377;36
406;378;36
406;379;36
406;380;36
406;381;36
406;382;36
406;383;36
406;384;36
406;385;36
406;386;36
406;387;8
406;388;8
406;389;8
406;390;8
406;391;8
406;392;8
406;393;8
406;394;8
406;395;8
406;396;8
406;397;8
406;398;8
406;399;8
406;400;8
406;401;5
406;402;5
406;403;5
406;404;5
406;405;5
406;406;5
406;407;5
406;408;5
406;409;5
406;410;5
406;411;5
406;412;5
406;413;5
406;414;39
406;415;39
406;416;39
406;417;39
406;418;39
406;419;39
406;420;39
406;421;39
406;422;39
406;423;39
406;424;39
406;425;39
406;426;39
406;427;39
406;428;39
406;429;39
406;430;39
406;431;39
406;432;39
406;433;39
406;434;2
406;435;2
406;436;2
406;437;2
406;438;2
406;439;2
406;440;2
406;441;19
406;442;19
406;443;19
406;444;19
406;445;19
406;446;19
406;447;19
406;448;19
406;449;19
406;450;19
406;451;19
406;452;19
406;453;19
406;454;19
406;455;19
406;456;19
406;457;19
406;458;19
406;459;19
406;460;25
406;461;25
406;462;25
406;463;25
406;464;25
406;465;25
406;466;25
406;467;25
406;468;25
406;469;25
406;470;25
406;471;25
406;472;25
406;473;25
406;474;25
406;475;25
406;476;25
406;477;25
406;478;25
406;479;25
406;480;25
406;481;25
406;482;29
406;483;29
406;484;29
406;485;29
406;486;29
406;487;29
406;488;29
406;489;29
406;490;29
406;491;20
406;492;20
406;493;20
406;494;20
406;495;20
406;496;20
406;497;20
406;498;20
406;499;20
407;0;30
407;1;30
407;2;30
407;3;30
407;4;5
407;5;5
407;6;5
407;7;5
407;8;5
407;9;5
407;10;5
407;11;5
407;12;5
407;13;5
407;14;5
407;15;5
407;16;5
407;17;5
407;18;5
407;19;5
407;20;5
407;21;5
407;22;5
407;23;1
407;24;1
407;25;1
407;26;1
407;27;1
407;28;1
407;29;1
407;30;1
407;31;18
407;32;18
407;33;18
407;34;18
407;35;18
407;36;18
407;37;18
407;38;18
407;39;18
407;40;18
407;41;18
407;42;18
407;43;18
407;44;18
407;45;18
407;46;18
407;47;22
407;48;22
407;49;22
407;50;22
407;51;22
407;52;22
407;53;22
407;54;22
407;55;22
407;56;22
407;57;22
407;58;22
407;59;22
407;60;22
407;61;22
407;62;22
407;63;2
407;64;2
407;65;2
407;66;2
407;67;2
407;68;31
407;69;31
407;70;33
407;71;33
407;72;33
407;73;33
407;74;33
407;75;33
407;76;33
407;77;33
407;78;33
407;79;33
407;80;33
407;81;33
407;82;33
407;83;33
407;84;33
407;85;33
407;86;33
407;87;33
407;88;49
407;89;49
407;90;49
407;91;49
407;92;49
407;93;49
407;94;49
407;95;49
407;96;49
407;97;49
407;98;49
407;99;49
407;100;49
407;101;49
407;102;49
407;103;49
407;104;49
407;105;49
407;106;49
407;107;49
407;108;49
407;109;49
407;110;14
407;111;14
407;112;14
407;113;14
407;114;14
407;115;14
407;116;14
407;117;14
407;118;14
407;119;14
407;120;14
407;121;14
407;122;14
407;123;14
407;124;14
407;125;14
407;126;14
407;127;14
407;128;14
407;129;14
407;130;14
407;131;14
407;132;14
407;133;14
407;134;14
407;135;14
407;136;18
407;137;18
407;138;18
407;139;18
407;140;18
407;141;18
407;142;18
407;143;18
407;144;18
407;145;18
407;146;18
407;147;18
407;148;18
407;149;18
407;150;18
407;151;18
407;152;18
407;153;18
407;154;18
407;155;37
407;156;37
407;157;37
407;158;37
407;159;37
407;160;37
407;161;37
407;162;37
407;163;37
407;164;37
407;165;37
407;166;37
407;167;37
407;168;37
407;169;37
407;170;26
407;171;26
407;172;26
407;173;26
407;174;26
407;175;26
407;176;26
407;177;26
407;178;26
407;179;26
407;180;26
407;181;26
407;182;26
407;183;26
407;184;26
407;185;26
407;186;26
407;187;26
407;188;26
407;189;26
407;190;26
407;191;26
407;192;26
407;193;26
407;194;26
407;195;10
407;196;10
407;197;10
407;198;10
407;199;10
407;200;10
407;201;10
407;202;10
407;203;10
407;204;10
407;205;10
407;206;10
407;207;10
407;208;10
407;209;10
407;210;10
407;211;10
407;212;10
407;213;10
407;214;10
407;215;10
407;216;10
407;217;10
407;218;10
407;219;10
407;220;10
407;221;10
407;222;10
407;223;10
407;224;49
407;225;49
407;226;49
407;227;49
407;228;49
407;229;49
407;230;49
407;231;49
407;232;49
407;233;49
407;234;49
407;235;49
407;236;49
407;237;49
407;238;49
407;239;49
407;240;49
407;241;49
407;242;49
407;243;49
407;244;49
407;245;49
407;246;49
407;247;49
407;248;49
407;249;49
407;250;49
407;251;49
407;252;49
407;253;49
407;254;49
407;255;27
407;256;27
407;257;27
407;258;27
407;259;27
407;260;27
407;261;27
407;262;27
407;263;27
407;264;27
407;265;27
407;266;27
407;267;27
407;268;27
407;269;27
407;270;27
407;271;27
407;272;27
407;273;27
407;274;27
407;275;27
407;276;27
407;277;27
407;278;27
407;279;27
407;280;27
407;281;27
407;282;27
407;283;27
407;284;27
407;285;27
407;286;27
407;287;27
407;288;26
407;289;26
407;290;26
407;291;26
407;292;26
407;293;26
407;294;26
407;295;26
407;296;26
407;297;26
407;298;26
407;299;26
407;300;26
407;301;26
407;302;26
407;303;26
407;304;26
407;305;26
407;306;26
407;307;26
407;308;26
407;309;26
407;310;16
407;311;16
407;312;16
407;313;16
407;314;16
407;315;16
407;316;16
407;317;16
407;318;16
407;319;16
407;320;36
407;321;36
407;322;36
407;323;36
407;324;36
407;325;36
407;326;36
407;327;36
407;328;36
407;329;36
407;330;36
407;331;36
407;332;36
407;333;24
407;334;24
407;335;24
407;336;24
407;337;24
407;338;24
407;339;24
407;340;24
407;341;24
407;342;24
407;343;24
407;344;24
407;345;24
407;346;24
407;347;24
407;348;24
407;349;24
407;350;24
407;351;29
407;352;29
407;353;29
407;354;29
407;355;29
407;356;29
407;357;29
407;358;29
407;359;29
407;360;29
407;361;29
407;362;29
407;363;29
407;364;29
407;365;29
407;366;29
407;367;29
407;368;29
407;369;29
407;370;29
407;371;29
407;372;36
407;373;36
407;374;36
407;375;36
407;376;36
407;377;36
407;378;36
407;379;36
407;380;36
407;381;36
407;382;36
407;383;36
407;384;36
407;385;36
407;386;36
407;387;36
407;388;36
407;389;8
407;390;8
407;391;8
407;392;8
407;393;8
407;394;8
407;395;8
407;396;8
407;397;8
407;398;8
407;399;8
407;400;8
407;401;8
407;402;5
407;403;5
407;404;5
407;405;5
407;406;5
407;407;5
407;408;5
407;409;5
407;410;5
407;411;5
407;412;5
407;413;5
407;414;39
407;415;39
407;416;39
407;417;39
407;418;39
407;419;39
407;420;39
407;421;39
407;422;39
407;423;39
407;424;39
407;425;39
407;426;39
407;427;39
407;428;39
407;429;39
407;430;39
407;431;39
407;432;39
407;433;39
407;434;2
407;435;2
407;436;2
407;437;2
407;438;2
407;439;2
407;440;2
407;441;2
407;442;19
407;443;19
407;444;19
407;445;19
407;446;19
407;447;19
407;448;19
407;449;19
407;450;19
407;451;19
407;452;19
407;453;19
407;454;19
407;455;19
407;456;19
407;457;19
407;458;19
407;459;19
407;460;19
407;461;25
407;462;25
407;463;25
407;464;25
407;465;25
407;466;25
407;467;25
407;468;25
407;469;25
407;470;25
407;471;25
407;472;25
407;473;25
407;474;25
407;475;25
407;476;25
407;477;25
407;478;25
407;479;25
407;480;25
407;481;25
407;482;25
407;483;29
407;484;29
407;485;29
407;486;29
407;487;29
407;488;29
407;489;29
407;490;29
407;491;20
407;492;20
407;493;20
407;494;20
407;495;20
407;496;20
407;497;20
407;498;20
407;499;20
408;0;30
408;1;30
408;2;30
408;3;30
408;4;30
408;5;5
408;6;5
408;7;5
408;8;5
408;9;5
408;10;5
408;11;5
408;12;5
408;13;5
408;14;5
408;15;5
408;16;5
408;17;5
408;18;5
408;19;5
408;20;5
408;21;5
408;22;5
408;23;5
408;24;5
408;25;1
408;26;1
408;27;1
408;28;1
408;29;1
408;30;18
408;31;18
408;32;18
408;33;18
408;34;18
408;35;18
408;36;18
408;37;18
408;38;18
408;39;18
408;40;18
408;41;18
408;42;18
408;43;18
408;44;18
408;45;18
408;46;18
408;47;22
408;48;22
408;49;22
408;50;22
408;51;22
408;52;22
408;53;22
408;54;22
408;55;22
408;56;22
408;57;22
408;58;22
408;59;22
408;60;22
408;61;22
408;62;22
408;63;2
408;64;2
408;65;2
408;66;2
408;67;2
408;68;31
408;69;31
408;70;31
408;71;31
408;72;33
408;73;33
408;74;33
408;75;33
408;76;33
408;77;33
408;78;33
408;79;33
408;80;33
408;81;33
408;82;33
408;83;33
408;84;33
408;85;33
408;86;33
408;87;33
408;88;49
408;89;49
408;90;49
408;91;49
408;92;49
408;93;49
408;94;49
408;95;49
408;96;49
408;97;49
408;98;49
408;99;49
408;100;49
408;101;49
408;102;49
408;103;49
408;104;49
408;105;49
408;106;49
408;107;49
408;108;49
408;109;49
408;110;49
408;111;49
408;112;14
408;113;14
408;114;14
408;115;14
408;116;14
408;117;14
408;118;14
408;119;14
408;120;14
408;121;14
408;122;14
408;123;14
408;124;14
408;125;14
408;126;14
408;127;14
408;128;14
408;129;14
408;130;14
408;131;14
408;132;14
408;133;14
408;134;14
408;135;18
408;136;18
408;137;18
408;138;18
408;139;18
408;140;18
408;141;18
408;142;18
408;143;18
408;144;18
408;145;18
408;146;18
408;147;18
408;148;18
408;149;18
408;150;18
408;151;18
408;152;18
408;153;18
408;154;18
408;155;18
408;156;18
408;157;37
408;158;37
408;159;37
408;160;37
408;161;37
408;162;37
408;163;37
408;164;37
408;165;37
408;166;37
408;167;37
408;168;37
408;169;37
408;170;26
408;171;26
408;172;26
408;173;26
408;174;26
408;175;26
408;176;26
408;177;26
408;178;26
408;179;26
408;180;26
408;181;26
408;182;26
408;183;26
408;184;26
408;185;26
408;186;26
408;187;26
408;188;26
408;189;26
408;190;26
408;191;26
408;192;26
408;193;26
408;194;26
408;195;26
408;196;10
408;197;10
408;198;10
408;199;10
408;200;10
408;201;10
408;202;10
408;203;10
408;204;10
408;205;10
408;206;10
408;207;10
408;208;10
408;209;10
408;210;10
408;211;10
408;212;10
408;213;10
408;214;10
408;215;10
408;216;10
408;217;10
408;218;10
408;219;10
408;220;10
408;221;10
408;222;10
408;223;10
408;224;49
408;225;49
408;226;49
408;227;49
408;228;49
408;229;49
408;230;49
408;231;49
408;232;49
408;233;49
408;234;49
408;235;49
408;236;49
408;237;49
408;238;49
408;239;49
408;240;49
408;241;49
408;242;49
408;243;49
408;244;49
408;245;49
408;246;49
408;247;49
408;248;49
408;249;49
408;250;49
408;251;49
408;252;49
408;253;49
408;254;49
408;255;49
408;256;27
408;257;27
408;258;27
408;259;27
408;260;27
408;261;27
408;262;27
408;263;27
408;264;27
408;265;27
408;266;27
408;267;27
408;268;27
408;269;27
408;270;27
408;271;27
408;272;27
408;273;27
408;274;27
408;275;27
408;276;27
408;277;27
408;278;27
408;279;27
408;280;27
408;281;27
408;282;27
408;283;27
408;284;27
408;285;27
408;286;27
408;287;27
408;288;26
408;289;26
408;290;26
408;291;26
408;292;26
408;293;26
408;294;26
408;295;26
408;296;26
408;297;26
408;298;26
408;299;26
408;300;26
408;301;26
408;302;26
408;303;26
408;304;26
408;305;26
408;306;26
408;307;26
408;308;26
408;309;26
408;310;26
408;311;16
408;312;16
408;313;16
408;314;16
408;315;16
408;316;16
408;317;16
408;318;16
408;319;16
408;320;16
408;321;36
408;322;36
408;323;36
408;324;36
408;325;36
408;326;36
408;327;36
408;328;36
408;329;36
408;330;36
408;331;36
408;332;36
408;333;36
408;334;24
408;335;24
408;336;24
408;337;24
408;338;24
408;339;24
408;340;24
408;341;24
408;342;24
408;343;24
408;344;24
408;345;24
408;346;24
408;347;24
408;348;24
408;349;24
408;350;24
408;351;24
408;352;29
408;353;29
408;354;29
408;355;29
408;356;29
408;357;29
408;358;29
408;359;29
408;360;29
408;361;29
408;362;29
408;363;29
408;364;29
408;365;29
408;366;29
408;367;29
408;368;29
408;369;29
408;370;29
408;371;29
408;372;36
408;373;36
408;374;36
408;375;36
408;376;36
408;377;36
408;378;36
408;379;36
408;380;36
408;381;36
408;382;36
408;383;36
408;384;36
408;385;36
408;386;36
408;387;36
408;388;36
408;389;36
408;390;36
408;391;8
408;392;8
408;393;8
408;394;8
408;395;8
408;396;8
408;397;8
408;398;8
408;399;8
408;400;8
408;401;8
408;402;8
408;403;5
408;404;5
408;405;5
408;406;5
408;407;5
408;408;5
408;409;5
408;410;5
408;411;5
408;412;5
408;413;5
408;414;5
408;415;39
408;416;39
408;417;39
408;418;39
408;419;39
408;420;39
408;421;39
408;422;39
408;423;39
408;424;39
408;425;39
408;426;39
408;427;39
408;428;39
408;429;39
408;430;39
408;431;39
408;432;39
408;433;39
408;434;2
408;435;2
408;436;2
408;437;2
408;438;2
408;439;2
408;440;2
408;441;2
408;442;2
408;443;19
408;444;19
408;445;19
408;446;19
408;447;19
408;448;19
408;449;19
408;450;19
408;451;19
408;452;19
408;453;19
408;454;19
408;455;19
408;456;19
408;457;19
408;458;19
408;459;19
408;460;19
408;461;25
408;462;25
408;463;25
408;464;25
408;465;25
408;466;25
408;467;25
408;468;25
408;469;25
408;470;25
408;471;25
408;472;25
408;473;25
408;474;25
408;475;25
408;476;25
408;477;25
408;478;25
408;479;25
408;480;25
408;481;25
408;482;25
408;483;25
408;484;25
408;485;29
408;486;29
408;487;29
408;488;29
408;489;29
408;490;29
408;491;29
408;492;20
408;493;20
408;494;20
408;495;20
408;496;20
408;497;20
408;498;20
408;499;20
409;0;30
409;1;30
409;2;30
409;3;30
409;4;30
409;5;30
409;6;5
409;7;5
409;8;5
409;9;5
409;10;5
409;11;5
409;12;5
409;13;5
409;14;5
409;15;5
409;16;5
409;17;5
409;18;5
409;19;5
409;20;5
409;21;5
409;22;5
409;23;5
409;24;5
409;25;5
409;26;18
409;27;18
409;28;18
409;29;18
409;30;18
409;31;18
409;32;18
409;33;18
409;34;18
409;35;18
409;36;18
409;37;18
409;38;18
409;39;18
409;40;18
409;41;18
409;42;18
409;43;18
409;44;18
409;45;18
409;46;18
409;47;18
409;48;22
409;49;22
409;50;22
409;51;22
409;52;22
409;53;22
409;54;22
409;55;22
409;56;22
409;57;22
409;58;22
409;59;22
409;60;22
409;61;22
409;62;22
409;63;2
409;64;2
409;65;2
409;66;2
409;67;2
409;68;31
409;69;31
409;70;31
409;71;31
409;72;31
409;73;31
409;74;33
409;75;33
409;76;33
409;77;33
409;78;33
409;79;33
409;80;33
409;81;33
409;82;33
409;83;33
409;84;33
409;85;33
409;86;33
409;87;33
409;88;49
409;89;49
409;90;49
409;91;49
409;92;49
409;93;49
409;94;49
409;95;49
409;96;49
409;97;49
409;98;49
409;99;49
409;100;49
409;101;49
409;102;49
409;103;49
409;104;49
409;105;49
409;106;49
409;107;49
409;108;49
409;109;49
409;110;49
409;111;49
409;112;49
409;113;49
409;114;14
409;115;14
409;116;14
409;117;14
409;118;14
409;119;14
409;120;14
409;121;14
409;122;14
409;123;14
409;124;14
409;125;14
409;126;14
409;127;14
409;128;14
409;129;14
409;130;14
409;131;14
409;132;14
409;133;14
409;134;18
409;135;18
409;136;18
409;137;18
409;138;18
409;139;18
409;140;18
409;141;18
409;142;18
409;143;18
409;144;18
409;145;18
409;146;18
409;147;18
409;148;18
409;149;18
409;150;18
409;151;18
409;152;18
409;153;18
409;154;18
409;155;18
409;156;18
409;157;18
409;158;18
409;159;37
409;160;37
409;161;37
409;162;37
409;163;37
409;164;37
409;165;37
409;166;37
409;167;37
409;168;37
409;169;37
409;170;37
409;171;26
409;172;26
409;173;26
409;174;26
409;175;26
409;176;26
409;177;26
409;178;26
409;179;26
409;180;26
409;181;26
409;182;26
409;183;26
409;184;26
409;185;26
409;186;26
409;187;26
409;188;26
409;189;26
409;190;26
409;191;26
409;192;26
409;193;26
409;194;26
409;195;26
409;196;26
409;197;10
409;198;10
409;199;10
409;200;10
409;201;10
409;202;10
409;203;10
409;204;10
409;205;10
409;206;10
409;207;10
409;208;10
409;209;10
409;210;10
409;211;10
409;212;10
409;213;10
409;214;10
409;215;10
409;216;10
409;217;10
409;218;10
409;219;10
409;220;10
409;221;10
409;222;10
409;223;10
409;224;10
409;225;49
409;226;49
409;227;49
409;228;49
409;229;49
409;230;49
409;231;49
409;232;49
409;233;49
409;234;49
409;235;49
409;236;49
409;237;49
409;238;49
409;239;49
409;240;49
409;241;49
409;242;49
409;243;49
409;244;49
409;245;49
409;246;49
409;247;49
409;248;49
409;249;49
409;250;49
409;251;49
409;252;49
409;253;49
409;254;49
409;255;49
409;256;49
409;257;27
409;258;27
409;259;27
409;260;27
409;261;27
409;262;27
409;263;27
409;264;27
409;265;27
409;266;27
409;267;27
409;268;27
409;269;27
409;270;27
409;271;27
409;272;27
409;273;27
409;274;27
409;275;27
409;276;27
409;277;27
409;278;27
409;279;27
409;280;27
409;281;27
409;282;27
409;283;27
409;284;27
409;285;27
409;286;27
409;287;27
409;288;26
409;289;26
409;290;26
409;291;26
409;292;26
409;293;26
409;294;26
409;295;26
409;296;26
409;297;26
409;298;26
409;299;26
409;300;26
409;301;26
409;302;26
409;303;26
409;304;26
409;305;26
409;306;26
409;307;26
409;308;26
409;309;26
409;310;26
409;311;16
409;312;16
409;313;16
409;314;16
409;315;16
409;316;16
409;317;16
409;318;16
409;319;16
409;320;16
409;321;36
409;322;36
409;323;36
409;324;36
409;325;36
409;326;36
409;327;36
409;328;36
409;329;36
409;330;36
409;331;36
409;332;36
409;333;36
409;334;36
409;335;24
409;336;24
409;337;24
409;338;24
409;339;24
409;340;24
409;341;24
409;342;24
409;343;24
409;344;24
409;345;24
409;346;24
409;347;24
409;348;24
409;349;24
409;350;24
409;351;24
409;352;24
409;353;29
409;354;29
409;355;29
409;356;29
409;357;29
409;358;29
409;359;29
409;360;29
409;361;29
409;362;29
409;363;29
409;364;29
409;365;29
409;366;29
409;367;29
409;368;29
409;369;29
409;370;29
409;371;29
409;372;36
409;373;36
409;374;36
409;375;36
409;376;36
409;377;36
409;378;36
409;379;36
409;380;36
409;381;36
409;382;36
409;383;36
409;384;36
409;385;36
409;386;36
409;387;36
409;388;36
409;389;36
409;390;36
409;391;36
409;392;36
409;393;36
409;394;8
409;395;8
409;396;8
409;397;8
409;398;8
409;399;8
409;400;8
409;401;8
409;402;8
409;403;8
409;404;5
409;405;5
409;406;5
409;407;5
409;408;5
409;409;5
409;410;5
409;411;5
409;412;5
409;413;5
409;414;5
409;415;39
409;416;39
409;417;39
409;418;39
409;419;39
409;420;39
409;421;39
409;422;39
409;423;39
409;424;39
409;425;39
409;426;39
409;427;39
409;428;39
409;429;39
409;430;39
409;431;39
409;432;39
409;433;39
409;434;2
409;435;2
409;436;2
409;437;2
409;438;2
409;439;2
409;440;2
409;441;2
409;442;2
409;443;2
409;444;19
409;445;19
409;446;19
409;447;19
409;448;19
409;449;19
409;450;19
409;451;19
409;452;19
409;453;19
409;454;19
409;455;19
409;456;19
409;457;19
409;458;19
409;459;19
409;460;19
409;461;19
409;462;25
409;463;25
409;464;25
409;465;25
409;466;25
409;467;25
409;468;25
409;469;25
409;470;25
409;471;25
409;472;25
409;473;25
409;474;25
409;475;25
409;476;25
409;477;25
409;478;25
409;479;25
409;480;25
409;481;25
409;482;25
409;483;25
409;484;25
409;485;25
409;486;25
409;487;29
409;488;29
409;489;29
409;490;29
409;491;29
409;492;20
409;493;20
409;494;20
409;495;20
409;496;20
409;497;20
409;498;20
409;499;20
410;0;30
410;1;30
410;2;30
410;3;30
410;4;30
410;5;30
410;6;30
410;7;5
410;8;5
410;9;5
410;10;5
410;11;5
410;12;5
410;13;5
410;14;5
410;15;5
410;16;5
410;17;5
410;18;5
410;19;5
410;20;5
410;21;5
410;22;5
410;23;5
410;24;5
410;25;5
410;26;5
410;27;18
410;28;18
410;29;18
410;30;18
410;31;18
410;32;18
410;33;18
410;34;18
410;35;18
410;36;18
410;37;18
410;38;18
410;39;18
410;40;18
410;41;18
410;42;18
410;43;18
410;44;18
410;45;18
410;46;18
410;47;18
410;48;22
410;49;22
410;50;22
410;51;22
410;52;22
410;53;22
410;54;22
410;55;22
410;56;22
410;57;22
410;58;22
410;59;22
410;60;22
410;61;22
410;62;22
410;63;2
410;64;2
410;65;2
410;66;2
410;67;2
410;68;31
410;69;31
410;70;31
410;71;31
410;72;31
410;73;31
410;74;31
410;75;31
410;76;31
410;77;31
410;78;31
410;79;31
410;80;31
410;81;31
410;82;31
410;83;31
410;84;31
410;85;31
410;86;31
410;87;31
410;88;49
410;89;49
410;90;49
410;91;49
410;92;49
410;93;49
410;94;49
410;95;49
410;96;49
410;97;49
410;98;49
410;99;49
410;100;49
410;101;49
410;102;49
410;103;49
410;104;49
410;105;49
410;106;49
410;107;49
410;108;49
410;109;49
410;110;49
410;111;49
410;112;49
410;113;49
410;114;49
410;115;49
410;116;14
410;117;14
410;118;14
410;119;14
410;120;14
410;121;14
410;122;14
410;123;14
410;124;14
410;125;14
410;126;14
410;127;14
410;128;14
410;129;14
410;130;14
410;131;14
410;132;14
410;133;18
410;134;18
410;135;18
410;136;18
410;137;18
410;138;18
410;139;18
410;140;18
410;141;18
410;142;18
410;143;18
410;144;18
410;145;18
410;146;18
410;147;18
410;148;18
410;149;18
410;150;18
410;151;18
410;152;18
410;153;18
410;154;18
410;155;18
410;156;18
410;157;18
410;158;18
410;159;18
410;160;18
410;161;37
410;162;37
410;163;37
410;164;37
410;165;37
410;166;37
410;167;37
410;168;37
410;169;37
410;170;37
410;171;26
410;172;26
410;173;26
410;174;26
410;175;26
410;176;26
410;177;26
410;178;26
410;179;26
410;180;26
410;181;26
410;182;26
410;183;26
410;184;26
410;185;26
410;186;26
410;187;26
410;188;26
410;189;26
410;190;26
410;191;26
410;192;26
410;193;26
410;194;26
410;195;26
410;196;26
410;197;26
410;198;10
410;199;10
410;200;10
410;201;10
410;202;10
410;203;10
410;204;10
410;205;10
410;206;10
410;207;10
410;208;10
410;209;10
410;210;10
410;211;10
410;212;10
410;213;10
410;214;10
410;215;10
410;216;10
410;217;10
410;218;10
410;219;10
410;220;10
410;221;10
410;222;10
410;223;10
410;224;10
410;225;10
410;226;49
410;227;49
410;228;49
410;229;49
410;230;49
410;231;49
410;232;49
410;233;49
410;234;49
410;235;49
410;236;49
410;237;49
410;238;49
410;239;49
410;240;49
410;241;49
410;242;49
410;243;49
410;244;49
410;245;49
410;246;49
410;247;49
410;248;49
410;249;49
410;250;49
410;251;49
410;252;49
410;253;49
410;254;49
410;255;49
410;256;49
410;257;27
410;258;27
410;259;27
410;260;27
410;261;27
410;262;27
410;263;27
410;264;27
410;265;27
410;266;27
410;267;27
410;268;27
410;269;27
410;270;27
410;271;27
410;272;27
410;273;27
410;274;27
410;275;27
410;276;27
410;277;27
410;278;27
410;279;27
410;280;27
410;281;27
410;282;27
410;283;27
410;284;27
410;285;27
410;286;27
410;287;27
410;288;26
410;289;26
410;290;26
410;291;26
410;292;26
410;293;26
410;294;26
410;295;26
410;296;26
410;297;26
410;298;26
410;299;26
410;300;26
410;301;26
410;302;26
410;303;26
410;304;26
410;305;26
410;306;26
410;307;26
410;308;26
410;309;26
410;310;26
410;311;16
410;312;16
410;313;16
410;314;16
410;315;16
410;316;16
410;317;16
410;318;16
410;319;16
410;320;16
410;321;16
410;322;36
410;323;36
410;324;36
410;325;36
410;326;36
410;327;36
410;328;36
410;329;36
410;330;36
410;331;36
410;332;36
410;333;36
410;334;36
410;335;36
410;336;24
410;337;24
410;338;24
410;339;24
410;340;24
410;341;24
410;342;24
410;343;24
410;344;24
410;345;24
410;346;24
410;347;24
410;348;24
410;349;24
410;350;24
410;351;24
410;352;24
410;353;24
410;354;29
410;355;29
410;356;29
410;357;29
410;358;29
410;359;29
410;360;29
410;361;29
410;362;29
410;363;29
410;364;29
410;365;29
410;366;29
410;367;29
410;368;29
410;369;29
410;370;29
410;371;29
410;372;36
410;373;36
410;374;36
410;375;36
410;376;36
410;377;36
410;378;36
410;379;36
410;380;36
410;381;36
410;382;36
410;383;36
410;384;36
410;385;36
410;386;36
410;387;36
410;388;36
410;389;36
410;390;36
410;391;36
410;392;36
410;393;36
410;394;36
410;395;36
410;396;8
410;397;8
410;398;8
410;399;8
410;400;8
410;401;8
410;402;8
410;403;8
410;404;8
410;405;5
410;406;5
410;407;5
410;408;5
410;409;5
410;410;5
410;411;5
410;412;5
410;413;5
410;414;5
410;415;5
410;416;39
410;417;39
410;418;39
410;419;39
410;420;39
410;421;39
410;422;39
410;423;39
410;424;39
410;425;39
410;426;39
410;427;39
410;428;39
410;429;39
410;430;39
410;431;39
410;432;39
410;433;39
410;434;2
410;435;2
410;436;2
410;437;2
410;438;2
410;439;2
410;440;2
410;441;2
410;442;2
410;443;2
410;444;2
410;445;19
410;446;19
410;447;19
410;448;19
410;449;19
410;450;19
410;451;19
410;452;19
410;453;19
410;454;19
410;455;19
410;456;19
410;457;19
410;458;19
410;459;19
410;460;19
410;461;19
410;462;25
410;463;25
410;464;25
410;465;25
410;466;25
410;467;25
410;468;25
410;469;25
410;470;25
410;471;25
410;472;25
410;473;25
410;474;25
410;475;25
410;476;25
410;477;25
410;478;25
410;479;25
410;480;25
410;481;25
410;482;25
410;483;25
410;484;25
410;485;25
410;486;25
410;487;25
410;488;25
410;489;29
410;490;29
410;491;29
410;492;20
410;493;20
410;494;20
410;495;20
410;496;20
410;497;20
410;498;20
410;499;20
411;0;30
411;1;30
411;2;30
411;3;30
411;4;30
411;5;30
411;6;30
411;7;30
411;8;5
411;9;5
411;10;5
411;11;5
411;12;5
411;13;5
411;14;5
411;15;5
411;16;5
411;17;5
411;18;5
411;19;5
411;20;5
411;21;5
411;22;5
411;23;5
411;24;5
411;25;5
411;26;5
411;27;5
411;28;18
411;29;18
411;30;18
411;31;18
411;32;18
411;33;18
411;34;18
411;35;18
411;36;18
411;37;18
411;38;18
411;39;18
411;40;18
411;41;18
411;42;18
411;43;18
411;44;18
411;45;18
411;46;18
411;47;18
411;48;18
411;49;22
411;50;22
411;51;22
411;52;22
411;53;22
411;54;22
411;55;22
411;56;22
411;57;22
411;58;22
411;59;22
411;60;22
411;61;22
411;62;22
411;63;2
411;64;2
411;65;2
411;66;2
411;67;2
411;68;31
411;69;31
411;70;31
411;71;31
411;72;31
411;73;31
411;74;31
411;75;31
411;76;31
411;77;31
411;78;31
411;79;31
411;80;31
411;81;31
411;82;31
411;83;31
411;84;31
411;85;31
411;86;31
411;87;31
411;88;31
411;89;49
411;90;49
411;91;49
411;92;49
411;93;49
411;94;49
411;95;49
411;96;49
411;97;49
411;98;49
411;99;49
411;100;49
411;101;49
411;102;49
411;103;49
411;104;49
411;105;49
411;106;49
411;107;49
411;108;49
411;109;49
411;110;49
411;111;49
411;112;49
411;113;49
411;114;49
411;115;49
411;116;49
411;117;49
411;118;18
411;119;18
411;120;18
411;121;18
411;122;18
411;123;18
411;124;18
411;125;18
411;126;18
411;127;18
411;128;18
411;129;18
411;130;18
411;131;18
411;132;18
411;133;18
411;134;18
411;135;18
411;136;18
411;137;18
411;138;18
411;139;18
411;140;18
411;141;18
411;142;18
411;143;18
411;144;18
411;145;18
411;146;18
411;147;18
411;148;18
411;149;18
411;150;18
411;151;18
411;152;18
411;153;18
411;154;18
411;155;18
411;156;18
411;157;18
411;158;18
411;159;18
411;160;18
411;161;18
411;162;18
411;163;37
411;164;37
411;165;37
411;166;37
411;167;37
411;168;37
411;169;37
411;170;37
411;171;37
411;172;26
411;173;26
411;174;26
411;175;26
411;176;26
411;177;26
411;178;26
411;179;26
411;180;26
411;181;26
411;182;26
411;183;26
411;184;26
411;185;26
411;186;26
411;187;26
411;188;26
411;189;26
411;190;26
411;191;26
411;192;26
411;193;26
411;194;26
411;195;26
411;196;26
411;197;26
411;198;26
411;199;10
411;200;10
411;201;10
411;202;10
411;203;10
411;204;10
411;205;10
411;206;10
411;207;10
411;208;10
411;209;10
411;210;10
411;211;10
411;212;10
411;213;10
411;214;10
411;215;10
411;216;10
411;217;10
411;218;10
411;219;10
411;220;10
411;221;10
411;222;10
411;223;10
411;224;10
411;225;10
411;226;10
411;227;49
411;228;49
411;229;49
411;230;49
411;231;49
411;232;49
411;233;49
411;234;49
411;235;49
411;236;49
411;237;49
411;238;49
411;239;49
411;240;49
411;241;49
411;242;49
411;243;49
411;244;49
411;245;49
411;246;49
411;247;49
411;248;49
411;249;49
411;250;49
411;251;49
411;252;49
411;253;49
411;254;49
411;255;49
411;256;49
411;257;49
411;258;27
411;259;27
411;260;27
411;261;27
411;262;27
411;263;27
411;264;27
411;265;27
411;266;27
411;267;27
411;268;27
411;269;27
411;270;27
411;271;27
411;272;27
411;273;27
411;274;27
411;275;27
411;276;27
411;277;27
411;278;27
411;279;27
411;280;27
411;281;27
411;282;27
411;283;27
411;284;27
411;285;27
411;286;27
411;287;27
411;288;27
411;289;26
411;290;26
411;291;26
411;292;26
411;293;26
411;294;26
411;295;26
411;296;26
411;297;26
411;298;26
411;299;26
411;300;26
411;301;26
411;302;26
411;303;26
411;304;26
411;305;26
411;306;26
411;307;26
411;308;26
411;309;26
411;310;26
411;311;16
411;312;16
411;313;16
411;314;16
411;315;16
411;316;16
411;317;16
411;318;16
411;319;16
411;320;16
411;321;16
411;322;36
411;323;36
411;324;36
411;325;36
411;326;36
411;327;36
411;328;36
411;329;36
411;330;36
411;331;36
411;332;36
411;333;36
411;334;36
411;335;36
411;336;36
411;337;24
411;338;24
411;339;24
411;340;24
411;341;24
411;342;24
411;343;24
411;344;24
411;345;24
411;346;24
411;347;24
411;348;24
411;349;24
411;350;24
411;351;24
411;352;24
411;353;24
411;354;24
411;355;29
411;356;29
411;357;29
411;358;29
411;359;29
411;360;29
411;361;29
411;362;29
411;363;29
411;364;29
411;365;29
411;366;29
411;367;29
411;368;29
411;369;29
411;370;29
411;371;29
411;372;36
411;373;36
411;374;36
411;375;36
411;376;36
411;377;36
411;378;36
411;379;36
411;380;36
411;381;36
411;382;36
411;383;36
411;384;36
411;385;36
411;386;36
411;387;36
411;388;36
411;389;36
411;390;36
411;391;36
411;392;36
411;393;36
411;394;36
411;395;36
411;396;36
411;397;36
411;398;8
411;399;8
411;400;8
411;401;8
411;402;8
411;403;8
411;404;8
411;405;8
411;406;5
411;407;5
411;408;5
411;409;5
411;410;5
411;411;5
411;412;5
411;413;5
411;414;5
411;415;5
411;416;39
411;417;39
411;418;39
411;419;39
411;420;39
411;421;39
411;422;39
411;423;39
411;424;39
411;425;39
411;426;39
411;427;39
411;428;39
411;429;39
411;430;39
411;431;39
411;432;39
411;433;39
411;434;2
411;435;2
411;436;2
411;437;2
411;438;2
411;439;2
411;440;2
411;441;2
411;442;2
411;443;2
411;444;2
411;445;2
411;446;19
411;447;19
411;448;19
411;449;19
411;450;19
411;451;19
411;452;19
411;453;19
411;454;19
411;455;19
411;456;19
411;457;19
411;458;19
411;459;19
411;460;19
411;461;19
411;462;19
411;463;25
411;464;25
411;465;25
411;466;25
411;467;25
411;468;25
411;469;25
411;470;25
411;471;25
411;472;25
411;473;25
411;474;25
411;475;25
411;476;25
411;477;25
411;478;25
411;479;25
411;480;25
411;481;25
411;482;25
411;483;25
411;484;25
411;485;25
411;486;25
411;487;25
411;488;25
411;489;25
411;490;29
411;491;29
411;492;20
411;493;20
411;494;20
411;495;20
411;496;20
411;497;20
411;498;20
411;499;20
412;0;30
412;1;30
412;2;30
412;3;30
412;4;30
412;5;30
412;6;30
412;7;30
412;8;30
412;9;5
412;10;5
412;11;5
412;12;5
412;13;5
412;14;5
412;15;5
412;16;5
412;17;5
412;18;5
412;19;5
412;20;5
412;21;5
412;22;5
412;23;5
412;24;5
412;25;5
412;26;5
412;27;5
412;28;5
412;29;5
412;30;18
412;31;18
412;32;18
412;33;18
412;34;18
412;35;18
412;36;18
412;37;18
412;38;18
412;39;18
412;40;18
412;41;18
412;42;18
412;43;18
412;44;18
412;45;18
412;46;18
412;47;18
412;48;18
412;49;22
412;50;22
412;51;22
412;52;22
412;53;22
412;54;22
412;55;22
412;56;22
412;57;22
412;58;22
412;59;22
412;60;22
412;61;22
412;62;22
412;63;2
412;64;2
412;65;2
412;66;2
412;67;2
412;68;31
412;69;31
412;70;31
412;71;31
412;72;31
412;73;31
412;74;31
412;75;31
412;76;31
412;77;31
412;78;31
412;79;31
412;80;31
412;81;31
412;82;31
412;83;31
412;84;31
412;85;31
412;86;31
412;87;31
412;88;31
412;89;49
412;90;49
412;91;49
412;92;49
412;93;49
412;94;49
412;95;49
412;96;49
412;97;49
412;98;49
412;99;49
412;100;49
412;101;49
412;102;49
412;103;49
412;104;49
412;105;49
412;106;49
412;107;49
412;108;49
412;109;49
412;110;49
412;111;49
412;112;49
412;113;49
412;114;49
412;115;49
412;116;49
412;117;49
412;118;49
412;119;49
412;120;18
412;121;18
412;122;18
412;123;18
412;124;18
412;125;18
412;126;18
412;127;18
412;128;18
412;129;18
412;130;18
412;131;18
412;132;18
412;133;18
412;134;18
412;135;18
412;136;18
412;137;18
412;138;18
412;139;18
412;140;18
412;141;18
412;142;18
412;143;18
412;144;18
412;145;18
412;146;18
412;147;18
412;148;18
412;149;18
412;150;18
412;151;18
412;152;18
412;153;18
412;154;18
412;155;18
412;156;18
412;157;18
412;158;18
412;159;18
412;160;18
412;161;18
412;162;18
412;163;18
412;164;37
412;165;37
412;166;37
412;167;37
412;168;37
412;169;37
412;170;37
412;171;37
412;172;26
412;173;26
412;174;26
412;175;26
412;176;26
412;177;26
412;178;26
412;179;26
412;180;26
412;181;26
412;182;26
412;183;26
412;184;26
412;185;26
412;186;26
412;187;26
412;188;26
412;189;26
412;190;26
412;191;26
412;192;26
412;193;26
412;194;26
412;195;26
412;196;26
412;197;26
412;198;26
412;199;26
412;200;10
412;201;10
412;202;10
412;203;10
412;204;10
412;205;10
412;206;10
412;207;10
412;208;10
412;209;10
412;210;10
412;211;10
412;212;10
412;213;10
412;214;10
412;215;10
412;216;10
412;217;10
412;218;10
412;219;10
412;220;10
412;221;10
412;222;10
412;223;10
412;224;10
412;225;10
412;226;10
412;227;10
412;228;49
412;229;49
412;230;49
412;231;49
412;232;49
412;233;49
412;234;49
412;235;49
412;236;49
412;237;49
412;238;49
412;239;49
412;240;49
412;241;49
412;242;49
412;243;49
412;244;49
412;245;49
412;246;49
412;247;49
412;248;49
412;249;49
412;250;49
412;251;49
412;252;49
412;253;49
412;254;49
412;255;49
412;256;49
412;257;49
412;258;27
412;259;27
412;260;27
412;261;27
412;262;27
412;263;27
412;264;27
412;265;27
412;266;27
412;267;27
412;268;27
412;269;27
412;270;27
412;271;27
412;272;27
412;273;27
412;274;27
412;275;27
412;276;27
412;277;27
412;278;27
412;279;27
412;280;27
412;281;27
412;282;27
412;283;27
412;284;27
412;285;27
412;286;27
412;287;27
412;288;27
412;289;26
412;290;26
412;291;26
412;292;26
412;293;26
412;294;26
412;295;26
412;296;26
412;297;26
412;298;26
412;299;26
412;300;26
412;301;26
412;302;26
412;303;26
412;304;26
412;305;26
412;306;26
412;307;26
412;308;26
412;309;26
412;310;26
412;311;16
412;312;16
412;313;16
412;314;16
412;315;16
412;316;16
412;317;16
412;318;16
412;319;16
412;320;16
412;321;16
412;322;16
412;323;36
412;324;36
412;325;36
412;326;36
412;327;36
412;328;36
412;329;36
412;330;36
412;331;36
412;332;36
412;333;36
412;334;36
412;335;36
412;336;36
412;337;36
412;338;24
412;339;24
412;340;24
412;341;24
412;342;24
412;343;24
412;344;24
412;345;24
412;346;24
412;347;24
412;348;24
412;349;24
412;350;24
412;351;24
412;352;24
412;353;24
412;354;24
412;355;24
412;356;29
412;357;29
412;358;29
412;359;29
412;360;29
412;361;29
412;362;29
412;363;29
412;364;29
412;365;29
412;366;29
412;367;29
412;368;29
412;369;29
412;370;29
412;371;12
412;372;12
412;373;36
412;374;36
412;375;36
412;376;36
412;377;36
412;378;36
412;379;36
412;380;36
412;381;36
412;382;36
412;383;36
412;384;36
412;385;36
412;386;36
412;387;36
412;388;36
412;389;36
412;390;36
412;391;36
412;392;36
412;393;36
412;394;36
412;395;36
412;396;36
412;397;36
412;398;36
412;399;36
412;400;8
412;401;8
412;402;8
412;403;8
412;404;8
412;405;8
412;406;8
412;407;5
412;408;5
412;409;5
412;410;5
412;411;5
412;412;5
412;413;5
412;414;5
412;415;5
412;416;5
412;417;39
412;418;39
412;419;39
412;420;39
412;421;39
412;422;39
412;423;39
412;424;39
412;425;39
412;426;39
412;427;39
412;428;39
412;429;39
412;430;39
412;431;39
412;432;39
412;433;39
412;434;2
412;435;2
412;436;2
412;437;2
412;438;2
412;439;2
412;440;2
412;441;2
412;442;2
412;443;2
412;444;2
412;445;2
412;446;2
412;447;19
412;448;19
412;449;19
412;450;19
412;451;19
412;452;19
412;453;19
412;454;19
412;455;19
412;456;19
412;457;19
412;458;19
412;459;19
412;460;19
412;461;19
412;462;19
412;463;19
412;464;25
412;465;25
412;466;25
412;467;25
412;468;25
412;469;25
412;470;25
412;471;25
412;472;25
412;473;25
412;474;25
412;475;25
412;476;25
412;477;25
412;478;25
412;479;25
412;480;25
412;481;25
412;482;25
412;483;25
412;484;25
412;485;25
412;486;25
412;487;25
412;488;25
412;489;51
412;490;51
412;491;51
412;492;20
412;493;20
412;494;20
412;495;20
412;496;20
412;497;20
412;498;20
412;499;20
413;0;30
413;1;30
413;2;30
413;3;30
413;4;30
413;5;30
413;6;30
413;7;30
413;8;30
413;9;30
413;10;5
413;11;5
413;12;5
413;13;5
413;14;5
413;15;5
413;16;5
413;17;5
413;18;5
413;19;5
413;20;5
413;21;5
413;22;5
413;23;5
413;24;5
413;25;5
413;26;5
413;27;5
413;28;5
413;29;5
413;30;5
413;31;5
413;32;18
413;33;18
413;34;18
413;35;18
413;36;18
413;37;18
413;38;18
413;39;18
413;40;18
413;41;18
413;42;18
413;43;18
413;44;18
413;45;18
413;46;18
413;47;18
413;48;18
413;49;22
413;50;22
413;51;22
413;52;22
413;53;22
413;54;22
413;55;22
413;56;22
413;57;22
413;58;22
413;59;22
413;60;22
413;61;22
413;62;22
413;63;2
413;64;2
413;65;2
413;66;2
413;67;2
413;68;31
413;69;31
413;70;31
413;71;31
413;72;31
413;73;31
413;74;31
413;75;31
413;76;31
413;77;31
413;78;31
413;79;31
413;80;31
413;81;31
413;82;31
413;83;31
413;84;31
413;85;31
413;86;31
413;87;31
413;88;31
413;89;31
413;90;49
413;91;49
413;92;49
413;93;49
413;94;49
413;95;49
413;96;49
413;97;49
413;98;49
413;99;49
413;100;49
413;101;49
413;102;49
413;103;49
413;104;49
413;105;49
413;106;49
413;107;49
413;108;49
413;109;49
413;110;49
413;111;49
413;112;49
413;113;49
413;114;49
413;115;49
413;116;49
413;117;49
413;118;49
413;119;49
413;120;49
413;121;18
413;122;18
413;123;18
413;124;18
413;125;18
413;126;18
413;127;18
413;128;18
413;129;18
413;130;18
413;131;18
413;132;18
413;133;18
413;134;18
413;135;18
413;136;18
413;137;18
413;138;18
413;139;18
413;140;18
413;141;18
413;142;18
413;143;18
413;144;18
413;145;18
413;146;18
413;147;18
413;148;18
413;149;18
413;150;18
413;151;18
413;152;18
413;153;18
413;154;18
413;155;18
413;156;18
413;157;18
413;158;18
413;159;18
413;160;18
413;161;18
413;162;18
413;163;18
413;164;18
413;165;37
413;166;37
413;167;37
413;168;37
413;169;37
413;170;37
413;171;37
413;172;37
413;173;26
413;174;26
413;175;26
413;176;26
413;177;26
413;178;26
413;179;26
413;180;26
413;181;26
413;182;26
413;183;26
413;184;26
413;185;26
413;186;26
413;187;26
413;188;26
413;189;26
413;190;26
413;191;26
413;192;26
413;193;26
413;194;26
413;195;26
413;196;26
413;197;26
413;198;26
413;199;26
413;200;26
413;201;23
413;202;23
413;203;23
413;204;23
413;205;23
413;206;23
413;207;10
413;208;10
413;209;10
413;210;10
413;211;10
413;212;10
413;213;10
413;214;10
413;215;10
413;216;10
413;217;10
413;218;10
413;219;10
413;220;10
413;221;10
413;222;10
413;223;10
413;224;10
413;225;10
413;226;10
413;227;10
413;228;10
413;229;49
413;230;49
413;231;49
413;232;49
413;233;49
413;234;49
413;235;49
413;236;49
413;237;49
413;238;49
413;239;49
413;240;49
413;241;49
413;242;49
413;243;49
413;244;49
413;245;49
413;246;49
413;247;49
413;248;49
413;249;49
413;250;49
413;251;49
413;252;49
413;253;49
413;254;49
413;255;49
413;256;49
413;257;49
413;258;49
413;259;27
413;260;27
413;261;27
413;262;27
413;263;27
413;264;27
413;265;27
413;266;27
413;267;27
413;268;27
413;269;27
413;270;27
413;271;27
413;272;27
413;273;27
413;274;27
413;275;27
413;276;27
413;277;27
413;278;27
413;279;27
413;280;27
413;281;27
413;282;27
413;283;27
413;284;27
413;285;27
413;286;27
413;287;27
413;288;27
413;289;27
413;290;26
413;291;26
413;292;26
413;293;26
413;294;26
413;295;26
413;296;26
413;297;26
413;298;26
413;299;26
413;300;26
413;301;26
413;302;26
413;303;26
413;304;26
413;305;26
413;306;26
413;307;26
413;308;26
413;309;26
413;310;26
413;311;16
413;312;16
413;313;16
413;314;16
413;315;16
413;316;16
413;317;16
413;318;16
413;319;16
413;320;16
413;321;16
413;322;16
413;323;16
413;324;36
413;325;36
413;326;36
413;327;36
413;328;36
413;329;36
413;330;36
413;331;36
413;332;36
413;333;36
413;334;36
413;335;36
413;336;36
413;337;36
413;338;36
413;339;24
413;340;24
413;341;24
413;342;24
413;343;24
413;344;24
413;345;24
413;346;24
413;347;24
413;348;24
413;349;24
413;350;24
413;351;24
413;352;24
413;353;24
413;354;24
413;355;24
413;356;24
413;357;29
413;358;29
413;359;29
413;360;29
413;361;29
413;362;29
413;363;12
413;364;12
413;365;12
413;366;12
413;367;12
413;368;12
413;369;12
413;370;12
413;371;12
413;372;12
413;373;12
413;374;36
413;375;36
413;376;36
413;377;36
413;378;36
413;379;36
413;380;36
413;381;36
413;382;36
413;383;36
413;384;36
413;385;36
413;386;36
413;387;36
413;388;36
413;389;36
413;390;36
413;391;36
413;392;36
413;393;36
413;394;36
413;395;36
413;396;36
413;397;36
413;398;36
413;399;36
413;400;36
413;401;36
413;402;8
413;403;8
413;404;8
413;405;8
413;406;8
413;407;8
413;408;5
413;409;5
413;410;5
413;411;5
413;412;5
413;413;5
413;414;5
413;415;5
413;416;5
413;417;39
413;418;39
413;419;39
413;420;39
413;421;39
413;422;39
413;423;39
413;424;39
413;425;39
413;426;39
413;427;39
413;428;39
413;429;39
413;430;39
413;431;39
413;432;39
413;433;39
413;434;2
413;435;2
413;436;2
413;437;2
413;438;2
413;439;2
413;440;2
413;441;2
413;442;2
413;443;2
413;444;2
413;445;2
413;446;2
413;447;2
413;448;19
413;449;19
413;450;19
413;451;19
413;452;19
413;453;19
413;454;19
413;455;19
413;456;19
413;457;19
413;458;19
413;459;19
413;460;19
413;461;19
413;462;19
413;463;19
413;464;19
413;465;25
413;466;25
413;467;25
413;468;25
413;469;25
413;470;25
413;471;25
413;472;25
413;473;25
413;474;25
413;475;25
413;476;25
413;477;25
413;478;25
413;479;25
413;480;25
413;481;25
413;482;25
413;483;25
413;484;25
413;485;25
413;486;25
413;487;25
413;488;51
413;489;51
413;490;51
413;491;51
413;492;51
413;493;20
413;494;20
413;495;20
413;496;20
413;497;20
413;498;20
413;499;20
414;0;30
414;1;30
414;2;30
414;3;30
414;4;30
414;5;30
414;6;30
414;7;30
414;8;30
414;9;30
414;10;30
414;11;5
414;12;5
414;13;5
414;14;5
414;15;5
414;16;5
414;17;5
414;18;5
414;19;5
414;20;5
414;21;5
414;22;5
414;23;5
414;24;5
414;25;5
414;26;5
414;27;5
414;28;5
414;29;5
414;30;5
414;31;5
414;32;5
414;33;18
414;34;18
414;35;18
414;36;18
414;37;18
414;38;18
414;39;18
414;40;18
414;41;18
414;42;18
414;43;18
414;44;18
414;45;18
414;46;18
414;47;18
414;48;18
414;49;22
414;50;22
414;51;22
414;52;22
414;53;22
414;54;22
414;55;22
414;56;22
414;57;22
414;58;22
414;59;22
414;60;22
414;61;22
414;62;2
414;63;2
414;64;2
414;65;2
414;66;2
414;67;2
414;68;31
414;69;31
414;70;31
414;71;31
414;72;31
414;73;31
414;74;31
414;75;31
414;76;31
414;77;31
414;78;31
414;79;31
414;80;31
414;81;31
414;82;31
414;83;31
414;84;31
414;85;31
414;86;31
414;87;31
414;88;31
414;89;31
414;90;49
414;91;49
414;92;49
414;93;49
414;94;49
414;95;49
414;96;49
414;97;49
414;98;49
414;99;49
414;100;49
414;101;49
414;102;49
414;103;49
414;104;49
414;105;49
414;106;49
414;107;49
414;108;49
414;109;49
414;110;49
414;111;49
414;112;49
414;113;49
414;114;49
414;115;49
414;116;49
414;117;49
414;118;49
414;119;49
414;120;49
414;121;6
414;122;18
414;123;18
414;124;18
414;125;18
414;126;18
414;127;18
414;128;18
414;129;18
414;130;18
414;131;18
414;132;18
414;133;18
414;134;18
414;135;18
414;136;18
414;137;18
414;138;18
414;139;18
414;140;18
414;141;18
414;142;18
414;143;18
414;144;18
414;145;18
414;146;18
414;147;18
414;148;18
414;149;18
414;150;18
414;151;18
414;152;18
414;153;18
414;154;18
414;155;18
414;156;18
414;157;18
414;158;18
414;159;18
414;160;18
414;161;18
414;162;18
414;163;18
414;164;18
414;165;18
414;166;37
414;167;37
414;168;37
414;169;37
414;170;37
414;171;37
414;172;37
414;173;26
414;174;26
414;175;26
414;176;26
414;177;26
414;178;26
414;179;26
414;180;26
414;181;26
414;182;26
414;183;26
414;184;26
414;185;26
414;186;26
414;187;26
414;188;26
414;189;26
414;190;26
414;191;26
414;192;26
414;193;26
414;194;26
414;195;26
414;196;26
414;197;26
414;198;26
414;199;26
414;200;26
414;201;23
414;202;23
414;203;23
414;204;23
414;205;23
414;206;23
414;207;23
414;208;10
414;209;10
414;210;10
414;211;10
414;212;10
414;213;10
414;214;10
414;215;10
414;216;10
414;217;10
414;218;10
414;219;10
414;220;10
414;221;10
414;222;10
414;223;10
414;224;10
414;225;10
414;226;10
414;227;10
414;228;10
414;229;10
414;230;49
414;231;49
414;232;49
414;233;49
414;234;49
414;235;49
414;236;49
414;237;49
414;238;49
414;239;49
414;240;49
414;241;49
414;242;49
414;243;49
414;244;49
414;245;49
414;246;49
414;247;49
414;248;49
414;249;49
414;250;49
414;251;49
414;252;49
414;253;49
414;254;49
414;255;49
414;256;49
414;257;49
414;258;49
414;259;27
414;260;27
414;261;27
414;262;27
414;263;27
414;264;27
414;265;27
414;266;27
414;267;27
414;268;27
414;269;27
414;270;27
414;271;27
414;272;27
414;273;27
414;274;27
414;275;27
414;276;27
414;277;27
414;278;27
414;279;27
414;280;27
414;281;27
414;282;27
414;283;27
414;284;27
414;285;27
414;286;27
414;287;27
414;288;27
414;289;27
414;290;26
414;291;26
414;292;26
414;293;26
414;294;26
414;295;26
414;296;26
414;297;26
414;298;26
414;299;26
414;300;26
414;301;26
414;302;26
414;303;26
414;304;26
414;305;26
414;306;26
414;307;26
414;308;26
414;309;26
414;310;26
414;311;26
414;312;16
414;313;16
414;314;16
414;315;16
414;316;16
414;317;16
414;318;16
414;319;16
414;320;16
414;321;16
414;322;16
414;323;16
414;324;16
414;325;36
414;326;36
414;327;36
414;328;36
414;329;36
414;330;36
414;331;36
414;332;36
414;333;36
414;334;36
414;335;36
414;336;36
414;337;36
414;338;36
414;339;36
414;340;24
414;341;24
414;342;24
414;343;24
414;344;24
414;345;24
414;346;24
414;347;24
414;348;24
414;349;24
414;350;24
414;351;24
414;352;24
414;353;24
414;354;24
414;355;24
414;356;24
414;357;24
414;358;29
414;359;29
414;360;29
414;361;29
414;362;12
414;363;12
414;364;12
414;365;12
414;366;12
414;367;12
414;368;12
414;369;12
414;370;12
414;371;12
414;372;12
414;373;12
414;374;12
414;375;36
414;376;36
414;377;36
414;378;36
414;379;36
414;380;36
414;381;36
414;382;36
414;383;36
414;384;36
414;385;36
414;386;36
414;387;36
414;388;36
414;389;36
414;390;36
414;391;36
414;392;36
414;393;36
414;394;36
414;395;36
414;396;36
414;397;36
414;398;36
414;399;36
414;400;36
414;401;36
414;402;36
414;403;36
414;404;8
414;405;8
414;406;8
414;407;8
414;408;8
414;409;5
414;410;5
414;411;5
414;412;5
414;413;5
414;414;5
414;415;5
414;416;5
414;417;5
414;418;39
414;419;39
414;420;39
414;421;39
414;422;39
414;423;39
414;424;39
414;425;39
414;426;39
414;427;39
414;428;39
414;429;39
414;430;39
414;431;39
414;432;39
414;433;39
414;434;2
414;435;2
414;436;2
414;437;2
414;438;2
414;439;2
414;440;2
414;441;2
414;442;2
414;443;2
414;444;2
414;445;2
414;446;2
414;447;2
414;448;19
414;449;19
414;450;19
414;451;19
414;452;19
414;453;19
414;454;19
414;455;19
414;456;19
414;457;19
414;458;19
414;459;19
414;460;19
414;461;19
414;462;19
414;463;19
414;464;19
414;465;19
414;466;25
414;467;25
414;468;25
414;469;25
414;470;25
414;471;25
414;472;25
414;473;25
414;474;25
414;475;25
414;476;25
414;477;25
414;478;25
414;479;25
414;480;25
414;481;25
414;482;25
414;483;25
414;484;25
414;485;25
414;486;25
414;487;51
414;488;51
414;489;51
414;490;51
414;491;51
414;492;51
414;493;51
414;494;20
414;495;20
414;496;20
414;497;20
414;498;20
414;499;20
415;0;30
415;1;30
415;2;30
415;3;30
415;4;30
415;5;30
415;6;30
415;7;30
415;8;30
415;9;30
415;10;30
415;11;30
415;12;5
415;13;5
415;14;5
415;15;5
415;16;5
415;17;5
415;18;5
415;19;5
415;20;5
415;21;5
415;22;5
415;23;5
415;24;5
415;25;5
415;26;5
415;27;5
415;28;5
415;29;5
415;30;5
415;31;5
415;32;5
415;33;5
415;34;18
415;35;18
415;36;18
415;37;18
415;38;18
415;39;18
415;40;18
415;41;18
415;42;18
415;43;18
415;44;18
415;45;18
415;46;18
415;47;18
415;48;18
415;49;18
415;50;22
415;51;22
415;52;22
415;53;22
415;54;22
415;55;22
415;56;22
415;57;22
415;58;22
415;59;22
415;60;22
415;61;22
415;62;2
415;63;2
415;64;2
415;65;2
415;66;2
415;67;2
415;68;31
415;69;31
415;70;31
415;71;31
415;72;31
415;73;31
415;74;31
415;75;31
415;76;31
415;77;31
415;78;31
415;79;31
415;80;31
415;81;31
415;82;31
415;83;31
415;84;31
415;85;31
415;86;31
415;87;31
415;88;31
415;89;31
415;90;31
415;91;49
415;92;49
415;93;49
415;94;49
415;95;49
415;96;49
415;97;49
415;98;49
415;99;49
415;100;49
415;101;49
415;102;49
415;103;49
415;104;49
415;105;49
415;106;49
415;107;49
415;108;49
415;109;49
415;110;49
415;111;49
415;112;49
415;113;49
415;114;49
415;115;49
415;116;49
415;117;49
415;118;49
415;119;49
415;120;49
415;121;6
415;122;6
415;123;6
415;124;18
415;125;18
415;126;18
415;127;18
415;128;18
415;129;18
415;130;18
415;131;18
415;132;18
415;133;18
415;134;18
415;135;18
415;136;18
415;137;18
415;138;18
415;139;18
415;140;18
415;141;18
415;142;18
415;143;18
415;144;18
415;145;18
415;146;18
415;147;18
415;148;18
415;149;18
415;150;18
415;151;18
415;152;18
415;153;18
415;154;18
415;155;18
415;156;18
415;157;18
415;158;18
415;159;18
415;160;18
415;161;18
415;162;18
415;163;18
415;164;18
415;165;18
415;166;18
415;167;37
415;168;37
415;169;37
415;170;37
415;171;37
415;172;37
415;173;26
415;174;26
415;175;26
415;176;26
415;177;26
415;178;26
415;179;26
415;180;26
415;181;26
415;182;26
415;183;26
415;184;26
415;185;26
415;186;26
415;187;26
415;188;26
415;189;26
415;190;26
415;191;26
415;192;26
415;193;26
415;194;26
415;195;26
415;196;26
415;197;26
415;198;26
415;199;26
415;200;26
415;201;23
415;202;23
415;203;23
415;204;23
415;205;23
415;206;23
415;207;23
415;208;23
415;209;10
415;210;10
415;211;10
415;212;10
415;213;10
415;214;10
415;215;10
415;216;10
415;217;10
415;218;10
415;219;10
415;220;10
415;221;10
415;222;10
415;223;10
415;224;10
415;225;10
415;226;10
415;227;10
415;228;10
415;229;10
415;230;10
415;231;49
415;232;49
415;233;49
415;234;49
415;235;49
415;236;49
415;237;49
415;238;49
415;239;49
415;240;49
415;241;49
415;242;49
415;243;49
415;244;49
415;245;49
415;246;49
415;247;49
415;248;49
415;249;49
415;250;49
415;251;49
415;252;49
415;253;49
415;254;49
415;255;49
415;256;49
415;257;49
415;258;49
415;259;50
415;260;27
415;261;27
415;262;27
415;263;27
415;264;27
415;265;27
415;266;27
415;267;27
415;268;27
415;269;27
415;270;27
415;271;27
415;272;27
415;273;27
415;274;27
415;275;27
415;276;27
415;277;27
415;278;27
415;279;27
415;280;27
415;281;27
415;282;27
415;283;27
415;284;27
415;285;27
415;286;27
415;287;27
415;288;27
415;289;27
415;290;27
415;291;26
415;292;26
415;293;26
415;294;26
415;295;26
415;296;26
415;297;26
415;298;26
415;299;26
415;300;26
415;301;26
415;302;26
415;303;26
415;304;26
415;305;26
415;306;26
415;307;26
415;308;26
415;309;26
415;310;26
415;311;26
415;312;16
415;313;16
415;314;16
415;315;16
415;316;16
415;317;16
415;318;16
415;319;16
415;320;16
415;321;16
415;322;16
415;323;16
415;324;16
415;325;36
415;326;36
415;327;36
415;328;36
415;329;36
415;330;36
415;331;36
415;332;36
415;333;36
415;334;36
415;335;36
415;336;36
415;337;36
415;338;36
415;339;36
415;340;36
415;341;24
415;342;24
415;343;24
415;344;24
415;345;24
415;346;24
415;347;24
415;348;24
415;349;24
415;350;24
415;351;24
415;352;24
415;353;24
415;354;24
415;355;24
415;356;24
415;357;24
415;358;24
415;359;29
415;360;29
415;361;12
415;362;12
415;363;12
415;364;12
415;365;12
415;366;12
415;367;12
415;368;12
415;369;12
415;370;12
415;371;12
415;372;12
415;373;12
415;374;12
415;375;12
415;376;36
415;377;36
415;378;36
415;379;36
415;380;36
415;381;36
415;382;36
415;383;36
415;384;36
415;385;36
415;386;36
415;387;36
415;388;36
415;389;36
415;390;36
415;391;36
415;392;36
415;393;36
415;394;36
415;395;36
415;396;36
415;397;36
415;398;36
415;399;36
415;400;36
415;401;36
415;402;36
415;403;36
415;404;36
415;405;36
415;406;36
415;407;36
415;408;36
415;409;36
415;410;5
415;411;5
415;412;5
415;413;5
415;414;5
415;415;5
415;416;5
415;417;5
415;418;39
415;419;39
415;420;39
415;421;39
415;422;39
415;423;39
415;424;39
415;425;39
415;426;39
415;427;39
415;428;39
415;429;39
415;430;39
415;431;39
415;432;39
415;433;2
415;434;2
415;435;2
415;436;2
415;437;2
415;438;2
415;439;2
415;440;2
415;441;2
415;442;2
415;443;2
415;444;2
415;445;2
415;446;2
415;447;2
415;448;2
415;449;19
415;450;19
415;451;19
415;452;19
415;453;19
415;454;19
415;455;19
415;456;19
415;457;19
415;458;19
415;459;19
415;460;19
415;461;19
415;462;19
415;463;19
415;464;19
415;465;19
415;466;19
415;467;25
415;468;25
415;469;25
415;470;25
415;471;25
415;472;25
415;473;25
415;474;25
415;475;25
415;476;25
415;477;25
415;478;25
415;479;25
415;480;25
415;481;25
415;482;25
415;483;25
415;484;25
415;485;25
415;486;51
415;487;51
415;488;51
415;489;51
415;490;51
415;491;51
415;492;51
415;493;51
415;494;51
415;495;20
415;496;20
415;497;20
415;498;20
415;499;20
416;0;30
416;1;30
416;2;30
416;3;30
416;4;30
416;5;30
416;6;30
416;7;30
416;8;30
416;9;30
416;10;30
416;11;30
416;12;30
416;13;5
416;14;5
416;15;5
416;16;5
416;17;5
416;18;5
416;19;5
416;20;5
416;21;5
416;22;5
416;23;5
416;24;5
416;25;5
416;26;5
416;27;5
416;28;5
416;29;5
416;30;5
416;31;5
416;32;5
416;33;5
416;34;5
416;35;18
416;36;18
416;37;18
416;38;18
416;39;18
416;40;18
416;41;18
416;42;18
416;43;18
416;44;18
416;45;18
416;46;18
416;47;18
416;48;18
416;49;18
416;50;22
416;51;22
416;52;22
416;53;22
416;54;22
416;55;22
416;56;22
416;57;22
416;58;22
416;59;22
416;60;22
416;61;2
416;62;2
416;63;2
416;64;2
416;65;2
416;66;2
416;67;2
416;68;31
416;69;31
416;70;31
416;71;31
416;72;31
416;73;31
416;74;31
416;75;31
416;76;31
416;77;31
416;78;31
416;79;31
416;80;31
416;81;31
416;82;31
416;83;31
416;84;31
416;85;31
416;86;31
416;87;31
416;88;31
416;89;31
416;90;31
416;91;49
416;92;49
416;93;49
416;94;49
416;95;49
416;96;49
416;97;49
416;98;49
416;99;49
416;100;49
416;101;49
416;102;49
416;103;49
416;104;49
416;105;49
416;106;49
416;107;49
416;108;49
416;109;49
416;110;49
416;111;49
416;112;49
416;113;49
416;114;49
416;115;49
416;116;49
416;117;49
416;118;49
416;119;49
416;120;49
416;121;6
416;122;6
416;123;6
416;124;6
416;125;6
416;126;18
416;127;18
416;128;18
416;129;18
416;130;18
416;131;18
416;132;18
416;133;18
416;134;18
416;135;18
416;136;18
416;137;18
416;138;18
416;139;18
416;140;18
416;141;18
416;142;18
416;143;18
416;144;18
416;145;18
416;146;18
416;147;18
416;148;18
416;149;18
416;150;18
416;151;18
416;152;18
416;153;18
416;154;18
416;155;18
416;156;18
416;157;18
416;158;18
416;159;18
416;160;18
416;161;18
416;162;18
416;163;18
416;164;18
416;165;18
416;166;18
416;167;18
416;168;37
416;169;37
416;170;37
416;171;37
416;172;37
416;173;26
416;174;26
416;175;26
416;176;26
416;177;26
416;178;26
416;179;26
416;180;26
416;181;26
416;182;26
416;183;26
416;184;26
416;185;26
416;186;26
416;187;26
416;188;26
416;189;26
416;190;26
416;191;26
416;192;26
416;193;26
416;194;26
416;195;26
416;196;26
416;197;26
416;198;26
416;199;26
416;200;26
416;201;23
416;202;23
416;203;23
416;204;23
416;205;23
416;206;23
416;207;23
416;208;23
416;209;23
416;210;10
416;211;10
416;212;10
416;213;10
416;214;10
416;215;10
416;216;10
416;217;10
416;218;10
416;219;10
416;220;10
416;221;10
416;222;10
416;223;10
416;224;10
416;225;10
416;226;10
416;227;10
416;228;10
416;229;10
416;230;10
416;231;10
416;232;49
416;233;49
416;234;49
416;235;49
416;236;49
416;237;49
416;238;49
416;239;49
416;240;49
416;241;49
416;242;49
416;243;49
416;244;49
416;245;49
416;246;49
416;247;49
416;248;49
416;249;49
416;250;49
416;251;49
416;252;49
416;253;49
416;254;49
416;255;49
416;256;49
416;257;49
416;258;50
416;259;50
416;260;50
416;261;50
416;262;27
416;263;27
416;264;27
416;265;27
416;266;27
416;267;27
416;268;27
416;269;27
416;270;27
416;271;27
416;272;27
416;273;27
416;274;27
416;275;27
416;276;27
416;277;27
416;278;27
416;279;27
416;280;27
416;281;27
416;282;27
416;283;27
416;284;27
416;285;27
416;286;27
416;287;27
416;288;27
416;289;27
416;290;27
416;291;26
416;292;26
416;293;26
416;294;26
416;295;26
416;296;26
416;297;26
416;298;26
416;299;26
416;300;26
416;301;26
416;302;26
416;303;26
416;304;26
416;305;26
416;306;26
416;307;26
416;308;26
416;309;26
416;310;26
416;311;26
416;312;26
416;313;16
416;314;16
416;315;16
416;316;16
416;317;16
416;318;16
416;319;16
416;320;16
416;321;16
416;322;16
416;323;16
416;324;16
416;325;16
416;326;36
416;327;36
416;328;36
416;329;36
416;330;36
416;331;36
416;332;36
416;333;36
416;334;36
416;335;36
416;336;36
416;337;36
416;338;36
416;339;36
416;340;36
416;341;36
416;342;24
416;343;24
416;344;24
416;345;24
416;346;24
416;347;24
416;348;24
416;349;24
416;350;24
416;351;24
416;352;24
416;353;24
416;354;24
416;355;24
416;356;24
416;357;24
416;358;24
416;359;24
416;360;12
416;361;12
416;362;12
416;363;12
416;364;12
416;365;12
416;366;12
416;367;12
416;368;12
416;369;12
416;370;12
416;371;12
416;372;12
416;373;12
416;374;12
416;375;12
416;376;12
416;377;36
416;378;36
416;379;36
416;380;36
416;381;36
416;382;36
416;383;36
416;384;36
416;385;36
416;386;36
416;387;36
416;388;36
416;389;36
416;390;36
416;391;36
416;392;36
416;393;36
416;394;36
416;395;36
416;396;36
416;397;36
416;398;36
416;399;36
416;400;36
416;401;36
416;402;36
416;403;36
416;404;36
416;405;36
416;406;36
416;407;36
416;408;36
416;409;36
416;410;36
416;411;36
416;412;5
416;413;5
416;414;5
416;415;5
416;416;5
416;417;5
416;418;39
416;419;39
416;420;39
416;421;39
416;422;39
416;423;39
416;424;39
416;425;39
416;426;39
416;427;39
416;428;39
416;429;39
416;430;39
416;431;39
416;432;39
416;433;2
416;434;2
416;435;2
416;436;2
416;437;2
416;438;2
416;439;2
416;440;2
416;441;2
416;442;2
416;443;2
416;444;2
416;445;2
416;446;2
416;447;2
416;448;2
416;449;19
416;450;19
416;451;19
416;452;19
416;453;19
416;454;19
416;455;19
416;456;19
416;457;19
416;458;19
416;459;19
416;460;19
416;461;19
416;462;19
416;463;19
416;464;19
416;465;19
416;466;19
416;467;19
416;468;25
416;469;25
416;470;25
416;471;25
416;472;25
416;473;25
416;474;25
416;475;25
416;476;25
416;477;25
416;478;25
416;479;25
416;480;25
416;481;25
416;482;25
416;483;51
416;484;51
416;485;51
416;486;51
416;487;51
416;488;51
416;489;51
416;490;51
416;491;51
416;492;51
416;493;51
416;494;51
416;495;51
416;496;20
416;497;20
416;498;20
416;499;20
417;0;30
417;1;30
417;2;30
417;3;30
417;4;30
417;5;30
417;6;30
417;7;30
417;8;30
417;9;30
417;10;30
417;11;30
417;12;30
417;13;30
417;14;5
417;15;5
417;16;5
417;17;5
417;18;5
417;19;5
417;20;5
417;21;5
417;22;5
417;23;5
417;24;5
417;25;5
417;26;5
417;27;5
417;28;5
417;29;5
417;30;5
417;31;5
417;32;5
417;33;5
417;34;5
417;35;5
417;36;18
417;37;18
417;38;18
417;39;18
417;40;18
417;41;18
417;42;18
417;43;18
417;44;18
417;45;18
417;46;18
417;47;18
417;48;18
417;49;18
417;50;18
417;51;22
417;52;22
417;53;22
417;54;22
417;55;22
417;56;22
417;57;22
417;58;22
417;59;22
417;60;22
417;61;2
417;62;2
417;63;2
417;64;2
417;65;2
417;66;2
417;67;31
417;68;31
417;69;31
417;70;31
417;71;31
417;72;31
417;73;31
417;74;31
417;75;31
417;76;31
417;77;31
417;78;31
417;79;31
417;80;31
417;81;31
417;82;31
417;83;31
417;84;31
417;85;31
417;86;31
417;87;31
417;88;31
417;89;31
417;90;31
417;91;31
417;92;49
417;93;49
417;94;49
417;95;49
417;96;49
417;97;49
417;98;49
417;99;49
417;100;49
417;101;49
417;102;49
417;103;49
417;104;49
417;105;49
417;106;49
417;107;49
417;108;49
417;109;49
417;110;49
417;111;49
417;112;49
417;113;49
417;114;49
417;115;49
417;116;49
417;117;49
417;118;49
417;119;49
417;120;49
417;121;6
417;122;6
417;123;6
417;124;6
417;125;6
417;126;6
417;127;18
417;128;18
417;129;18
417;130;18
417;131;18
417;132;18
417;133;18
417;134;18
417;135;18
417;136;18
417;137;18
417;138;18
417;139;18
417;140;18
417;141;18
417;142;18
417;143;18
417;144;18
417;145;18
417;146;18
417;147;18
417;148;18
417;149;18
417;150;18
417;151;18
417;152;18
417;153;18
417;154;18
417;155;18
417;156;18
417;157;18
417;158;18
417;159;18
417;160;18
417;161;18
417;162;18
417;163;18
417;164;18
417;165;18
417;166;18
417;167;18
417;168;18
417;169;37
417;170;37
417;171;37
417;172;37
417;173;26
417;174;26
417;175;26
417;176;26
417;177;26
417;178;26
417;179;26
417;180;26
417;181;26
417;182;26
417;183;26
417;184;26
417;185;26
417;186;26
417;187;26
417;188;26
417;189;26
417;190;26
417;191;26
417;192;26
417;193;26
417;194;26
417;195;26
417;196;26
417;197;26
417;198;26
417;199;26
417;200;26
417;201;23
417;202;23
417;203;23
417;204;23
417;205;23
417;206;23
417;207;23
417;208;23
417;209;23
417;210;23
417;211;10
417;212;10
417;213;10
417;214;10
417;215;10
417;216;10
417;217;10
417;218;10
417;219;10
417;220;10
417;221;10
417;222;10
417;223;10
417;224;10
417;225;10
417;226;10
417;227;10
417;228;10
417;229;10
417;230;10
417;231;10
417;232;10
417;233;49
417;234;49
417;235;49
417;236;49
417;237;49
417;238;49
417;239;49
417;240;49
417;241;49
417;242;49
417;243;49
417;244;49
417;245;49
417;246;49
417;247;49
417;248;49
417;249;49
417;250;49
417;251;49
417;252;49
417;253;49
417;254;49
417;255;49
417;256;49
417;257;49
417;258;50
417;259;50
417;260;50
417;261;50
417;262;50
417;263;50
417;264;27
417;265;27
417;266;27
417;267;27
417;268;27
417;269;27
417;270;27
417;271;27
417;272;27
417;273;27
417;274;27
417;275;27
417;276;27
417;277;27
417;278;27
417;279;27
417;280;27
417;281;27
417;282;27
417;283;27
417;284;27
417;285;27
417;286;27
417;287;27
417;288;27
417;289;27
417;290;27
417;291;27
417;292;26
417;293;26
417;294;26
417;295;26
417;296;26
417;297;26
417;298;26
417;299;26
417;300;26
417;301;26
417;302;26
417;303;26
417;304;26
417;305;26
417;306;26
417;307;26
417;308;26
417;309;26
417;310;26
417;311;26
417;312;26
417;313;16
417;314;16
417;315;16
417;316;16
417;317;16
417;318;16
417;319;16
417;320;16
417;321;16
417;322;16
417;323;16
417;324;16
417;325;16
417;326;36
417;327;36
417;328;36
417;329;36
417;330;36
417;331;36
417;332;36
417;333;36
417;334;36
417;335;36
417;336;36
417;337;36
417;338;36
417;339;36
417;340;36
417;341;36
417;342;36
417;343;24
417;344;24
417;345;24
417;346;24
417;347;24
417;348;24
417;349;24
417;350;24
417;351;24
417;352;24
417;353;24
417;354;24
417;355;24
417;356;24
417;357;24
417;358;24
417;359;24
417;360;12
417;361;12
417;362;12
417;363;12
417;364;12
417;365;12
417;366;12
417;367;12
417;368;12
417;369;12
417;370;12
417;371;12
417;372;12
417;373;12
417;374;12
417;375;12
417;376;12
417;377;12
417;378;12
417;379;36
417;380;36
417;381;36
417;382;36
417;383;36
417;384;36
417;385;36
417;386;36
417;387;36
417;388;36
417;389;36
417;390;36
417;391;36
417;392;36
417;393;36
417;394;36
417;395;36
417;396;36
417;397;36
417;398;36
417;399;36
417;400;36
417;401;36
417;402;36
417;403;36
417;404;36
417;405;36
417;406;36
417;407;36
417;408;36
417;409;36
417;410;36
417;411;36
417;412;36
417;413;5
417;414;5
417;415;5
417;416;5
417;417;5
417;418;39
417;419;39
417;420;39
417;421;39
417;422;39
417;423;39
417;424;39
417;425;39
417;426;39
417;427;39
417;428;39
417;429;39
417;430;39
417;431;39
417;432;39
417;433;2
417;434;2
417;435;2
417;436;2
417;437;2
417;438;2
417;439;2
417;440;2
417;441;2
417;442;2
417;443;2
417;444;2
417;445;2
417;446;2
417;447;2
417;448;2
417;449;2
417;450;19
417;451;19
417;452;19
417;453;19
417;454;19
417;455;19
417;456;19
417;457;19
417;458;19
417;459;19
417;460;19
417;461;19
417;462;19
417;463;19
417;464;19
417;465;19
417;466;19
417;467;19
417;468;25
417;469;25
417;470;25
417;471;25
417;472;25
417;473;25
417;474;25
417;475;25
417;476;25
417;477;25
417;478;25
417;479;25
417;480;25
417;481;25
417;482;51
417;483;51
417;484;51
417;485;51
417;486;51
417;487;51
417;488;51
417;489;51
417;490;51
417;491;51
417;492;51
417;493;51
417;494;51
417;495;51
417;496;51
417;497;20
417;498;20
417;499;20
418;0;30
418;1;30
418;2;30
418;3;30
418;4;30
418;5;30
418;6;30
418;7;30
418;8;30
418;9;30
418;10;30
418;11;30
418;12;30
418;13;30
418;14;30
418;15;5
418;16;5
418;17;5
418;18;5
418;19;5
418;20;5
418;21;5
418;22;5
418;23;5
418;24;5
418;25;5
418;26;5
418;27;5
418;28;5
418;29;5
418;30;5
418;31;5
418;32;5
418;33;5
418;34;5
418;35;5
418;36;5
418;37;18
418;38;18
418;39;18
418;40;18
418;41;18
418;42;18
418;43;18
418;44;18
418;45;18
418;46;18
418;47;18
418;48;18
418;49;18
418;50;18
418;51;22
418;52;22
418;53;22
418;54;22
418;55;22
418;56;22
418;57;22
418;58;22
418;59;22
418;60;22
418;61;2
418;62;2
418;63;2
418;64;2
418;65;2
418;66;31
418;67;31
418;68;31
418;69;31
418;70;31
418;71;31
418;72;31
418;73;31
418;74;31
418;75;31
418;76;31
418;77;31
418;78;31
418;79;31
418;80;31
418;81;31
418;82;31
418;83;31
418;84;31
418;85;31
418;86;31
418;87;31
418;88;31
418;89;31
418;90;31
418;91;31
418;92;49
418;93;49
418;94;49
418;95;49
418;96;49
418;97;49
418;98;49
418;99;49
418;100;49
418;101;49
418;102;49
418;103;49
418;104;49
418;105;49
418;106;49
418;107;49
418;108;49
418;109;49
418;110;49
418;111;49
418;112;49
418;113;49
418;114;49
418;115;49
418;116;49
418;117;49
418;118;49
418;119;49
418;120;49
418;121;6
418;122;6
418;123;6
418;124;6
418;125;6
418;126;6
418;127;6
418;128;18
418;129;18
418;130;18
418;131;18
418;132;18
418;133;18
418;134;18
418;135;18
418;136;18
418;137;18
418;138;18
418;139;18
418;140;18
418;141;18
418;142;18
418;143;18
418;144;18
418;145;18
418;146;18
418;147;18
418;148;18
418;149;18
418;150;18
418;151;18
418;152;18
418;153;18
418;154;18
418;155;18
418;156;18
418;157;18
418;158;18
418;159;18
418;160;18
418;161;18
418;162;18
418;163;18
418;164;18
418;165;18
418;166;18
418;167;18
418;168;18
418;169;18
418;170;37
418;171;37
418;172;37
418;173;26
418;174;26
418;175;26
418;176;26
418;177;26
418;178;26
418;179;26
418;180;26
418;181;26
418;182;26
418;183;26
418;184;26
418;185;26
418;186;26
418;187;26
418;188;26
418;189;26
418;190;26
418;191;26
418;192;26
418;193;26
418;194;26
418;195;26
418;196;26
418;197;26
418;198;26
418;199;26
418;200;23
418;201;23
418;202;23
418;203;23
418;204;23
418;205;23
418;206;23
418;207;23
418;208;23
418;209;23
418;210;23
418;211;23
418;212;10
418;213;10
418;214;10
418;215;10
418;216;10
418;217;10
418;218;10
418;219;10
418;220;10
418;221;10
418;222;10
418;223;10
418;224;10
418;225;10
418;226;10
418;227;10
418;228;10
418;229;10
418;230;10
418;231;10
418;232;10
418;233;10
418;234;49
418;235;49
418;236;49
418;237;49
418;238;49
418;239;49
418;240;49
418;241;49
418;242;49
418;243;49
418;244;49
418;245;49
418;246;49
418;247;49
418;248;49
418;249;49
418;250;49
418;251;49
418;252;49
418;253;49
418;254;49
418;255;49
418;256;49
418;257;49
418;258;50
418;259;50
418;260;50
418;261;50
418;262;50
418;263;50
418;264;50
418;265;50
418;266;27
418;267;27
418;268;27
418;269;27
418;270;27
418;271;27
418;272;27
418;273;27
418;274;27
418;275;27
418;276;27
418;277;27
418;278;27
418;279;27
418;280;27
418;281;27
418;282;27
418;283;27
418;284;27
418;285;27
418;286;27
418;287;27
418;288;27
418;289;27
418;290;27
418;291;27
418;292;26
418;293;26
418;294;26
418;295;26
418;296;26
418;297;26
418;298;26
418;299;26
418;300;26
418;301;26
418;302;26
418;303;26
418;304;26
418;305;26
418;306;26
418;307;26
418;308;26
418;309;26
418;310;26
418;311;26
418;312;26
418;313;26
418;314;16
418;315;16
418;316;16
418;317;16
418;318;16
418;319;16
418;320;16
418;321;16
418;322;16
418;323;16
418;324;16
418;325;16
418;326;16
418;327;36
418;328;36
418;329;36
418;330;36
418;331;36
418;332;36
418;333;36
418;334;36
418;335;36
418;336;36
418;337;36
418;338;36
418;339;36
418;340;36
418;341;36
418;342;36
418;343;36
418;344;24
418;345;24
418;346;24
418;347;24
418;348;24
418;349;24
418;350;24
418;351;24
418;352;24
418;353;24
418;354;24
418;355;24
418;356;24
418;357;24
418;358;24
418;359;5
418;360;5
418;361;12
418;362;12
418;363;12
418;364;12
418;365;12
418;366;12
418;367;12
418;368;12
418;369;12
418;370;12
418;371;12
418;372;12
418;373;12
418;374;12
418;375;12
418;376;12
418;377;12
418;378;12
418;379;12
418;380;12
418;381;36
418;382;36
418;383;36
418;384;36
418;385;36
418;386;36
418;387;36
418;388;36
418;389;36
418;390;36
418;391;36
418;392;36
418;393;36
418;394;36
418;395;36
418;396;36
418;397;36
418;398;36
418;399;36
418;400;36
418;401;36
418;402;36
418;403;36
418;404;36
418;405;36
418;406;36
418;407;36
418;408;36
418;409;36
418;410;36
418;411;36
418;412;36
418;413;36
418;414;5
418;415;5
418;416;5
418;417;5
418;418;39
418;419;39
418;420;39
418;421;39
418;422;39
418;423;39
418;424;39
418;425;39
418;426;39
418;427;39
418;428;39
418;429;39
418;430;39
418;431;39
418;432;39
418;433;2
418;434;2
418;435;2
418;436;2
418;437;2
418;438;2
418;439;2
418;440;2
418;441;2
418;442;2
418;443;2
418;444;2
418;445;2
418;446;2
418;447;2
418;448;2
418;449;2
418;450;19
418;451;19
418;452;19
418;453;19
418;454;19
418;455;19
418;456;19
418;457;19
418;458;19
418;459;19
418;460;19
418;461;19
418;462;19
418;463;19
418;464;19
418;465;19
418;466;19
418;467;19
418;468;19
418;469;25
418;470;25
418;471;25
418;472;25
418;473;25
418;474;25
418;475;25
418;476;25
418;477;25
418;478;25
418;479;25
418;480;25
418;481;51
418;482;51
418;483;51
418;484;51
418;485;51
418;486;51
418;487;51
418;488;51
418;489;51
418;490;51
418;491;51
418;492;51
418;493;51
418;494;51
418;495;51
418;496;51
418;497;51
418;498;20
418;499;20
419;0;12
419;1;30
419;2;30
419;3;30
419;4;30
419;5;30
419;6;30
419;7;30
419;8;30
419;9;30
419;10;30
419;11;30
419;12;30
419;13;30
419;14;30
419;15;30
419;16;5
419;17;5
419;18;5
419;19;5
419;20;5
419;21;5
419;22;5
419;23;5
419;24;5
419;25;5
419;26;5
419;27;5
419;28;5
419;29;5
419;30;5
419;31;5
419;32;5
419;33;5
419;34;5
419;35;5
419;36;5
419;37;5
419;38;18
419;39;18
419;40;18
419;41;18
419;42;18
419;43;18
419;44;18
419;45;18
419;46;18
419;47;18
419;48;18
419;49;18
419;50;18
419;51;18
419;52;22
419;53;22
419;54;22
419;55;22
419;56;22
419;57;22
419;58;22
419;59;22
419;60;22
419;61;2
419;62;2
419;63;2
419;64;2
419;65;31
419;66;31
419;67;31
419;68;31
419;69;31
419;70;31
419;71;31
419;72;31
419;73;31
419;74;31
419;75;31
419;76;31
419;77;31
419;78;31
419;79;31
419;80;31
419;81;31
419;82;31
419;83;31
419;84;31
419;85;31
419;86;31
419;87;31
419;88;31
419;89;31
419;90;31
419;91;31
419;92;31
419;93;49
419;94;49
419;95;49
419;96;49
419;97;49
419;98;49
419;99;49
419;100;49
419;101;49
419;102;49
419;103;49
419;104;49
419;105;49
419;106;49
419;107;49
419;108;49
419;109;49
419;110;49
419;111;49
419;112;49
419;113;49
419;114;49
419;115;49
419;116;49
419;117;49
419;118;49
419;119;49
419;120;49
419;121;6
419;122;6
419;123;6
419;124;6
419;125;6
419;126;6
419;127;6
419;128;6
419;129;18
419;130;18
419;131;18
419;132;18
419;133;18
419;134;18
419;135;18
419;136;18
419;137;18
419;138;18
419;139;18
419;140;18
419;141;18
419;142;18
419;143;18
419;144;18
419;145;18
419;146;18
419;147;18
419;148;18
419;149;18
419;150;18
419;151;18
419;152;18
419;153;18
419;154;18
419;155;18
419;156;18
419;157;18
419;158;18
419;159;18
419;160;18
419;161;18
419;162;18
419;163;18
419;164;18
419;165;18
419;166;18
419;167;18
419;168;18
419;169;18
419;170;18
419;171;37
419;172;37
419;173;26
419;174;26
419;175;26
419;176;26
419;177;26
419;178;26
419;179;26
419;180;26
419;181;26
419;182;26
419;183;26
419;184;26
419;185;26
419;186;26
419;187;26
419;188;26
419;189;26
419;190;26
419;191;26
419;192;26
419;193;26
419;194;26
419;195;26
419;196;26
419;197;26
419;198;26
419;199;23
419;200;23
419;201;23
419;202;23
419;203;23
419;204;23
419;205;23
419;206;23
419;207;23
419;208;23
419;209;23
419;210;23
419;211;23
419;212;23
419;213;23
419;214;10
419;215;10
419;216;10
419;217;10
419;218;10
419;219;10
419;220;10
419;221;10
419;222;10
419;223;10
419;224;10
419;225;10
419;226;10
419;227;10
419;228;10
419;229;10
419;230;10
419;231;10
419;232;10
419;233;10
419;234;10
419;235;49
419;236;49
419;237;49
419;238;49
419;239;49
419;240;49
419;241;49
419;242;49
419;243;49
419;244;49
419;245;49
419;246;49
419;247;49
419;248;49
419;249;49
419;250;49
419;251;49
419;252;49
419;253;49
419;254;49
419;255;49
419;256;49
419;257;49
419;258;50
419;259;50
419;260;50
419;261;50
419;262;50
419;263;50
419;264;50
419;265;50
419;266;50
419;267;50
419;268;27
419;269;27
419;270;27
419;271;27
419;272;27
419;273;27
419;274;27
419;275;27
419;276;27
419;277;27
419;278;27
419;279;27
419;280;27
419;281;27
419;282;27
419;283;27
419;284;27
419;285;27
419;286;27
419;287;27
419;288;27
419;289;27
419;290;27
419;291;27
419;292;27
419;293;26
419;294;26
419;295;26
419;296;26
419;297;26
419;298;26
419;299;26
419;300;26
419;301;26
419;302;26
419;303;26
419;304;26
419;305;26
419;306;26
419;307;26
419;308;26
419;309;26
419;310;26
419;311;26
419;312;26
419;313;26
419;314;16
419;315;16
419;316;16
419;317;16
419;318;16
419;319;16
419;320;16
419;321;16
419;322;16
419;323;16
419;324;16
419;325;16
419;326;16
419;327;36
419;328;36
419;329;36
419;330;36
419;331;36
419;332;36
419;333;36
419;334;36
419;335;36
419;336;36
419;337;36
419;338;36
419;339;36
419;340;36
419;341;36
419;342;36
419;343;36
419;344;36
419;345;24
419;346;24
419;347;24
419;348;24
419;349;24
419;350;24
419;351;24
419;352;24
419;353;24
419;354;24
419;355;24
419;356;24
419;357;24
419;358;5
419;359;5
419;360;5
419;361;5
419;362;12
419;363;12
419;364;12
419;365;12
419;366;12
419;367;12
419;368;12
419;369;12
419;370;12
419;371;12
419;372;12
419;373;12
419;374;12
419;375;12
419;376;12
419;377;12
419;378;12
419;379;12
419;380;12
419;381;12
419;382;12
419;383;36
419;384;36
419;385;36
419;386;36
419;387;36
419;388;36
419;389;36
419;390;36
419;391;36
419;392;36
419;393;36
419;394;36
419;395;36
419;396;36
419;397;36
419;398;36
419;399;36
419;400;36
419;401;36
419;402;36
419;403;36
419;404;36
419;405;36
419;406;36
419;407;36
419;408;36
419;409;36
419;410;36
419;411;36
419;412;36
419;413;36
419;414;36
419;415;5
419;416;5
419;417;5
419;418;39
419;419;39
419;420;39
419;421;39
419;422;39
419;423;39
419;424;39
419;425;39
419;426;39
419;427;39
419;428;39
419;429;39
419;430;39
419;431;39
419;432;39
419;433;2
419;434;2
419;435;2
419;436;2
419;437;2
419;438;2
419;439;2
419;440;2
419;441;2
419;442;2
419;443;2
419;444;2
419;445;2
419;446;2
419;447;2
419;448;2
419;449;2
419;450;19
419;451;19
419;452;19
419;453;19
419;454;19
419;455;19
419;456;19
419;457;19
419;458;19
419;459;19
419;460;19
419;461;19
419;462;19
419;463;19
419;464;19
419;465;19
419;466;19
419;467;19
419;468;19
419;469;25
419;470;25
419;471;25
419;472;25
419;473;25
419;474;25
419;475;25
419;476;25
419;477;25
419;478;25
419;479;25
419;480;51
419;481;51
419;482;51
419;483;51
419;484;51
419;485;51
419;486;51
419;487;51
419;488;51
419;489;51
419;490;51
419;491;51
419;492;51
419;493;51
419;494;51
419;495;51
419;496;51
419;497;51
419;498;51
419;499;51
420;0;12
420;1;30
420;2;30
420;3;30
420;4;30
420;5;30
420;6;30
420;7;30
420;8;30
420;9;30
420;10;30
420;11;30
420;12;30
420;13;30
420;14;30
420;15;30
420;16;30
420;17;5
420;18;5
420;19;5
420;20;5
420;21;5
420;22;5
420;23;5
420;24;5
420;25;5
420;26;5
420;27;5
420;28;5
420;29;5
420;30;5
420;31;5
420;32;5
420;33;5
420;34;5
420;35;5
420;36;5
420;37;5
420;38;5
420;39;18
420;40;18
420;41;18
420;42;18
420;43;18
420;44;18
420;45;18
420;46;18
420;47;18
420;48;18
420;49;18
420;50;18
420;51;18
420;52;22
420;53;22
420;54;22
420;55;22
420;56;22
420;57;22
420;58;22
420;59;22
420;60;22
420;61;2
420;62;2
420;63;2
420;64;31
420;65;31
420;66;31
420;67;31
420;68;31
420;69;31
420;70;31
420;71;31
420;72;31
420;73;31
420;74;31
420;75;31
420;76;31
420;77;31
420;78;31
420;79;31
420;80;31
420;81;31
420;82;31
420;83;31
420;84;31
420;85;31
420;86;31
420;87;31
420;88;31
420;89;31
420;90;31
420;91;31
420;92;31
420;93;49
420;94;49
420;95;49
420;96;49
420;97;49
420;98;49
420;99;49
420;100;49
420;101;49
420;102;49
420;103;49
420;104;49
420;105;49
420;106;49
420;107;49
420;108;49
420;109;49
420;110;49
420;111;49
420;112;49
420;113;49
420;114;49
420;115;49
420;116;49
420;117;49
420;118;49
420;119;49
420;120;49
420;121;6
420;122;6
420;123;6
420;124;6
420;125;6
420;126;6
420;127;6
420;128;6
420;129;6
420;130;18
420;131;18
420;132;18
420;133;18
420;134;18
420;135;18
420;136;18
420;137;18
420;138;18
420;139;18
420;140;18
420;141;18
420;142;18
420;143;18
420;144;18
420;145;18
420;146;18
420;147;18
420;148;18
420;149;18
420;150;18
420;151;18
420;152;18
420;153;18
420;154;18
420;155;18
420;156;18
420;157;18
420;158;18
420;159;18
420;160;18
420;161;18
420;162;18
420;163;18
420;164;18
420;165;18
420;166;18
420;167;18
420;168;18
420;169;18
420;170;18
420;171;18
420;172;37
420;173;26
420;174;26
420;175;26
420;176;26
420;177;26
420;178;26
420;179;26
420;180;26
420;181;26
420;182;26
420;183;26
420;184;26
420;185;26
420;186;26
420;187;26
420;188;26
420;189;26
420;190;26
420;191;26
420;192;26
420;193;26
420;194;26
420;195;26
420;196;26
420;197;26
420;198;23
420;199;23
420;200;23
420;201;23
420;202;23
420;203;23
420;204;23
420;205;23
420;206;23
420;207;23
420;208;23
420;209;23
420;210;23
420;211;23
420;212;23
420;213;23
420;214;23
420;215;23
420;216;10
420;217;10
420;218;10
420;219;10
420;220;10
420;221;10
420;222;10
420;223;10
420;224;10
420;225;10
420;226;10
420;227;10
420;228;10
420;229;10
420;230;10
420;231;10
420;232;10
420;233;10
420;234;10
420;235;49
420;236;49
420;237;49
420;238;49
420;239;49
420;240;49
420;241;49
420;242;49
420;243;49
420;244;49
420;245;49
420;246;49
420;247;49
420;248;49
420;249;49
420;250;49
420;251;49
420;252;49
420;253;49
420;254;49
420;255;49
420;256;49
420;257;49
420;258;50
420;259;50
420;260;50
420;261;50
420;262;50
420;263;50
420;264;50
420;265;50
420;266;50
420;267;50
420;268;50
420;269;50
420;270;27
420;271;27
420;272;27
420;273;27
420;274;27
420;275;27
420;276;27
420;277;27
420;278;27
420;279;27
420;280;27
420;281;27
420;282;27
420;283;27
420;284;27
420;285;27
420;286;27
420;287;27
420;288;27
420;289;27
420;290;27
420;291;27
420;292;27
420;293;26
420;294;26
420;295;26
420;296;26
420;297;26
420;298;26
420;299;26
420;300;26
420;301;26
420;302;26
420;303;26
420;304;26
420;305;26
420;306;26
420;307;26
420;308;26
420;309;26
420;310;26
420;311;26
420;312;26
420;313;26
420;314;16
420;315;16
420;316;16
420;317;16
420;318;16
420;319;16
420;320;16
420;321;16
420;322;16
420;323;16
420;324;16
420;325;16
420;326;16
420;327;16
420;328;36
420;329;36
420;330;36
420;331;36
420;332;36
420;333;36
420;334;36
420;335;36
420;336;36
420;337;36
420;338;36
420;339;36
420;340;36
420;341;36
420;342;36
420;343;36
420;344;36
420;345;36
420;346;24
420;347;24
420;348;24
420;349;24
420;350;24
420;351;24
420;352;24
420;353;24
420;354;24
420;355;24
420;356;24
420;357;5
420;358;5
420;359;5
420;360;5
420;361;5
420;362;5
420;363;12
420;364;12
420;365;12
420;366;12
420;367;12
420;368;12
420;369;12
420;370;12
420;371;12
420;372;12
420;373;12
420;374;12
420;375;12
420;376;12
420;377;12
420;378;12
420;379;12
420;380;12
420;381;12
420;382;12
420;383;12
420;384;36
420;385;36
420;386;36
420;387;36
420;388;36
420;389;36
420;390;36
420;391;36
420;392;36
420;393;36
420;394;36
420;395;36
420;396;36
420;397;36
420;398;36
420;399;36
420;400;36
420;401;36
420;402;36
420;403;36
420;404;36
420;405;36
420;406;36
420;407;36
420;408;36
420;409;36
420;410;36
420;411;36
420;412;36
420;413;36
420;414;36
420;415;36
420;416;5
420;417;5
420;418;39
420;419;39
420;420;39
420;421;39
420;422;39
420;423;39
420;424;39
420;425;39
420;426;39
420;427;39
420;428;39
420;429;39
420;430;39
420;431;39
420;432;39
420;433;2
420;434;2
420;435;2
420;436;2
420;437;2
420;438;2
420;439;2
420;440;2
420;441;2
420;442;2
420;443;2
420;444;2
420;445;2
420;446;2
420;447;2
420;448;2
420;449;2
420;450;19
420;451;19
420;452;19
420;453;19
420;454;19
420;455;19
420;456;19
420;457;19
420;458;19
420;459;19
420;460;19
420;461;19
420;462;19
420;463;19
420;464;19
420;465;19
420;466;19
420;467;19
420;468;19
420;469;19
420;470;51
420;471;51
420;472;51
420;473;51
420;474;51
420;475;51
420;476;51
420;477;51
420;478;51
420;479;51
420;480;51
420;481;51
420;482;51
420;483;51
420;484;51
420;485;51
420;486;51
420;487;51
420;488;51
420;489;51
420;490;51
420;491;51
420;492;51
420;493;51
420;494;51
420;495;51
420;496;51
420;497;51
420;498;51
420;499;51
421;0;12
421;1;12
421;2;30
421;3;30
421;4;30
421;5;30
421;6;30
421;7;30
421;8;30
421;9;30
421;10;30
421;11;30
421;12;30
421;13;30
421;14;30
421;15;30
421;16;30
421;17;30
421;18;5
421;19;5
421;20;5
421;21;5
421;22;5
421;23;5
421;24;5
421;25;5
421;26;5
421;27;5
421;28;5
421;29;5
421;30;5
421;31;5
421;32;5
421;33;5
421;34;5
421;35;5
421;36;5
421;37;5
421;38;5
421;39;5
421;40;5
421;41;18
421;42;18
421;43;18
421;44;18
421;45;18
421;46;18
421;47;18
421;48;18
421;49;18
421;50;18
421;51;18
421;52;18
421;53;22
421;54;22
421;55;22
421;56;22
421;57;22
421;58;22
421;59;22
421;60;31
421;61;31
421;62;31
421;63;31
421;64;31
421;65;31
421;66;31
421;67;31
421;68;31
421;69;31
421;70;31
421;71;31
421;72;31
421;73;31
421;74;31
421;75;31
421;76;31
421;77;31
421;78;31
421;79;31
421;80;31
421;81;31
421;82;31
421;83;31
421;84;31
421;85;31
421;86;31
421;87;31
421;88;31
421;89;31
421;90;31
421;91;31
421;92;31
421;93;31
421;94;49
421;95;49
421;96;49
421;97;49
421;98;49
421;99;49
421;100;49
421;101;49
421;102;49
421;103;49
421;104;49
421;105;49
421;106;49
421;107;49
421;108;49
421;109;49
421;110;49
421;111;49
421;112;49
421;113;49
421;114;49
421;115;49
421;116;49
421;117;49
421;118;49
421;119;49
421;120;49
421;121;6
421;122;6
421;123;6
421;124;6
421;125;6
421;126;6
421;127;6
421;128;6
421;129;6
421;130;6
421;131;18
421;132;18
421;133;18
421;134;18
421;135;18
421;136;18
421;137;18
421;138;18
421;139;18
421;140;18
421;141;18
421;142;18
421;143;18
421;144;18
421;145;18
421;146;18
421;147;18
421;148;18
421;149;18
421;150;18
421;151;18
421;152;18
421;153;18
421;154;18
421;155;18
421;156;18
421;157;18
421;158;18
421;159;18
421;160;18
421;161;18
421;162;18
421;163;18
421;164;18
421;165;18
421;166;18
421;167;18
421;168;18
421;169;18
421;170;18
421;171;18
421;172;18
421;173;26
421;174;26
421;175;26
421;176;26
421;177;26
421;178;26
421;179;26
421;180;26
421;181;26
421;182;26
421;183;26
421;184;26
421;185;26
421;186;26
421;187;26
421;188;26
421;189;26
421;190;26
421;191;26
421;192;26
421;193;26
421;194;26
421;195;26
421;196;26
421;197;23
421;198;23
421;199;23
421;200;23
421;201;23
421;202;23
421;203;23
421;204;23
421;205;23
421;206;23
421;207;23
421;208;23
421;209;23
421;210;23
421;211;23
421;212;23
421;213;23
421;214;23
421;215;23
421;216;23
421;217;10
421;218;10
421;219;10
421;220;10
421;221;10
421;222;10
421;223;10
421;224;10
421;225;10
421;226;10
421;227;10
421;228;10
421;229;10
421;230;10
421;231;10
421;232;10
421;233;10
421;234;10
421;235;10
421;236;49
421;237;49
421;238;49
421;239;49
421;240;49
421;241;49
421;242;49
421;243;49
421;244;49
421;245;49
421;246;49
421;247;49
421;248;49
421;249;49
421;250;49
421;251;49
421;252;49
421;253;49
421;254;49
421;255;49
421;256;49
421;257;49
421;258;50
421;259;50
421;260;50
421;261;50
421;262;50
421;263;50
421;264;50
421;265;50
421;266;50
421;267;50
421;268;50
421;269;50
421;270;50
421;271;50
421;272;50
421;273;50
421;274;50
421;275;50
421;276;50
421;277;50
421;278;50
421;279;50
421;280;27
421;281;27
421;282;27
421;283;27
421;284;27
421;285;27
421;286;27
421;287;27
421;288;27
421;289;27
421;290;27
421;291;27
421;292;27
421;293;27
421;294;26
421;295;26
421;296;26
421;297;26
421;298;26
421;299;26
421;300;26
421;301;26
421;302;26
421;303;26
421;304;26
421;305;26
421;306;26
421;307;26
421;308;26
421;309;26
421;310;26
421;311;26
421;312;26
421;313;26
421;314;16
421;315;16
421;316;16
421;317;16
421;318;16
421;319;16
421;320;16
421;321;16
421;322;16
421;323;16
421;324;16
421;325;16
421;326;16
421;327;16
421;328;36
421;329;36
421;330;36
421;331;36
421;332;36
421;333;36
421;334;36
421;335;36
421;336;36
421;337;36
421;338;36
421;339;36
421;340;36
421;341;36
421;342;36
421;343;36
421;344;36
421;345;36
421;346;36
421;347;24
421;348;24
421;349;24
421;350;24
421;351;24
421;352;24
421;353;24
421;354;24
421;355;24
421;356;5
421;357;5
421;358;5
421;359;5
421;360;5
421;361;5
421;362;5
421;363;5
421;364;12
421;365;12
421;366;12
421;367;12
421;368;12
421;369;12
421;370;12
421;371;12
421;372;12
421;373;12
421;374;12
421;375;12
421;376;12
421;377;12
421;378;12
421;379;12
421;380;12
421;381;12
421;382;12
421;383;12
421;384;12
421;385;36
421;386;36
421;387;36
421;388;36
421;389;36
421;390;36
421;391;36
421;392;36
421;393;36
421;394;36
421;395;36
421;396;36
421;397;36
421;398;36
421;399;36
421;400;36
421;401;36
421;402;36
421;403;36
421;404;36
421;405;36
421;406;36
421;407;36
421;408;36
421;409;36
421;410;36
421;411;36
421;412;36
421;413;36
421;414;36
421;415;36
421;416;36
421;417;5
421;418;39
421;419;39
421;420;39
421;421;39
421;422;39
421;423;39
421;424;39
421;425;39
421;426;39
421;427;39
421;428;39
421;429;39
421;430;39
421;431;39
421;432;39
421;433;2
421;434;2
421;435;2
421;436;2
421;437;2
421;438;2
421;439;2
421;440;2
421;441;2
421;442;2
421;443;2
421;444;2
421;445;2
421;446;2
421;447;2
421;448;2
421;449;2
421;450;19
421;451;19
421;452;19
421;453;19
421;454;19
421;455;19
421;456;19
421;457;19
421;458;19
421;459;19
421;460;19
421;461;19
421;462;19
421;463;19
421;464;19
421;465;19
421;466;19
421;467;19
421;468;19
421;469;19
421;470;51
421;471;51
421;472;51
421;473;51
421;474;51
421;475;51
421;476;51
421;477;51
421;478;51
421;479;51
421;480;51
421;481;51
421;482;51
421;483;51
421;484;51
421;485;51
421;486;51
421;487;51
421;488;51
421;489;51
421;490;51
421;491;51
421;492;51
421;493;51
421;494;51
421;495;51
421;496;51
421;497;51
421;498;51
421;499;51
422;0;12
422;1;12
422;2;30
422;3;30
422;4;30
422;5;30
422;6;30
422;7;30
422;8;30
422;9;30
422;10;30
422;11;30
422;12;30
422;13;30
422;14;30
422;15;30
422;16;30
422;17;30
422;18;30
422;19;30
422;20;5
422;21;5
422;22;5
422;23;5
422;24;5
422;25;5
422;26;5
422;27;5
422;28;5
422;29;5
422;30;5
422;31;5
422;32;5
422;33;5
422;34;5
422;35;5
422;36;5
422;37;5
422;38;5
422;39;5
422;40;5
422;41;5
422;42;18
422;43;18
422;44;18
422;45;18
422;46;18
422;47;18
422;48;18
422;49;18
422;50;18
422;51;18
422;52;18
422;53;22
422;54;22
422;55;22
422;56;22
422;57;22
422;58;22
422;59;22
422;60;31
422;61;31
422;62;31
422;63;31
422;64;31
422;65;31
422;66;31
422;67;31
422;68;31
422;69;31
422;70;31
422;71;31
422;72;31
422;73;31
422;74;31
422;75;31
422;76;31
422;77;31
422;78;31
422;79;31
422;80;31
422;81;31
422;82;31
422;83;31
422;84;31
422;85;31
422;86;31
422;87;31
422;88;31
422;89;31
422;90;31
422;91;31
422;92;31
422;93;31
422;94;49
422;95;49
422;96;49
422;97;49
422;98;49
422;99;49
422;100;49
422;101;49
422;102;49
422;103;49
422;104;49
422;105;49
422;106;49
422;107;49
422;108;49
422;109;49
422;110;49
422;111;49
422;112;49
422;113;49
422;114;49
422;115;49
422;116;49
422;117;49
422;118;49
422;119;49
422;120;49
422;121;6
422;122;6
422;123;6
422;124;6
422;125;6
422;126;6
422;127;6
422;128;6
422;129;6
422;130;6
422;131;6
422;132;18
422;133;18
422;134;18
422;135;18
422;136;18
422;137;18
422;138;18
422;139;18
422;140;18
422;141;18
422;142;18
422;143;18
422;144;18
422;145;18
422;146;18
422;147;18
422;148;18
422;149;18
422;150;18
422;151;18
422;152;18
422;153;18
422;154;18
422;155;18
422;156;18
422;157;18
422;158;18
422;159;18
422;160;18
422;161;18
422;162;18
422;163;18
422;164;18
422;165;18
422;166;18
422;167;18
422;168;18
422;169;18
422;170;18
422;171;18
422;172;18
422;173;26
422;174;26
422;175;26
422;176;26
422;177;26
422;178;26
422;179;26
422;180;26
422;181;26
422;182;26
422;183;26
422;184;26
422;185;26
422;186;26
422;187;26
422;188;26
422;189;26
422;190;26
422;191;26
422;192;26
422;193;26
422;194;26
422;195;26
422;196;23
422;197;23
422;198;23
422;199;23
422;200;23
422;201;23
422;202;23
422;203;23
422;204;23
422;205;23
422;206;23
422;207;23
422;208;23
422;209;23
422;210;23
422;211;23
422;212;23
422;213;23
422;214;23
422;215;23
422;216;23
422;217;23
422;218;10
422;219;10
422;220;10
422;221;10
422;222;10
422;223;10
422;224;10
422;225;10
422;226;10
422;227;10
422;228;10
422;229;10
422;230;10
422;231;10
422;232;10
422;233;10
422;234;10
422;235;10
422;236;49
422;237;49
422;238;49
422;239;49
422;240;49
422;241;49
422;242;49
422;243;49
422;244;49
422;245;49
422;246;49
422;247;49
422;248;49
422;249;49
422;250;49
422;251;49
422;252;49
422;253;49
422;254;49
422;255;49
422;256;49
422;257;49
422;258;50
422;259;50
422;260;50
422;261;50
422;262;50
422;263;50
422;264;50
422;265;50
422;266;50
422;267;50
422;268;50
422;269;50
422;270;50
422;271;50
422;272;50
422;273;50
422;274;50
422;275;50
422;276;50
422;277;50
422;278;50
422;279;50
422;280;50
422;281;50
422;282;27
422;283;27
422;284;27
422;285;27
422;286;27
422;287;27
422;288;27
422;289;27
422;290;27
422;291;27
422;292;27
422;293;27
422;294;26
422;295;26
422;296;26
422;297;26
422;298;26
422;299;26
422;300;26
422;301;26
422;302;26
422;303;26
422;304;26
422;305;26
422;306;26
422;307;26
422;308;26
422;309;26
422;310;26
422;311;26
422;312;26
422;313;26
422;314;16
422;315;16
422;316;16
422;317;16
422;318;16
422;319;16
422;320;16
422;321;16
422;322;16
422;323;16
422;324;16
422;325;16
422;326;16
422;327;16
422;328;16
422;329;36
422;330;36
422;331;36
422;332;36
422;333;36
422;334;36
422;335;36
422;336;36
422;337;36
422;338;36
422;339;36
422;340;36
422;341;36
422;342;36
422;343;36
422;344;36
422;345;36
422;346;36
422;347;36
422;348;24
422;349;24
422;350;24
422;351;24
422;352;24
422;353;24
422;354;24
422;355;5
422;356;5
422;357;5
422;358;5
422;359;5
422;360;5
422;361;5
422;362;5
422;363;5
422;364;5
422;365;12
422;366;12
422;367;12
422;368;12
422;369;12
422;370;12
422;371;12
422;372;12
422;373;12
422;374;12
422;375;12
422;376;12
422;377;12
422;378;12
422;379;12
422;380;12
422;381;12
422;382;12
422;383;12
422;384;12
422;385;12
422;386;36
422;387;36
422;388;36
422;389;36
422;390;36
422;391;36
422;392;36
422;393;36
422;394;36
422;395;36
422;396;36
422;397;36
422;398;36
422;399;36
422;400;36
422;401;36
422;402;36
422;403;36
422;404;36
422;405;36
422;406;36
422;407;36
422;408;36
422;409;36
422;410;36
422;411;36
422;412;36
422;413;36
422;414;36
422;415;36
422;416;36
422;417;36
422;418;39
422;419;39
422;420;39
422;421;39
422;422;39
422;423;39
422;424;39
422;425;39
422;426;39
422;427;39
422;428;39
422;429;39
422;430;39
422;431;39
422;432;39
422;433;2
422;434;2
422;435;2
422;436;2
422;437;2
422;438;2
422;439;2
422;440;2
422;441;2
422;442;2
422;443;2
422;444;2
422;445;2
422;446;2
422;447;2
422;448;2
422;449;2
422;450;19
422;451;19
422;452;19
422;453;19
422;454;19
422;455;19
422;456;19
422;457;19
422;458;19
422;459;19
422;460;19
422;461;19
422;462;19
422;463;19
422;464;19
422;465;19
422;466;19
422;467;19
422;468;19
422;469;19
422;470;51
422;471;51
422;472;51
422;473;51
422;474;51
422;475;51
422;476;51
422;477;51
422;478;51
422;479;51
422;480;51
422;481;51
422;482;51
422;483;51
422;484;51
422;485;51
422;486;51
422;487;51
422;488;51
422;489;51
422;490;51
422;491;51
422;492;51
422;493;51
422;494;51
422;495;51
422;496;51
422;497;51
422;498;51
422;499;51
423;0;12
423;1;12
423;2;12
423;3;30
423;4;30
423;5;30
423;6;30
423;7;30
423;8;30
423;9;30
423;10;30
423;11;30
423;12;30
423;13;30
423;14;30
423;15;30
423;16;30
423;17;30
423;18;30
423;19;30
423;20;30
423;21;30
423;22;5
423;23;5
423;24;5
423;25;5
423;26;5
423;27;5
423;28;5
423;29;5
423;30;5
423;31;5
423;32;5
423;33;5
423;34;5
423;35;5
423;36;5
423;37;5
423;38;5
423;39;5
423;40;5
423;41;5
423;42;5
423;43;18
423;44;18
423;45;18
423;46;18
423;47;18
423;48;18
423;49;18
423;50;18
423;51;18
423;52;18
423;53;18
423;54;22
423;55;22
423;56;22
423;57;22
423;58;22
423;59;22
423;60;31
423;61;31
423;62;31
423;63;31
423;64;31
423;65;31
423;66;31
423;67;31
423;68;31
423;69;31
423;70;31
423;71;31
423;72;31
423;73;31
423;74;31
423;75;31
423;76;31
423;77;31
423;78;31
423;79;31
423;80;31
423;81;31
423;82;31
423;83;31
423;84;31
423;85;31
423;86;31
423;87;31
423;88;31
423;89;31
423;90;31
423;91;31
423;92;31
423;93;31
423;94;49
423;95;49
423;96;49
423;97;49
423;98;49
423;99;49
423;100;49
423;101;49
423;102;49
423;103;49
423;104;49
423;105;49
423;106;49
423;107;49
423;108;49
423;109;49
423;110;49
423;111;49
423;112;49
423;113;49
423;114;49
423;115;49
423;116;49
423;117;49
423;118;49
423;119;49
423;120;49
423;121;6
423;122;6
423;123;6
423;124;6
423;125;6
423;126;6
423;127;6
423;128;6
423;129;6
423;130;6
423;131;6
423;132;6
423;133;18
423;134;18
423;135;18
423;136;18
423;137;18
423;138;18
423;139;18
423;140;18
423;141;18
423;142;18
423;143;18
423;144;18
423;145;18
423;146;18
423;147;18
423;148;18
423;149;18
423;150;18
423;151;18
423;152;18
423;153;18
423;154;18
423;155;18
423;156;18
423;157;18
423;158;18
423;159;18
423;160;18
423;161;18
423;162;18
423;163;18
423;164;18
423;165;18
423;166;18
423;167;18
423;168;18
423;169;18
423;170;18
423;171;18
423;172;18
423;173;18
423;174;26
423;175;26
423;176;26
423;177;26
423;178;26
423;179;26
423;180;26
423;181;26
423;182;26
423;183;26
423;184;26
423;185;26
423;186;26
423;187;26
423;188;26
423;189;26
423;190;26
423;191;26
423;192;26
423;193;26
423;194;26
423;195;23
423;196;23
423;197;23
423;198;23
423;199;23
423;200;23
423;201;23
423;202;23
423;203;23
423;204;23
423;205;23
423;206;23
423;207;23
423;208;23
423;209;23
423;210;23
423;211;23
423;212;23
423;213;23
423;214;23
423;215;23
423;216;23
423;217;23
423;218;23
423;219;10
423;220;10
423;221;10
423;222;10
423;223;10
423;224;10
423;225;10
423;226;10
423;227;10
423;228;10
423;229;10
423;230;10
423;231;10
423;232;10
423;233;10
423;234;10
423;235;10
423;236;10
423;237;49
423;238;49
423;239;49
423;240;49
423;241;49
423;242;49
423;243;49
423;244;49
423;245;49
423;246;49
423;247;49
423;248;49
423;249;49
423;250;49
423;251;49
423;252;49
423;253;49
423;254;49
423;255;49
423;256;49
423;257;49
423;258;50
423;259;50
423;260;50
423;261;50
423;262;50
423;263;50
423;264;50
423;265;50
423;266;50
423;267;50
423;268;50
423;269;50
423;270;50
423;271;50
423;272;50
423;273;50
423;274;50
423;275;50
423;276;50
423;277;50
423;278;50
423;279;50
423;280;50
423;281;50
423;282;50
423;283;50
423;284;27
423;285;27
423;286;27
423;287;27
423;288;27
423;289;27
423;290;27
423;291;27
423;292;27
423;293;27
423;294;27
423;295;26
423;296;26
423;297;26
423;298;26
423;299;26
423;300;26
423;301;26
423;302;26
423;303;26
423;304;26
423;305;26
423;306;26
423;307;26
423;308;26
423;309;26
423;310;26
423;311;26
423;312;26
423;313;26
423;314;16
423;315;16
423;316;16
423;317;16
423;318;16
423;319;16
423;320;16
423;321;16
423;322;16
423;323;16
423;324;16
423;325;16
423;326;16
423;327;16
423;328;16
423;329;36
423;330;36
423;331;36
423;332;36
423;333;36
423;334;36
423;335;36
423;336;36
423;337;36
423;338;36
423;339;36
423;340;36
423;341;36
423;342;36
423;343;36
423;344;36
423;345;36
423;346;36
423;347;36
423;348;36
423;349;24
423;350;24
423;351;24
423;352;24
423;353;24
423;354;5
423;355;5
423;356;5
423;357;5
423;358;5
423;359;5
423;360;5
423;361;5
423;362;5
423;363;5
423;364;5
423;365;5
423;366;12
423;367;12
423;368;12
423;369;12
423;370;12
423;371;12
423;372;12
423;373;12
423;374;12
423;375;12
423;376;12
423;377;12
423;378;12
423;379;12
423;380;12
423;381;12
423;382;12
423;383;12
423;384;12
423;385;12
423;386;12
423;387;36
423;388;36
423;389;36
423;390;36
423;391;36
423;392;36
423;393;36
423;394;36
423;395;36
423;396;36
423;397;36
423;398;36
423;399;36
423;400;36
423;401;36
423;402;36
423;403;36
423;404;36
423;405;36
423;406;36
423;407;36
423;408;36
423;409;36
423;410;36
423;411;36
423;412;36
423;413;36
423;414;36
423;415;36
423;416;36
423;417;36
423;418;39
423;419;39
423;420;39
423;421;39
423;422;39
423;423;39
423;424;39
423;425;39
423;426;39
423;427;39
423;428;39
423;429;39
423;430;39
423;431;39
423;432;39
423;433;2
423;434;2
423;435;2
423;436;2
423;437;2
423;438;2
423;439;2
423;440;2
423;441;2
423;442;2
423;443;2
423;444;2
423;445;2
423;446;2
423;447;2
423;448;2
423;449;2
423;450;19
423;451;19
423;452;19
423;453;19
423;454;19
423;455;19
423;456;19
423;457;19
423;458;19
423;459;19
423;460;19
423;461;19
423;462;19
423;463;19
423;464;19
423;465;19
423;466;19
423;467;19
423;468;19
423;469;19
423;470;51
423;471;51
423;472;51
423;473;51
423;474;51
423;475;51
423;476;51
423;477;51
423;478;51
423;479;51
423;480;51
423;481;51
423;482;51
423;483;51
423;484;51
423;485;51
423;486;51
423;487;51
423;488;51
423;489;51
423;490;51
423;491;51
423;492;51
423;493;51
423;494;51
423;495;51
423;496;51
423;497;51
423;498;51
423;499;51
424;0;12
424;1;12
424;2;12
424;3;30
424;4;30
424;5;30
424;6;30
424;7;30
424;8;30
424;9;30
424;10;30
424;11;30
424;12;30
424;13;30
424;14;30
424;15;30
424;16;30
424;17;30
424;18;30
424;19;30
424;20;30
424;21;30
424;22;30
424;23;30
424;24;5
424;25;5
424;26;5
424;27;5
424;28;5
424;29;5
424;30;5
424;31;5
424;32;5
424;33;5
424;34;5
424;35;5
424;36;5
424;37;5
424;38;5
424;39;5
424;40;5
424;41;5
424;42;5
424;43;5
424;44;18
424;45;18
424;46;18
424;47;18
424;48;18
424;49;18
424;50;18
424;51;18
424;52;18
424;53;18
424;54;22
424;55;22
424;56;22
424;57;22
424;58;22
424;59;22
424;60;31
424;61;31
424;62;31
424;63;31
424;64;31
424;65;31
424;66;31
424;67;31
424;68;31
424;69;31
424;70;31
424;71;31
424;72;31
424;73;31
424;74;31
424;75;31
424;76;31
424;77;31
424;78;31
424;79;31
424;80;31
424;81;31
424;82;31
424;83;31
424;84;31
424;85;31
424;86;31
424;87;31
424;88;31
424;89;31
424;90;31
424;91;31
424;92;31
424;93;31
424;94;49
424;95;49
424;96;49
424;97;49
424;98;49
424;99;49
424;100;49
424;101;49
424;102;49
424;103;49
424;104;49
424;105;49
424;106;49
424;107;49
424;108;49
424;109;49
424;110;49
424;111;49
424;112;49
424;113;49
424;114;49
424;115;49
424;116;49
424;117;49
424;118;49
424;119;49
424;120;49
424;121;6
424;122;6
424;123;6
424;124;6
424;125;6
424;126;6
424;127;6
424;128;6
424;129;6
424;130;6
424;131;6
424;132;6
424;133;6
424;134;18
424;135;18
424;136;18
424;137;18
424;138;18
424;139;18
424;140;18
424;141;18
424;142;18
424;143;18
424;144;18
424;145;18
424;146;18
424;147;18
424;148;18
424;149;18
424;150;18
424;151;18
424;152;18
424;153;18
424;154;18
424;155;18
424;156;18
424;157;18
424;158;18
424;159;18
424;160;18
424;161;18
424;162;18
424;163;18
424;164;18
424;165;18
424;166;18
424;167;18
424;168;18
424;169;18
424;170;18
424;171;18
424;172;18
424;173;18
424;174;26
424;175;26
424;176;26
424;177;26
424;178;26
424;179;26
424;180;26
424;181;26
424;182;26
424;183;26
424;184;26
424;185;26
424;186;26
424;187;26
424;188;26
424;189;26
424;190;26
424;191;26
424;192;26
424;193;26
424;194;23
424;195;23
424;196;23
424;197;23
424;198;23
424;199;23
424;200;23
424;201;23
424;202;23
424;203;23
424;204;23
424;205;23
424;206;23
424;207;23
424;208;23
424;209;23
424;210;23
424;211;23
424;212;23
424;213;23
424;214;23
424;215;23
424;216;23
424;217;23
424;218;23
424;219;23
424;220;10
424;221;10
424;222;10
424;223;10
424;224;10
424;225;10
424;226;10
424;227;10
424;228;10
424;229;10
424;230;10
424;231;10
424;232;10
424;233;10
424;234;10
424;235;10
424;236;10
424;237;49
424;238;49
424;239;49
424;240;49
424;241;49
424;242;49
424;243;49
424;244;49
424;245;49
424;246;49
424;247;49
424;248;49
424;249;49
424;250;49
424;251;49
424;252;49
424;253;49
424;254;49
424;255;49
424;256;49
424;257;49
424;258;50
424;259;50
424;260;50
424;261;50
424;262;50
424;263;50
424;264;50
424;265;50
424;266;50
424;267;50
424;268;50
424;269;50
424;270;50
424;271;50
424;272;50
424;273;50
424;274;50
424;275;50
424;276;50
424;277;50
424;278;50
424;279;50
424;280;50
424;281;50
424;282;50
424;283;50
424;284;50
424;285;50
424;286;27
424;287;27
424;288;27
424;289;27
424;290;27
424;291;27
424;292;27
424;293;27
424;294;27
424;295;26
424;296;26
424;297;26
424;298;26
424;299;26
424;300;26
424;301;26
424;302;26
424;303;26
424;304;26
424;305;26
424;306;26
424;307;26
424;308;26
424;309;26
424;310;26
424;311;26
424;312;26
424;313;26
424;314;16
424;315;16
424;316;16
424;317;16
424;318;16
424;319;16
424;320;16
424;321;16
424;322;16
424;323;16
424;324;16
424;325;16
424;326;16
424;327;16
424;328;16
424;329;16
424;330;36
424;331;36
424;332;36
424;333;36
424;334;36
424;335;36
424;336;36
424;337;36
424;338;36
424;339;36
424;340;36
424;341;36
424;342;36
424;343;36
424;344;36
424;345;36
424;346;36
424;347;36
424;348;36
424;349;36
424;350;24
424;351;24
424;352;24
424;353;5
424;354;5
424;355;5
424;356;5
424;357;5
424;358;5
424;359;5
424;360;5
424;361;5
424;362;5
424;363;5
424;364;5
424;365;5
424;366;5
424;367;12
424;368;12
424;369;12
424;370;12
424;371;12
424;372;12
424;373;12
424;374;12
424;375;12
424;376;12
424;377;12
424;378;12
424;379;12
424;380;12
424;381;12
424;382;12
424;383;12
424;384;12
424;385;12
424;386;12
424;387;12
424;388;36
424;389;36
424;390;36
424;391;36
424;392;36
424;393;36
424;394;36
424;395;36
424;396;36
424;397;36
424;398;36
424;399;36
424;400;36
424;401;36
424;402;36
424;403;36
424;404;36
424;405;36
424;406;36
424;407;36
424;408;36
424;409;36
424;410;36
424;411;36
424;412;36
424;413;36
424;414;36
424;415;36
424;416;36
424;417;36
424;418;36
424;419;39
424;420;39
424;421;39
424;422;39
424;423;39
424;424;39
424;425;39
424;426;39
424;427;39
424;428;39
424;429;39
424;430;39
424;431;39
424;432;39
424;433;2
424;434;2
424;435;2
424;436;2
424;437;2
424;438;2
424;439;2
424;440;2
424;441;2
424;442;2
424;443;2
424;444;2
424;445;2
424;446;2
424;447;2
424;448;2
424;449;2
424;450;19
424;451;19
424;452;19
424;453;19
424;454;19
424;455;19
424;456;19
424;457;19
424;458;19
424;459;19
424;460;19
424;461;19
424;462;19
424;463;19
424;464;19
424;465;19
424;466;19
424;467;19
424;468;19
424;469;19
424;470;19
424;471;51
424;472;51
424;473;51
424;474;51
424;475;51
424;476;51
424;477;51
424;478;51
424;479;51
424;480;51
424;481;51
424;482;51
424;483;51
424;484;51
424;485;51
424;486;51
424;487;51
424;488;51
424;489;51
424;490;51
424;491;51
424;492;51
424;493;51
424;494;51
424;495;51
424;496;51
424;497;51
424;498;51
424;499;51
425;0;12
425;1;12
425;2;12
425;3;12
425;4;30
425;5;30
425;6;30
425;7;30
425;8;30
425;9;30
425;10;30
425;11;30
425;12;30
425;13;30
425;14;30
425;15;30
425;16;30
425;17;30
425;18;30
425;19;30
425;20;30
425;21;30
425;22;30
425;23;30
425;24;30
425;25;30
425;26;5
425;27;5
425;28;5
425;29;5
425;30;5
425;31;5
425;32;5
425;33;5
425;34;5
425;35;5
425;36;5
425;37;5
425;38;5
425;39;5
425;40;5
425;41;5
425;42;5
425;43;5
425;44;5
425;45;18
425;46;18
425;47;18
425;48;18
425;49;18
425;50;18
425;51;18
425;52;18
425;53;18
425;54;18
425;55;22
425;56;22
425;57;22
425;58;22
425;59;22
425;60;31
425;61;31
425;62;31
425;63;31
425;64;31
425;65;31
425;66;31
425;67;31
425;68;31
425;69;31
425;70;31
425;71;31
425;72;31
425;73;31
425;74;31
425;75;31
425;76;31
425;77;31
425;78;31
425;79;31
425;80;31
425;81;31
425;82;31
425;83;31
425;84;31
425;85;31
425;86;31
425;87;31
425;88;31
425;89;31
425;90;31
425;91;31
425;92;31
425;93;31
425;94;49
425;95;49
425;96;49
425;97;49
425;98;49
425;99;49
425;100;49
425;101;49
425;102;49
425;103;49
425;104;49
425;105;49
425;106;49
425;107;49
425;108;49
425;109;49
425;110;49
425;111;49
425;112;49
425;113;49
425;114;49
425;115;49
425;116;49
425;117;49
425;118;49
425;119;49
425;120;49
425;121;6
425;122;6
425;123;6
425;124;6
425;125;6
425;126;6
425;127;6
425;128;6
425;129;6
425;130;6
425;131;6
425;132;6
425;133;6
425;134;6
425;135;18
425;136;18
425;137;18
425;138;18
425;139;18
425;140;18
425;141;18
425;142;18
425;143;18
425;144;18
425;145;18
425;146;18
425;147;18
425;148;18
425;149;18
425;150;18
425;151;18
425;152;18
425;153;18
425;154;18
425;155;18
425;156;18
425;157;18
425;158;18
425;159;18
425;160;18
425;161;18
425;162;18
425;163;18
425;164;18
425;165;18
425;166;18
425;167;18
425;168;18
425;169;18
425;170;18
425;171;18
425;172;18
425;173;18
425;174;18
425;175;26
425;176;26
425;177;26
425;178;26
425;179;26
425;180;26
425;181;26
425;182;26
425;183;26
425;184;26
425;185;26
425;186;26
425;187;26
425;188;26
425;189;26
425;190;26
425;191;26
425;192;26
425;193;23
425;194;23
425;195;23
425;196;23
425;197;23
425;198;23
425;199;23
425;200;23
425;201;23
425;202;23
425;203;23
425;204;23
425;205;23
425;206;23
425;207;23
425;208;23
425;209;23
425;210;23
425;211;23
425;212;23
425;213;23
425;214;23
425;215;23
425;216;23
425;217;23
425;218;23
425;219;23
425;220;23
425;221;10
425;222;10
425;223;10
425;224;10
425;225;10
425;226;10
425;227;10
425;228;10
425;229;10
425;230;10
425;231;10
425;232;10
425;233;10
425;234;10
425;235;10
425;236;10
425;237;10
425;238;49
425;239;49
425;240;49
425;241;49
425;242;49
425;243;49
425;244;49
425;245;49
425;246;49
425;247;49
425;248;49
425;249;49
425;250;49
425;251;49
425;252;49
425;253;49
425;254;49
425;255;49
425;256;49
425;257;49
425;258;50
425;259;50
425;260;50
425;261;50
425;262;50
425;263;50
425;264;50
425;265;50
425;266;50
425;267;50
425;268;50
425;269;50
425;270;50
425;271;50
425;272;50
425;273;50
425;274;50
425;275;50
425;276;50
425;277;50
425;278;50
425;279;50
425;280;50
425;281;50
425;282;50
425;283;50
425;284;50
425;285;50
425;286;50
425;287;50
425;288;27
425;289;27
425;290;27
425;291;27
425;292;27
425;293;27
425;294;27
425;295;27
425;296;26
425;297;26
425;298;26
425;299;26
425;300;26
425;301;26
425;302;26
425;303;26
425;304;26
425;305;26
425;306;26
425;307;26
425;308;26
425;309;26
425;310;26
425;311;26
425;312;26
425;313;26
425;314;16
425;315;16
425;316;16
425;317;16
425;318;16
425;319;16
425;320;16
425;321;16
425;322;16
425;323;16
425;324;16
425;325;16
425;326;16
425;327;16
425;328;16
425;329;16
425;330;16
425;331;16
425;332;16
425;333;16
425;334;16
425;335;16
425;336;16
425;337;16
425;338;16
425;339;16
425;340;36
425;341;36
425;342;36
425;343;36
425;344;36
425;345;36
425;346;36
425;347;36
425;348;36
425;349;36
425;350;36
425;351;24
425;352;5
425;353;5
425;354;5
425;355;5
425;356;5
425;357;5
425;358;5
425;359;5
425;360;5
425;361;5
425;362;5
425;363;5
425;364;5
425;365;5
425;366;5
425;367;5
425;368;12
425;369;12
425;370;12
425;371;12
425;372;12
425;373;12
425;374;12
425;375;12
425;376;12
425;377;12
425;378;12
425;379;12
425;380;12
425;381;12
425;382;12
425;383;12
425;384;12
425;385;12
425;386;12
425;387;12
425;388;12
425;389;36
425;390;36
425;391;36
425;392;36
425;393;36
425;394;36
425;395;36
425;396;36
425;397;36
425;398;36
425;399;36
425;400;36
425;401;36
425;402;36
425;403;36
425;404;36
425;405;36
425;406;36
425;407;36
425;408;36
425;409;36
425;410;36
425;411;36
425;412;36
425;413;36
425;414;36
425;415;36
425;416;36
425;417;36
425;418;36
425;419;39
425;420;39
425;421;39
425;422;39
425;423;39
425;424;39
425;425;39
425;426;39
425;427;39
425;428;39
425;429;39
425;430;39
425;431;39
425;432;39
425;433;2
425;434;2
425;435;2
425;436;2
425;437;2
425;438;2
425;439;2
425;440;2
425;441;2
425;442;2
425;443;2
425;444;2
425;445;2
425;446;2
425;447;2
425;448;2
425;449;2
425;450;19
425;451;19
425;452;19
425;453;19
425;454;19
425;455;19
425;456;19
425;457;19
425;458;19
425;459;19
425;460;19
425;461;19
425;462;19
425;463;19
425;464;19
425;465;19
425;466;19
425;467;19
425;468;19
425;469;19
425;470;19
425;471;51
425;472;51
425;473;51
425;474;51
425;475;51
425;476;51
425;477;51
425;478;51
425;479;51
425;480;51
425;481;51
425;482;51
425;483;51
425;484;51
425;485;51
425;486;51
425;487;51
425;488;51
425;489;51
425;490;51
425;491;51
425;492;51
425;493;51
425;494;51
425;495;51
425;496;51
425;497;51
425;498;51
425;499;51
426;0;12
426;1;12
426;2;12
426;3;12
426;4;30
426;5;30
426;6;30
426;7;30
426;8;30
426;9;30
426;10;30
426;11;30
426;12;30
426;13;30
426;14;30
426;15;30
426;16;30
426;17;30
426;18;30
426;19;30
426;20;30
426;21;30
426;22;30
426;23;30
426;24;30
426;25;30
426;26;30
426;27;5
426;28;5
426;29;5
426;30;5
426;31;5
426;32;5
426;33;5
426;34;5
426;35;5
426;36;5
426;37;5
426;38;5
426;39;5
426;40;5
426;41;5
426;42;5
426;43;5
426;44;10
426;45;10
426;46;10
426;47;10
426;48;10
426;49;10
426;50;10
426;51;10
426;52;18
426;53;18
426;54;18
426;55;22
426;56;22
426;57;22
426;58;22
426;59;22
426;60;31
426;61;31
426;62;31
426;63;31
426;64;31
426;65;31
426;66;31
426;67;31
426;68;31
426;69;31
426;70;31
426;71;31
426;72;31
426;73;31
426;74;31
426;75;31
426;76;31
426;77;31
426;78;31
426;79;31
426;80;31
426;81;31
426;82;31
426;83;31
426;84;31
426;85;31
426;86;31
426;87;31
426;88;31
426;89;31
426;90;31
426;91;31
426;92;31
426;93;31
426;94;49
426;95;49
426;96;49
426;97;49
426;98;49
426;99;49
426;100;49
426;101;49
426;102;49
426;103;49
426;104;49
426;105;49
426;106;49
426;107;49
426;108;49
426;109;49
426;110;49
426;111;49
426;112;49
426;113;49
426;114;49
426;115;49
426;116;49
426;117;49
426;118;49
426;119;49
426;120;49
426;121;6
426;122;6
426;123;6
426;124;6
426;125;6
426;126;6
426;127;6
426;128;6
426;129;6
426;130;6
426;131;6
426;132;6
426;133;6
426;134;6
426;135;6
426;136;18
426;137;18
426;138;18
426;139;18
426;140;18
426;141;18
426;142;18
426;143;18
426;144;18
426;145;18
426;146;18
426;147;18
426;148;18
426;149;18
426;150;18
426;151;18
426;152;18
426;153;18
426;154;18
426;155;18
426;156;18
426;157;18
426;158;18
426;159;18
426;160;18
426;161;18
426;162;18
426;163;18
426;164;18
426;165;18
426;166;18
426;167;18
426;168;18
426;169;18
426;170;18
426;171;18
426;172;18
426;173;18
426;174;18
426;175;26
426;176;26
426;177;26
426;178;26
426;179;26
426;180;26
426;181;26
426;182;26
426;183;26
426;184;26
426;185;26
426;186;26
426;187;26
426;188;26
426;189;26
426;190;26
426;191;26
426;192;23
426;193;23
426;194;23
426;195;23
426;196;23
426;197;23
426;198;23
426;199;23
426;200;23
426;201;23
426;202;23
426;203;23
426;204;23
426;205;23
426;206;23
426;207;23
426;208;23
426;209;23
426;210;23
426;211;23
426;212;23
426;213;23
426;214;23
426;215;23
426;216;23
426;217;23
426;218;23
426;219;23
426;220;23
426;221;23
426;222;23
426;223;10
426;224;10
426;225;10
426;226;10
426;227;10
426;228;10
426;229;10
426;230;10
426;231;10
426;232;10
426;233;10
426;234;10
426;235;10
426;236;10
426;237;10
426;238;10
426;239;49
426;240;49
426;241;49
426;242;49
426;243;49
426;244;49
426;245;49
426;246;49
426;247;49
426;248;49
426;249;49
426;250;49
426;251;49
426;252;49
426;253;49
426;254;49
426;255;49
426;256;49
426;257;49
426;258;50
426;259;50
426;260;50
426;261;50
426;262;50
426;263;50
426;264;50
426;265;50
426;266;50
426;267;50
426;268;50
426;269;50
426;270;50
426;271;50
426;272;50
426;273;50
426;274;50
426;275;50
426;276;50
426;277;50
426;278;50
426;279;50
426;280;50
426;281;50
426;282;50
426;283;50
426;284;50
426;285;50
426;286;50
426;287;50
426;288;50
426;289;50
426;290;27
426;291;27
426;292;27
426;293;27
426;294;27
426;295;27
426;296;26
426;297;26
426;298;26
426;299;26
426;300;26
426;301;26
426;302;26
426;303;26
426;304;26
426;305;26
426;306;26
426;307;26
426;308;26
426;309;26
426;310;26
426;311;26
426;312;26
426;313;26
426;314;16
426;315;16
426;316;16
426;317;16
426;318;16
426;319;16
426;320;16
426;321;16
426;322;16
426;323;16
426;324;16
426;325;16
426;326;16
426;327;16
426;328;16
426;329;16
426;330;16
426;331;16
426;332;16
426;333;16
426;334;16
426;335;16
426;336;16
426;337;16
426;338;16
426;339;16
426;340;16
426;341;16
426;342;36
426;343;36
426;344;36
426;345;36
426;346;36
426;347;36
426;348;36
426;349;36
426;350;36
426;351;5
426;352;5
426;353;5
426;354;5
426;355;5
426;356;5
426;357;5
426;358;5
426;359;5
426;360;5
426;361;5
426;362;5
426;363;5
426;364;5
426;365;5
426;366;5
426;367;5
426;368;5
426;369;12
426;370;12
426;371;12
426;372;12
426;373;12
426;374;12
426;375;12
426;376;12
426;377;12
426;378;12
426;379;12
426;380;12
426;381;12
426;382;12
426;383;12
426;384;12
426;385;12
426;386;12
426;387;12
426;388;12
426;389;12
426;390;36
426;391;36
426;392;36
426;393;36
426;394;36
426;395;36
426;396;36
426;397;36
426;398;36
426;399;36
426;400;36
426;401;36
426;402;36
426;403;36
426;404;36
426;405;36
426;406;36
426;407;36
426;408;36
426;409;36
426;410;36
426;411;36
426;412;36
426;413;36
426;414;36
426;415;36
426;416;36
426;417;36
426;418;36
426;419;36
426;420;39
426;421;39
426;422;39
426;423;39
426;424;39
426;425;39
426;426;39
426;427;39
426;428;39
426;429;39
426;430;39
426;431;39
426;432;39
426;433;2
426;434;2
426;435;2
426;436;2
426;437;2
426;438;2
426;439;2
426;440;2
426;441;2
426;442;2
426;443;2
426;444;2
426;445;2
426;446;2
426;447;2
426;448;2
426;449;2
426;450;19
426;451;19
426;452;19
426;453;19
426;454;19
426;455;19
426;456;19
426;457;19
426;458;19
426;459;19
426;460;19
426;461;19
426;462;19
426;463;19
426;464;19
426;465;19
426;466;19
426;467;19
426;468;19
426;469;19
426;470;19
426;471;19
426;472;51
426;473;51
426;474;51
426;475;51
426;476;51
426;477;51
426;478;51
426;479;51
426;480;51
426;481;51
426;482;51
426;483;51
426;484;51
426;485;51
426;486;51
426;487;51
426;488;51
426;489;51
426;490;51
426;491;51
426;492;51
426;493;51
426;494;51
426;495;51
426;496;51
426;497;51
426;498;51
426;499;51
427;0;12
427;1;12
427;2;12
427;3;12
427;4;12
427;5;30
427;6;30
427;7;30
427;8;30
427;9;30
427;10;30
427;11;30
427;12;30
427;13;30
427;14;30
427;15;30
427;16;30
427;17;30
427;18;30
427;19;30
427;20;30
427;21;30
427;22;30
427;23;30
427;24;30
427;25;30
427;26;30
427;27;30
427;28;5
427;29;5
427;30;5
427;31;5
427;32;5
427;33;5
427;34;5
427;35;5
427;36;5
427;37;5
427;38;5
427;39;5
427;40;5
427;41;5
427;42;5
427;43;10
427;44;10
427;45;10
427;46;10
427;47;10
427;48;10
427;49;10
427;50;10
427;51;10
427;52;10
427;53;10
427;54;18
427;55;18
427;56;22
427;57;22
427;58;22
427;59;22
427;60;31
427;61;31
427;62;31
427;63;31
427;64;31
427;65;31
427;66;31
427;67;31
427;68;31
427;69;31
427;70;31
427;71;31
427;72;31
427;73;31
427;74;31
427;75;31
427;76;31
427;77;31
427;78;31
427;79;31
427;80;31
427;81;31
427;82;31
427;83;31
427;84;31
427;85;31
427;86;31
427;87;31
427;88;31
427;89;31
427;90;31
427;91;31
427;92;31
427;93;31
427;94;49
427;95;49
427;96;49
427;97;49
427;98;49
427;99;49
427;100;49
427;101;49
427;102;49
427;103;49
427;104;49
427;105;49
427;106;49
427;107;49
427;108;49
427;109;49
427;110;49
427;111;49
427;112;49
427;113;49
427;114;49
427;115;49
427;116;49
427;117;49
427;118;49
427;119;49
427;120;49
427;121;6
427;122;6
427;123;6
427;124;6
427;125;6
427;126;6
427;127;6
427;128;6
427;129;6
427;130;6
427;131;6
427;132;6
427;133;6
427;134;6
427;135;6
427;136;6
427;137;18
427;138;18
427;139;18
427;140;18
427;141;18
427;142;18
427;143;18
427;144;18
427;145;18
427;146;18
427;147;18
427;148;18
427;149;18
427;150;18
427;151;18
427;152;18
427;153;18
427;154;18
427;155;18
427;156;18
427;157;18
427;158;18
427;159;18
427;160;18
427;161;18
427;162;18
427;163;18
427;164;18
427;165;18
427;166;18
427;167;18
427;168;18
427;169;18
427;170;18
427;171;18
427;172;18
427;173;18
427;174;18
427;175;18
427;176;26
427;177;26
427;178;26
427;179;26
427;180;26
427;181;26
427;182;26
427;183;26
427;184;26
427;185;26
427;186;26
427;187;26
427;188;26
427;189;26
427;190;26
427;191;23
427;192;23
427;193;23
427;194;23
427;195;23
427;196;23
427;197;23
427;198;23
427;199;23
427;200;23
427;201;23
427;202;23
427;203;23
427;204;23
427;205;23
427;206;23
427;207;23
427;208;23
427;209;23
427;210;23
427;211;23
427;212;23
427;213;23
427;214;23
427;215;23
427;216;23
427;217;23
427;218;23
427;219;23
427;220;23
427;221;23
427;222;23
427;223;23
427;224;23
427;225;10
427;226;10
427;227;10
427;228;10
427;229;10
427;230;10
427;231;10
427;232;10
427;233;10
427;234;10
427;235;10
427;236;10
427;237;10
427;238;10
427;239;10
427;240;49
427;241;49
427;242;49
427;243;49
427;244;49
427;245;49
427;246;49
427;247;49
427;248;49
427;249;49
427;250;49
427;251;49
427;252;49
427;253;49
427;254;49
427;255;49
427;256;49
427;257;49
427;258;50
427;259;50
427;260;50
427;261;50
427;262;50
427;263;50
427;264;50
427;265;50
427;266;50
427;267;50
427;268;50
427;269;50
427;270;50
427;271;50
427;272;50
427;273;50
427;274;50
427;275;50
427;276;50
427;277;50
427;278;50
427;279;50
427;280;50
427;281;50
427;282;50
427;283;50
427;284;50
427;285;50
427;286;50
427;287;50
427;288;50
427;289;50
427;290;50
427;291;50
427;292;27
427;293;27
427;294;27
427;295;27
427;296;27
427;297;26
427;298;26
427;299;26
427;300;26
427;301;26
427;302;26
427;303;26
427;304;26
427;305;26
427;306;26
427;307;26
427;308;26
427;309;26
427;310;26
427;311;26
427;312;26
427;313;26
427;314;16
427;315;16
427;316;16
427;317;16
427;318;16
427;319;16
427;320;16
427;321;16
427;322;16
427;323;16
427;324;16
427;325;16
427;326;16
427;327;16
427;328;16
427;329;16
427;330;16
427;331;16
427;332;16
427;333;16
427;334;16
427;335;16
427;336;16
427;337;16
427;338;16
427;339;16
427;340;16
427;341;16
427;342;16
427;343;16
427;344;36
427;345;36
427;346;36
427;347;36
427;348;36
427;349;36
427;350;36
427;351;5
427;352;5
427;353;5
427;354;5
427;355;5
427;356;5
427;357;5
427;358;5
427;359;5
427;360;5
427;361;5
427;362;5
427;363;5
427;364;5
427;365;5
427;366;5
427;367;5
427;368;5
427;369;5
427;370;12
427;371;12
427;372;12
427;373;12
427;374;12
427;375;12
427;376;12
427;377;12
427;378;12
427;379;12
427;380;12
427;381;12
427;382;12
427;383;12
427;384;12
427;385;12
427;386;12
427;387;12
427;388;12
427;389;12
427;390;12
427;391;36
427;392;36
427;393;36
427;394;36
427;395;36
427;396;36
427;397;36
427;398;36
427;399;36
427;400;36
427;401;36
427;402;36
427;403;36
427;404;36
427;405;36
427;406;36
427;407;36
427;408;36
427;409;36
427;410;36
427;411;36
427;412;36
427;413;36
427;414;36
427;415;36
427;416;36
427;417;36
427;418;36
427;419;36
427;420;39
427;421;39
427;422;39
427;423;39
427;424;39
427;425;39
427;426;39
427;427;39
427;428;39
427;429;39
427;430;39
427;431;39
427;432;39
427;433;2
427;434;2
427;435;2
427;436;2
427;437;2
427;438;2
427;439;2
427;440;2
427;441;2
427;442;2
427;443;2
427;444;2
427;445;2
427;446;2
427;447;2
427;448;2
427;449;2
427;450;19
427;451;19
427;452;19
427;453;19
427;454;19
427;455;19
427;456;19
427;457;19
427;458;19
427;459;19
427;460;19
427;461;19
427;462;19
427;463;19
427;464;19
427;465;19
427;466;19
427;467;19
427;468;19
427;469;19
427;470;19
427;471;19
427;472;51
427;473;51
427;474;51
427;475;51
427;476;51
427;477;51
427;478;51
427;479;51
427;480;51
427;481;51
427;482;51
427;483;51
427;484;51
427;485;51
427;486;51
427;487;51
427;488;51
427;489;51
427;490;51
427;491;51
427;492;51
427;493;51
427;494;51
427;495;51
427;496;51
427;497;51
427;498;51
427;499;51
428;0;12
428;1;12
428;2;12
428;3;12
428;4;12
428;5;30
428;6;30
428;7;30
428;8;30
428;9;30
428;10;30
428;11;30
428;12;30
428;13;30
428;14;30
428;15;30
428;16;30
428;17;30
428;18;30
428;19;30
428;20;30
428;21;30
428;22;30
428;23;30
428;24;30
428;25;30
428;26;30
428;27;30
428;28;30
428;29;5
428;30;5
428;31;5
428;32;5
428;33;5
428;34;5
428;35;5
428;36;5
428;37;5
428;38;5
428;39;5
428;40;5
428;41;5
428;42;10
428;43;10
428;44;10
428;45;10
428;46;10
428;47;10
428;48;10
428;49;10
428;50;10
428;51;10
428;52;10
428;53;10
428;54;10
428;55;10
428;56;10
428;57;22
428;58;22
428;59;22
428;60;31
428;61;31
428;62;31
428;63;31
428;64;31
428;65;31
428;66;31
428;67;31
428;68;31
428;69;31
428;70;31
428;71;31
428;72;31
428;73;31
428;74;31
428;75;31
428;76;31
428;77;31
428;78;31
428;79;31
428;80;31
428;81;31
428;82;31
428;83;31
428;84;31
428;85;31
428;86;31
428;87;31
428;88;31
428;89;31
428;90;31
428;91;31
428;92;31
428;93;31
428;94;49
428;95;49
428;96;49
428;97;49
428;98;49
428;99;49
428;100;49
428;101;49
428;102;49
428;103;49
428;104;49
428;105;49
428;106;49
428;107;49
428;108;49
428;109;49
428;110;49
428;111;49
428;112;49
428;113;49
428;114;49
428;115;49
428;116;49
428;117;49
428;118;49
428;119;49
428;120;49
428;121;6
428;122;6
428;123;6
428;124;6
428;125;6
428;126;6
428;127;6
428;128;6
428;129;6
428;130;6
428;131;6
428;132;6
428;133;6
428;134;6
428;135;6
428;136;6
428;137;6
428;138;18
428;139;18
428;140;18
428;141;18
428;142;18
428;143;18
428;144;18
428;145;18
428;146;18
428;147;18
428;148;18
428;149;18
428;150;18
428;151;18
428;152;18
428;153;18
428;154;18
428;155;18
428;156;18
428;157;18
428;158;18
428;159;18
428;160;18
428;161;18
428;162;18
428;163;18
428;164;18
428;165;18
428;166;18
428;167;18
428;168;18
428;169;18
428;170;18
428;171;18
428;172;18
428;173;18
428;174;18
428;175;18
428;176;26
428;177;26
428;178;26
428;179;26
428;180;26
428;181;26
428;182;26
428;183;26
428;184;26
428;185;26
428;186;26
428;187;26
428;188;26
428;189;26
428;190;23
428;191;23
428;192;23
428;193;23
428;194;23
428;195;23
428;196;23
428;197;23
428;198;23
428;199;23
428;200;23
428;201;23
428;202;23
428;203;23
428;204;23
428;205;23
428;206;23
428;207;23
428;208;23
428;209;23
428;210;23
428;211;23
428;212;23
428;213;23
428;214;23
428;215;23
428;216;23
428;217;23
428;218;23
428;219;23
428;220;23
428;221;23
428;222;23
428;223;23
428;224;23
428;225;23
428;226;23
428;227;10
428;228;10
428;229;10
428;230;10
428;231;10
428;232;10
428;233;10
428;234;10
428;235;10
428;236;10
428;237;10
428;238;10
428;239;10
428;240;10
428;241;49
428;242;49
428;243;49
428;244;49
428;245;49
428;246;49
428;247;49
428;248;49
428;249;49
428;250;49
428;251;49
428;252;49
428;253;49
428;254;49
428;255;49
428;256;49
428;257;49
428;258;50
428;259;50
428;260;50
428;261;50
428;262;50
428;263;50
428;264;50
428;265;50
428;266;50
428;267;50
428;268;50
428;269;50
428;270;50
428;271;50
428;272;50
428;273;50
428;274;50
428;275;50
428;276;50
428;277;50
428;278;50
428;279;50
428;280;50
428;281;50
428;282;50
428;283;50
428;284;50
428;285;50
428;286;50
428;287;50
428;288;50
428;289;50
428;290;50
428;291;50
428;292;50
428;293;50
428;294;27
428;295;27
428;296;27
428;297;26
428;298;26
428;299;26
428;300;26
428;301;26
428;302;26
428;303;26
428;304;26
428;305;26
428;306;26
428;307;26
428;308;26
428;309;26
428;310;26
428;311;26
428;312;26
428;313;26
428;314;16
428;315;16
428;316;16
428;317;16
428;318;16
428;319;46
428;320;46
428;321;8
428;322;8
428;323;8
428;324;8
428;325;16
428;326;16
428;327;16
428;328;16
428;329;16
428;330;16
428;331;16
428;332;16
428;333;16
428;334;16
428;335;16
428;336;16
428;337;16
428;338;16
428;339;16
428;340;16
428;341;16
428;342;16
428;343;16
428;344;16
428;345;16
428;346;36
428;347;36
428;348;36
428;349;36
428;350;36
428;351;5
428;352;5
428;353;5
428;354;5
428;355;5
428;356;5
428;357;5
428;358;5
428;359;5
428;360;5
428;361;5
428;362;5
428;363;5
428;364;5
428;365;5
428;366;5
428;367;5
428;368;5
428;369;5
428;370;5
428;371;12
428;372;12
428;373;12
428;374;12
428;375;12
428;376;12
428;377;12
428;378;12
428;379;12
428;380;12
428;381;12
428;382;12
428;383;12
428;384;12
428;385;12
428;386;12
428;387;12
428;388;12
428;389;12
428;390;12
428;391;12
428;392;36
428;393;36
428;394;36
428;395;36
428;396;36
428;397;36
428;398;36
428;399;36
428;400;36
428;401;36
428;402;36
428;403;36
428;404;36
428;405;36
428;406;36
428;407;36
428;408;36
428;409;36
428;410;36
428;411;36
428;412;36
428;413;36
428;414;36
428;415;36
428;416;36
428;417;36
428;418;36
428;419;36
428;420;36
428;421;9
428;422;9
428;423;9
428;424;9
428;425;9
428;426;9
428;427;9
428;428;9
428;429;9
428;430;39
428;431;39
428;432;39
428;433;2
428;434;2
428;435;2
428;436;2
428;437;2
428;438;2
428;439;2
428;440;2
428;441;2
428;442;2
428;443;2
428;444;2
428;445;2
428;446;2
428;447;2
428;448;2
428;449;2
428;450;19
428;451;19
428;452;19
428;453;19
428;454;19
428;455;19
428;456;19
428;457;19
428;458;19
428;459;19
428;460;19
428;461;19
428;462;19
428;463;19
428;464;19
428;465;19
428;466;19
428;467;19
428;468;19
428;469;19
428;470;19
428;471;19
428;472;19
428;473;51
428;474;51
428;475;51
428;476;51
428;477;51
428;478;51
428;479;51
428;480;51
428;481;51
428;482;51
428;483;51
428;484;51
428;485;51
428;486;51
428;487;51
428;488;51
428;489;51
428;490;51
428;491;51
428;492;51
428;493;51
428;494;51
428;495;51
428;496;51
428;497;51
428;498;51
428;499;51
429;0;12
429;1;12
429;2;12
429;3;12
429;4;12
429;5;12
429;6;30
429;7;30
429;8;30
429;9;30
429;10;30
429;11;30
429;12;30
429;13;30
429;14;30
429;15;30
429;16;30
429;17;30
429;18;30
429;19;30
429;20;30
429;21;30
429;22;30
429;23;30
429;24;30
429;25;30
429;26;30
429;27;30
429;28;30
429;29;30
429;30;5
429;31;5
429;32;5
429;33;5
429;34;5
429;35;5
429;36;5
429;37;5
429;38;5
429;39;5
429;40;5
429;41;10
429;42;10
429;43;10
429;44;10
429;45;10
429;46;10
429;47;10
429;48;10
429;49;10
429;50;10
429;51;10
429;52;10
429;53;10
429;54;10
429;55;10
429;56;10
429;57;10
429;58;22
429;59;22
429;60;31
429;61;31
429;62;31
429;63;31
429;64;31
429;65;31
429;66;31
429;67;31
429;68;31
429;69;31
429;70;31
429;71;31
429;72;31
429;73;31
429;74;31
429;75;31
429;76;31
429;77;31
429;78;31
429;79;31
429;80;31
429;81;31
429;82;31
429;83;31
429;84;31
429;85;31
429;86;31
429;87;31
429;88;31
429;89;31
429;90;31
429;91;31
429;92;31
429;93;31
429;94;49
429;95;49
429;96;49
429;97;49
429;98;49
429;99;49
429;100;49
429;101;49
429;102;49
429;103;49
429;104;49
429;105;49
429;106;49
429;107;49
429;108;49
429;109;49
429;110;49
429;111;49
429;112;49
429;113;49
429;114;49
429;115;49
429;116;49
429;117;49
429;118;49
429;119;49
429;120;49
429;121;6
429;122;6
429;123;6
429;124;6
429;125;6
429;126;6
429;127;6
429;128;6
429;129;6
429;130;6
429;131;6
429;132;6
429;133;6
429;134;6
429;135;6
429;136;6
429;137;6
429;138;6
429;139;18
429;140;18
429;141;18
429;142;18
429;143;18
429;144;18
429;145;18
429;146;18
429;147;18
429;148;18
429;149;18
429;150;18
429;151;18
429;152;18
429;153;18
429;154;18
429;155;18
429;156;18
429;157;18
429;158;18
429;159;18
429;160;18
429;161;18
429;162;18
429;163;18
429;164;18
429;165;18
429;166;18
429;167;18
429;168;18
429;169;18
429;170;18
429;171;18
429;172;18
429;173;18
429;174;18
429;175;18
429;176;18
429;177;26
429;178;26
429;179;26
429;180;26
429;181;26
429;182;26
429;183;26
429;184;26
429;185;26
429;186;26
429;187;26
429;188;26
429;189;26
429;190;23
429;191;23
429;192;23
429;193;23
429;194;23
429;195;23
429;196;23
429;197;23
429;198;23
429;199;23
429;200;23
429;201;23
429;202;23
429;203;23
429;204;23
429;205;23
429;206;23
429;207;23
429;208;23
429;209;23
429;210;23
429;211;23
429;212;23
429;213;23
429;214;23
429;215;23
429;216;23
429;217;23
429;218;23
429;219;23
429;220;23
429;221;23
429;222;23
429;223;23
429;224;23
429;225;23
429;226;23
429;227;23
429;228;10
429;229;10
429;230;10
429;231;10
429;232;10
429;233;10
429;234;10
429;235;10
429;236;10
429;237;10
429;238;10
429;239;10
429;240;10
429;241;10
429;242;49
429;243;49
429;244;49
429;245;49
429;246;49
429;247;49
429;248;49
429;249;49
429;250;49
429;251;49
429;252;49
429;253;49
429;254;49
429;255;49
429;256;49
429;257;50
429;258;50
429;259;50
429;260;50
429;261;50
429;262;50
429;263;50
429;264;50
429;265;50
429;266;50
429;267;50
429;268;50
429;269;50
429;270;50
429;271;50
429;272;50
429;273;50
429;274;50
429;275;50
429;276;50
429;277;50
429;278;50
429;279;50
429;280;50
429;281;50
429;282;50
429;283;50
429;284;50
429;285;50
429;286;50
429;287;50
429;288;50
429;289;50
429;290;50
429;291;50
429;292;50
429;293;50
429;294;50
429;295;50
429;296;50
429;297;50
429;298;26
429;299;26
429;300;26
429;301;26
429;302;26
429;303;26
429;304;26
429;305;26
429;306;26
429;307;26
429;308;26
429;309;26
429;310;26
429;311;26
429;312;26
429;313;26
429;314;16
429;315;16
429;316;16
429;317;16
429;318;46
429;319;46
429;320;46
429;321;46
429;322;8
429;323;8
429;324;8
429;325;8
429;326;16
429;327;16
429;328;16
429;329;16
429;330;16
429;331;16
429;332;16
429;333;16
429;334;16
429;335;16
429;336;16
429;337;16
429;338;16
429;339;16
429;340;16
429;341;16
429;342;16
429;343;16
429;344;16
429;345;16
429;346;16
429;347;16
429;348;16
429;349;16
429;350;16
429;351;16
429;352;5
429;353;5
429;354;5
429;355;5
429;356;5
429;357;5
429;358;5
429;359;5
429;360;5
429;361;5
429;362;5
429;363;5
429;364;5
429;365;5
429;366;5
429;367;5
429;368;5
429;369;5
429;370;5
429;371;5
429;372;12
429;373;12
429;374;12
429;375;12
429;376;12
429;377;12
429;378;12
429;379;12
429;380;12
429;381;12
429;382;12
429;383;12
429;384;12
429;385;12
429;386;12
429;387;12
429;388;12
429;389;12
429;390;12
429;391;12
429;392;12
429;393;36
429;394;36
429;395;36
429;396;36
429;397;36
429;398;36
429;399;36
429;400;36
429;401;36
429;402;36
429;403;36
429;404;36
429;405;36
429;406;36
429;407;36
429;408;36
429;409;36
429;410;36
429;411;36
429;412;36
429;413;36
429;414;36
429;415;36
429;416;36
429;417;36
429;418;36
429;419;36
429;420;9
429;421;9
429;422;9
429;423;9
429;424;9
429;425;9
429;426;9
429;427;9
429;428;9
429;429;9
429;430;9
429;431;9
429;432;39
429;433;2
429;434;2
429;435;2
429;436;2
429;437;2
429;438;2
429;439;2
429;440;2
429;441;2
429;442;2
429;443;2
429;444;2
429;445;2
429;446;2
429;447;2
429;448;2
429;449;2
429;450;19
429;451;19
429;452;19
429;453;19
429;454;19
429;455;19
429;456;19
429;457;19
429;458;19
429;459;19
429;460;19
429;461;19
429;462;19
429;463;19
429;464;19
429;465;19
429;466;19
429;467;19
429;468;19
429;469;19
429;470;19
429;471;19
429;472;19
429;473;51
429;474;51
429;475;51
429;476;51
429;477;51
429;478;51
429;479;51
429;480;51
429;481;51
429;482;51
429;483;51
429;484;51
429;485;51
429;486;51
429;487;51
429;488;51
429;489;51
429;490;51
429;491;51
429;492;51
429;493;51
429;494;51
429;495;51
429;496;51
429;497;51
429;498;51
429;499;51
430;0;12
430;1;12
430;2;12
430;3;12
430;4;12
430;5;12
430;6;30
430;7;30
430;8;30
430;9;30
430;10;30
430;11;30
430;12;30
430;13;30
430;14;30
430;15;30
430;16;30
430;17;30
430;18;30
430;19;30
430;20;30
430;21;30
430;22;30
430;23;30
430;24;30
430;25;30
430;26;30
430;27;30
430;28;30
430;29;30
430;30;30
430;31;5
430;32;5
430;33;5
430;34;5
430;35;5
430;36;5
430;37;5
430;38;5
430;39;5
430;40;5
430;41;10
430;42;10
430;43;10
430;44;10
430;45;10
430;46;10
430;47;10
430;48;10
430;49;10
430;50;10
430;51;10
430;52;10
430;53;10
430;54;10
430;55;10
430;56;10
430;57;10
430;58;10
430;59;22
430;60;31
430;61;31
430;62;31
430;63;31
430;64;31
430;65;31
430;66;31
430;67;31
430;68;31
430;69;31
430;70;31
430;71;31
430;72;31
430;73;31
430;74;31
430;75;31
430;76;31
430;77;31
430;78;31
430;79;31
430;80;31
430;81;31
430;82;31
430;83;31
430;84;31
430;85;31
430;86;31
430;87;31
430;88;31
430;89;31
430;90;31
430;91;31
430;92;31
430;93;31
430;94;49
430;95;49
430;96;49
430;97;49
430;98;49
430;99;49
430;100;49
430;101;49
430;102;49
430;103;49
430;104;49
430;105;49
430;106;49
430;107;49
430;108;49
430;109;49
430;110;49
430;111;49
430;112;49
430;113;49
430;114;49
430;115;49
430;116;49
430;117;49
430;118;49
430;119;49
430;120;49
430;121;6
430;122;6
430;123;6
430;124;6
430;125;6
430;126;6
430;127;6
430;128;6
430;129;6
430;130;6
430;131;6
430;132;6
430;133;6
430;134;6
430;135;6
430;136;6
430;137;6
430;138;6
430;139;6
430;140;18
430;141;18
430;142;18
430;143;18
430;144;18
430;145;18
430;146;18
430;147;18
430;148;18
430;149;18
430;150;18
430;151;18
430;152;18
430;153;18
430;154;18
430;155;18
430;156;18
430;157;18
430;158;18
430;159;18
430;160;18
430;161;18
430;162;18
430;163;18
430;164;18
430;165;18
430;166;18
430;167;18
430;168;18
430;169;18
430;170;18
430;171;18
430;172;18
430;173;18
430;174;18
430;175;18
430;176;18
430;177;26
430;178;26
430;179;26
430;180;26
430;181;26
430;182;26
430;183;26
430;184;26
430;185;26
430;186;26
430;187;26
430;188;26
430;189;26
430;190;23
430;191;23
430;192;23
430;193;23
430;194;23
430;195;23
430;196;23
430;197;23
430;198;23
430;199;23
430;200;23
430;201;23
430;202;23
430;203;23
430;204;23
430;205;23
430;206;23
430;207;23
430;208;23
430;209;23
430;210;23
430;211;23
430;212;23
430;213;23
430;214;23
430;215;23
430;216;23
430;217;23
430;218;23
430;219;23
430;220;23
430;221;23
430;222;23
430;223;23
430;224;23
430;225;23
430;226;23
430;227;23
430;228;23
430;229;10
430;230;10
430;231;10
430;232;10
430;233;10
430;234;10
430;235;10
430;236;10
430;237;10
430;238;10
430;239;10
430;240;10
430;241;10
430;242;10
430;243;49
430;244;49
430;245;49
430;246;49
430;247;49
430;248;49
430;249;49
430;250;49
430;251;49
430;252;49
430;253;49
430;254;49
430;255;49
430;256;50
430;257;50
430;258;50
430;259;50
430;260;50
430;261;50
430;262;50
430;263;50
430;264;50
430;265;50
430;266;50
430;267;50
430;268;50
430;269;50
430;270;50
430;271;50
430;272;50
430;273;50
430;274;50
430;275;50
430;276;50
430;277;50
430;278;50
430;279;50
430;280;50
430;281;50
430;282;50
430;283;50
430;284;50
430;285;50
430;286;50
430;287;50
430;288;50
430;289;50
430;290;50
430;291;50
430;292;50
430;293;50
430;294;50
430;295;50
430;296;50
430;297;50
430;298;50
430;299;26
430;300;26
430;301;26
430;302;26
430;303;26
430;304;26
430;305;26
430;306;26
430;307;26
430;308;26
430;309;26
430;310;26
430;311;26
430;312;26
430;313;46
430;314;46
430;315;46
430;316;46
430;317;46
430;318;46
430;319;46
430;320;46
430;321;46
430;322;46
430;323;8
430;324;8
430;325;8
430;326;8
430;327;16
430;328;16
430;329;16
430;330;16
430;331;16
430;332;16
430;333;16
430;334;16
430;335;16
430;336;16
430;337;16
430;338;16
430;339;16
430;340;16
430;341;16
430;342;16
430;343;16
430;344;16
430;345;16
430;346;16
430;347;16
430;348;16
430;349;16
430;350;16
430;351;16
430;352;5
430;353;5
430;354;5
430;355;5
430;356;5
430;357;5
430;358;5
430;359;5
430;360;5
430;361;5
430;362;5
430;363;5
430;364;5
430;365;5
430;366;5
430;367;5
430;368;5
430;369;5
430;370;5
430;371;5
430;372;5
430;373;12
430;374;12
430;375;12
430;376;12
430;377;12
430;378;12
430;379;12
430;380;12
430;381;12
430;382;12
430;383;12
430;384;12
430;385;12
430;386;12
430;387;12
430;388;12
430;389;12
430;390;12
430;391;12
430;392;12
430;393;12
430;394;12
430;395;36
430;396;36
430;397;36
430;398;36
430;399;36
430;400;36
430;401;36
430;402;36
430;403;36
430;404;36
430;405;36
430;406;36
430;407;36
430;408;36
430;409;36
430;410;36
430;411;36
430;412;36
430;413;36
430;414;36
430;415;36
430;416;36
430;417;36
430;418;36
430;419;9
430;420;9
430;421;9
430;422;9
430;423;9
430;424;9
430;425;9
430;426;9
430;427;9
430;428;9
430;429;9
430;430;9
430;431;9
430;432;9
430;433;9
430;434;2
430;435;2
430;436;2
430;437;2
430;438;2
430;439;2
430;440;2
430;441;2
430;442;2
430;443;2
430;444;2
430;445;2
430;446;2
430;447;2
430;448;2
430;449;2
430;450;19
430;451;19
430;452;19
430;453;19
430;454;19
430;455;19
430;456;19
430;457;19
430;458;19
430;459;19
430;460;19
430;461;19
430;462;19
430;463;19
430;464;19
430;465;19
430;466;19
430;467;19
430;468;19
430;469;19
430;470;19
430;471;19
430;472;19
430;473;19
430;474;51
430;475;51
430;476;51
430;477;51
430;478;51
430;479;51
430;480;51
430;481;51
430;482;51
430;483;51
430;484;51
430;485;51
430;486;51
430;487;51
430;488;51
430;489;51
430;490;51
430;491;51
430;492;51
430;493;51
430;494;51
430;495;51
430;496;51
430;497;51
430;498;51
430;499;51
431;0;12
431;1;12
431;2;12
431;3;12
431;4;12
431;5;12
431;6;12
431;7;30
431;8;30
431;9;30
431;10;30
431;11;30
431;12;30
431;13;30
431;14;30
431;15;30
431;16;30
431;17;30
431;18;30
431;19;30
431;20;30
431;21;30
431;22;30
431;23;30
431;24;30
431;25;30
431;26;30
431;27;30
431;28;30
431;29;30
431;30;30
431;31;30
431;32;30
431;33;5
431;34;5
431;35;5
431;36;5
431;37;5
431;38;5
431;39;5
431;40;10
431;41;10
431;42;10
431;43;10
431;44;10
431;45;10
431;46;10
431;47;10
431;48;10
431;49;10
431;50;10
431;51;10
431;52;10
431;53;10
431;54;10
431;55;10
431;56;10
431;57;10
431;58;10
431;59;10
431;60;31
431;61;31
431;62;31
431;63;31
431;64;31
431;65;31
431;66;31
431;67;31
431;68;31
431;69;31
431;70;31
431;71;31
431;72;31
431;73;31
431;74;31
431;75;31
431;76;31
431;77;31
431;78;31
431;79;31
431;80;31
431;81;31
431;82;31
431;83;31
431;84;31
431;85;31
431;86;31
431;87;31
431;88;31
431;89;31
431;90;31
431;91;31
431;92;31
431;93;31
431;94;49
431;95;49
431;96;49
431;97;49
431;98;49
431;99;49
431;100;49
431;101;49
431;102;49
431;103;49
431;104;49
431;105;49
431;106;49
431;107;49
431;108;49
431;109;49
431;110;49
431;111;49
431;112;49
431;113;49
431;114;49
431;115;49
431;116;49
431;117;49
431;118;49
431;119;49
431;120;49
431;121;6
431;122;6
431;123;6
431;124;6
431;125;6
431;126;6
431;127;6
431;128;6
431;129;6
431;130;6
431;131;6
431;132;6
431;133;6
431;134;6
431;135;6
431;136;6
431;137;6
431;138;6
431;139;6
431;140;6
431;141;18
431;142;18
431;143;18
431;144;18
431;145;18
431;146;18
431;147;18
431;148;18
431;149;18
431;150;18
431;151;18
431;152;18
431;153;18
431;154;18
431;155;18
431;156;18
431;157;18
431;158;18
431;159;18
431;160;18
431;161;18
431;162;18
431;163;18
431;164;18
431;165;18
431;166;18
431;167;18
431;168;18
431;169;18
431;170;18
431;171;18
431;172;18
431;173;18
431;174;18
431;175;18
431;176;18
431;177;44
431;178;44
431;179;26
431;180;26
431;181;26
431;182;26
431;183;26
431;184;26
431;185;26
431;186;26
431;187;26
431;188;26
431;189;26
431;190;23
431;191;23
431;192;23
431;193;23
431;194;23
431;195;23
431;196;23
431;197;23
431;198;23
431;199;23
431;200;23
431;201;23
431;202;23
431;203;23
431;204;23
431;205;23
431;206;23
431;207;23
431;208;23
431;209;23
431;210;23
431;211;23
431;212;23
431;213;23
431;214;23
431;215;23
431;216;23
431;217;23
431;218;23
431;219;23
431;220;23
431;221;23
431;222;23
431;223;23
431;224;23
431;225;23
431;226;23
431;227;23
431;228;23
431;229;23
431;230;10
431;231;10
431;232;10
431;233;10
431;234;10
431;235;10
431;236;10
431;237;10
431;238;10
431;239;10
431;240;10
431;241;10
431;242;10
431;243;10
431;244;49
431;245;49
431;246;49
431;247;49
431;248;49
431;249;49
431;250;49
431;251;49
431;252;49
431;253;49
431;254;49
431;255;50
431;256;50
431;257;50
431;258;50
431;259;50
431;260;50
431;261;50
431;262;50
431;263;50
431;264;50
431;265;50
431;266;50
431;267;50
431;268;50
431;269;50
431;270;50
431;271;50
431;272;50
431;273;50
431;274;50
431;275;50
431;276;50
431;277;50
431;278;50
431;279;50
431;280;50
431;281;50
431;282;50
431;283;50
431;284;50
431;285;50
431;286;50
431;287;50
431;288;50
431;289;50
431;290;50
431;291;50
431;292;50
431;293;50
431;294;50
431;295;50
431;296;50
431;297;50
431;298;50
431;299;50
431;300;26
431;301;26
431;302;26
431;303;26
431;304;26
431;305;26
431;306;26
431;307;26
431;308;26
431;309;26
431;310;26
431;311;26
431;312;46
431;313;46
431;314;46
431;315;46
431;316;46
431;317;46
431;318;46
431;319;46
431;320;46
431;321;46
431;322;46
431;323;46
431;324;8
431;325;8
431;326;8
431;327;8
431;328;16
431;329;16
431;330;16
431;331;16
431;332;16
431;333;16
431;334;16
431;335;16
431;336;16
431;337;16
431;338;16
431;339;16
431;340;16
431;341;16
431;342;16
431;343;16
431;344;16
431;345;16
431;346;16
431;347;16
431;348;16
431;349;16
431;350;16
431;351;16
431;352;16
431;353;5
431;354;5
431;355;5
431;356;5
431;357;5
431;358;5
431;359;5
431;360;5
431;361;5
431;362;5
431;363;5
431;364;5
431;365;5
431;366;5
431;367;5
431;368;5
431;369;5
431;370;5
431;371;5
431;372;5
431;373;12
431;374;12
431;375;12
431;376;12
431;377;12
431;378;12
431;379;12
431;380;12
431;381;12
431;382;12
431;383;12
431;384;12
431;385;12
431;386;12
431;387;12
431;388;12
431;389;12
431;390;12
431;391;12
431;392;12
431;393;12
431;394;12
431;395;12
431;396;12
431;397;36
431;398;36
431;399;36
431;400;36
431;401;36
431;402;36
431;403;36
431;404;36
431;405;36
431;406;36
431;407;36
431;408;36
431;409;36
431;410;36
431;411;36
431;412;36
431;413;36
431;414;36
431;415;36
431;416;36
431;417;36
431;418;9
431;419;9
431;420;9
431;421;9
431;422;9
431;423;9
431;424;9
431;425;9
431;426;9
431;427;9
431;428;9
431;429;9
431;430;9
431;431;9
431;432;9
431;433;9
431;434;9
431;435;2
431;436;2
431;437;2
431;438;2
431;439;2
431;440;2
431;441;2
431;442;2
431;443;2
431;444;2
431;445;2
431;446;2
431;447;2
431;448;2
431;449;2
431;450;19
431;451;19
431;452;19
431;453;19
431;454;19
431;455;19
431;456;19
431;457;19
431;458;19
431;459;19
431;460;19
431;461;19
431;462;19
431;463;19
431;464;19
431;465;19
431;466;19
431;467;19
431;468;19
431;469;19
431;470;19
431;471;19
431;472;19
431;473;19
431;474;51
431;475;51
431;476;51
431;477;51
431;478;51
431;479;51
431;480;51
431;481;51
431;482;51
431;483;51
431;484;51
431;485;51
431;486;51
431;487;51
431;488;51
431;489;51
431;490;51
431;491;51
431;492;51
431;493;51
431;494;51
431;495;51
431;496;51
431;497;51
431;498;51
431;499;51
432;0;12
432;1;12
432;2;12
432;3;12
432;4;12
432;5;12
432;6;12
432;7;30
432;8;30
432;9;30
432;10;30
432;11;30
432;12;30
432;13;30
432;14;30
432;15;30
432;16;30
432;17;30
432;18;30
432;19;30
432;20;30
432;21;30
432;22;30
432;23;30
432;24;30
432;25;30
432;26;30
432;27;30
432;28;30
432;29;30
432;30;30
432;31;30
432;32;30
432;33;30
432;34;30
432;35;5
432;36;5
432;37;5
432;38;5
432;39;10
432;40;10
432;41;10
432;42;10
432;43;10
432;44;10
432;45;10
432;46;10
432;47;10
432;48;10
432;49;10
432;50;10
432;51;10
432;52;10
432;53;10
432;54;10
432;55;10
432;56;10
432;57;10
432;58;10
432;59;10
432;60;10
432;61;31
432;62;31
432;63;31
432;64;31
432;65;31
432;66;31
432;67;31
432;68;31
432;69;31
432;70;31
432;71;31
432;72;31
432;73;31
432;74;31
432;75;31
432;76;31
432;77;31
432;78;31
432;79;31
432;80;31
432;81;31
432;82;31
432;83;31
432;84;31
432;85;31
432;86;31
432;87;31
432;88;31
432;89;31
432;90;31
432;91;31
432;92;31
432;93;31
432;94;49
432;95;49
432;96;49
432;97;49
432;98;49
432;99;49
432;100;49
432;101;49
432;102;49
432;103;49
432;104;49
432;105;49
432;106;49
432;107;49
432;108;49
432;109;49
432;110;49
432;111;49
432;112;49
432;113;49
432;114;49
432;115;49
432;116;49
432;117;49
432;118;49
432;119;49
432;120;49
432;121;49
432;122;6
432;123;6
432;124;6
432;125;6
432;126;6
432;127;6
432;128;6
432;129;6
432;130;6
432;131;6
432;132;6
432;133;6
432;134;6
432;135;6
432;136;6
432;137;6
432;138;6
432;139;6
432;140;6
432;141;6
432;142;6
432;143;18
432;144;18
432;145;18
432;146;18
432;147;18
432;148;18
432;149;18
432;150;18
432;151;18
432;152;18
432;153;18
432;154;18
432;155;18
432;156;18
432;157;18
432;158;18
432;159;18
432;160;18
432;161;18
432;162;18
432;163;18
432;164;18
432;165;18
432;166;18
432;167;18
432;168;18
432;169;18
432;170;18
432;171;18
432;172;18
432;173;18
432;174;18
432;175;18
432;176;44
432;177;44
432;178;44
432;179;44
432;180;44
432;181;26
432;182;26
432;183;26
432;184;26
432;185;26
432;186;26
432;187;26
432;188;26
432;189;26
432;190;23
432;191;23
432;192;23
432;193;23
432;194;23
432;195;23
432;196;23
432;197;23
432;198;23
432;199;23
432;200;23
432;201;23
432;202;23
432;203;23
432;204;23
432;205;23
432;206;23
432;207;23
432;208;23
432;209;23
432;210;23
432;211;23
432;212;23
432;213;23
432;214;23
432;215;23
432;216;23
432;217;23
432;218;23
432;219;23
432;220;23
432;221;23
432;222;23
432;223;23
432;224;23
432;225;23
432;226;23
432;227;23
432;228;23
432;229;23
432;230;23
432;231;10
432;232;10
432;233;10
432;234;10
432;235;10
432;236;10
432;237;10
432;238;10
432;239;10
432;240;10
432;241;10
432;242;10
432;243;10
432;244;10
432;245;49
432;246;49
432;247;49
432;248;49
432;249;49
432;250;49
432;251;49
432;252;49
432;253;49
432;254;50
432;255;50
432;256;50
432;257;50
432;258;50
432;259;50
432;260;50
432;261;50
432;262;50
432;263;50
432;264;50
432;265;50
432;266;50
432;267;50
432;268;50
432;269;50
432;270;50
432;271;50
432;272;50
432;273;50
432;274;50
432;275;50
432;276;50
432;277;50
432;278;50
432;279;50
432;280;50
432;281;50
432;282;50
432;283;50
432;284;50
432;285;50
432;286;50
432;287;50
432;288;50
432;289;50
432;290;50
432;291;50
432;292;50
432;293;50
432;294;50
432;295;50
432;296;50
432;297;50
432;298;50
432;299;50
432;300;50
432;301;26
432;302;26
432;303;26
432;304;26
432;305;26
432;306;26
432;307;26
432;308;26
432;309;26
432;310;26
432;311;46
432;312;46
432;313;46
432;314;46
432;315;46
432;316;46
432;317;46
432;318;46
432;319;46
432;320;46
432;321;46
432;322;46
432;323;46
432;324;46
432;325;8
432;326;8
432;327;8
432;328;8
432;329;16
432;330;16
432;331;16
432;332;16
432;333;16
432;334;16
432;335;16
432;336;16
432;337;16
432;338;16
432;339;16
432;340;16
432;341;16
432;342;16
432;343;16
432;344;16
432;345;16
432;346;16
432;347;16
432;348;16
432;349;16
432;350;16
432;351;16
432;352;16
432;353;5
432;354;5
432;355;5
432;356;5
432;357;5
432;358;5
432;359;5
432;360;5
432;361;5
432;362;5
432;363;5
432;364;5
432;365;5
432;366;5
432;367;5
432;368;5
432;369;5
432;370;5
432;371;5
432;372;5
432;373;5
432;374;12
432;375;12
432;376;12
432;377;12
432;378;12
432;379;12
432;380;12
432;381;12
432;382;12
432;383;12
432;384;12
432;385;12
432;386;12
432;387;12
432;388;12
432;389;12
432;390;12
432;391;12
432;392;12
432;393;12
432;394;12
432;395;12
432;396;12
432;397;12
432;398;12
432;399;36
432;400;36
432;401;36
432;402;36
432;403;36
432;404;36
432;405;36
432;406;36
432;407;36
432;408;36
432;409;36
432;410;36
432;411;36
432;412;36
432;413;36
432;414;36
432;415;36
432;416;36
432;417;9
432;418;9
432;419;9
432;420;9
432;421;9
432;422;9
432;423;9
432;424;9
432;425;9
432;426;9
432;427;9
432;428;9
432;429;9
432;430;9
432;431;9
432;432;9
432;433;9
432;434;9
432;435;9
432;436;2
432;437;2
432;438;2
432;439;2
432;440;2
432;441;2
432;442;2
432;443;2
432;444;2
432;445;2
432;446;2
432;447;2
432;448;2
432;449;2
432;450;19
432;451;19
432;452;19
432;453;19
432;454;19
432;455;19
432;456;19
432;457;19
432;458;19
432;459;19
432;460;19
432;461;19
432;462;19
432;463;19
432;464;19
432;465;19
432;466;19
432;467;19
432;468;19
432;469;19
432;470;19
432;471;19
432;472;19
432;473;19
432;474;19
432;475;51
432;476;51
432;477;51
432;478;51
432;479;51
432;480;51
432;481;51
432;482;51
432;483;51
432;484;51
432;485;51
432;486;51
432;487;51
432;488;51
432;489;51
432;490;51
432;491;51
432;492;51
432;493;51
432;494;51
432;495;51
432;496;51
432;497;51
432;498;51
432;499;51
433;0;12
433;1;12
433;2;12
433;3;12
433;4;12
433;5;12
433;6;12
433;7;12
433;8;30
433;9;30
433;10;30
433;11;30
433;12;30
433;13;30
433;14;30
433;15;30
433;16;30
433;17;30
433;18;30
433;19;30
433;20;30
433;21;30
433;22;30
433;23;30
433;24;30
433;25;30
433;26;30
433;27;30
433;28;30
433;29;30
433;30;30
433;31;30
433;32;30
433;33;30
433;34;30
433;35;30
433;36;30
433;37;5
433;38;10
433;39;10
433;40;10
433;41;10
433;42;10
433;43;10
433;44;10
433;45;10
433;46;10
433;47;10
433;48;10
433;49;10
433;50;10
433;51;10
433;52;10
433;53;10
433;54;10
433;55;10
433;56;10
433;57;10
433;58;10
433;59;10
433;60;10
433;61;10
433;62;31
433;63;31
433;64;31
433;65;31
433;66;31
433;67;31
433;68;31
433;69;31
433;70;31
433;71;31
433;72;31
433;73;31
433;74;31
433;75;31
433;76;31
433;77;31
433;78;31
433;79;31
433;80;31
433;81;31
433;82;31
433;83;31
433;84;31
433;85;31
433;86;31
433;87;31
433;88;31
433;89;31
433;90;31
433;91;31
433;92;31
433;93;31
433;94;49
433;95;49
433;96;49
433;97;49
433;98;49
433;99;49
433;100;49
433;101;49
433;102;49
433;103;49
433;104;49
433;105;49
433;106;49
433;107;49
433;108;49
433;109;49
433;110;49
433;111;49
433;112;49
433;113;49
433;114;49
433;115;49
433;116;49
433;117;49
433;118;49
433;119;49
433;120;49
433;121;49
433;122;6
433;123;6
433;124;6
433;125;6
433;126;6
433;127;6
433;128;6
433;129;6
433;130;6
433;131;6
433;132;6
433;133;6
433;134;6
433;135;6
433;136;6
433;137;6
433;138;6
433;139;6
433;140;6
433;141;6
433;142;6
433;143;6
433;144;6
433;145;18
433;146;18
433;147;18
433;148;18
433;149;18
433;150;18
433;151;18
433;152;18
433;153;18
433;154;18
433;155;18
433;156;18
433;157;18
433;158;18
433;159;18
433;160;18
433;161;18
433;162;18
433;163;18
433;164;18
433;165;18
433;166;18
433;167;18
433;168;18
433;169;18
433;170;18
433;171;18
433;172;18
433;173;18
433;174;18
433;175;44
433;176;44
433;177;44
433;178;44
433;179;44
433;180;44
433;181;44
433;182;44
433;183;26
433;184;26
433;185;26
433;186;26
433;187;26
433;188;26
433;189;26
433;190;23
433;191;23
433;192;23
433;193;23
433;194;23
433;195;23
433;196;23
433;197;23
433;198;23
433;199;23
433;200;23
433;201;23
433;202;23
433;203;23
433;204;23
433;205;23
433;206;23
433;207;23
433;208;23
433;209;23
433;210;23
433;211;23
433;212;23
433;213;23
433;214;23
433;215;23
433;216;23
433;217;23
433;218;23
433;219;23
433;220;23
433;221;23
433;222;23
433;223;23
433;224;23
433;225;23
433;226;23
433;227;23
433;228;23
433;229;23
433;230;23
433;231;23
433;232;10
433;233;10
433;234;10
433;235;10
433;236;10
433;237;10
433;238;10
433;239;10
433;240;10
433;241;10
433;242;10
433;243;10
433;244;10
433;245;10
433;246;49
433;247;49
433;248;49
433;249;49
433;250;49
433;251;49
433;252;49
433;253;50
433;254;50
433;255;50
433;256;50
433;257;50
433;258;50
433;259;50
433;260;50
433;261;50
433;262;50
433;263;50
433;264;50
433;265;50
433;266;50
433;267;50
433;268;50
433;269;50
433;270;50
433;271;50
433;272;50
433;273;50
433;274;50
433;275;50
433;276;50
433;277;50
433;278;50
433;279;50
433;280;50
433;281;50
433;282;50
433;283;50
433;284;50
433;285;50
433;286;50
433;287;50
433;288;50
433;289;50
433;290;50
433;291;50
433;292;50
433;293;50
433;294;50
433;295;50
433;296;50
433;297;50
433;298;50
433;299;50
433;300;50
433;301;50
433;302;26
433;303;26
433;304;26
433;305;26
433;306;26
433;307;26
433;308;26
433;309;26
433;310;46
433;311;46
433;312;46
433;313;46
433;314;46
433;315;46
433;316;46
433;317;46
433;318;46
433;319;46
433;320;46
433;321;46
433;322;46
433;323;46
433;324;46
433;325;46
433;326;8
433;327;8
433;328;8
433;329;8
433;330;16
433;331;16
433;332;16
433;333;16
433;334;16
433;335;16
433;336;16
433;337;16
433;338;16
433;339;16
433;340;16
433;341;16
433;342;16
433;343;16
433;344;16
433;345;16
433;346;16
433;347;16
433;348;16
433;349;16
433;350;16
433;351;16
433;352;16
433;353;16
433;354;5
433;355;5
433;356;5
433;357;5
433;358;5
433;359;5
433;360;5
433;361;5
433;362;5
433;363;5
433;364;5
433;365;5
433;366;5
433;367;5
433;368;5
433;369;5
433;370;5
433;371;5
433;372;5
433;373;5
433;374;5
433;375;12
433;376;12
433;377;12
433;378;12
433;379;12
433;380;12
433;381;12
433;382;12
433;383;12
433;384;12
433;385;12
433;386;12
433;387;12
433;388;12
433;389;12
433;390;12
433;391;12
433;392;12
433;393;12
433;394;12
433;395;12
433;396;12
433;397;12
433;398;12
433;399;12
433;400;36
433;401;36
433;402;36
433;403;36
433;404;36
433;405;36
433;406;36
433;407;36
433;408;36
433;409;36
433;410;36
433;411;36
433;412;36
433;413;36
433;414;36
433;415;36
433;416;9
433;417;9
433;418;9
433;419;9
433;420;9
433;421;9
433;422;9
433;423;9
433;424;9
433;425;9
433;426;9
433;427;9
433;428;9
433;429;9
433;430;9
433;431;9
433;432;9
433;433;9
433;434;9
433;435;9
433;436;9
433;437;2
433;438;2
433;439;2
433;440;2
433;441;2
433;442;2
433;443;2
433;444;2
433;445;2
433;446;2
433;447;2
433;448;2
433;449;2
433;450;19
433;451;19
433;452;19
433;453;19
433;454;19
433;455;19
433;456;19
433;457;19
433;458;19
433;459;19
433;460;19
433;461;19
433;462;19
433;463;19
433;464;19
433;465;19
433;466;19
433;467;19
433;468;19
433;469;19
433;470;19
433;471;19
433;472;19
433;473;19
433;474;19
433;475;51
433;476;51
433;477;51
433;478;51
433;479;51
433;480;51
433;481;51
433;482;51
433;483;51
433;484;51
433;485;51
433;486;51
433;487;51
433;488;51
433;489;51
433;490;51
433;491;51
433;492;51
433;493;51
433;494;51
433;495;51
433;496;51
433;497;51
433;498;51
433;499;51
434;0;12
434;1;12
434;2;12
434;3;12
434;4;12
434;5;12
434;6;12
434;7;12
434;8;30
434;9;30
434;10;30
434;11;30
434;12;30
434;13;30
434;14;30
434;15;30
434;16;30
434;17;30
434;18;30
434;19;30
434;20;30
434;21;30
434;22;30
434;23;30
434;24;30
434;25;30
434;26;30
434;27;30
434;28;30
434;29;30
434;30;30
434;31;30
434;32;30
434;33;30
434;34;30
434;35;30
434;36;30
434;37;30
434;38;10
434;39;10
434;40;10
434;41;10
434;42;10
434;43;10
434;44;10
434;45;10
434;46;10
434;47;10
434;48;10
434;49;10
434;50;10
434;51;10
434;52;10
434;53;10
434;54;10
434;55;10
434;56;10
434;57;10
434;58;10
434;59;10
434;60;10
434;61;10
434;62;10
434;63;31
434;64;31
434;65;31
434;66;31
434;67;31
434;68;31
434;69;31
434;70;31
434;71;31
434;72;31
434;73;31
434;74;31
434;75;31
434;76;31
434;77;31
434;78;31
434;79;31
434;80;31
434;81;31
434;82;31
434;83;31
434;84;31
434;85;31
434;86;31
434;87;31
434;88;31
434;89;31
434;90;31
434;91;31
434;92;31
434;93;31
434;94;49
434;95;49
434;96;49
434;97;49
434;98;49
434;99;49
434;100;49
434;101;49
434;102;49
434;103;49
434;104;49
434;105;49
434;106;49
434;107;49
434;108;49
434;109;49
434;110;49
434;111;49
434;112;49
434;113;49
434;114;49
434;115;49
434;116;49
434;117;49
434;118;49
434;119;49
434;120;49
434;121;49
434;122;49
434;123;6
434;124;6
434;125;6
434;126;6
434;127;6
434;128;6
434;129;6
434;130;6
434;131;6
434;132;6
434;133;6
434;134;6
434;135;6
434;136;6
434;137;6
434;138;6
434;139;6
434;140;6
434;141;6
434;142;6
434;143;6
434;144;6
434;145;6
434;146;6
434;147;18
434;148;18
434;149;18
434;150;18
434;151;18
434;152;18
434;153;18
434;154;18
434;155;18
434;156;18
434;157;18
434;158;18
434;159;18
434;160;18
434;161;18
434;162;18
434;163;18
434;164;18
434;165;18
434;166;18
434;167;18
434;168;18
434;169;18
434;170;18
434;171;18
434;172;18
434;173;18
434;174;44
434;175;44
434;176;44
434;177;44
434;178;44
434;179;44
434;180;44
434;181;44
434;182;44
434;183;44
434;184;44
434;185;26
434;186;26
434;187;26
434;188;26
434;189;26
434;190;23
434;191;23
434;192;23
434;193;23
434;194;23
434;195;23
434;196;23
434;197;23
434;198;23
434;199;23
434;200;23
434;201;23
434;202;23
434;203;23
434;204;23
434;205;23
434;206;23
434;207;23
434;208;23
434;209;23
434;210;23
434;211;23
434;212;23
434;213;23
434;214;23
434;215;23
434;216;23
434;217;23
434;218;23
434;219;23
434;220;23
434;221;23
434;222;23
434;223;23
434;224;23
434;225;23
434;226;23
434;227;23
434;228;23
434;229;23
434;230;23
434;231;23
434;232;23
434;233;10
434;234;10
434;235;10
434;236;10
434;237;10
434;238;10
434;239;10
434;240;10
434;241;10
434;242;10
434;243;10
434;244;10
434;245;10
434;246;10
434;247;49
434;248;49
434;249;49
434;250;49
434;251;49
434;252;50
434;253;50
434;254;50
434;255;50
434;256;50
434;257;50
434;258;50
434;259;50
434;260;50
434;261;50
434;262;50
434;263;50
434;264;50
434;265;50
434;266;50
434;267;50
434;268;50
434;269;50
434;270;50
434;271;50
434;272;50
434;273;50
434;274;50
434;275;50
434;276;50
434;277;50
434;278;50
434;279;50
434;280;50
434;281;50
434;282;50
434;283;50
434;284;50
434;285;50
434;286;50
434;287;50
434;288;50
434;289;50
434;290;50
434;291;50
434;292;50
434;293;50
434;294;50
434;295;50
434;296;50
434;297;50
434;298;50
434;299;50
434;300;50
434;301;50
434;302;50
434;303;26
434;304;26
434;305;26
434;306;26
434;307;26
434;308;26
434;309;46
434;310;46
434;311;46
434;312;46
434;313;46
434;314;46
434;315;46
434;316;46
434;317;46
434;318;46
434;319;46
434;320;46
434;321;46
434;322;46
434;323;46
434;324;46
434;325;46
434;326;46
434;327;8
434;328;8
434;329;8
434;330;8
434;331;16
434;332;16
434;333;16
434;334;16
434;335;16
434;336;16
434;337;16
434;338;16
434;339;16
434;340;16
434;341;16
434;342;16
434;343;16
434;344;16
434;345;16
434;346;16
434;347;16
434;348;16
434;349;16
434;350;16
434;351;16
434;352;16
434;353;16
434;354;5
434;355;5
434;356;5
434;357;5
434;358;5
434;359;5
434;360;5
434;361;5
434;362;5
434;363;5
434;364;5
434;365;5
434;366;5
434;367;5
434;368;5
434;369;5
434;370;5
434;371;5
434;372;5
434;373;5
434;374;5
434;375;5
434;376;12
434;377;12
434;378;12
434;379;12
434;380;12
434;381;12
434;382;12
434;383;12
434;384;12
434;385;12
434;386;12
434;387;12
434;388;12
434;389;12
434;390;12
434;391;12
434;392;12
434;393;12
434;394;12
434;395;12
434;396;12
434;397;12
434;398;12
434;399;12
434;400;12
434;401;36
434;402;36
434;403;36
434;404;36
434;405;36
434;406;36
434;407;36
434;408;36
434;409;36
434;410;36
434;411;36
434;412;36
434;413;36
434;414;36
434;415;9
434;416;9
434;417;9
434;418;9
434;419;9
434;420;9
434;421;9
434;422;9
434;423;9
434;424;9
434;425;9
434;426;9
434;427;9
434;428;9
434;429;9
434;430;9
434;431;9
434;432;9
434;433;9
434;434;9
434;435;9
434;436;9
434;437;9
434;438;2
434;439;2
434;440;2
434;441;2
434;442;2
434;443;2
434;444;2
434;445;2
434;446;2
434;447;2
434;448;2
434;449;2
434;450;19
434;451;19
434;452;19
434;453;19
434;454;19
434;455;19
434;456;19
434;457;19
434;458;19
434;459;19
434;460;19
434;461;19
434;462;19
434;463;19
434;464;19
434;465;19
434;466;19
434;467;19
434;468;19
434;469;19
434;470;19
434;471;19
434;472;19
434;473;19
434;474;19
434;475;19
434;476;51
434;477;51
434;478;51
434;479;51
434;480;51
434;481;51
434;482;51
434;483;51
434;484;51
434;485;51
434;486;51
434;487;51
434;488;51
434;489;51
434;490;51
434;491;51
434;492;51
434;493;51
434;494;51
434;495;51
434;496;51
434;497;51
434;498;51
434;499;51
435;0;12
435;1;12
435;2;12
435;3;12
435;4;12
435;5;12
435;6;12
435;7;12
435;8;12
435;9;30
435;10;30
435;11;30
435;12;30
435;13;30
435;14;30
435;15;30
435;16;30
435;17;30
435;18;30
435;19;30
435;20;30
435;21;30
435;22;30
435;23;30
435;24;30
435;25;30
435;26;30
435;27;30
435;28;30
435;29;30
435;30;30
435;31;30
435;32;30
435;33;30
435;34;30
435;35;30
435;36;30
435;37;30
435;38;30
435;39;10
435;40;10
435;41;10
435;42;10
435;43;10
435;44;10
435;45;10
435;46;10
435;47;10
435;48;10
435;49;10
435;50;10
435;51;10
435;52;10
435;53;10
435;54;10
435;55;10
435;56;10
435;57;10
435;58;10
435;59;10
435;60;10
435;61;10
435;62;10
435;63;10
435;64;31
435;65;31
435;66;31
435;67;31
435;68;31
435;69;31
435;70;31
435;71;31
435;72;31
435;73;31
435;74;31
435;75;31
435;76;31
435;77;31
435;78;31
435;79;31
435;80;31
435;81;31
435;82;31
435;83;31
435;84;31
435;85;31
435;86;31
435;87;31
435;88;31
435;89;31
435;90;31
435;91;31
435;92;31
435;93;31
435;94;49
435;95;49
435;96;49
435;97;49
435;98;49
435;99;49
435;100;49
435;101;49
435;102;49
435;103;49
435;104;49
435;105;49
435;106;49
435;107;49
435;108;49
435;109;49
435;110;49
435;111;49
435;112;49
435;113;49
435;114;49
435;115;49
435;116;49
435;117;49
435;118;49
435;119;49
435;120;49
435;121;49
435;122;49
435;123;6
435;124;6
435;125;6
435;126;6
435;127;6
435;128;6
435;129;6
435;130;6
435;131;6
435;132;6
435;133;6
435;134;6
435;135;6
435;136;6
435;137;6
435;138;6
435;139;6
435;140;6
435;141;6
435;142;6
435;143;6
435;144;6
435;145;6
435;146;6
435;147;6
435;148;6
435;149;18
435;150;18
435;151;18
435;152;18
435;153;18
435;154;18
435;155;18
435;156;18
435;157;18
435;158;18
435;159;18
435;160;18
435;161;18
435;162;18
435;163;18
435;164;18
435;165;18
435;166;18
435;167;18
435;168;18
435;169;18
435;170;18
435;171;18
435;172;18
435;173;18
435;174;44
435;175;44
435;176;44
435;177;44
435;178;44
435;179;44
435;180;44
435;181;44
435;182;44
435;183;44
435;184;44
435;185;44
435;186;44
435;187;44
435;188;44
435;189;44
435;190;44
435;191;23
435;192;23
435;193;23
435;194;23
435;195;23
435;196;23
435;197;23
435;198;23
435;199;23
435;200;23
435;201;23
435;202;23
435;203;23
435;204;23
435;205;23
435;206;23
435;207;23
435;208;23
435;209;23
435;210;23
435;211;23
435;212;23
435;213;23
435;214;23
435;215;23
435;216;23
435;217;23
435;218;23
435;219;23
435;220;23
435;221;23
435;222;23
435;223;23
435;224;23
435;225;23
435;226;23
435;227;23
435;228;23
435;229;23
435;230;23
435;231;23
435;232;23
435;233;23
435;234;10
435;235;10
435;236;10
435;237;10
435;238;10
435;239;10
435;240;10
435;241;10
435;242;10
435;243;10
435;244;10
435;245;10
435;246;10
435;247;10
435;248;49
435;249;49
435;250;49
435;251;50
435;252;50
435;253;50
435;254;50
435;255;50
435;256;50
435;257;50
435;258;50
435;259;50
435;260;50
435;261;50
435;262;50
435;263;50
435;264;50
435;265;50
435;266;50
435;267;50
435;268;50
435;269;50
435;270;50
435;271;50
435;272;50
435;273;50
435;274;50
435;275;50
435;276;50
435;277;50
435;278;50
435;279;50
435;280;50
435;281;50
435;282;50
435;283;50
435;284;50
435;285;50
435;286;50
435;287;50
435;288;50
435;289;50
435;290;50
435;291;50
435;292;50
435;293;50
435;294;50
435;295;50
435;296;50
435;297;50
435;298;50
435;299;50
435;300;50
435;301;50
435;302;50
435;303;50
435;304;26
435;305;26
435;306;26
435;307;26
435;308;46
435;309;46
435;310;46
435;311;46
435;312;46
435;313;46
435;314;46
435;315;46
435;316;46
435;317;46
435;318;46
435;319;46
435;320;46
435;321;46
435;322;46
435;323;46
435;324;46
435;325;46
435;326;46
435;327;46
435;328;8
435;329;8
435;330;8
435;331;8
435;332;16
435;333;16
435;334;16
435;335;16
435;336;16
435;337;16
435;338;16
435;339;16
435;340;16
435;341;16
435;342;16
435;343;16
435;344;16
435;345;16
435;346;16
435;347;16
435;348;16
435;349;16
435;350;16
435;351;16
435;352;16
435;353;16
435;354;16
435;355;5
435;356;5
435;357;5
435;358;5
435;359;5
435;360;5
435;361;5
435;362;5
435;363;5
435;364;5
435;365;5
435;366;5
435;367;5
435;368;5
435;369;5
435;370;5
435;371;5
435;372;5
435;373;5
435;374;5
435;375;5
435;376;5
435;377;12
435;378;12
435;379;12
435;380;12
435;381;12
435;382;12
435;383;12
435;384;12
435;385;12
435;386;12
435;387;12
435;388;12
435;389;12
435;390;12
435;391;12
435;392;12
435;393;12
435;394;12
435;395;12
435;396;12
435;397;12
435;398;12
435;399;12
435;400;12
435;401;12
435;402;36
435;403;36
435;404;36
435;405;36
435;406;36
435;407;36
435;408;36
435;409;36
435;410;36
435;411;36
435;412;36
435;413;36
435;414;9
435;415;9
435;416;9
435;417;9
435;418;9
435;419;9
435;420;9
435;421;9
435;422;9
435;423;9
435;424;9
435;425;9
435;426;9
435;427;9
435;428;9
435;429;9
435;430;9
435;431;9
435;432;9
435;433;9
435;434;9
435;435;9
435;436;9
435;437;9
435;438;9
435;439;2
435;440;2
435;441;2
435;442;2
435;443;2
435;444;2
435;445;2
435;446;2
435;447;2
435;448;2
435;449;2
435;450;19
435;451;19
435;452;19
435;453;19
435;454;19
435;455;19
435;456;19
435;457;19
435;458;19
435;459;19
435;460;19
435;461;19
435;462;19
435;463;19
435;464;19
435;465;19
435;466;19
435;467;19
435;468;19
435;469;19
435;470;19
435;471;19
435;472;19
435;473;19
435;474;19
435;475;19
435;476;51
435;477;51
435;478;51
435;479;51
435;480;51
435;481;51
435;482;51
435;483;51
435;484;51
435;485;51
435;486;51
435;487;51
435;488;51
435;489;51
435;490;51
435;491;51
435;492;51
435;493;51
435;494;51
435;495;51
435;496;51
435;497;51
435;498;51
435;499;51
436;0;12
436;1;12
436;2;12
436;3;12
436;4;12
436;5;12
436;6;12
436;7;12
436;8;12
436;9;12
436;10;30
436;11;30
436;12;30
436;13;30
436;14;30
436;15;30
436;16;30
436;17;30
436;18;30
436;19;30
436;20;30
436;21;30
436;22;30
436;23;30
436;24;30
436;25;30
436;26;30
436;27;30
436;28;30
436;29;30
436;30;30
436;31;30
436;32;30
436;33;30
436;34;30
436;35;30
436;36;30
436;37;30
436;38;30
436;39;10
436;40;10
436;41;10
436;42;10
436;43;10
436;44;10
436;45;10
436;46;10
436;47;10
436;48;10
436;49;10
436;50;10
436;51;10
436;52;10
436;53;10
436;54;10
436;55;10
436;56;10
436;57;10
436;58;10
436;59;10
436;60;10
436;61;10
436;62;10
436;63;10
436;64;10
436;65;31
436;66;31
436;67;31
436;68;31
436;69;31
436;70;31
436;71;31
436;72;31
436;73;31
436;74;31
436;75;31
436;76;31
436;77;31
436;78;31
436;79;31
436;80;31
436;81;31
436;82;31
436;83;31
436;84;31
436;85;31
436;86;31
436;87;31
436;88;31
436;89;31
436;90;31
436;91;31
436;92;31
436;93;31
436;94;31
436;95;49
436;96;49
436;97;49
436;98;49
436;99;49
436;100;49
436;101;49
436;102;49
436;103;49
436;104;49
436;105;49
436;106;49
436;107;49
436;108;49
436;109;49
436;110;49
436;111;49
436;112;49
436;113;49
436;114;49
436;115;49
436;116;49
436;117;49
436;118;49
436;119;49
436;120;49
436;121;49
436;122;49
436;123;6
436;124;6
436;125;6
436;126;6
436;127;6
436;128;6
436;129;6
436;130;6
436;131;6
436;132;6
436;133;6
436;134;6
436;135;6
436;136;6
436;137;6
436;138;6
436;139;6
436;140;6
436;141;6
436;142;6
436;143;6
436;144;6
436;145;6
436;146;6
436;147;6
436;148;6
436;149;17
436;150;17
436;151;17
436;152;17
436;153;17
436;154;17
436;155;17
436;156;18
436;157;18
436;158;18
436;159;18
436;160;18
436;161;18
436;162;18
436;163;18
436;164;18
436;165;18
436;166;18
436;167;18
436;168;18
436;169;18
436;170;18
436;171;18
436;172;18
436;173;18
436;174;44
436;175;44
436;176;44
436;177;44
436;178;44
436;179;44
436;180;44
436;181;44
436;182;44
436;183;44
436;184;44
436;185;44
436;186;44
436;187;44
436;188;44
436;189;44
436;190;44
436;191;44
436;192;44
436;193;23
436;194;23
436;195;23
436;196;23
436;197;23
436;198;23
436;199;23
436;200;23
436;201;23
436;202;23
436;203;23
436;204;23
436;205;23
436;206;23
436;207;23
436;208;23
436;209;23
436;210;23
436;211;23
436;212;23
436;213;23
436;214;23
436;215;23
436;216;23
436;217;23
436;218;23
436;219;23
436;220;23
436;221;23
436;222;23
436;223;23
436;224;23
436;225;23
436;226;23
436;227;23
436;228;23
436;229;23
436;230;23
436;231;23
436;232;23
436;233;23
436;234;23
436;235;10
436;236;10
436;237;10
436;238;10
436;239;10
436;240;10
436;241;10
436;242;10
436;243;10
436;244;10
436;245;10
436;246;10
436;247;10
436;248;10
436;249;49
436;250;50
436;251;50
436;252;50
436;253;50
436;254;50
436;255;50
436;256;50
436;257;50
436;258;50
436;259;50
436;260;50
436;261;50
436;262;50
436;263;50
436;264;50
436;265;50
436;266;50
436;267;50
436;268;50
436;269;50
436;270;50
436;271;50
436;272;50
436;273;50
436;274;50
436;275;50
436;276;50
436;277;50
436;278;50
436;279;50
436;280;50
436;281;50
436;282;50
436;283;50
436;284;50
436;285;50
436;286;50
436;287;50
436;288;50
436;289;50
436;290;50
436;291;50
436;292;50
436;293;50
436;294;50
436;295;50
436;296;50
436;297;50
436;298;50
436;299;50
436;300;50
436;301;50
436;302;50
436;303;50
436;304;50
436;305;26
436;306;26
436;307;46
436;308;46
436;309;46
436;310;46
436;311;46
436;312;46
436;313;46
436;314;46
436;315;46
436;316;46
436;317;46
436;318;46
436;319;46
436;320;46
436;321;46
436;322;46
436;323;46
436;324;46
436;325;46
436;326;46
436;327;46
436;328;46
436;329;8
436;330;8
436;331;8
436;332;8
436;333;16
436;334;16
436;335;16
436;336;16
436;337;16
436;338;16
436;339;16
436;340;16
436;341;16
436;342;16
436;343;16
436;344;16
436;345;16
436;346;16
436;347;16
436;348;16
436;349;16
436;350;16
436;351;16
436;352;16
436;353;16
436;354;16
436;355;5
436;356;5
436;357;5
436;358;5
436;359;5
436;360;5
436;361;5
436;362;5
436;363;5
436;364;5
436;365;5
436;366;5
436;367;5
436;368;5
436;369;5
436;370;5
436;371;5
436;372;5
436;373;5
436;374;5
436;375;5
436;376;5
436;377;5
436;378;12
436;379;12
436;380;12
436;381;12
436;382;12
436;383;12
436;384;12
436;385;12
436;386;12
436;387;12
436;388;12
436;389;12
436;390;12
436;391;12
436;392;12
436;393;12
436;394;12
436;395;12
436;396;12
436;397;12
436;398;12
436;399;12
436;400;12
436;401;12
436;402;12
436;403;36
436;404;36
436;405;36
436;406;36
436;407;36
436;408;36
436;409;36
436;410;9
436;411;9
436;412;9
436;413;9
436;414;9
436;415;9
436;416;9
436;417;9
436;418;9
436;419;9
436;420;9
436;421;9
436;422;9
436;423;9
436;424;9
436;425;9
436;426;9
436;427;9
436;428;9
436;429;9
436;430;9
436;431;9
436;432;9
436;433;9
436;434;9
436;435;9
436;436;9
436;437;9
436;438;9
436;439;9
436;440;2
436;441;2
436;442;2
436;443;2
436;444;2
436;445;2
436;446;2
436;447;2
436;448;2
436;449;2
436;450;19
436;451;19
436;452;19
436;453;19
436;454;19
436;455;19
436;456;19
436;457;19
436;458;19
436;459;19
436;460;19
436;461;19
436;462;19
436;463;19
436;464;19
436;465;19
436;466;19
436;467;19
436;468;19
436;469;19
436;470;19
436;471;19
436;472;19
436;473;19
436;474;19
436;475;19
436;476;19
436;477;51
436;478;51
436;479;51
436;480;51
436;481;51
436;482;51
436;483;51
436;484;51
436;485;51
436;486;51
436;487;51
436;488;51
436;489;51
436;490;51
436;491;51
436;492;51
436;493;51
436;494;51
436;495;51
436;496;51
436;497;51
436;498;51
436;499;51
437;0;12
437;1;12
437;2;12
437;3;12
437;4;12
437;5;12
437;6;12
437;7;12
437;8;12
437;9;12
437;10;12
437;11;30
437;12;30
437;13;30
437;14;30
437;15;30
437;16;30
437;17;30
437;18;30
437;19;30
437;20;30
437;21;30
437;22;30
437;23;30
437;24;30
437;25;30
437;26;30
437;27;30
437;28;30
437;29;30
437;30;30
437;31;30
437;32;30
437;33;30
437;34;30
437;35;30
437;36;30
437;37;30
437;38;30
437;39;10
437;40;10
437;41;10
437;42;10
437;43;10
437;44;10
437;45;10
437;46;10
437;47;10
437;48;10
437;49;10
437;50;10
437;51;10
437;52;10
437;53;10
437;54;10
437;55;10
437;56;10
437;57;10
437;58;10
437;59;10
437;60;10
437;61;10
437;62;10
437;63;10
437;64;10
437;65;10
437;66;31
437;67;31
437;68;31
437;69;31
437;70;31
437;71;31
437;72;31
437;73;31
437;74;31
437;75;31
437;76;31
437;77;31
437;78;31
437;79;31
437;80;31
437;81;31
437;82;31
437;83;31
437;84;31
437;85;31
437;86;31
437;87;31
437;88;31
437;89;31
437;90;31
437;91;31
437;92;31
437;93;31
437;94;31
437;95;49
437;96;49
437;97;49
437;98;49
437;99;49
437;100;49
437;101;49
437;102;49
437;103;49
437;104;49
437;105;49
437;106;49
437;107;49
437;108;49
437;109;49
437;110;49
437;111;49
437;112;49
437;113;49
437;114;49
437;115;49
437;116;49
437;117;49
437;118;49
437;119;49
437;120;49
437;121;49
437;122;49
437;123;49
437;124;6
437;125;6
437;126;6
437;127;6
437;128;6
437;129;6
437;130;6
437;131;6
437;132;6
437;133;6
437;134;6
437;135;6
437;136;6
437;137;6
437;138;6
437;139;6
437;140;6
437;141;6
437;142;6
437;143;6
437;144;6
437;145;6
437;146;6
437;147;6
437;148;17
437;149;17
437;150;17
437;151;17
437;152;17
437;153;17
437;154;17
437;155;17
437;156;17
437;157;17
437;158;18
437;159;18
437;160;18
437;161;18
437;162;18
437;163;18
437;164;18
437;165;18
437;166;18
437;167;18
437;168;18
437;169;18
437;170;18
437;171;18
437;172;18
437;173;18
437;174;44
437;175;44
437;176;44
437;177;44
437;178;44
437;179;44
437;180;44
437;181;44
437;182;44
437;183;44
437;184;44
437;185;44
437;186;44
437;187;44
437;188;44
437;189;44
437;190;44
437;191;44
437;192;44
437;193;44
437;194;44
437;195;23
437;196;23
437;197;23
437;198;23
437;199;23
437;200;23
437;201;23
437;202;23
437;203;23
437;204;23
437;205;23
437;206;23
437;207;23
437;208;23
437;209;23
437;210;23
437;211;23
437;212;23
437;213;23
437;214;23
437;215;23
437;216;23
437;217;23
437;218;23
437;219;23
437;220;23
437;221;23
437;222;23
437;223;23
437;224;23
437;225;23
437;226;23
437;227;23
437;228;23
437;229;23
437;230;23
437;231;23
437;232;23
437;233;23
437;234;23
437;235;23
437;236;10
437;237;10
437;238;10
437;239;10
437;240;10
437;241;10
437;242;10
437;243;10
437;244;10
437;245;10
437;246;10
437;247;10
437;248;10
437;249;10
437;250;50
437;251;50
437;252;50
437;253;50
437;254;50
437;255;50
437;256;50
437;257;50
437;258;50
437;259;50
437;260;50
437;261;50
437;262;50
437;263;50
437;264;50
437;265;50
437;266;50
437;267;50
437;268;50
437;269;50
437;270;50
437;271;50
437;272;50
437;273;50
437;274;50
437;275;50
437;276;50
437;277;50
437;278;50
437;279;50
437;280;50
437;281;50
437;282;50
437;283;50
437;284;50
437;285;50
437;286;50
437;287;50
437;288;50
437;289;50
437;290;50
437;291;50
437;292;50
437;293;50
437;294;50
437;295;50
437;296;50
437;297;50
437;298;50
437;299;50
437;300;50
437;301;50
437;302;50
437;303;50
437;304;50
437;305;50
437;306;50
437;307;46
437;308;46
437;309;46
437;310;46
437;311;46
437;312;46
437;313;46
437;314;46
437;315;46
437;316;46
437;317;46
437;318;46
437;319;46
437;320;46
437;321;46
437;322;46
437;323;46
437;324;46
437;325;46
437;326;46
437;327;46
437;328;46
437;329;46
437;330;8
437;331;8
437;332;8
437;333;8
437;334;16
437;335;16
437;336;16
437;337;16
437;338;16
437;339;16
437;340;16
437;341;16
437;342;16
437;343;16
437;344;16
437;345;16
437;346;16
437;347;16
437;348;16
437;349;16
437;350;16
437;351;16
437;352;16
437;353;16
437;354;16
437;355;16
437;356;5
437;357;5
437;358;5
437;359;5
437;360;5
437;361;5
437;362;5
437;363;5
437;364;5
437;365;5
437;366;5
437;367;5
437;368;5
437;369;5
437;370;5
437;371;5
437;372;5
437;373;5
437;374;5
437;375;5
437;376;5
437;377;5
437;378;5
437;379;12
437;380;12
437;381;12
437;382;12
437;383;12
437;384;12
437;385;12
437;386;12
437;387;12
437;388;12
437;389;12
437;390;12
437;391;12
437;392;12
437;393;12
437;394;12
437;395;12
437;396;12
437;397;12
437;398;12
437;399;12
437;400;12
437;401;12
437;402;12
437;403;12
437;404;36
437;405;36
437;406;36
437;407;36
437;408;36
437;409;9
437;410;9
437;411;9
437;412;9
437;413;9
437;414;9
437;415;9
437;416;9
437;417;9
437;418;9
437;419;9
437;420;9
437;421;9
437;422;9
437;423;9
437;424;9
437;425;9
437;426;9
437;427;9
437;428;9
437;429;9
437;430;9
437;431;9
437;432;9
437;433;9
437;434;9
437;435;9
437;436;9
437;437;9
437;438;9
437;439;9
437;440;9
437;441;2
437;442;2
437;443;2
437;444;2
437;445;2
437;446;2
437;447;2
437;448;2
437;449;2
437;450;19
437;451;19
437;452;19
437;453;19
437;454;19
437;455;19
437;456;19
437;457;19
437;458;19
437;459;19
437;460;19
437;461;19
437;462;19
437;463;19
437;464;19
437;465;19
437;466;19
437;467;19
437;468;19
437;469;19
437;470;19
437;471;19
437;472;19
437;473;19
437;474;19
437;475;19
437;476;19
437;477;51
437;478;51
437;479;51
437;480;51
437;481;51
437;482;51
437;483;51
437;484;51
437;485;51
437;486;51
437;487;51
437;488;51
437;489;51
437;490;51
437;491;51
437;492;51
437;493;51
437;494;51
437;495;51
437;496;51
437;497;51
437;498;51
437;499;51
438;0;12
438;1;12
438;2;12
438;3;12
438;4;12
438;5;12
438;6;12
438;7;12
438;8;12
438;9;12
438;10;12
438;11;12
438;12;30
438;13;30
438;14;30
438;15;30
438;16;30
438;17;30
438;18;30
438;19;30
438;20;30
438;21;30
438;22;30
438;23;30
438;24;30
438;25;30
438;26;30
438;27;30
438;28;30
438;29;30
438;30;30
438;31;30
438;32;30
438;33;30
438;34;30
438;35;30
438;36;30
438;37;30
438;38;30
438;39;10
438;40;10
438;41;10
438;42;10
438;43;10
438;44;10
438;45;10
438;46;10
438;47;10
438;48;10
438;49;10
438;50;10
438;51;10
438;52;10
438;53;10
438;54;10
438;55;10
438;56;10
438;57;10
438;58;10
438;59;10
438;60;10
438;61;10
438;62;10
438;63;10
438;64;10
438;65;10
438;66;10
438;67;31
438;68;31
438;69;31
438;70;31
438;71;31
438;72;31
438;73;31
438;74;31
438;75;31
438;76;31
438;77;31
438;78;31
438;79;31
438;80;31
438;81;31
438;82;31
438;83;31
438;84;31
438;85;31
438;86;31
438;87;31
438;88;31
438;89;31
438;90;31
438;91;31
438;92;31
438;93;31
438;94;31
438;95;31
438;96;49
438;97;49
438;98;49
438;99;49
438;100;49
438;101;49
438;102;49
438;103;49
438;104;49
438;105;49
438;106;49
438;107;49
438;108;49
438;109;49
438;110;49
438;111;49
438;112;49
438;113;49
438;114;49
438;115;49
438;116;49
438;117;49
438;118;49
438;119;49
438;120;49
438;121;49
438;122;49
438;123;49
438;124;6
438;125;6
438;126;6
438;127;6
438;128;6
438;129;6
438;130;6
438;131;6
438;132;6
438;133;6
438;134;6
438;135;6
438;136;6
438;137;6
438;138;6
438;139;6
438;140;6
438;141;6
438;142;6
438;143;6
438;144;6
438;145;6
438;146;6
438;147;17
438;148;17
438;149;17
438;150;17
438;151;17
438;152;17
438;153;17
438;154;17
438;155;17
438;156;17
438;157;17
438;158;17
438;159;17
438;160;18
438;161;18
438;162;18
438;163;18
438;164;18
438;165;18
438;166;18
438;167;18
438;168;18
438;169;18
438;170;18
438;171;18
438;172;18
438;173;18
438;174;44
438;175;44
438;176;44
438;177;44
438;178;44
438;179;44
438;180;44
438;181;44
438;182;44
438;183;44
438;184;44
438;185;44
438;186;44
438;187;44
438;188;44
438;189;44
438;190;44
438;191;44
438;192;44
438;193;44
438;194;44
438;195;44
438;196;44
438;197;23
438;198;23
438;199;23
438;200;23
438;201;23
438;202;23
438;203;23
438;204;23
438;205;23
438;206;23
438;207;23
438;208;23
438;209;23
438;210;23
438;211;23
438;212;23
438;213;23
438;214;23
438;215;23
438;216;23
438;217;23
438;218;23
438;219;23
438;220;23
438;221;23
438;222;23
438;223;23
438;224;23
438;225;23
438;226;23
438;227;23
438;228;23
438;229;23
438;230;23
438;231;23
438;232;23
438;233;23
438;234;23
438;235;23
438;236;23
438;237;10
438;238;10
438;239;10
438;240;10
438;241;10
438;242;10
438;243;10
438;244;10
438;245;10
438;246;10
438;247;10
438;248;10
438;249;19
438;250;19
438;251;50
438;252;50
438;253;50
438;254;50
438;255;50
438;256;50
438;257;50
438;258;50
438;259;50
438;260;50
438;261;50
438;262;50
438;263;50
438;264;50
438;265;50
438;266;50
438;267;50
438;268;50
438;269;50
438;270;50
438;271;50
438;272;50
438;273;50
438;274;50
438;275;50
438;276;50
438;277;50
438;278;50
438;279;50
438;280;50
438;281;50
438;282;50
438;283;50
438;284;50
438;285;50
438;286;50
438;287;50
438;288;50
438;289;50
438;290;50
438;291;50
438;292;50
438;293;50
438;294;50
438;295;50
438;296;50
438;297;50
438;298;50
438;299;50
438;300;50
438;301;50
438;302;50
438;303;50
438;304;50
438;305;50
438;306;50
438;307;46
438;308;46
438;309;46
438;310;46
438;311;46
438;312;46
438;313;46
438;314;46
438;315;46
438;316;46
438;317;46
438;318;46
438;319;46
438;320;46
438;321;46
438;322;46
438;323;46
438;324;46
438;325;46
438;326;46
438;327;46
438;328;46
438;329;46
438;330;46
438;331;8
438;332;8
438;333;8
438;334;8
438;335;16
438;336;16
438;337;16
438;338;16
438;339;16
438;340;16
438;341;16
438;342;16
438;343;16
438;344;16
438;345;16
438;346;16
438;347;16
438;348;16
438;349;16
438;350;16
438;351;16
438;352;16
438;353;16
438;354;16
438;355;16
438;356;5
438;357;5
438;358;5
438;359;5
438;360;5
438;361;5
438;362;5
438;363;5
438;364;5
438;365;5
438;366;5
438;367;5
438;368;5
438;369;5
438;370;5
438;371;5
438;372;5
438;373;5
438;374;5
438;375;5
438;376;5
438;377;5
438;378;5
438;379;5
438;380;12
438;381;12
438;382;12
438;383;12
438;384;12
438;385;12
438;386;12
438;387;12
438;388;12
438;389;12
438;390;12
438;391;12
438;392;12
438;393;12
438;394;12
438;395;12
438;396;12
438;397;12
438;398;12
438;399;12
438;400;12
438;401;12
438;402;12
438;403;12
438;404;12
438;405;36
438;406;36
438;407;36
438;408;9
438;409;9
438;410;9
438;411;9
438;412;9
438;413;9
438;414;9
438;415;9
438;416;9
438;417;9
438;418;9
438;419;9
438;420;9
438;421;9
438;422;9
438;423;9
438;424;9
438;425;9
438;426;9
438;427;9
438;428;9
438;429;9
438;430;9
438;431;9
438;432;9
438;433;9
438;434;9
438;435;9
438;436;9
438;437;9
438;438;9
438;439;9
438;440;9
438;441;9
438;442;2
438;443;2
438;444;2
438;445;2
438;446;2
438;447;2
438;448;2
438;449;2
438;450;19
438;451;19
438;452;19
438;453;19
438;454;19
438;455;19
438;456;19
438;457;19
438;458;19
438;459;19
438;460;19
438;461;19
438;462;19
438;463;19
438;464;19
438;465;19
438;466;19
438;467;19
438;468;19
438;469;19
438;470;19
438;471;19
438;472;19
438;473;19
438;474;19
438;475;19
438;476;19
438;477;19
438;478;51
438;479;51
438;480;51
438;481;51
438;482;51
438;483;51
438;484;51
438;485;51
438;486;51
438;487;51
438;488;51
438;489;51
438;490;51
438;491;51
438;492;51
438;493;51
438;494;51
438;495;51
438;496;51
438;497;51
438;498;51
438;499;51
439;0;12
439;1;12
439;2;12
439;3;12
439;4;12
439;5;12
439;6;12
439;7;12
439;8;12
439;9;12
439;10;12
439;11;12
439;12;12
439;13;30
439;14;30
439;15;30
439;16;30
439;17;30
439;18;30
439;19;30
439;20;30
439;21;30
439;22;30
439;23;30
439;24;30
439;25;30
439;26;30
439;27;30
439;28;30
439;29;30
439;30;30
439;31;30
439;32;30
439;33;30
439;34;30
439;35;30
439;36;30
439;37;30
439;38;30
439;39;10
439;40;10
439;41;10
439;42;10
439;43;10
439;44;10
439;45;10
439;46;10
439;47;10
439;48;10
439;49;10
439;50;10
439;51;10
439;52;10
439;53;10
439;54;10
439;55;10
439;56;10
439;57;10
439;58;10
439;59;10
439;60;10
439;61;10
439;62;10
439;63;10
439;64;10
439;65;10
439;66;10
439;67;10
439;68;31
439;69;31
439;70;31
439;71;31
439;72;31
439;73;31
439;74;31
439;75;31
439;76;31
439;77;31
439;78;31
439;79;31
439;80;31
439;81;31
439;82;31
439;83;31
439;84;31
439;85;31
439;86;31
439;87;31
439;88;31
439;89;31
439;90;31
439;91;31
439;92;31
439;93;31
439;94;31
439;95;31
439;96;49
439;97;49
439;98;49
439;99;49
439;100;49
439;101;49
439;102;49
439;103;49
439;104;49
439;105;49
439;106;49
439;107;49
439;108;49
439;109;49
439;110;49
439;111;49
439;112;49
439;113;49
439;114;49
439;115;49
439;116;49
439;117;49
439;118;49
439;119;49
439;120;49
439;121;49
439;122;49
439;123;49
439;124;49
439;125;6
439;126;6
439;127;6
439;128;6
439;129;6
439;130;6
439;131;6
439;132;6
439;133;6
439;134;6
439;135;6
439;136;6
439;137;6
439;138;6
439;139;6
439;140;6
439;141;6
439;142;6
439;143;6
439;144;6
439;145;6
439;146;17
439;147;17
439;148;17
439;149;17
439;150;17
439;151;17
439;152;17
439;153;17
439;154;17
439;155;17
439;156;17
439;157;17
439;158;17
439;159;17
439;160;17
439;161;17
439;162;18
439;163;18
439;164;18
439;165;18
439;166;18
439;167;18
439;168;18
439;169;18
439;170;18
439;171;18
439;172;18
439;173;18
439;174;44
439;175;44
439;176;44
439;177;44
439;178;44
439;179;44
439;180;44
439;181;44
439;182;44
439;183;44
439;184;44
439;185;44
439;186;44
439;187;44
439;188;44
439;189;44
439;190;44
439;191;44
439;192;44
439;193;44
439;194;44
439;195;44
439;196;44
439;197;44
439;198;44
439;199;23
439;200;23
439;201;23
439;202;23
439;203;23
439;204;23
439;205;23
439;206;23
439;207;23
439;208;23
439;209;23
439;210;23
439;211;23
439;212;23
439;213;23
439;214;23
439;215;23
439;216;23
439;217;23
439;218;23
439;219;23
439;220;23
439;221;23
439;222;23
439;223;23
439;224;23
439;225;23
439;226;23
439;227;23
439;228;23
439;229;23
439;230;23
439;231;23
439;232;23
439;233;23
439;234;23
439;235;23
439;236;23
439;237;23
439;238;10
439;239;10
439;240;10
439;241;10
439;242;10
439;243;10
439;244;10
439;245;10
439;246;10
439;247;10
439;248;19
439;249;19
439;250;19
439;251;19
439;252;50
439;253;50
439;254;50
439;255;50
439;256;50
439;257;50
439;258;50
439;259;50
439;260;50
439;261;50
439;262;50
439;263;50
439;264;50
439;265;50
439;266;50
439;267;50
439;268;50
439;269;50
439;270;50
439;271;50
439;272;50
439;273;50
439;274;50
439;275;50
439;276;50
439;277;50
439;278;50
439;279;50
439;280;50
439;281;50
439;282;50
439;283;50
439;284;50
439;285;50
439;286;50
439;287;50
439;288;50
439;289;50
439;290;50
439;291;50
439;292;50
439;293;50
439;294;50
439;295;50
439;296;50
439;297;50
439;298;50
439;299;50
439;300;50
439;301;50
439;302;50
439;303;50
439;304;50
439;305;50
439;306;50
439;307;46
439;308;46
439;309;46
439;310;46
439;311;46
439;312;46
439;313;46
439;314;46
439;315;46
439;316;46
439;317;46
439;318;46
439;319;46
439;320;46
439;321;46
439;322;46
439;323;46
439;324;46
439;325;46
439;326;46
439;327;46
439;328;46
439;329;46
439;330;46
439;331;46
439;332;8
439;333;8
439;334;8
439;335;8
439;336;16
439;337;16
439;338;16
439;339;16
439;340;16
439;341;16
439;342;16
439;343;16
439;344;16
439;345;16
439;346;16
439;347;16
439;348;16
439;349;16
439;350;16
439;351;16
439;352;16
439;353;16
439;354;16
439;355;16
439;356;5
439;357;5
439;358;5
439;359;5
439;360;5
439;361;5
439;362;5
439;363;5
439;364;5
439;365;5
439;366;5
439;367;5
439;368;5
439;369;5
439;370;5
439;371;5
439;372;5
439;373;5
439;374;5
439;375;5
439;376;5
439;377;5
439;378;5
439;379;5
439;380;5
439;381;12
439;382;12
439;383;12
439;384;12
439;385;12
439;386;12
439;387;12
439;388;12
439;389;12
439;390;12
439;391;12
439;392;12
439;393;12
439;394;12
439;395;12
439;396;12
439;397;12
439;398;12
439;399;12
439;400;12
439;401;12
439;402;12
439;403;12
439;404;22
439;405;22
439;406;22
439;407;22
439;408;22
439;409;9
439;410;9
439;411;9
439;412;9
439;413;9
439;414;9
439;415;9
439;416;9
439;417;9
439;418;9
439;419;9
439;420;9
439;421;9
439;422;9
439;423;9
439;424;9
439;425;9
439;426;9
439;427;9
439;428;9
439;429;9
439;430;9
439;431;9
439;432;9
439;433;9
439;434;9
439;435;9
439;436;9
439;437;9
439;438;9
439;439;9
439;440;9
439;441;9
439;442;9
439;443;2
439;444;2
439;445;2
439;446;2
439;447;2
439;448;2
439;449;2
439;450;19
439;451;19
439;452;19
439;453;19
439;454;19
439;455;19
439;456;19
439;457;19
439;458;19
439;459;19
439;460;19
439;461;19
439;462;19
439;463;19
439;464;19
439;465;19
439;466;19
439;467;19
439;468;19
439;469;19
439;470;19
439;471;19
439;472;19
439;473;19
439;474;19
439;475;19
439;476;19
439;477;19
439;478;51
439;479;51
439;480;51
439;481;51
439;482;51
439;483;51
439;484;51
439;485;51
439;486;51
439;487;51
439;488;51
439;489;51
439;490;51
439;491;51
439;492;51
439;493;51
439;494;51
439;495;51
439;496;51
439;497;51
439;498;51
439;499;51
440;0;12
440;1;12
440;2;12
440;3;12
440;4;12
440;5;12
440;6;12
440;7;12
440;8;12
440;9;12
440;10;12
440;11;12
440;12;12
440;13;12
440;14;30
440;15;30
440;16;30
440;17;30
440;18;30
440;19;30
440;20;30
440;21;30
440;22;30
440;23;30
440;24;30
440;25;30
440;26;30
440;27;30
440;28;30
440;29;30
440;30;30
440;31;30
440;32;30
440;33;30
440;34;30
440;35;30
440;36;30
440;37;30
440;38;30
440;39;10
440;40;10
440;41;10
440;42;10
440;43;10
440;44;10
440;45;10
440;46;10
440;47;10
440;48;10
440;49;10
440;50;10
440;51;10
440;52;10
440;53;10
440;54;10
440;55;10
440;56;10
440;57;10
440;58;10
440;59;10
440;60;10
440;61;10
440;62;10
440;63;10
440;64;10
440;65;10
440;66;10
440;67;10
440;68;10
440;69;31
440;70;31
440;71;31
440;72;31
440;73;31
440;74;31
440;75;31
440;76;31
440;77;31
440;78;31
440;79;31
440;80;31
440;81;31
440;82;31
440;83;31
440;84;31
440;85;31
440;86;31
440;87;31
440;88;31
440;89;31
440;90;31
440;91;31
440;92;31
440;93;31
440;94;31
440;95;31
440;96;31
440;97;49
440;98;49
440;99;49
440;100;49
440;101;49
440;102;49
440;103;49
440;104;49
440;105;49
440;106;49
440;107;49
440;108;49
440;109;49
440;110;49
440;111;49
440;112;49
440;113;49
440;114;49
440;115;49
440;116;49
440;117;49
440;118;49
440;119;49
440;120;49
440;121;49
440;122;49
440;123;49
440;124;49
440;125;6
440;126;6
440;127;6
440;128;6
440;129;6
440;130;6
440;131;6
440;132;6
440;133;6
440;134;6
440;135;6
440;136;6
440;137;6
440;138;6
440;139;6
440;140;6
440;141;6
440;142;6
440;143;6
440;144;6
440;145;17
440;146;17
440;147;17
440;148;17
440;149;17
440;150;17
440;151;17
440;152;17
440;153;17
440;154;17
440;155;17
440;156;17
440;157;17
440;158;17
440;159;17
440;160;17
440;161;17
440;162;17
440;163;17
440;164;18
440;165;18
440;166;18
440;167;18
440;168;18
440;169;18
440;170;18
440;171;18
440;172;18
440;173;18
440;174;44
440;175;44
440;176;44
440;177;44
440;178;44
440;179;44
440;180;44
440;181;44
440;182;44
440;183;44
440;184;44
440;185;44
440;186;44
440;187;44
440;188;44
440;189;44
440;190;44
440;191;44
440;192;44
440;193;44
440;194;44
440;195;44
440;196;44
440;197;44
440;198;44
440;199;44
440;200;44
440;201;23
440;202;23
440;203;23
440;204;23
440;205;23
440;206;23
440;207;23
440;208;23
440;209;23
440;210;23
440;211;23
440;212;23
440;213;23
440;214;23
440;215;23
440;216;23
440;217;23
440;218;23
440;219;23
440;220;23
440;221;23
440;222;23
440;223;23
440;224;23
440;225;23
440;226;23
440;227;23
440;228;23
440;229;23
440;230;23
440;231;23
440;232;23
440;233;23
440;234;23
440;235;23
440;236;23
440;237;23
440;238;23
440;239;10
440;240;10
440;241;10
440;242;10
440;243;10
440;244;10
440;245;10
440;246;10
440;247;19
440;248;19
440;249;19
440;250;19
440;251;19
440;252;19
440;253;50
440;254;50
440;255;50
440;256;50
440;257;50
440;258;50
440;259;50
440;260;50
440;261;50
440;262;50
440;263;50
440;264;50
440;265;50
440;266;50
440;267;50
440;268;50
440;269;50
440;270;50
440;271;50
440;272;50
440;273;50
440;274;50
440;275;50
440;276;50
440;277;50
440;278;50
440;279;50
440;280;50
440;281;50
440;282;50
440;283;50
440;284;50
440;285;50
440;286;50
440;287;50
440;288;50
440;289;50
440;290;50
440;291;50
440;292;50
440;293;50
440;294;50
440;295;50
440;296;50
440;297;50
440;298;50
440;299;50
440;300;50
440;301;50
440;302;50
440;303;50
440;304;50
440;305;50
440;306;50
440;307;46
440;308;46
440;309;46
440;310;46
440;311;46
440;312;46
440;313;46
440;314;46
440;315;46
440;316;46
440;317;46
440;318;46
440;319;46
440;320;46
440;321;46
440;322;46
440;323;46
440;324;46
440;325;46
440;326;46
440;327;46
440;328;46
440;329;46
440;330;46
440;331;46
440;332;46
440;333;8
440;334;8
440;335;8
440;336;8
440;337;16
440;338;16
440;339;16
440;340;16
440;341;16
440;342;16
440;343;16
440;344;16
440;345;16
440;346;16
440;347;16
440;348;16
440;349;16
440;350;16
440;351;16
440;352;16
440;353;16
440;354;16
440;355;16
440;356;5
440;357;5
440;358;5
440;359;5
440;360;5
440;361;5
440;362;5
440;363;5
440;364;5
440;365;5
440;366;5
440;367;5
440;368;5
440;369;5
440;370;5
440;371;5
440;372;5
440;373;5
440;374;5
440;375;5
440;376;5
440;377;5
440;378;5
440;379;5
440;380;5
440;381;5
440;382;12
440;383;12
440;384;12
440;385;12
440;386;12
440;387;12
440;388;12
440;389;12
440;390;12
440;391;12
440;392;12
440;393;12
440;394;12
440;395;12
440;396;12
440;397;12
440;398;12
440;399;12
440;400;12
440;401;12
440;402;12
440;403;22
440;404;22
440;405;22
440;406;22
440;407;22
440;408;22
440;409;22
440;410;9
440;411;9
440;412;9
440;413;9
440;414;9
440;415;9
440;416;9
440;417;9
440;418;9
440;419;9
440;420;9
440;421;9
440;422;9
440;423;9
440;424;9
440;425;9
440;426;9
440;427;9
440;428;9
440;429;9
440;430;9
440;431;9
440;432;9
440;433;9
440;434;9
440;435;9
440;436;9
440;437;9
440;438;9
440;439;9
440;440;9
440;441;9
440;442;9
440;443;9
440;444;2
440;445;2
440;446;2
440;447;2
440;448;2
440;449;2
440;450;19
440;451;19
440;452;19
440;453;19
440;454;19
440;455;19
440;456;19
440;457;19
440;458;19
440;459;19
440;460;19
440;461;19
440;462;19
440;463;19
440;464;19
440;465;19
440;466;19
440;467;19
440;468;19
440;469;19
440;470;19
440;471;19
440;472;19
440;473;19
440;474;19
440;475;19
440;476;19
440;477;19
440;478;19
440;479;51
440;480;51
440;481;51
440;482;51
440;483;51
440;484;51
440;485;51
440;486;51
440;487;51
440;488;51
440;489;51
440;490;51
440;491;51
440;492;51
440;493;51
440;494;51
440;495;51
440;496;51
440;497;51
440;498;51
440;499;51
441;0;12
441;1;12
441;2;12
441;3;12
441;4;12
441;5;12
441;6;12
441;7;12
441;8;12
441;9;12
441;10;12
441;11;12
441;12;12
441;13;12
441;14;12
441;15;30
441;16;30
441;17;30
441;18;30
441;19;30
441;20;30
441;21;30
441;22;30
441;23;30
441;24;30
441;25;30
441;26;30
441;27;30
441;28;30
441;29;30
441;30;30
441;31;30
441;32;30
441;33;30
441;34;30
441;35;30
441;36;30
441;37;30
441;38;30
441;39;30
441;40;10
441;41;10
441;42;10
441;43;10
441;44;10
441;45;10
441;46;10
441;47;10
441;48;10
441;49;10
441;50;10
441;51;10
441;52;10
441;53;10
441;54;10
441;55;10
441;56;10
441;57;10
441;58;10
441;59;10
441;60;10
441;61;10
441;62;10
441;63;10
441;64;10
441;65;10
441;66;10
441;67;10
441;68;10
441;69;10
441;70;31
441;71;31
441;72;31
441;73;31
441;74;31
441;75;31
441;76;31
441;77;31
441;78;31
441;79;31
441;80;31
441;81;31
441;82;31
441;83;31
441;84;31
441;85;31
441;86;31
441;87;31
441;88;31
441;89;31
441;90;31
441;91;31
441;92;31
441;93;31
441;94;31
441;95;31
441;96;31
441;97;49
441;98;49
441;99;49
441;100;49
441;101;49
441;102;49
441;103;49
441;104;49
441;105;49
441;106;49
441;107;49
441;108;49
441;109;49
441;110;49
441;111;49
441;112;49
441;113;49
441;114;49
441;115;49
441;116;49
441;117;49
441;118;49
441;119;49
441;120;49
441;121;49
441;122;49
441;123;49
441;124;49
441;125;6
441;126;6
441;127;6
441;128;6
441;129;6
441;130;6
441;131;6
441;132;6
441;133;6
441;134;6
441;135;6
441;136;6
441;137;6
441;138;6
441;139;6
441;140;6
441;141;6
441;142;6
441;143;6
441;144;17
441;145;17
441;146;17
441;147;17
441;148;17
441;149;17
441;150;17
441;151;17
441;152;17
441;153;17
441;154;17
441;155;17
441;156;17
441;157;17
441;158;17
441;159;17
441;160;17
441;161;17
441;162;17
441;163;17
441;164;17
441;165;17
441;166;18
441;167;18
441;168;18
441;169;18
441;170;18
441;171;18
441;172;18
441;173;18
441;174;44
441;175;44
441;176;44
441;177;44
441;178;44
441;179;44
441;180;44
441;181;44
441;182;44
441;183;44
441;184;44
441;185;44
441;186;44
441;187;44
441;188;44
441;189;44
441;190;44
441;191;44
441;192;44
441;193;44
441;194;44
441;195;44
441;196;44
441;197;44
441;198;44
441;199;44
441;200;44
441;201;44
441;202;44
441;203;23
441;204;23
441;205;23
441;206;23
441;207;23
441;208;23
441;209;23
441;210;23
441;211;23
441;212;23
441;213;23
441;214;23
441;215;23
441;216;23
441;217;23
441;218;23
441;219;23
441;220;23
441;221;23
441;222;23
441;223;23
441;224;23
441;225;23
441;226;23
441;227;23
441;228;23
441;229;23
441;230;23
441;231;23
441;232;23
441;233;23
441;234;23
441;235;23
441;236;23
441;237;23
441;238;23
441;239;23
441;240;10
441;241;10
441;242;10
441;243;10
441;244;10
441;245;10
441;246;19
441;247;19
441;248;19
441;249;19
441;250;19
441;251;19
441;252;19
441;253;19
441;254;50
441;255;50
441;256;50
441;257;50
441;258;50
441;259;50
441;260;50
441;261;50
441;262;50
441;263;50
441;264;50
441;265;50
441;266;50
441;267;50
441;268;50
441;269;50
441;270;50
441;271;50
441;272;50
441;273;50
441;274;50
441;275;50
441;276;50
441;277;50
441;278;50
441;279;50
441;280;50
441;281;50
441;282;50
441;283;50
441;284;50
441;285;50
441;286;50
441;287;50
441;288;50
441;289;50
441;290;50
441;291;50
441;292;50
441;293;50
441;294;50
441;295;50
441;296;50
441;297;50
441;298;50
441;299;50
441;300;50
441;301;50
441;302;50
441;303;50
441;304;50
441;305;50
441;306;50
441;307;46
441;308;46
441;309;46
441;310;46
441;311;46
441;312;46
441;313;46
441;314;46
441;315;46
441;316;46
441;317;46
441;318;46
441;319;46
441;320;46
441;321;46
441;322;46
441;323;46
441;324;46
441;325;46
441;326;46
441;327;46
441;328;46
441;329;46
441;330;46
441;331;46
441;332;46
441;333;46
441;334;8
441;335;8
441;336;8
441;337;8
441;338;16
441;339;16
441;340;16
441;341;16
441;342;16
441;343;16
441;344;16
441;345;16
441;346;16
441;347;16
441;348;16
441;349;16
441;350;16
441;351;16
441;352;16
441;353;16
441;354;16
441;355;16
441;356;5
441;357;5
441;358;5
441;359;5
441;360;5
441;361;5
441;362;5
441;363;5
441;364;5
441;365;5
441;366;5
441;367;5
441;368;5
441;369;5
441;370;5
441;371;5
441;372;5
441;373;5
441;374;5
441;375;5
441;376;5
441;377;5
441;378;5
441;379;5
441;380;5
441;381;5
441;382;12
441;383;12
441;384;12
441;385;12
441;386;12
441;387;12
441;388;12
441;389;12
441;390;12
441;391;12
441;392;12
441;393;12
441;394;12
441;395;12
441;396;12
441;397;12
441;398;12
441;399;12
441;400;12
441;401;12
441;402;22
441;403;22
441;404;22
441;405;22
441;406;22
441;407;22
441;408;22
441;409;22
441;410;22
441;411;9
441;412;9
441;413;9
441;414;9
441;415;9
441;416;9
441;417;9
441;418;9
441;419;9
441;420;9
441;421;9
441;422;9
441;423;9
441;424;9
441;425;9
441;426;9
441;427;9
441;428;9
441;429;9
441;430;9
441;431;9
441;432;9
441;433;9
441;434;9
441;435;9
441;436;9
441;437;9
441;438;9
441;439;9
441;440;9
441;441;9
441;442;9
441;443;9
441;444;9
441;445;2
441;446;2
441;447;2
441;448;2
441;449;2
441;450;19
441;451;19
441;452;19
441;453;19
441;454;19
441;455;19
441;456;19
441;457;19
441;458;19
441;459;19
441;460;19
441;461;19
441;462;19
441;463;19
441;464;19
441;465;19
441;466;19
441;467;19
441;468;19
441;469;19
441;470;19
441;471;19
441;472;19
441;473;19
441;474;19
441;475;19
441;476;19
441;477;19
441;478;19
441;479;51
441;480;51
441;481;51
441;482;51
441;483;51
441;484;51
441;485;51
441;486;51
441;487;51
441;488;51
441;489;51
441;490;51
441;491;51
441;492;51
441;493;51
441;494;51
441;495;51
441;496;51
441;497;51
441;498;51
441;499;51
442;0;12
442;1;12
442;2;12
442;3;12
442;4;12
442;5;12
442;6;12
442;7;12
442;8;12
442;9;12
442;10;12
442;11;12
442;12;12
442;13;12
442;14;12
442;15;12
442;16;30
442;17;30
442;18;30
442;19;30
442;20;30
442;21;30
442;22;30
442;23;30
442;24;30
442;25;30
442;26;30
442;27;30
442;28;30
442;29;30
442;30;30
442;31;30
442;32;30
442;33;30
442;34;30
442;35;30
442;36;30
442;37;30
442;38;30
442;39;30
442;40;10
442;41;10
442;42;10
442;43;10
442;44;10
442;45;10
442;46;10
442;47;10
442;48;10
442;49;10
442;50;10
442;51;10
442;52;10
442;53;10
442;54;10
442;55;10
442;56;10
442;57;10
442;58;10
442;59;10
442;60;10
442;61;10
442;62;10
442;63;10
442;64;10
442;65;10
442;66;10
442;67;10
442;68;10
442;69;10
442;70;10
442;71;31
442;72;31
442;73;31
442;74;31
442;75;31
442;76;31
442;77;31
442;78;31
442;79;31
442;80;31
442;81;31
442;82;31
442;83;31
442;84;31
442;85;31
442;86;31
442;87;31
442;88;31
442;89;31
442;90;31
442;91;31
442;92;31
442;93;31
442;94;31
442;95;31
442;96;31
442;97;31
442;98;49
442;99;49
442;100;49
442;101;49
442;102;49
442;103;49
442;104;49
442;105;49
442;106;49
442;107;49
442;108;49
442;109;49
442;110;49
442;111;49
442;112;49
442;113;49
442;114;49
442;115;49
442;116;49
442;117;49
442;118;49
442;119;49
442;120;49
442;121;49
442;122;49
442;123;49
442;124;49
442;125;6
442;126;6
442;127;6
442;128;6
442;129;6
442;130;6
442;131;6
442;132;6
442;133;6
442;134;6
442;135;6
442;136;6
442;137;6
442;138;6
442;139;6
442;140;6
442;141;6
442;142;6
442;143;17
442;144;17
442;145;17
442;146;17
442;147;17
442;148;17
442;149;17
442;150;17
442;151;17
442;152;17
442;153;17
442;154;17
442;155;17
442;156;17
442;157;17
442;158;17
442;159;17
442;160;17
442;161;17
442;162;17
442;163;17
442;164;17
442;165;17
442;166;17
442;167;17
442;168;18
442;169;18
442;170;18
442;171;18
442;172;18
442;173;18
442;174;44
442;175;44
442;176;44
442;177;44
442;178;44
442;179;44
442;180;44
442;181;44
442;182;44
442;183;44
442;184;44
442;185;44
442;186;44
442;187;44
442;188;44
442;189;44
442;190;44
442;191;44
442;192;44
442;193;44
442;194;44
442;195;44
442;196;44
442;197;44
442;198;44
442;199;44
442;200;44
442;201;44
442;202;44
442;203;44
442;204;44
442;205;23
442;206;23
442;207;23
442;208;23
442;209;23
442;210;23
442;211;23
442;212;23
442;213;23
442;214;23
442;215;23
442;216;23
442;217;23
442;218;23
442;219;23
442;220;23
442;221;23
442;222;23
442;223;23
442;224;23
442;225;23
442;226;23
442;227;23
442;228;23
442;229;23
442;230;23
442;231;23
442;232;23
442;233;23
442;234;23
442;235;23
442;236;23
442;237;23
442;238;23
442;239;23
442;240;23
442;241;19
442;242;19
442;243;19
442;244;19
442;245;19
442;246;19
442;247;19
442;248;19
442;249;19
442;250;19
442;251;19
442;252;19
442;253;19
442;254;19
442;255;50
442;256;50
442;257;50
442;258;50
442;259;50
442;260;50
442;261;50
442;262;50
442;263;50
442;264;50
442;265;50
442;266;50
442;267;50
442;268;50
442;269;50
442;270;50
442;271;50
442;272;50
442;273;50
442;274;50
442;275;50
442;276;50
442;277;50
442;278;50
442;279;50
442;280;50
442;281;50
442;282;50
442;283;50
442;284;50
442;285;50
442;286;50
442;287;50
442;288;50
442;289;50
442;290;50
442;291;50
442;292;50
442;293;50
442;294;50
442;295;50
442;296;50
442;297;50
442;298;50
442;299;50
442;300;50
442;301;50
442;302;50
442;303;50
442;304;50
442;305;50
442;306;50
442;307;46
442;308;46
442;309;46
442;310;46
442;311;46
442;312;46
442;313;46
442;314;46
442;315;46
442;316;46
442;317;46
442;318;46
442;319;46
442;320;46
442;321;46
442;322;46
442;323;46
442;324;46
442;325;46
442;326;46
442;327;46
442;328;46
442;329;46
442;330;46
442;331;46
442;332;46
442;333;46
442;334;46
442;335;46
442;336;46
442;337;46
442;338;46
442;339;46
442;340;16
442;341;16
442;342;16
442;343;16
442;344;16
442;345;16
442;346;16
442;347;16
442;348;16
442;349;16
442;350;16
442;351;16
442;352;16
442;353;16
442;354;16
442;355;16
442;356;16
442;357;5
442;358;5
442;359;5
442;360;5
442;361;5
442;362;5
442;363;5
442;364;5
442;365;5
442;366;5
442;367;5
442;368;5
442;369;5
442;370;5
442;371;5
442;372;5
442;373;5
442;374;5
442;375;5
442;376;5
442;377;5
442;378;5
442;379;5
442;380;5
442;381;5
442;382;5
442;383;12
442;384;12
442;385;12
442;386;12
442;387;12
442;388;12
442;389;12
442;390;12
442;391;12
442;392;12
442;393;12
442;394;12
442;395;12
442;396;12
442;397;12
442;398;12
442;399;12
442;400;12
442;401;22
442;402;22
442;403;22
442;404;22
442;405;22
442;406;22
442;407;22
442;408;22
442;409;22
442;410;22
442;411;22
442;412;9
442;413;9
442;414;9
442;415;9
442;416;9
442;417;9
442;418;9
442;419;9
442;420;9
442;421;9
442;422;9
442;423;9
442;424;9
442;425;9
442;426;9
442;427;9
442;428;9
442;429;9
442;430;9
442;431;9
442;432;9
442;433;9
442;434;9
442;435;9
442;436;9
442;437;9
442;438;9
442;439;9
442;440;9
442;441;9
442;442;9
442;443;9
442;444;9
442;445;9
442;446;2
442;447;2
442;448;2
442;449;2
442;450;19
442;451;19
442;452;19
442;453;19
442;454;19
442;455;19
442;456;19
442;457;19
442;458;19
442;459;19
442;460;19
442;461;19
442;462;19
442;463;19
442;464;19
442;465;19
442;466;19
442;467;19
442;468;19
442;469;19
442;470;19
442;471;19
442;472;19
442;473;19
442;474;19
442;475;19
442;476;19
442;477;19
442;478;19
442;479;19
442;480;51
442;481;51
442;482;51
442;483;51
442;484;51
442;485;51
442;486;51
442;487;51
442;488;51
442;489;51
442;490;51
442;491;51
442;492;51
442;493;51
442;494;51
442;495;51
442;496;51
442;497;51
442;498;51
442;499;51
443;0;12
443;1;12
443;2;12
443;3;12
443;4;12
443;5;12
443;6;12
443;7;12
443;8;12
443;9;12
443;10;12
443;11;12
443;12;12
443;13;12
443;14;12
443;15;12
443;16;12
443;17;30
443;18;30
443;19;30
443;20;30
443;21;30
443;22;30
443;23;30
443;24;30
443;25;30
443;26;30
443;27;30
443;28;30
443;29;30
443;30;30
443;31;30
443;32;30
443;33;30
443;34;30
443;35;30
443;36;30
443;37;30
443;38;30
443;39;30
443;40;30
443;41;10
443;42;10
443;43;10
443;44;10
443;45;10
443;46;10
443;47;10
443;48;10
443;49;10
443;50;10
443;51;10
443;52;10
443;53;10
443;54;10
443;55;10
443;56;10
443;57;10
443;58;10
443;59;10
443;60;10
443;61;10
443;62;10
443;63;10
443;64;10
443;65;10
443;66;10
443;67;10
443;68;10
443;69;10
443;70;10
443;71;10
443;72;31
443;73;31
443;74;31
443;75;31
443;76;31
443;77;31
443;78;31
443;79;31
443;80;31
443;81;31
443;82;31
443;83;31
443;84;31
443;85;31
443;86;31
443;87;31
443;88;31
443;89;31
443;90;31
443;91;31
443;92;31
443;93;31
443;94;31
443;95;31
443;96;31
443;97;31
443;98;49
443;99;49
443;100;49
443;101;49
443;102;49
443;103;49
443;104;49
443;105;49
443;106;49
443;107;49
443;108;49
443;109;49
443;110;49
443;111;49
443;112;49
443;113;49
443;114;49
443;115;49
443;116;49
443;117;49
443;118;49
443;119;49
443;120;49
443;121;49
443;122;49
443;123;49
443;124;49
443;125;6
443;126;6
443;127;6
443;128;6
443;129;6
443;130;6
443;131;6
443;132;6
443;133;6
443;134;6
443;135;6
443;136;6
443;137;6
443;138;6
443;139;6
443;140;6
443;141;6
443;142;17
443;143;17
443;144;17
443;145;17
443;146;17
443;147;17
443;148;17
443;149;17
443;150;17
443;151;17
443;152;17
443;153;17
443;154;17
443;155;17
443;156;17
443;157;17
443;158;17
443;159;17
443;160;17
443;161;17
443;162;17
443;163;17
443;164;17
443;165;17
443;166;17
443;167;17
443;168;17
443;169;17
443;170;18
443;171;18
443;172;18
443;173;42
443;174;44
443;175;44
443;176;44
443;177;44
443;178;44
443;179;44
443;180;44
443;181;44
443;182;44
443;183;44
443;184;44
443;185;44
443;186;44
443;187;44
443;188;44
443;189;44
443;190;44
443;191;44
443;192;44
443;193;44
443;194;44
443;195;44
443;196;44
443;197;44
443;198;44
443;199;44
443;200;44
443;201;44
443;202;44
443;203;44
443;204;44
443;205;44
443;206;44
443;207;23
443;208;23
443;209;23
443;210;23
443;211;23
443;212;23
443;213;23
443;214;23
443;215;23
443;216;23
443;217;23
443;218;23
443;219;23
443;220;23
443;221;23
443;222;23
443;223;23
443;224;23
443;225;23
443;226;23
443;227;23
443;228;23
443;229;23
443;230;23
443;231;23
443;232;23
443;233;23
443;234;23
443;235;23
443;236;23
443;237;23
443;238;23
443;239;23
443;240;19
443;241;19
443;242;19
443;243;19
443;244;19
443;245;19
443;246;19
443;247;19
443;248;19
443;249;19
443;250;19
443;251;19
443;252;19
443;253;19
443;254;19
443;255;19
443;256;50
443;257;50
443;258;50
443;259;50
443;260;50
443;261;50
443;262;50
443;263;50
443;264;50
443;265;50
443;266;50
443;267;50
443;268;50
443;269;50
443;270;50
443;271;50
443;272;50
443;273;50
443;274;50
443;275;50
443;276;50
443;277;50
443;278;50
443;279;50
443;280;50
443;281;50
443;282;50
443;283;50
443;284;50
443;285;50
443;286;50
443;287;50
443;288;50
443;289;50
443;290;50
443;291;50
443;292;50
443;293;50
443;294;50
443;295;50
443;296;50
443;297;50
443;298;50
443;299;50
443;300;50
443;301;50
443;302;50
443;303;50
443;304;50
443;305;50
443;306;50
443;307;46
443;308;46
443;309;46
443;310;46
443;311;46
443;312;46
443;313;46
443;314;46
443;315;46
443;316;46
443;317;46
443;318;46
443;319;46
443;320;46
443;321;46
443;322;46
443;323;46
443;324;46
443;325;46
443;326;46
443;327;46
443;328;46
443;329;46
443;330;46
443;331;46
443;332;46
443;333;46
443;334;46
443;335;46
443;336;46
443;337;46
443;338;46
443;339;46
443;340;46
443;341;16
443;342;16
443;343;16
443;344;16
443;345;16
443;346;16
443;347;16
443;348;16
443;349;16
443;350;16
443;351;16
443;352;16
443;353;16
443;354;16
443;355;16
443;356;16
443;357;5
443;358;5
443;359;5
443;360;5
443;361;5
443;362;5
443;363;5
443;364;5
443;365;5
443;366;5
443;367;5
443;368;5
443;369;5
443;370;5
443;371;5
443;372;5
443;373;5
443;374;5
443;375;5
443;376;5
443;377;5
443;378;5
443;379;5
443;380;5
443;381;5
443;382;5
443;383;12
443;384;12
443;385;12
443;386;12
443;387;12
443;388;12
443;389;12
443;390;12
443;391;12
443;392;12
443;393;12
443;394;12
443;395;12
443;396;12
443;397;12
443;398;12
443;399;12
443;400;22
443;401;22
443;402;22
443;403;22
443;404;22
443;405;22
443;406;22
443;407;22
443;408;22
443;409;22
443;410;22
443;411;22
443;412;22
443;413;9
443;414;9
443;415;9
443;416;9
443;417;9
443;418;9
443;419;9
443;420;9
443;421;9
443;422;9
443;423;9
443;424;9
443;425;9
443;426;9
443;427;9
443;428;9
443;429;9
443;430;9
443;431;9
443;432;9
443;433;9
443;434;9
443;435;9
443;436;9
443;437;9
443;438;9
443;439;9
443;440;9
443;441;9
443;442;9
443;443;9
443;444;9
443;445;9
443;446;9
443;447;2
443;448;2
443;449;2
443;450;19
443;451;19
443;452;19
443;453;19
443;454;19
443;455;19
443;456;19
443;457;19
443;458;19
443;459;19
443;460;19
443;461;19
443;462;19
443;463;19
443;464;19
443;465;19
443;466;19
443;467;19
443;468;19
443;469;19
443;470;19
443;471;19
443;472;19
443;473;19
443;474;19
443;475;19
443;476;19
443;477;19
443;478;19
443;479;19
443;480;51
443;481;51
443;482;51
443;483;51
443;484;51
443;485;51
443;486;51
443;487;51
443;488;51
443;489;51
443;490;51
443;491;51
443;492;51
443;493;51
443;494;51
443;495;51
443;496;51
443;497;51
443;498;51
443;499;51
444;0;12
444;1;12
444;2;12
444;3;12
444;4;12
444;5;12
444;6;12
444;7;12
444;8;12
444;9;12
444;10;12
444;11;12
444;12;12
444;13;12
444;14;12
444;15;12
444;16;12
444;17;12
444;18;30
444;19;30
444;20;30
444;21;30
444;22;30
444;23;30
444;24;30
444;25;30
444;26;30
444;27;30
444;28;30
444;29;30
444;30;30
444;31;30
444;32;30
444;33;30
444;34;30
444;35;30
444;36;30
444;37;30
444;38;30
444;39;30
444;40;30
444;41;10
444;42;10
444;43;10
444;44;10
444;45;10
444;46;10
444;47;10
444;48;10
444;49;10
444;50;10
444;51;10
444;52;10
444;53;10
444;54;10
444;55;10
444;56;10
444;57;10
444;58;10
444;59;10
444;60;10
444;61;10
444;62;10
444;63;10
444;64;10
444;65;10
444;66;10
444;67;10
444;68;10
444;69;10
444;70;10
444;71;10
444;72;39
444;73;39
444;74;39
444;75;39
444;76;39
444;77;39
444;78;39
444;79;39
444;80;31
444;81;31
444;82;31
444;83;31
444;84;31
444;85;31
444;86;31
444;87;31
444;88;31
444;89;31
444;90;31
444;91;31
444;92;31
444;93;31
444;94;31
444;95;31
444;96;31
444;97;31
444;98;31
444;99;49
444;100;49
444;101;49
444;102;49
444;103;49
444;104;49
444;105;49
444;106;49
444;107;49
444;108;49
444;109;49
444;110;49
444;111;49
444;112;49
444;113;49
444;114;49
444;115;49
444;116;49
444;117;49
444;118;49
444;119;49
444;120;49
444;121;49
444;122;49
444;123;49
444;124;49
444;125;6
444;126;6
444;127;6
444;128;6
444;129;6
444;130;6
444;131;6
444;132;6
444;133;6
444;134;6
444;135;6
444;136;6
444;137;6
444;138;6
444;139;6
444;140;6
444;141;17
444;142;17
444;143;17
444;144;17
444;145;17
444;146;17
444;147;17
444;148;17
444;149;17
444;150;17
444;151;17
444;152;17
444;153;17
444;154;17
444;155;17
444;156;17
444;157;17
444;158;17
444;159;17
444;160;17
444;161;17
444;162;17
444;163;17
444;164;17
444;165;17
444;166;17
444;167;17
444;168;17
444;169;17
444;170;17
444;171;42
444;172;42
444;173;42
444;174;42
444;175;44
444;176;44
444;177;44
444;178;44
444;179;44
444;180;44
444;181;44
444;182;44
444;183;44
444;184;44
444;185;44
444;186;44
444;187;44
444;188;44
444;189;44
444;190;44
444;191;44
444;192;44
444;193;44
444;194;44
444;195;44
444;196;44
444;197;44
444;198;44
444;199;44
444;200;44
444;201;44
444;202;44
444;203;44
444;204;44
444;205;44
444;206;44
444;207;44
444;208;23
444;209;23
444;210;23
444;211;23
444;212;23
444;213;23
444;214;23
444;215;23
444;216;23
444;217;23
444;218;23
444;219;23
444;220;23
444;221;23
444;222;23
444;223;23
444;224;23
444;225;23
444;226;23
444;227;23
444;228;23
444;229;23
444;230;23
444;231;23
444;232;23
444;233;23
444;234;23
444;235;23
444;236;23
444;237;23
444;238;23
444;239;19
444;240;19
444;241;19
444;242;19
444;243;19
444;244;19
444;245;19
444;246;19
444;247;19
444;248;19
444;249;19
444;250;19
444;251;19
444;252;19
444;253;19
444;254;19
444;255;19
444;256;19
444;257;50
444;258;50
444;259;50
444;260;50
444;261;50
444;262;50
444;263;50
444;264;50
444;265;50
444;266;50
444;267;50
444;268;50
444;269;50
444;270;50
444;271;50
444;272;50
444;273;50
444;274;50
444;275;50
444;276;50
444;277;50
444;278;50
444;279;50
444;280;50
444;281;50
444;282;50
444;283;50
444;284;50
444;285;50
444;286;50
444;287;50
444;288;50
444;289;50
444;290;50
444;291;50
444;292;50
444;293;50
444;294;50
444;295;50
444;296;50
444;297;50
444;298;50
444;299;50
444;300;50
444;301;50
444;302;50
444;303;50
444;304;50
444;305;50
444;306;50
444;307;50
444;308;46
444;309;46
444;310;46
444;311;46
444;312;46
444;313;46
444;314;46
444;315;46
444;316;46
444;317;46
444;318;46
444;319;46
444;320;46
444;321;46
444;322;46
444;323;46
444;324;46
444;325;46
444;326;46
444;327;46
444;328;46
444;329;46
444;330;46
444;331;46
444;332;46
444;333;46
444;334;46
444;335;46
444;336;46
444;337;46
444;338;46
444;339;46
444;340;46
444;341;46
444;342;16
444;343;16
444;344;16
444;345;16
444;346;16
444;347;16
444;348;16
444;349;16
444;350;16
444;351;16
444;352;16
444;353;16
444;354;16
444;355;16
444;356;16
444;357;16
444;358;5
444;359;5
444;360;5
444;361;5
444;362;5
444;363;5
444;364;5
444;365;5
444;366;5
444;367;5
444;368;5
444;369;5
444;370;5
444;371;5
444;372;5
444;373;5
444;374;5
444;375;5
444;376;5
444;377;5
444;378;30
444;379;30
444;380;30
444;381;30
444;382;30
444;383;30
444;384;30
444;385;12
444;386;12
444;387;12
444;388;12
444;389;12
444;390;12
444;391;12
444;392;12
444;393;12
444;394;12
444;395;12
444;396;12
444;397;12
444;398;12
444;399;12
444;400;22
444;401;22
444;402;22
444;403;22
444;404;22
444;405;22
444;406;22
444;407;22
444;408;22
444;409;22
444;410;22
444;411;22
444;412;22
444;413;22
444;414;9
444;415;9
444;416;9
444;417;9
444;418;9
444;419;9
444;420;9
444;421;9
444;422;9
444;423;9
444;424;9
444;425;9
444;426;9
444;427;9
444;428;9
444;429;9
444;430;9
444;431;9
444;432;9
444;433;9
444;434;9
444;435;9
444;436;9
444;437;9
444;438;9
444;439;9
444;440;9
444;441;9
444;442;9
444;443;9
444;444;9
444;445;9
444;446;9
444;447;9
444;448;2
444;449;2
444;450;19
444;451;19
444;452;19
444;453;19
444;454;19
444;455;19
444;456;19
444;457;19
444;458;19
444;459;19
444;460;19
444;461;19
444;462;19
444;463;19
444;464;19
444;465;19
444;466;19
444;467;19
444;468;19
444;469;19
444;470;19
444;471;19
444;472;19
444;473;19
444;474;19
444;475;19
444;476;19
444;477;19
444;478;19
444;479;19
444;480;19
444;481;51
444;482;51
444;483;51
444;484;51
444;485;51
444;486;51
444;487;51
444;488;51
444;489;51
444;490;51
444;491;51
444;492;51
444;493;51
444;494;51
444;495;51
444;496;51
444;497;51
444;498;51
444;499;51
445;0;12
445;1;12
445;2;12
445;3;12
445;4;12
445;5;12
445;6;12
445;7;12
445;8;12
445;9;12
445;10;12
445;11;12
445;12;12
445;13;12
445;14;12
445;15;12
445;16;12
445;17;12
445;18;30
445;19;30
445;20;30
445;21;30
445;22;30
445;23;30
445;24;30
445;25;30
445;26;30
445;27;30
445;28;30
445;29;30
445;30;30
445;31;30
445;32;30
445;33;30
445;34;30
445;35;30
445;36;30
445;37;30
445;38;30
445;39;30
445;40;30
445;41;47
445;42;10
445;43;10
445;44;10
445;45;10
445;46;10
445;47;10
445;48;10
445;49;10
445;50;10
445;51;10
445;52;10
445;53;10
445;54;10
445;55;10
445;56;10
445;57;10
445;58;10
445;59;10
445;60;10
445;61;10
445;62;10
445;63;10
445;64;10
445;65;10
445;66;10
445;67;10
445;68;10
445;69;10
445;70;10
445;71;39
445;72;39
445;73;39
445;74;39
445;75;39
445;76;39
445;77;39
445;78;39
445;79;39
445;80;39
445;81;39
445;82;31
445;83;31
445;84;31
445;85;31
445;86;31
445;87;31
445;88;31
445;89;31
445;90;31
445;91;31
445;92;31
445;93;31
445;94;31
445;95;31
445;96;31
445;97;31
445;98;31
445;99;49
445;100;49
445;101;49
445;102;49
445;103;49
445;104;49
445;105;49
445;106;49
445;107;49
445;108;49
445;109;49
445;110;49
445;111;49
445;112;49
445;113;49
445;114;49
445;115;49
445;116;49
445;117;49
445;118;49
445;119;49
445;120;49
445;121;49
445;122;49
445;123;49
445;124;49
445;125;6
445;126;6
445;127;6
445;128;6
445;129;6
445;130;6
445;131;6
445;132;6
445;133;6
445;134;6
445;135;6
445;136;6
445;137;6
445;138;6
445;139;6
445;140;17
445;141;17
445;142;17
445;143;17
445;144;17
445;145;17
445;146;17
445;147;17
445;148;17
445;149;17
445;150;17
445;151;17
445;152;17
445;153;17
445;154;17
445;155;17
445;156;17
445;157;17
445;158;17
445;159;17
445;160;17
445;161;17
445;162;17
445;163;17
445;164;17
445;165;17
445;166;17
445;167;17
445;168;17
445;169;17
445;170;17
445;171;42
445;172;42
445;173;42
445;174;42
445;175;42
445;176;44
445;177;44
445;178;44
445;179;44
445;180;44
445;181;44
445;182;44
445;183;44
445;184;44
445;185;44
445;186;44
445;187;44
445;188;44
445;189;44
445;190;44
445;191;44
445;192;44
445;193;44
445;194;44
445;195;44
445;196;44
445;197;44
445;198;44
445;199;44
445;200;44
445;201;44
445;202;44
445;203;44
445;204;44
445;205;44
445;206;44
445;207;44
445;208;44
445;209;23
445;210;23
445;211;23
445;212;23
445;213;23
445;214;23
445;215;23
445;216;23
445;217;23
445;218;23
445;219;23
445;220;23
445;221;23
445;222;23
445;223;23
445;224;23
445;225;23
445;226;23
445;227;23
445;228;23
445;229;23
445;230;23
445;231;23
445;232;23
445;233;23
445;234;23
445;235;23
445;236;23
445;237;23
445;238;19
445;239;19
445;240;19
445;241;19
445;242;19
445;243;19
445;244;19
445;245;19
445;246;19
445;247;19
445;248;19
445;249;19
445;250;19
445;251;19
445;252;19
445;253;19
445;254;19
445;255;19
445;256;19
445;257;19
445;258;50
445;259;50
445;260;50
445;261;50
445;262;50
445;263;50
445;264;50
445;265;50
445;266;50
445;267;50
445;268;50
445;269;50
445;270;50
445;271;50
445;272;50
445;273;50
445;274;50
445;275;50
445;276;50
445;277;50
445;278;50
445;279;50
445;280;50
445;281;50
445;282;50
445;283;50
445;284;50
445;285;50
445;286;50
445;287;50
445;288;50
445;289;50
445;290;50
445;291;50
445;292;50
445;293;50
445;294;50
445;295;50
445;296;50
445;297;50
445;298;50
445;299;50
445;300;50
445;301;50
445;302;50
445;303;50
445;304;50
445;305;50
445;306;50
445;307;50
445;308;46
445;309;46
445;310;46
445;311;46
445;312;46
445;313;46
445;314;46
445;315;46
445;316;46
445;317;46
445;318;46
445;319;46
445;320;46
445;321;46
445;322;46
445;323;46
445;324;46
445;325;46
445;326;46
445;327;46
445;328;46
445;329;46
445;330;46
445;331;46
445;332;46
445;333;46
445;334;46
445;335;46
445;336;46
445;337;46
445;338;46
445;339;46
445;340;46
445;341;46
445;342;46
445;343;16
445;344;16
445;345;16
445;346;16
445;347;16
445;348;16
445;349;16
445;350;16
445;351;16
445;352;16
445;353;16
445;354;16
445;355;16
445;356;16
445;357;16
445;358;5
445;359;5
445;360;5
445;361;5
445;362;5
445;363;5
445;364;5
445;365;5
445;366;5
445;367;5
445;368;5
445;369;5
445;370;5
445;371;5
445;372;5
445;373;30
445;374;30
445;375;30
445;376;30
445;377;30
445;378;30
445;379;30
445;380;30
445;381;30
445;382;30
445;383;30
445;384;30
445;385;30
445;386;30
445;387;12
445;388;12
445;389;12
445;390;12
445;391;12
445;392;12
445;393;12
445;394;12
445;395;12
445;396;12
445;397;12
445;398;12
445;399;12
445;400;22
445;401;22
445;402;22
445;403;22
445;404;22
445;405;22
445;406;22
445;407;22
445;408;22
445;409;22
445;410;22
445;411;22
445;412;22
445;413;22
445;414;22
445;415;9
445;416;9
445;417;9
445;418;9
445;419;9
445;420;9
445;421;9
445;422;9
445;423;9
445;424;9
445;425;9
445;426;9
445;427;9
445;428;9
445;429;9
445;430;9
445;431;9
445;432;9
445;433;9
445;434;9
445;435;9
445;436;9
445;437;9
445;438;9
445;439;9
445;440;9
445;441;9
445;442;9
445;443;9
445;444;9
445;445;9
445;446;9
445;447;9
445;448;9
445;449;9
445;450;19
445;451;19
445;452;19
445;453;19
445;454;19
445;455;19
445;456;19
445;457;19
445;458;19
445;459;19
445;460;19
445;461;19
445;462;19
445;463;19
445;464;19
445;465;19
445;466;19
445;467;19
445;468;19
445;469;19
445;470;19
445;471;19
445;472;19
445;473;19
445;474;19
445;475;19
445;476;19
445;477;19
445;478;19
445;479;19
445;480;19
445;481;51
445;482;51
445;483;51
445;484;51
445;485;51
445;486;51
445;487;51
445;488;51
445;489;51
445;490;51
445;491;51
445;492;51
445;493;51
445;494;51
445;495;51
445;496;51
445;497;51
445;498;51
445;499;51
446;0;12
446;1;12
446;2;12
446;3;12
446;4;12
446;5;12
446;6;12
446;7;12
446;8;12
446;9;12
446;10;12
446;11;12
446;12;12
446;13;12
446;14;12
446;15;12
446;16;12
446;17;12
446;18;12
446;19;30
446;20;30
446;21;30
446;22;30
446;23;30
446;24;30
446;25;30
446;26;30
446;27;30
446;28;30
446;29;30
446;30;30
446;31;30
446;32;30
446;33;30
446;34;30
446;35;30
446;36;30
446;37;30
446;38;30
446;39;30
446;40;47
446;41;47
446;42;47
446;43;47
446;44;10
446;45;10
446;46;10
446;47;10
446;48;10
446;49;10
446;50;10
446;51;10
446;52;10
446;53;10
446;54;10
446;55;10
446;56;10
446;57;10
446;58;10
446;59;10
446;60;10
446;61;10
446;62;10
446;63;10
446;64;10
446;65;10
446;66;10
446;67;10
446;68;10
446;69;10
446;70;39
446;71;39
446;72;39
446;73;39
446;74;39
446;75;39
446;76;39
446;77;39
446;78;39
446;79;39
446;80;39
446;81;39
446;82;39
446;83;39
446;84;31
446;85;31
446;86;31
446;87;31
446;88;31
446;89;31
446;90;31
446;91;31
446;92;31
446;93;31
446;94;31
446;95;31
446;96;31
446;97;31
446;98;31
446;99;31
446;100;49
446;101;49
446;102;49
446;103;49
446;104;49
446;105;49
446;106;49
446;107;49
446;108;49
446;109;49
446;110;49
446;111;49
446;112;49
446;113;49
446;114;49
446;115;49
446;116;49
446;117;49
446;118;49
446;119;49
446;120;49
446;121;49
446;122;49
446;123;49
446;124;49
446;125;6
446;126;6
446;127;6
446;128;6
446;129;6
446;130;6
446;131;6
446;132;6
446;133;6
446;134;6
446;135;6
446;136;6
446;137;6
446;138;6
446;139;6
446;140;17
446;141;17
446;142;17
446;143;17
446;144;17
446;145;17
446;146;17
446;147;17
446;148;17
446;149;17
446;150;17
446;151;17
446;152;17
446;153;17
446;154;17
446;155;17
446;156;17
446;157;17
446;158;17
446;159;17
446;160;17
446;161;17
446;162;17
446;163;17
446;164;17
446;165;17
446;166;17
446;167;17
446;168;17
446;169;17
446;170;17
446;171;42
446;172;42
446;173;42
446;174;42
446;175;42
446;176;42
446;177;44
446;178;44
446;179;44
446;180;44
446;181;44
446;182;44
446;183;44
446;184;44
446;185;44
446;186;44
446;187;44
446;188;44
446;189;44
446;190;44
446;191;44
446;192;44
446;193;44
446;194;44
446;195;44
446;196;44
446;197;44
446;198;44
446;199;44
446;200;44
446;201;44
446;202;44
446;203;44
446;204;44
446;205;44
446;206;44
446;207;44
446;208;44
446;209;44
446;210;23
446;211;23
446;212;23
446;213;23
446;214;23
446;215;23
446;216;23
446;217;23
446;218;23
446;219;23
446;220;23
446;221;23
446;222;23
446;223;23
446;224;23
446;225;23
446;226;23
446;227;23
446;228;23
446;229;23
446;230;23
446;231;23
446;232;23
446;233;23
446;234;23
446;235;23
446;236;23
446;237;19
446;238;19
446;239;19
446;240;19
446;241;19
446;242;19
446;243;19
446;244;19
446;245;19
446;246;19
446;247;19
446;248;19
446;249;19
446;250;19
446;251;19
446;252;19
446;253;19
446;254;19
446;255;19
446;256;19
446;257;19
446;258;19
446;259;50
446;260;50
446;261;50
446;262;50
446;263;50
446;264;50
446;265;50
446;266;50
446;267;50
446;268;50
446;269;50
446;270;50
446;271;50
446;272;50
446;273;50
446;274;50
446;275;50
446;276;50
446;277;50
446;278;50
446;279;50
446;280;50
446;281;50
446;282;50
446;283;50
446;284;50
446;285;50
446;286;50
446;287;50
446;288;50
446;289;50
446;290;50
446;291;50
446;292;50
446;293;50
446;294;50
446;295;50
446;296;50
446;297;50
446;298;50
446;299;50
446;300;50
446;301;50
446;302;50
446;303;50
446;304;50
446;305;50
446;306;50
446;307;50
446;308;50
446;309;46
446;310;46
446;311;46
446;312;46
446;313;46
446;314;46
446;315;46
446;316;46
446;317;46
446;318;46
446;319;46
446;320;46
446;321;46
446;322;46
446;323;46
446;324;46
446;325;46
446;326;46
446;327;46
446;328;46
446;329;46
446;330;46
446;331;46
446;332;46
446;333;46
446;334;46
446;335;46
446;336;46
446;337;46
446;338;46
446;339;46
446;340;46
446;341;46
446;342;46
446;343;46
446;344;16
446;345;16
446;346;16
446;347;16
446;348;16
446;349;16
446;350;16
446;351;16
446;352;16
446;353;16
446;354;16
446;355;16
446;356;16
446;357;16
446;358;30
446;359;30
446;360;30
446;361;30
446;362;30
446;363;30
446;364;30
446;365;30
446;366;30
446;367;30
446;368;30
446;369;30
446;370;30
446;371;30
446;372;30
446;373;30
446;374;30
446;375;30
446;376;30
446;377;30
446;378;30
446;379;30
446;380;30
446;381;30
446;382;30
446;383;30
446;384;30
446;385;30
446;386;30
446;387;30
446;388;30
446;389;12
446;390;12
446;391;12
446;392;12
446;393;12
446;394;12
446;395;12
446;396;12
446;397;12
446;398;12
446;399;12
446;400;22
446;401;22
446;402;22
446;403;22
446;404;22
446;405;22
446;406;22
446;407;22
446;408;22
446;409;22
446;410;22
446;411;22
446;412;22
446;413;22
446;414;22
446;415;22
446;416;9
446;417;9
446;418;9
446;419;9
446;420;9
446;421;9
446;422;9
446;423;9
446;424;9
446;425;9
446;426;9
446;427;9
446;428;9
446;429;9
446;430;9
446;431;9
446;432;9
446;433;9
446;434;9
446;435;9
446;436;9
446;437;9
446;438;9
446;439;9
446;440;9
446;441;9
446;442;9
446;443;9
446;444;9
446;445;9
446;446;9
446;447;9
446;448;9
446;449;9
446;450;9
446;451;19
446;452;19
446;453;19
446;454;19
446;455;19
446;456;19
446;457;19
446;458;19
446;459;19
446;460;19
446;461;19
446;462;19
446;463;19
446;464;19
446;465;19
446;466;19
446;467;19
446;468;19
446;469;19
446;470;19
446;471;19
446;472;19
446;473;19
446;474;19
446;475;19
446;476;19
446;477;19
446;478;19
446;479;19
446;480;19
446;481;19
446;482;51
446;483;51
446;484;51
446;485;51
446;486;51
446;487;51
446;488;51
446;489;51
446;490;51
446;491;51
446;492;51
446;493;51
446;494;51
446;495;51
446;496;51
446;497;51
446;498;51
446;499;51
447;0;12
447;1;12
447;2;12
447;3;12
447;4;12
447;5;12
447;6;12
447;7;12
447;8;12
447;9;12
447;10;12
447;11;12
447;12;12
447;13;12
447;14;12
447;15;12
447;16;12
447;17;12
447;18;12
447;19;30
447;20;30
447;21;30
447;22;30
447;23;30
447;24;30
447;25;30
447;26;30
447;27;30
447;28;30
447;29;30
447;30;30
447;31;30
447;32;30
447;33;30
447;34;30
447;35;30
447;36;30
447;37;30
447;38;30
447;39;47
447;40;47
447;41;47
447;42;47
447;43;47
447;44;47
447;45;47
447;46;10
447;47;10
447;48;10
447;49;10
447;50;10
447;51;10
447;52;10
447;53;10
447;54;10
447;55;10
447;56;10
447;57;10
447;58;10
447;59;10
447;60;10
447;61;10
447;62;10
447;63;10
447;64;10
447;65;10
447;66;10
447;67;10
447;68;10
447;69;39
447;70;39
447;71;39
447;72;39
447;73;39
447;74;39
447;75;39
447;76;39
447;77;39
447;78;39
447;79;39
447;80;39
447;81;39
447;82;39
447;83;39
447;84;39
447;85;39
447;86;31
447;87;31
447;88;31
447;89;31
447;90;31
447;91;31
447;92;31
447;93;31
447;94;31
447;95;31
447;96;31
447;97;31
447;98;31
447;99;31
447;100;49
447;101;49
447;102;49
447;103;49
447;104;49
447;105;49
447;106;49
447;107;49
447;108;49
447;109;49
447;110;49
447;111;49
447;112;49
447;113;49
447;114;49
447;115;49
447;116;49
447;117;49
447;118;49
447;119;49
447;120;49
447;121;49
447;122;49
447;123;49
447;124;49
447;125;6
447;126;6
447;127;6
447;128;6
447;129;6
447;130;6
447;131;6
447;132;6
447;133;6
447;134;6
447;135;6
447;136;6
447;137;6
447;138;6
447;139;6
447;140;17
447;141;17
447;142;17
447;143;17
447;144;17
447;145;17
447;146;17
447;147;17
447;148;17
447;149;17
447;150;17
447;151;17
447;152;17
447;153;17
447;154;17
447;155;17
447;156;17
447;157;17
447;158;17
447;159;17
447;160;17
447;161;17
447;162;17
447;163;17
447;164;17
447;165;17
447;166;17
447;167;17
447;168;17
447;169;17
447;170;17
447;171;42
447;172;42
447;173;42
447;174;42
447;175;42
447;176;42
447;177;42
447;178;44
447;179;44
447;180;44
447;181;44
447;182;44
447;183;44
447;184;44
447;185;44
447;186;44
447;187;44
447;188;44
447;189;44
447;190;44
447;191;44
447;192;44
447;193;44
447;194;44
447;195;44
447;196;44
447;197;44
447;198;44
447;199;44
447;200;44
447;201;44
447;202;44
447;203;44
447;204;44
447;205;44
447;206;44
447;207;44
447;208;44
447;209;44
447;210;44
447;211;23
447;212;23
447;213;23
447;214;23
447;215;23
447;216;23
447;217;23
447;218;23
447;219;23
447;220;23
447;221;23
447;222;23
447;223;23
447;224;23
447;225;23
447;226;23
447;227;23
447;228;23
447;229;23
447;230;23
447;231;23
447;232;23
447;233;23
447;234;23
447;235;23
447;236;19
447;237;19
447;238;19
447;239;19
447;240;19
447;241;19
447;242;19
447;243;19
447;244;19
447;245;19
447;246;19
447;247;19
447;248;19
447;249;19
447;250;19
447;251;19
447;252;19
447;253;19
447;254;19
447;255;19
447;256;19
447;257;19
447;258;19
447;259;19
447;260;50
447;261;50
447;262;50
447;263;50
447;264;50
447;265;50
447;266;50
447;267;50
447;268;50
447;269;50
447;270;50
447;271;50
447;272;50
447;273;50
447;274;50
447;275;50
447;276;50
447;277;50
447;278;50
447;279;50
447;280;50
447;281;50
447;282;50
447;283;50
447;284;50
447;285;50
447;286;50
447;287;50
447;288;50
447;289;50
447;290;50
447;291;50
447;292;50
447;293;50
447;294;50
447;295;50
447;296;50
447;297;50
447;298;50
447;299;50
447;300;50
447;301;50
447;302;50
447;303;50
447;304;50
447;305;50
447;306;50
447;307;50
447;308;50
447;309;46
447;310;46
447;311;46
447;312;46
447;313;46
447;314;46
447;315;46
447;316;46
447;317;46
447;318;46
447;319;46
447;320;46
447;321;46
447;322;46
447;323;46
447;324;46
447;325;46
447;326;46
447;327;46
447;328;46
447;329;46
447;330;46
447;331;46
447;332;46
447;333;46
447;334;46
447;335;46
447;336;46
447;337;46
447;338;46
447;339;46
447;340;46
447;341;46
447;342;46
447;343;46
447;344;46
447;345;16
447;346;16
447;347;16
447;348;16
447;349;16
447;350;16
447;351;16
447;352;16
447;353;16
447;354;16
447;355;16
447;356;16
447;357;16
447;358;30
447;359;30
447;360;30
447;361;30
447;362;30
447;363;30
447;364;30
447;365;30
447;366;30
447;367;30
447;368;30
447;369;30
447;370;30
447;371;30
447;372;30
447;373;30
447;374;30
447;375;30
447;376;30
447;377;30
447;378;30
447;379;30
447;380;30
447;381;30
447;382;30
447;383;30
447;384;30
447;385;30
447;386;30
447;387;30
447;388;30
447;389;30
447;390;30
447;391;12
447;392;12
447;393;12
447;394;12
447;395;12
447;396;12
447;397;12
447;398;12
447;399;12
447;400;9
447;401;22
447;402;22
447;403;22
447;404;22
447;405;22
447;406;22
447;407;22
447;408;22
447;409;22
447;410;22
447;411;22
447;412;22
447;413;22
447;414;22
447;415;22
447;416;22
447;417;9
447;418;9
447;419;9
447;420;9
447;421;9
447;422;9
447;423;9
447;424;9
447;425;9
447;426;9
447;427;9
447;428;9
447;429;9
447;430;9
447;431;9
447;432;9
447;433;9
447;434;9
447;435;9
447;436;9
447;437;9
447;438;9
447;439;9
447;440;9
447;441;9
447;442;9
447;443;9
447;444;9
447;445;9
447;446;9
447;447;9
447;448;9
447;449;9
447;450;9
447;451;9
447;452;9
447;453;19
447;454;19
447;455;19
447;456;19
447;457;19
447;458;19
447;459;19
447;460;19
447;461;19
447;462;19
447;463;19
447;464;19
447;465;19
447;466;19
447;467;19
447;468;19
447;469;19
447;470;19
447;471;19
447;472;19
447;473;19
447;474;19
447;475;19
447;476;19
447;477;19
447;478;19
447;479;19
447;480;19
447;481;19
447;482;51
447;483;51
447;484;51
447;485;51
447;486;51
447;487;51
447;488;51
447;489;51
447;490;51
447;491;51
447;492;51
447;493;51
447;494;51
447;495;51
447;496;51
447;497;51
447;498;51
447;499;51
448;0;12
448;1;12
448;2;12
448;3;12
448;4;12
448;5;12
448;6;12
448;7;12
448;8;12
448;9;12
448;10;12
448;11;12
448;12;12
448;13;12
448;14;12
448;15;12
448;16;12
448;17;12
448;18;12
448;19;12
448;20;30
448;21;30
448;22;30
448;23;30
448;24;30
448;25;30
448;26;30
448;27;30
448;28;30
448;29;30
448;30;30
448;31;30
448;32;30
448;33;30
448;34;47
448;35;47
448;36;47
448;37;47
448;38;47
448;39;47
448;40;47
448;41;47
448;42;47
448;43;47
448;44;47
448;45;47
448;46;47
448;47;47
448;48;10
448;49;10
448;50;10
448;51;10
448;52;10
448;53;10
448;54;10
448;55;10
448;56;10
448;57;10
448;58;10
448;59;10
448;60;10
448;61;10
448;62;10
448;63;10
448;64;10
448;65;10
448;66;10
448;67;10
448;68;39
448;69;39
448;70;39
448;71;39
448;72;39
448;73;39
448;74;39
448;75;39
448;76;39
448;77;39
448;78;39
448;79;39
448;80;39
448;81;39
448;82;39
448;83;39
448;84;39
448;85;39
448;86;39
448;87;39
448;88;31
448;89;31
448;90;31
448;91;31
448;92;31
448;93;31
448;94;31
448;95;31
448;96;31
448;97;31
448;98;31
448;99;31
448;100;31
448;101;49
448;102;49
448;103;49
448;104;49
448;105;49
448;106;49
448;107;49
448;108;49
448;109;49
448;110;49
448;111;49
448;112;49
448;113;49
448;114;49
448;115;49
448;116;49
448;117;49
448;118;49
448;119;49
448;120;49
448;121;49
448;122;49
448;123;49
448;124;49
448;125;6
448;126;6
448;127;6
448;128;6
448;129;6
448;130;6
448;131;6
448;132;6
448;133;6
448;134;6
448;135;6
448;136;6
448;137;6
448;138;6
448;139;6
448;140;17
448;141;17
448;142;17
448;143;17
448;144;17
448;145;17
448;146;17
448;147;17
448;148;17
448;149;17
448;150;17
448;151;17
448;152;17
448;153;17
448;154;17
448;155;17
448;156;17
448;157;17
448;158;17
448;159;17
448;160;17
448;161;17
448;162;17
448;163;17
448;164;17
448;165;17
448;166;17
448;167;17
448;168;17
448;169;17
448;170;17
448;171;42
448;172;42
448;173;42
448;174;42
448;175;42
448;176;42
448;177;42
448;178;42
448;179;44
448;180;44
448;181;44
448;182;44
448;183;44
448;184;44
448;185;44
448;186;44
448;187;44
448;188;44
448;189;44
448;190;44
448;191;44
448;192;44
448;193;44
448;194;44
448;195;44
448;196;44
448;197;44
448;198;44
448;199;44
448;200;44
448;201;44
448;202;44
448;203;44
448;204;44
448;205;44
448;206;44
448;207;44
448;208;44
448;209;44
448;210;44
448;211;44
448;212;23
448;213;23
448;214;23
448;215;23
448;216;23
448;217;23
448;218;23
448;219;23
448;220;23
448;221;23
448;222;23
448;223;23
448;224;23
448;225;23
448;226;23
448;227;23
448;228;23
448;229;23
448;230;23
448;231;23
448;232;19
448;233;19
448;234;19
448;235;19
448;236;19
448;237;19
448;238;19
448;239;19
448;240;19
448;241;19
448;242;19
448;243;19
448;244;19
448;245;19
448;246;19
448;247;19
448;248;19
448;249;19
448;250;19
448;251;19
448;252;19
448;253;19
448;254;19
448;255;19
448;256;19
448;257;19
448;258;19
448;259;19
448;260;19
448;261;50
448;262;50
448;263;50
448;264;50
448;265;50
448;266;50
448;267;50
448;268;50
448;269;50
448;270;50
448;271;50
448;272;50
448;273;50
448;274;50
448;275;50
448;276;50
448;277;50
448;278;50
448;279;50
448;280;50
448;281;50
448;282;50
448;283;50
448;284;50
448;285;50
448;286;50
448;287;50
448;288;50
448;289;50
448;290;50
448;291;50
448;292;50
448;293;50
448;294;50
448;295;50
448;296;50
448;297;50
448;298;50
448;299;50
448;300;50
448;301;50
448;302;50
448;303;50
448;304;50
448;305;50
448;306;50
448;307;50
448;308;50
448;309;50
448;310;46
448;311;46
448;312;46
448;313;46
448;314;46
448;315;46
448;316;46
448;317;46
448;318;46
448;319;46
448;320;46
448;321;46
448;322;46
448;323;46
448;324;46
448;325;46
448;326;46
448;327;46
448;328;46
448;329;46
448;330;46
448;331;46
448;332;46
448;333;46
448;334;46
448;335;46
448;336;46
448;337;46
448;338;46
448;339;46
448;340;46
448;341;46
448;342;46
448;343;46
448;344;46
448;345;46
448;346;16
448;347;16
448;348;16
448;349;16
448;350;16
448;351;16
448;352;16
448;353;16
448;354;16
448;355;16
448;356;16
448;357;16
448;358;30
448;359;30
448;360;30
448;361;30
448;362;30
448;363;30
448;364;30
448;365;30
448;366;30
448;367;30
448;368;30
448;369;30
448;370;30
448;371;30
448;372;30
448;373;30
448;374;30
448;375;30
448;376;30
448;377;30
448;378;30
448;379;30
448;380;30
448;381;30
448;382;30
448;383;30
448;384;30
448;385;30
448;386;30
448;387;30
448;388;30
448;389;30
448;390;30
448;391;30
448;392;30
448;393;12
448;394;12
448;395;12
448;396;12
448;397;12
448;398;9
448;399;9
448;400;9
448;401;9
448;402;22
448;403;22
448;404;22
448;405;22
448;406;22
448;407;22
448;408;22
448;409;22
448;410;22
448;411;22
448;412;22
448;413;22
448;414;22
448;415;22
448;416;22
448;417;22
448;418;9
448;419;9
448;420;9
448;421;9
448;422;9
448;423;9
448;424;9
448;425;9
448;426;9
448;427;9
448;428;9
448;429;9
448;430;9
448;431;9
448;432;9
448;433;9
448;434;9
448;435;9
448;436;9
448;437;9
448;438;9
448;439;9
448;440;9
448;441;9
448;442;9
448;443;9
448;444;9
448;445;9
448;446;9
448;447;9
448;448;9
448;449;9
448;450;9
448;451;9
448;452;9
448;453;9
448;454;9
448;455;19
448;456;19
448;457;19
448;458;19
448;459;19
448;460;19
448;461;19
448;462;19
448;463;19
448;464;19
448;465;19
448;466;19
448;467;19
448;468;19
448;469;19
448;470;19
448;471;19
448;472;19
448;473;19
448;474;19
448;475;19
448;476;19
448;477;19
448;478;19
448;479;19
448;480;19
448;481;19
448;482;51
448;483;51
448;484;51
448;485;51
448;486;51
448;487;51
448;488;51
448;489;51
448;490;51
448;491;51
448;492;51
448;493;51
448;494;51
448;495;51
448;496;51
448;497;51
448;498;51
448;499;51
449;0;12
449;1;12
449;2;12
449;3;12
449;4;12
449;5;12
449;6;12
449;7;12
449;8;12
449;9;12
449;10;12
449;11;12
449;12;12
449;13;12
449;14;12
449;15;12
449;16;12
449;17;12
449;18;12
449;19;15
449;20;15
449;21;30
449;22;30
449;23;30
449;24;30
449;25;30
449;26;30
449;27;30
449;28;30
449;29;30
449;30;30
449;31;30
449;32;30
449;33;47
449;34;47
449;35;47
449;36;47
449;37;47
449;38;47
449;39;47
449;40;47
449;41;47
449;42;47
449;43;47
449;44;47
449;45;47
449;46;47
449;47;47
449;48;47
449;49;10
449;50;10
449;51;10
449;52;10
449;53;10
449;54;10
449;55;10
449;56;10
449;57;10
449;58;10
449;59;10
449;60;10
449;61;10
449;62;10
449;63;10
449;64;10
449;65;10
449;66;10
449;67;39
449;68;39
449;69;39
449;70;39
449;71;39
449;72;39
449;73;39
449;74;39
449;75;39
449;76;39
449;77;39
449;78;39
449;79;39
449;80;39
449;81;39
449;82;39
449;83;39
449;84;39
449;85;39
449;86;39
449;87;39
449;88;39
449;89;39
449;90;31
449;91;31
449;92;31
449;93;31
449;94;31
449;95;31
449;96;31
449;97;31
449;98;31
449;99;31
449;100;31
449;101;49
449;102;49
449;103;49
449;104;49
449;105;49
449;106;49
449;107;49
449;108;49
449;109;49
449;110;49
449;111;49
449;112;49
449;113;49
449;114;49
449;115;49
449;116;49
449;117;49
449;118;49
449;119;49
449;120;49
449;121;49
449;122;49
449;123;49
449;124;49
449;125;6
449;126;6
449;127;6
449;128;6
449;129;6
449;130;6
449;131;6
449;132;6
449;133;6
449;134;6
449;135;6
449;136;6
449;137;6
449;138;6
449;139;6
449;140;17
449;141;17
449;142;17
449;143;17
449;144;17
449;145;17
449;146;17
449;147;17
449;148;17
449;149;17
449;150;17
449;151;17
449;152;17
449;153;17
449;154;17
449;155;17
449;156;17
449;157;17
449;158;17
449;159;17
449;160;17
449;161;17
449;162;17
449;163;17
449;164;17
449;165;17
449;166;17
449;167;17
449;168;17
449;169;17
449;170;17
449;171;42
449;172;42
449;173;42
449;174;42
449;175;42
449;176;42
449;177;42
449;178;42
449;179;42
449;180;44
449;181;44
449;182;44
449;183;44
449;184;44
449;185;44
449;186;44
449;187;44
449;188;44
449;189;44
449;190;44
449;191;44
449;192;44
449;193;44
449;194;44
449;195;44
449;196;44
449;197;44
449;198;44
449;199;44
449;200;44
449;201;44
449;202;44
449;203;44
449;204;44
449;205;44
449;206;44
449;207;44
449;208;44
449;209;44
449;210;44
449;211;44
449;212;44
449;213;23
449;214;23
449;215;23
449;216;23
449;217;23
449;218;23
449;219;23
449;220;23
449;221;23
449;222;23
449;223;23
449;224;23
449;225;23
449;226;23
449;227;23
449;228;23
449;229;23
449;230;23
449;231;19
449;232;19
449;233;19
449;234;19
449;235;19
449;236;19
449;237;19
449;238;19
449;239;19
449;240;19
449;241;19
449;242;19
449;243;19
449;244;19
449;245;19
449;246;19
449;247;19
449;248;19
449;249;19
449;250;19
449;251;19
449;252;19
449;253;19
449;254;19
449;255;19
449;256;19
449;257;19
449;258;19
449;259;19
449;260;19
449;261;19
449;262;50
449;263;50
449;264;50
449;265;50
449;266;50
449;267;50
449;268;50
449;269;50
449;270;50
449;271;50
449;272;50
449;273;50
449;274;50
449;275;50
449;276;50
449;277;50
449;278;50
449;279;50
449;280;50
449;281;50
449;282;50
449;283;50
449;284;50
449;285;50
449;286;50
449;287;50
449;288;50
449;289;50
449;290;50
449;291;50
449;292;50
449;293;50
449;294;50
449;295;50
449;296;50
449;297;50
449;298;50
449;299;50
449;300;50
449;301;50
449;302;50
449;303;50
449;304;50
449;305;50
449;306;50
449;307;50
449;308;50
449;309;4
449;310;4
449;311;46
449;312;46
449;313;46
449;314;46
449;315;46
449;316;46
449;317;46
449;318;46
449;319;46
449;320;46
449;321;46
449;322;46
449;323;46
449;324;46
449;325;46
449;326;46
449;327;46
449;328;46
449;329;46
449;330;46
449;331;46
449;332;46
449;333;46
449;334;46
449;335;46
449;336;46
449;337;46
449;338;46
449;339;46
449;340;46
449;341;46
449;342;46
449;343;46
449;344;46
449;345;46
449;346;46
449;347;16
449;348;16
449;349;16
449;350;16
449;351;16
449;352;16
449;353;16
449;354;16
449;355;16
449;356;16
449;357;16
449;358;30
449;359;30
449;360;30
449;361;30
449;362;30
449;363;30
449;364;30
449;365;30
449;366;30
449;367;30
449;368;30
449;369;30
449;370;30
449;371;30
449;372;30
449;373;30
449;374;30
449;375;30
449;376;30
449;377;30
449;378;30
449;379;30
449;380;30
449;381;30
449;382;30
449;383;30
449;384;30
449;385;30
449;386;30
449;387;30
449;388;30
449;389;30
449;390;30
449;391;30
449;392;30
449;393;30
449;394;30
449;395;12
449;396;12
449;397;9
449;398;9
449;399;9
449;400;9
449;401;9
449;402;9
449;403;22
449;404;22
449;405;22
449;406;22
449;407;22
449;408;22
449;409;22
449;410;22
449;411;22
449;412;22
449;413;22
449;414;22
449;415;22
449;416;22
449;417;22
449;418;9
449;419;9
449;420;9
449;421;9
449;422;9
449;423;9
449;424;9
449;425;9
449;426;9
449;427;9
449;428;9
449;429;9
449;430;9
449;431;9
449;432;9
449;433;9
449;434;9
449;435;9
449;436;9
449;437;9
449;438;9
449;439;9
449;440;9
449;441;9
449;442;9
449;443;9
449;444;9
449;445;9
449;446;9
449;447;9
449;448;9
449;449;9
449;450;9
449;451;9
449;452;9
449;453;9
449;454;9
449;455;9
449;456;9
449;457;19
449;458;19
449;459;19
449;460;19
449;461;19
449;462;19
449;463;19
449;464;19
449;465;19
449;466;19
449;467;19
449;468;19
449;469;19
449;470;19
449;471;19
449;472;19
449;473;19
449;474;19
449;475;19
449;476;19
449;477;19
449;478;19
449;479;19
449;480;19
449;481;19
449;482;51
449;483;51
449;484;51
449;485;51
449;486;51
449;487;51
449;488;51
449;489;51
449;490;51
449;491;51
449;492;51
449;493;51
449;494;51
449;495;51
449;496;51
449;497;51
449;498;51
449;499;51
450;0;12
450;1;12
450;2;12
450;3;12
450;4;12
450;5;12
450;6;12
450;7;12
450;8;12
450;9;12
450;10;12
450;11;12
450;12;12
450;13;12
450;14;12
450;15;12
450;16;12
450;17;12
450;18;15
450;19;15
450;20;15
450;21;15
450;22;15
450;23;30
450;24;30
450;25;30
450;26;30
450;27;30
450;28;30
450;29;30
450;30;30
450;31;30
450;32;47
450;33;47
450;34;47
450;35;47
450;36;47
450;37;47
450;38;47
450;39;47
450;40;47
450;41;47
450;42;47
450;43;47
450;44;47
450;45;47
450;46;47
450;47;47
450;48;47
450;49;47
450;50;10
450;51;10
450;52;10
450;53;10
450;54;10
450;55;10
450;56;10
450;57;10
450;58;10
450;59;10
450;60;10
450;61;10
450;62;10
450;63;10
450;64;10
450;65;10
450;66;39
450;67;39
450;68;39
450;69;39
450;70;39
450;71;39
450;72;39
450;73;39
450;74;39
450;75;39
450;76;39
450;77;39
450;78;39
450;79;39
450;80;39
450;81;39
450;82;39
450;83;39
450;84;39
450;85;39
450;86;39
450;87;39
450;88;39
450;89;39
450;90;39
450;91;39
450;92;31
450;93;31
450;94;31
450;95;31
450;96;31
450;97;31
450;98;31
450;99;31
450;100;31
450;101;31
450;102;49
450;103;49
450;104;49
450;105;49
450;106;49
450;107;49
450;108;49
450;109;49
450;110;49
450;111;49
450;112;49
450;113;49
450;114;49
450;115;49
450;116;49
450;117;49
450;118;49
450;119;49
450;120;49
450;121;49
450;122;49
450;123;49
450;124;49
450;125;38
450;126;38
450;127;38
450;128;38
450;129;38
450;130;38
450;131;38
450;132;38
450;133;38
450;134;38
450;135;38
450;136;38
450;137;38
450;138;38
450;139;38
450;140;38
450;141;17
450;142;17
450;143;17
450;144;17
450;145;17
450;146;17
450;147;17
450;148;17
450;149;17
450;150;17
450;151;17
450;152;17
450;153;17
450;154;17
450;155;17
450;156;17
450;157;17
450;158;17
450;159;17
450;160;17
450;161;17
450;162;17
450;163;17
450;164;17
450;165;17
450;166;17
450;167;17
450;168;17
450;169;17
450;170;17
450;171;42
450;172;42
450;173;42
450;174;42
450;175;42
450;176;42
450;177;42
450;178;42
450;179;42
450;180;42
450;181;44
450;182;44
450;183;44
450;184;44
450;185;44
450;186;44
450;187;44
450;188;44
450;189;44
450;190;44
450;191;44
450;192;44
450;193;44
450;194;44
450;195;44
450;196;44
450;197;44
450;198;44
450;199;44
450;200;44
450;201;44
450;202;44
450;203;44
450;204;44
450;205;44
450;206;44
450;207;44
450;208;44
450;209;44
450;210;44
450;211;44
450;212;44
450;213;44
450;214;23
450;215;23
450;216;23
450;217;23
450;218;23
450;219;23
450;220;23
450;221;23
450;222;23
450;223;23
450;224;23
450;225;23
450;226;23
450;227;23
450;228;23
450;229;23
450;230;19
450;231;19
450;232;19
450;233;19
450;234;19
450;235;19
450;236;19
450;237;19
450;238;19
450;239;19
450;240;19
450;241;19
450;242;19
450;243;19
450;244;19
450;245;19
450;246;19
450;247;19
450;248;19
450;249;19
450;250;19
450;251;19
450;252;19
450;253;19
450;254;19
450;255;19
450;256;19
450;257;19
450;258;19
450;259;19
450;260;19
450;261;19
450;262;19
450;263;50
450;264;50
450;265;50
450;266;50
450;267;50
450;268;50
450;269;50
450;270;50
450;271;50
450;272;50
450;273;50
450;274;50
450;275;50
450;276;50
450;277;50
450;278;50
450;279;50
450;280;50
450;281;50
450;282;50
450;283;50
450;284;50
450;285;50
450;286;50
450;287;50
450;288;50
450;289;50
450;290;50
450;291;50
450;292;50
450;293;50
450;294;50
450;295;50
450;296;50
450;297;50
450;298;50
450;299;50
450;300;50
450;301;50
450;302;50
450;303;50
450;304;50
450;305;50
450;306;50
450;307;50
450;308;4
450;309;4
450;310;4
450;311;4
450;312;4
450;313;46
450;314;46
450;315;46
450;316;46
450;317;46
450;318;46
450;319;46
450;320;46
450;321;46
450;322;46
450;323;46
450;324;46
450;325;46
450;326;46
450;327;46
450;328;46
450;329;46
450;330;46
450;331;46
450;332;46
450;333;46
450;334;46
450;335;46
450;336;46
450;337;46
450;338;46
450;339;46
450;340;46
450;341;46
450;342;46
450;343;46
450;344;46
450;345;46
450;346;46
450;347;46
450;348;16
450;349;16
450;350;16
450;351;16
450;352;16
450;353;16
450;354;16
450;355;16
450;356;16
450;357;16
450;358;30
450;359;30
450;360;30
450;361;30
450;362;30
450;363;30
450;364;30
450;365;30
450;366;30
450;367;30
450;368;30
450;369;30
450;370;30
450;371;30
450;372;30
450;373;30
450;374;30
450;375;30
450;376;30
450;377;30
450;378;30
450;379;30
450;380;30
450;381;30
450;382;30
450;383;30
450;384;30
450;385;30
450;386;30
450;387;30
450;388;30
450;389;30
450;390;30
450;391;30
450;392;30
450;393;30
450;394;30
450;395;30
450;396;9
450;397;9
450;398;9
450;399;9
450;400;9
450;401;9
450;402;9
450;403;9
450;404;22
450;405;22
450;406;22
450;407;22
450;408;22
450;409;22
450;410;22
450;411;22
450;412;22
450;413;22
450;414;22
450;415;22
450;416;22
450;417;22
450;418;22
450;419;9
450;420;9
450;421;9
450;422;9
450;423;9
450;424;9
450;425;9
450;426;9
450;427;9
450;428;9
450;429;9
450;430;9
450;431;9
450;432;9
450;433;9
450;434;9
450;435;9
450;436;9
450;437;9
450;438;9
450;439;9
450;440;9
450;441;9
450;442;9
450;443;9
450;444;9
450;445;9
450;446;9
450;447;9
450;448;9
450;449;9
450;450;9
450;451;9
450;452;9
450;453;9
450;454;9
450;455;9
450;456;9
450;457;9
450;458;9
450;459;19
450;460;19
450;461;19
450;462;19
450;463;19
450;464;19
450;465;19
450;466;19
450;467;19
450;468;19
450;469;19
450;470;19
450;471;19
450;472;19
450;473;19
450;474;19
450;475;19
450;476;19
450;477;19
450;478;19
450;479;19
450;480;19
450;481;19
450;482;51
450;483;51
450;484;51
450;485;51
450;486;51
450;487;51
450;488;51
450;489;51
450;490;51
450;491;51
450;492;51
450;493;51
450;494;51
450;495;51
450;496;51
450;497;51
450;498;51
450;499;51
451;0;12
451;1;12
451;2;12
451;3;12
451;4;12
451;5;12
451;6;12
451;7;12
451;8;12
451;9;12
451;10;12
451;11;12
451;12;12
451;13;12
451;14;12
451;15;12
451;16;12
451;17;15
451;18;15
451;19;15
451;20;15
451;21;15
451;22;15
451;23;15
451;24;15
451;25;30
451;26;30
451;27;30
451;28;30
451;29;30
451;30;30
451;31;47
451;32;47
451;33;47
451;34;47
451;35;47
451;36;47
451;37;47
451;38;47
451;39;47
451;40;47
451;41;47
451;42;47
451;43;47
451;44;47
451;45;47
451;46;47
451;47;47
451;48;47
451;49;47
451;50;47
451;51;10
451;52;10
451;53;10
451;54;10
451;55;10
451;56;10
451;57;10
451;58;10
451;59;10
451;60;10
451;61;10
451;62;10
451;63;10
451;64;10
451;65;39
451;66;39
451;67;39
451;68;39
451;69;39
451;70;39
451;71;39
451;72;39
451;73;39
451;74;39
451;75;39
451;76;39
451;77;39
451;78;39
451;79;39
451;80;39
451;81;39
451;82;39
451;83;39
451;84;39
451;85;39
451;86;39
451;87;39
451;88;39
451;89;39
451;90;39
451;91;39
451;92;39
451;93;39
451;94;31
451;95;31
451;96;31
451;97;31
451;98;31
451;99;31
451;100;31
451;101;31
451;102;49
451;103;49
451;104;49
451;105;49
451;106;49
451;107;49
451;108;49
451;109;49
451;110;49
451;111;49
451;112;49
451;113;49
451;114;49
451;115;49
451;116;49
451;117;49
451;118;49
451;119;49
451;120;49
451;121;49
451;122;49
451;123;49
451;124;38
451;125;38
451;126;38
451;127;38
451;128;38
451;129;38
451;130;38
451;131;38
451;132;38
451;133;38
451;134;38
451;135;38
451;136;38
451;137;38
451;138;38
451;139;38
451;140;38
451;141;17
451;142;17
451;143;17
451;144;17
451;145;17
451;146;17
451;147;17
451;148;17
451;149;17
451;150;17
451;151;17
451;152;17
451;153;17
451;154;17
451;155;17
451;156;17
451;157;17
451;158;17
451;159;17
451;160;17
451;161;17
451;162;17
451;163;17
451;164;17
451;165;17
451;166;17
451;167;17
451;168;17
451;169;17
451;170;17
451;171;42
451;172;42
451;173;42
451;174;42
451;175;42
451;176;42
451;177;42
451;178;42
451;179;42
451;180;42
451;181;42
451;182;44
451;183;44
451;184;44
451;185;44
451;186;44
451;187;44
451;188;44
451;189;44
451;190;44
451;191;44
451;192;44
451;193;44
451;194;44
451;195;44
451;196;44
451;197;44
451;198;44
451;199;44
451;200;44
451;201;44
451;202;44
451;203;44
451;204;44
451;205;44
451;206;44
451;207;44
451;208;44
451;209;44
451;210;44
451;211;44
451;212;44
451;213;44
451;214;44
451;215;23
451;216;23
451;217;23
451;218;23
451;219;23
451;220;23
451;221;23
451;222;23
451;223;23
451;224;23
451;225;23
451;226;23
451;227;23
451;228;23
451;229;19
451;230;19
451;231;19
451;232;19
451;233;19
451;234;19
451;235;19
451;236;19
451;237;19
451;238;19
451;239;19
451;240;19
451;241;19
451;242;19
451;243;19
451;244;19
451;245;19
451;246;19
451;247;19
451;248;19
451;249;19
451;250;19
451;251;19
451;252;19
451;253;19
451;254;19
451;255;19
451;256;19
451;257;19
451;258;19
451;259;19
451;260;19
451;261;19
451;262;19
451;263;19
451;264;50
451;265;50
451;266;50
451;267;50
451;268;50
451;269;50
451;270;50
451;271;50
451;272;50
451;273;50
451;274;50
451;275;50
451;276;50
451;277;50
451;278;50
451;279;50
451;280;50
451;281;50
451;282;50
451;283;50
451;284;50
451;285;50
451;286;50
451;287;50
451;288;50
451;289;50
451;290;50
451;291;50
451;292;50
451;293;50
451;294;50
451;295;50
451;296;50
451;297;50
451;298;50
451;299;50
451;300;50
451;301;50
451;302;50
451;303;50
451;304;50
451;305;50
451;306;50
451;307;4
451;308;4
451;309;4
451;310;4
451;311;4
451;312;4
451;313;4
451;314;4
451;315;46
451;316;46
451;317;46
451;318;46
451;319;46
451;320;46
451;321;46
451;322;46
451;323;46
451;324;46
451;325;46
451;326;46
451;327;46
451;328;46
451;329;46
451;330;46
451;331;46
451;332;46
451;333;46
451;334;46
451;335;46
451;336;46
451;337;46
451;338;46
451;339;46
451;340;46
451;341;46
451;342;46
451;343;46
451;344;46
451;345;46
451;346;46
451;347;46
451;348;46
451;349;16
451;350;16
451;351;16
451;352;16
451;353;16
451;354;16
451;355;16
451;356;16
451;357;16
451;358;16
451;359;30
451;360;30
451;361;30
451;362;30
451;363;30
451;364;30
451;365;30
451;366;30
451;367;30
451;368;30
451;369;30
451;370;30
451;371;30
451;372;30
451;373;30
451;374;30
451;375;30
451;376;30
451;377;30
451;378;30
451;379;30
451;380;30
451;381;30
451;382;30
451;383;30
451;384;30
451;385;30
451;386;30
451;387;30
451;388;30
451;389;30
451;390;30
451;391;30
451;392;30
451;393;30
451;394;30
451;395;43
451;396;43
451;397;9
451;398;9
451;399;9
451;400;9
451;401;9
451;402;9
451;403;9
451;404;9
451;405;22
451;406;22
451;407;22
451;408;22
451;409;22
451;410;22
451;411;22
451;412;22
451;413;22
451;414;22
451;415;22
451;416;22
451;417;22
451;418;22
451;419;9
451;420;9
451;421;9
451;422;9
451;423;9
451;424;9
451;425;9
451;426;9
451;427;9
451;428;9
451;429;9
451;430;9
451;431;9
451;432;9
451;433;9
451;434;9
451;435;9
451;436;9
451;437;9
451;438;9
451;439;9
451;440;9
451;441;9
451;442;9
451;443;9
451;444;9
451;445;9
451;446;9
451;447;9
451;448;9
451;449;9
451;450;9
451;451;9
451;452;9
451;453;9
451;454;9
451;455;9
451;456;9
451;457;9
451;458;9
451;459;9
451;460;9
451;461;19
451;462;19
451;463;19
451;464;19
451;465;19
451;466;19
451;467;19
451;468;19
451;469;19
451;470;19
451;471;19
451;472;19
451;473;19
451;474;19
451;475;19
451;476;19
451;477;19
451;478;19
451;479;19
451;480;19
451;481;19
451;482;51
451;483;51
451;484;51
451;485;51
451;486;51
451;487;51
451;488;51
451;489;51
451;490;51
451;491;51
451;492;51
451;493;51
451;494;51
451;495;51
451;496;51
451;497;51
451;498;51
451;499;51
452;0;12
452;1;12
452;2;12
452;3;12
452;4;12
452;5;12
452;6;12
452;7;12
452;8;12
452;9;12
452;10;12
452;11;12
452;12;12
452;13;12
452;14;12
452;15;12
452;16;15
452;17;15
452;18;15
452;19;15
452;20;15
452;21;15
452;22;15
452;23;15
452;24;15
452;25;15
452;26;30
452;27;30
452;28;30
452;29;30
452;30;47
452;31;47
452;32;47
452;33;47
452;34;47
452;35;47
452;36;47
452;37;47
452;38;47
452;39;47
452;40;47
452;41;47
452;42;47
452;43;47
452;44;47
452;45;47
452;46;47
452;47;47
452;48;47
452;49;47
452;50;47
452;51;47
452;52;47
452;53;10
452;54;10
452;55;10
452;56;10
452;57;10
452;58;10
452;59;10
452;60;10
452;61;10
452;62;10
452;63;10
452;64;39
452;65;39
452;66;39
452;67;39
452;68;39
452;69;39
452;70;39
452;71;39
452;72;39
452;73;39
452;74;39
452;75;39
452;76;39
452;77;39
452;78;39
452;79;39
452;80;39
452;81;39
452;82;39
452;83;39
452;84;39
452;85;39
452;86;39
452;87;39
452;88;39
452;89;39
452;90;39
452;91;39
452;92;39
452;93;39
452;94;39
452;95;39
452;96;31
452;97;31
452;98;31
452;99;31
452;100;31
452;101;31
452;102;31
452;103;49
452;104;49
452;105;49
452;106;49
452;107;49
452;108;49
452;109;49
452;110;49
452;111;49
452;112;49
452;113;49
452;114;49
452;115;49
452;116;49
452;117;49
452;118;49
452;119;49
452;120;49
452;121;49
452;122;49
452;123;38
452;124;38
452;125;38
452;126;38
452;127;38
452;128;38
452;129;38
452;130;38
452;131;38
452;132;38
452;133;38
452;134;38
452;135;38
452;136;38
452;137;38
452;138;38
452;139;38
452;140;38
452;141;38
452;142;17
452;143;17
452;144;17
452;145;17
452;146;17
452;147;17
452;148;17
452;149;17
452;150;17
452;151;17
452;152;17
452;153;17
452;154;17
452;155;17
452;156;17
452;157;17
452;158;17
452;159;17
452;160;17
452;161;17
452;162;17
452;163;17
452;164;17
452;165;17
452;166;17
452;167;17
452;168;17
452;169;17
452;170;17
452;171;42
452;172;42
452;173;42
452;174;42
452;175;42
452;176;42
452;177;42
452;178;42
452;179;42
452;180;42
452;181;42
452;182;42
452;183;44
452;184;44
452;185;44
452;186;44
452;187;44
452;188;44
452;189;44
452;190;44
452;191;44
452;192;44
452;193;44
452;194;44
452;195;44
452;196;44
452;197;44
452;198;44
452;199;44
452;200;44
452;201;44
452;202;44
452;203;44
452;204;44
452;205;44
452;206;44
452;207;44
452;208;44
452;209;44
452;210;44
452;211;44
452;212;44
452;213;44
452;214;44
452;215;44
452;216;23
452;217;23
452;218;23
452;219;23
452;220;23
452;221;23
452;222;23
452;223;23
452;224;23
452;225;23
452;226;23
452;227;23
452;228;19
452;229;19
452;230;19
452;231;19
452;232;19
452;233;19
452;234;19
452;235;19
452;236;19
452;237;19
452;238;19
452;239;19
452;240;19
452;241;19
452;242;19
452;243;19
452;244;19
452;245;19
452;246;19
452;247;19
452;248;19
452;249;19
452;250;19
452;251;19
452;252;19
452;253;19
452;254;19
452;255;19
452;256;19
452;257;19
452;258;19
452;259;19
452;260;19
452;261;19
452;262;19
452;263;19
452;264;19
452;265;50
452;266;50
452;267;50
452;268;50
452;269;50
452;270;50
452;271;50
452;272;50
452;273;50
452;274;50
452;275;50
452;276;50
452;277;50
452;278;50
452;279;50
452;280;50
452;281;50
452;282;50
452;283;50
452;284;50
452;285;50
452;286;50
452;287;50
452;288;50
452;289;50
452;290;50
452;291;50
452;292;50
452;293;50
452;294;50
452;295;50
452;296;50
452;297;50
452;298;50
452;299;50
452;300;50
452;301;50
452;302;50
452;303;50
452;304;50
452;305;50
452;306;4
452;307;4
452;308;4
452;309;4
452;310;4
452;311;4
452;312;4
452;313;4
452;314;4
452;315;4
452;316;4
452;317;46
452;318;46
452;319;46
452;320;46
452;321;46
452;322;46
452;323;46
452;324;46
452;325;46
452;326;46
452;327;46
452;328;46
452;329;46
452;330;46
452;331;46
452;332;46
452;333;46
452;334;46
452;335;46
452;336;46
452;337;46
452;338;46
452;339;46
452;340;46
452;341;46
452;342;46
452;343;46
452;344;46
452;345;46
452;346;46
452;347;46
452;348;46
452;349;46
452;350;16
452;351;16
452;352;16
452;353;16
452;354;16
452;355;16
452;356;16
452;357;16
452;358;16
452;359;30
452;360;30
452;361;30
452;362;30
452;363;30
452;364;30
452;365;30
452;366;30
452;367;30
452;368;30
452;369;30
452;370;30
452;371;30
452;372;30
452;373;30
452;374;30
452;375;30
452;376;30
452;377;30
452;378;30
452;379;30
452;380;30
452;381;30
452;382;30
452;383;30
452;384;30
452;385;30
452;386;30
452;387;30
452;388;30
452;389;30
452;390;30
452;391;30
452;392;30
452;393;30
452;394;43
452;395;43
452;396;43
452;397;43
452;398;9
452;399;9
452;400;9
452;401;9
452;402;9
452;403;9
452;404;9
452;405;9
452;406;22
452;407;22
452;408;22
452;409;22
452;410;22
452;411;22
452;412;22
452;413;22
452;414;22
452;415;22
452;416;22
452;417;22
452;418;22
452;419;22
452;420;9
452;421;9
452;422;9
452;423;9
452;424;9
452;425;9
452;426;9
452;427;9
452;428;9
452;429;9
452;430;9
452;431;9
452;432;9
452;433;9
452;434;9
452;435;9
452;436;9
452;437;9
452;438;9
452;439;9
452;440;9
452;441;9
452;442;9
452;443;9
452;444;9
452;445;9
452;446;9
452;447;9
452;448;9
452;449;9
452;450;9
452;451;9
452;452;9
452;453;9
452;454;9
452;455;9
452;456;9
452;457;9
452;458;9
452;459;9
452;460;9
452;461;9
452;462;9
452;463;19
452;464;19
452;465;19
452;466;19
452;467;19
452;468;19
452;469;19
452;470;19
452;471;19
452;472;19
452;473;19
452;474;19
452;475;19
452;476;19
452;477;19
452;478;19
452;479;19
452;480;19
452;481;19
452;482;51
452;483;51
452;484;51
452;485;51
452;486;51
452;487;51
452;488;51
452;489;51
452;490;51
452;491;51
452;492;51
452;493;51
452;494;51
452;495;51
452;496;51
452;497;51
452;498;51
452;499;51
453;0;12
453;1;12
453;2;12
453;3;12
453;4;12
453;5;12
453;6;12
453;7;12
453;8;12
453;9;12
453;10;12
453;11;12
453;12;12
453;13;12
453;14;12
453;15;15
453;16;15
453;17;15
453;18;15
453;19;15
453;20;15
453;21;15
453;22;15
453;23;15
453;24;15
453;25;15
453;26;15
453;27;30
453;28;30
453;29;47
453;30;47
453;31;47
453;32;47
453;33;47
453;34;47
453;35;47
453;36;47
453;37;47
453;38;47
453;39;47
453;40;47
453;41;47
453;42;47
453;43;47
453;44;47
453;45;47
453;46;47
453;47;47
453;48;47
453;49;47
453;50;47
453;51;47
453;52;47
453;53;47
453;54;47
453;55;10
453;56;10
453;57;10
453;58;10
453;59;10
453;60;10
453;61;10
453;62;10
453;63;10
453;64;39
453;65;39
453;66;39
453;67;39
453;68;39
453;69;39
453;70;39
453;71;39
453;72;39
453;73;39
453;74;39
453;75;39
453;76;39
453;77;39
453;78;39
453;79;39
453;80;39
453;81;39
453;82;39
453;83;39
453;84;39
453;85;39
453;86;39
453;87;39
453;88;39
453;89;39
453;90;39
453;91;39
453;92;39
453;93;39
453;94;39
453;95;39
453;96;39
453;97;39
453;98;31
453;99;31
453;100;31
453;101;31
453;102;31
453;103;49
453;104;49
453;105;49
453;106;49
453;107;49
453;108;49
453;109;49
453;110;49
453;111;49
453;112;49
453;113;49
453;114;49
453;115;49
453;116;49
453;117;49
453;118;49
453;119;49
453;120;49
453;121;49
453;122;38
453;123;38
453;124;38
453;125;38
453;126;38
453;127;38
453;128;38
453;129;38
453;130;38
453;131;38
453;132;38
453;133;38
453;134;38
453;135;38
453;136;38
453;137;38
453;138;38
453;139;38
453;140;38
453;141;38
453;142;17
453;143;17
453;144;17
453;145;17
453;146;17
453;147;17
453;148;17
453;149;17
453;150;17
453;151;17
453;152;17
453;153;17
453;154;17
453;155;17
453;156;17
453;157;17
453;158;17
453;159;17
453;160;17
453;161;17
453;162;17
453;163;17
453;164;17
453;165;17
453;166;17
453;167;17
453;168;17
453;169;17
453;170;17
453;171;42
453;172;42
453;173;42
453;174;42
453;175;42
453;176;42
453;177;42
453;178;42
453;179;42
453;180;42
453;181;42
453;182;42
453;183;42
453;184;44
453;185;44
453;186;44
453;187;44
453;188;44
453;189;44
453;190;44
453;191;44
453;192;44
453;193;44
453;194;44
453;195;44
453;196;44
453;197;44
453;198;44
453;199;44
453;200;44
453;201;44
453;202;44
453;203;44
453;204;44
453;205;44
453;206;44
453;207;44
453;208;44
453;209;44
453;210;44
453;211;44
453;212;44
453;213;44
453;214;44
453;215;44
453;216;44
453;217;44
453;218;23
453;219;23
453;220;23
453;221;23
453;222;23
453;223;23
453;224;23
453;225;23
453;226;23
453;227;19
453;228;19
453;229;19
453;230;19
453;231;19
453;232;19
453;233;19
453;234;19
453;235;19
453;236;19
453;237;19
453;238;19
453;239;19
453;240;19
453;241;19
453;242;19
453;243;19
453;244;19
453;245;19
453;246;19
453;247;19
453;248;19
453;249;19
453;250;19
453;251;19
453;252;19
453;253;19
453;254;19
453;255;19
453;256;19
453;257;19
453;258;19
453;259;19
453;260;19
453;261;19
453;262;19
453;263;19
453;264;19
453;265;19
453;266;50
453;267;50
453;268;50
453;269;50
453;270;50
453;271;50
453;272;50
453;273;50
453;274;50
453;275;50
453;276;50
453;277;50
453;278;50
453;279;50
453;280;50
453;281;50
453;282;50
453;283;50
453;284;50
453;285;50
453;286;50
453;287;50
453;288;50
453;289;50
453;290;50
453;291;50
453;292;50
453;293;50
453;294;50
453;295;50
453;296;50
453;297;50
453;298;50
453;299;50
453;300;50
453;301;50
453;302;50
453;303;50
453;304;50
453;305;4
453;306;4
453;307;4
453;308;4
453;309;4
453;310;4
453;311;4
453;312;4
453;313;4
453;314;4
453;315;4
453;316;4
453;317;4
453;318;46
453;319;46
453;320;46
453;321;46
453;322;46
453;323;46
453;324;46
453;325;46
453;326;46
453;327;46
453;328;46
453;329;46
453;330;46
453;331;46
453;332;46
453;333;46
453;334;46
453;335;46
453;336;46
453;337;46
453;338;46
453;339;46
453;340;46
453;341;46
453;342;46
453;343;46
453;344;46
453;345;46
453;346;46
453;347;46
453;348;46
453;349;46
453;350;46
453;351;16
453;352;16
453;353;16
453;354;16
453;355;16
453;356;16
453;357;16
453;358;16
453;359;16
453;360;30
453;361;30
453;362;30
453;363;30
453;364;30
453;365;30
453;366;30
453;367;30
453;368;30
453;369;30
453;370;30
453;371;30
453;372;30
453;373;30
453;374;30
453;375;30
453;376;30
453;377;30
453;378;30
453;379;30
453;380;30
453;381;30
453;382;30
453;383;30
453;384;30
453;385;30
453;386;30
453;387;30
453;388;30
453;389;30
453;390;30
453;391;30
453;392;30
453;393;30
453;394;43
453;395;43
453;396;43
453;397;43
453;398;43
453;399;9
453;400;9
453;401;9
453;402;9
453;403;9
453;404;9
453;405;9
453;406;9
453;407;22
453;408;22
453;409;22
453;410;22
453;411;22
453;412;22
453;413;22
453;414;22
453;415;22
453;416;22
453;417;22
453;418;22
453;419;22
453;420;9
453;421;9
453;422;9
453;423;9
453;424;9
453;425;9
453;426;9
453;427;9
453;428;9
453;429;9
453;430;9
453;431;9
453;432;9
453;433;9
453;434;9
453;435;9
453;436;9
453;437;9
453;438;9
453;439;9
453;440;9
453;441;9
453;442;9
453;443;9
453;444;9
453;445;9
453;446;9
453;447;9
453;448;9
453;449;9
453;450;9
453;451;9
453;452;9
453;453;9
453;454;9
453;455;9
453;456;9
453;457;9
453;458;9
453;459;9
453;460;9
453;461;9
453;462;9
453;463;9
453;464;9
453;465;19
453;466;19
453;467;19
453;468;19
453;469;19
453;470;19
453;471;19
453;472;19
453;473;19
453;474;19
453;475;19
453;476;19
453;477;19
453;478;19
453;479;19
453;480;19
453;481;19
453;482;51
453;483;51
453;484;51
453;485;51
453;486;51
453;487;51
453;488;51
453;489;51
453;490;51
453;491;51
453;492;51
453;493;51
453;494;51
453;495;51
453;496;51
453;497;51
453;498;51
453;499;51
454;0;12
454;1;12
454;2;12
454;3;12
454;4;12
454;5;12
454;6;12
454;7;12
454;8;12
454;9;12
454;10;12
454;11;12
454;12;12
454;13;12
454;14;15
454;15;15
454;16;15
454;17;15
454;18;15
454;19;15
454;20;15
454;21;15
454;22;15
454;23;15
454;24;15
454;25;15
454;26;15
454;27;15
454;28;15
454;29;47
454;30;47
454;31;47
454;32;47
454;33;47
454;34;47
454;35;47
454;36;47
454;37;47
454;38;47
454;39;47
454;40;47
454;41;47
454;42;47
454;43;47
454;44;47
454;45;47
454;46;47
454;47;47
454;48;47
454;49;47
454;50;47
454;51;47
454;52;47
454;53;47
454;54;47
454;55;47
454;56;47
454;57;10
454;58;10
454;59;10
454;60;10
454;61;10
454;62;10
454;63;39
454;64;39
454;65;39
454;66;39
454;67;39
454;68;39
454;69;39
454;70;39
454;71;39
454;72;39
454;73;39
454;74;39
454;75;39
454;76;39
454;77;39
454;78;39
454;79;39
454;80;39
454;81;39
454;82;39
454;83;39
454;84;39
454;85;39
454;86;39
454;87;39
454;88;39
454;89;39
454;90;39
454;91;39
454;92;39
454;93;39
454;94;39
454;95;39
454;96;39
454;97;39
454;98;39
454;99;39
454;100;31
454;101;31
454;102;31
454;103;31
454;104;49
454;105;49
454;106;49
454;107;49
454;108;49
454;109;49
454;110;49
454;111;49
454;112;49
454;113;49
454;114;49
454;115;49
454;116;49
454;117;49
454;118;49
454;119;49
454;120;49
454;121;38
454;122;38
454;123;38
454;124;38
454;125;38
454;126;38
454;127;38
454;128;38
454;129;38
454;130;38
454;131;38
454;132;38
454;133;38
454;134;38
454;135;38
454;136;38
454;137;38
454;138;38
454;139;38
454;140;38
454;141;38
454;142;38
454;143;17
454;144;17
454;145;17
454;146;17
454;147;17
454;148;17
454;149;17
454;150;17
454;151;17
454;152;17
454;153;17
454;154;17
454;155;17
454;156;17
454;157;17
454;158;17
454;159;17
454;160;17
454;161;17
454;162;17
454;163;17
454;164;17
454;165;17
454;166;17
454;167;17
454;168;17
454;169;17
454;170;17
454;171;42
454;172;42
454;173;42
454;174;42
454;175;42
454;176;42
454;177;42
454;178;42
454;179;42
454;180;42
454;181;42
454;182;42
454;183;42
454;184;42
454;185;44
454;186;44
454;187;44
454;188;44
454;189;44
454;190;44
454;191;44
454;192;44
454;193;44
454;194;44
454;195;44
454;196;44
454;197;44
454;198;44
454;199;44
454;200;44
454;201;44
454;202;44
454;203;44
454;204;44
454;205;44
454;206;44
454;207;44
454;208;44
454;209;44
454;210;44
454;211;44
454;212;44
454;213;44
454;214;44
454;215;44
454;216;44
454;217;44
454;218;44
454;219;44
454;220;23
454;221;23
454;222;23
454;223;23
454;224;23
454;225;23
454;226;19
454;227;19
454;228;19
454;229;19
454;230;19
454;231;19
454;232;19
454;233;19
454;234;19
454;235;19
454;236;19
454;237;19
454;238;19
454;239;19
454;240;19
454;241;19
454;242;19
454;243;19
454;244;19
454;245;19
454;246;19
454;247;19
454;248;19
454;249;19
454;250;19
454;251;19
454;252;19
454;253;19
454;254;19
454;255;19
454;256;19
454;257;19
454;258;19
454;259;19
454;260;19
454;261;19
454;262;19
454;263;19
454;264;19
454;265;19
454;266;19
454;267;50
454;268;50
454;269;50
454;270;50
454;271;50
454;272;50
454;273;50
454;274;50
454;275;50
454;276;50
454;277;50
454;278;50
454;279;50
454;280;50
454;281;50
454;282;50
454;283;50
454;284;50
454;285;50
454;286;50
454;287;50
454;288;50
454;289;50
454;290;50
454;291;50
454;292;50
454;293;50
454;294;50
454;295;50
454;296;50
454;297;50
454;298;50
454;299;50
454;300;50
454;301;50
454;302;50
454;303;50
454;304;4
454;305;4
454;306;4
454;307;4
454;308;4
454;309;4
454;310;4
454;311;4
454;312;4
454;313;4
454;314;4
454;315;4
454;316;4
454;317;4
454;318;46
454;319;46
454;320;46
454;321;46
454;322;46
454;323;46
454;324;46
454;325;46
454;326;46
454;327;46
454;328;46
454;329;46
454;330;46
454;331;46
454;332;46
454;333;46
454;334;46
454;335;46
454;336;46
454;337;46
454;338;46
454;339;46
454;340;46
454;341;46
454;342;46
454;343;46
454;344;46
454;345;46
454;346;46
454;347;46
454;348;46
454;349;46
454;350;46
454;351;46
454;352;16
454;353;16
454;354;16
454;355;16
454;356;16
454;357;16
454;358;16
454;359;16
454;360;30
454;361;30
454;362;30
454;363;30
454;364;30
454;365;30
454;366;30
454;367;30
454;368;30
454;369;30
454;370;30
454;371;30
454;372;30
454;373;30
454;374;30
454;375;30
454;376;30
454;377;30
454;378;30
454;379;30
454;380;30
454;381;30
454;382;30
454;383;30
454;384;30
454;385;30
454;386;30
454;387;30
454;388;30
454;389;30
454;390;30
454;391;30
454;392;30
454;393;30
454;394;43
454;395;43
454;396;43
454;397;43
454;398;43
454;399;43
454;400;9
454;401;9
454;402;9
454;403;9
454;404;9
454;405;9
454;406;9
454;407;9
454;408;22
454;409;22
454;410;22
454;411;22
454;412;22
454;413;22
454;414;22
454;415;22
454;416;22
454;417;22
454;418;22
454;419;22
454;420;22
454;421;9
454;422;9
454;423;9
454;424;9
454;425;9
454;426;9
454;427;9
454;428;9
454;429;9
454;430;9
454;431;9
454;432;9
454;433;9
454;434;9
454;435;9
454;436;9
454;437;9
454;438;9
454;439;9
454;440;9
454;441;9
454;442;9
454;443;9
454;444;9
454;445;9
454;446;9
454;447;9
454;448;9
454;449;9
454;450;9
454;451;9
454;452;9
454;453;9
454;454;9
454;455;9
454;456;9
454;457;9
454;458;9
454;459;9
454;460;9
454;461;9
454;462;9
454;463;9
454;464;9
454;465;9
454;466;7
454;467;7
454;468;7
454;469;7
454;470;7
454;471;7
454;472;7
454;473;7
454;474;7
454;475;7
454;476;7
454;477;7
454;478;7
454;479;7
454;480;7
454;481;7
454;482;7
454;483;7
454;484;51
454;485;51
454;486;51
454;487;51
454;488;51
454;489;51
454;490;51
454;491;51
454;492;51
454;493;51
454;494;51
454;495;51
454;496;51
454;497;51
454;498;51
454;499;51
455;0;12
455;1;12
455;2;12
455;3;12
455;4;12
455;5;12
455;6;12
455;7;12
455;8;12
455;9;12
455;10;12
455;11;12
455;12;12
455;13;15
455;14;15
455;15;15
455;16;15
455;17;15
455;18;15
455;19;15
455;20;15
455;21;15
455;22;15
455;23;15
455;24;15
455;25;15
455;26;15
455;27;15
455;28;15
455;29;47
455;30;47
455;31;47
455;32;47
455;33;47
455;34;47
455;35;47
455;36;47
455;37;47
455;38;47
455;39;47
455;40;47
455;41;47
455;42;47
455;43;47
455;44;47
455;45;47
455;46;47
455;47;47
455;48;47
455;49;47
455;50;47
455;51;47
455;52;47
455;53;47
455;54;47
455;55;47
455;56;47
455;57;47
455;58;47
455;59;10
455;60;10
455;61;10
455;62;39
455;63;39
455;64;39
455;65;39
455;66;39
455;67;39
455;68;39
455;69;39
455;70;39
455;71;39
455;72;39
455;73;39
455;74;39
455;75;39
455;76;39
455;77;39
455;78;39
455;79;39
455;80;39
455;81;39
455;82;39
455;83;39
455;84;39
455;85;39
455;86;39
455;87;39
455;88;39
455;89;39
455;90;39
455;91;39
455;92;39
455;93;39
455;94;39
455;95;39
455;96;39
455;97;39
455;98;39
455;99;39
455;100;39
455;101;39
455;102;31
455;103;31
455;104;49
455;105;49
455;106;49
455;107;49
455;108;49
455;109;49
455;110;49
455;111;49
455;112;49
455;113;49
455;114;49
455;115;49
455;116;49
455;117;49
455;118;49
455;119;49
455;120;38
455;121;38
455;122;38
455;123;38
455;124;38
455;125;38
455;126;38
455;127;38
455;128;38
455;129;38
455;130;38
455;131;38
455;132;38
455;133;38
455;134;38
455;135;38
455;136;38
455;137;38
455;138;38
455;139;38
455;140;38
455;141;38
455;142;38
455;143;17
455;144;17
455;145;17
455;146;17
455;147;17
455;148;17
455;149;17
455;150;17
455;151;17
455;152;17
455;153;17
455;154;17
455;155;17
455;156;17
455;157;17
455;158;17
455;159;17
455;160;17
455;161;17
455;162;17
455;163;17
455;164;17
455;165;17
455;166;17
455;167;17
455;168;17
455;169;17
455;170;17
455;171;42
455;172;42
455;173;42
455;174;42
455;175;42
455;176;42
455;177;42
455;178;42
455;179;42
455;180;42
455;181;42
455;182;42
455;183;42
455;184;42
455;185;44
455;186;44
455;187;44
455;188;44
455;189;44
455;190;44
455;191;44
455;192;44
455;193;44
455;194;44
455;195;44
455;196;44
455;197;44
455;198;44
455;199;44
455;200;44
455;201;44
455;202;44
455;203;44
455;204;44
455;205;44
455;206;44
455;207;44
455;208;44
455;209;44
455;210;44
455;211;44
455;212;44
455;213;44
455;214;44
455;215;44
455;216;44
455;217;44
455;218;44
455;219;44
455;220;44
455;221;44
455;222;23
455;223;23
455;224;23
455;225;19
455;226;19
455;227;19
455;228;19
455;229;19
455;230;19
455;231;19
455;232;19
455;233;19
455;234;19
455;235;19
455;236;19
455;237;19
455;238;19
455;239;19
455;240;19
455;241;19
455;242;19
455;243;19
455;244;19
455;245;19
455;246;19
455;247;19
455;248;19
455;249;19
455;250;19
455;251;19
455;252;19
455;253;19
455;254;19
455;255;19
455;256;19
455;257;19
455;258;19
455;259;19
455;260;19
455;261;19
455;262;19
455;263;19
455;264;19
455;265;19
455;266;19
455;267;19
455;268;50
455;269;50
455;270;50
455;271;50
455;272;50
455;273;50
455;274;50
455;275;50
455;276;50
455;277;50
455;278;50
455;279;50
455;280;50
455;281;50
455;282;50
455;283;50
455;284;50
455;285;50
455;286;50
455;287;50
455;288;50
455;289;50
455;290;50
455;291;50
455;292;50
455;293;50
455;294;50
455;295;50
455;296;50
455;297;50
455;298;50
455;299;50
455;300;50
455;301;50
455;302;50
455;303;4
455;304;4
455;305;4
455;306;4
455;307;4
455;308;4
455;309;4
455;310;4
455;311;4
455;312;4
455;313;4
455;314;4
455;315;4
455;316;4
455;317;4
455;318;4
455;319;46
455;320;46
455;321;46
455;322;46
455;323;46
455;324;46
455;325;46
455;326;46
455;327;46
455;328;46
455;329;46
455;330;46
455;331;46
455;332;46
455;333;46
455;334;46
455;335;46
455;336;46
455;337;46
455;338;46
455;339;46
455;340;46
455;341;46
455;342;46
455;343;46
455;344;46
455;345;46
455;346;46
455;347;46
455;348;46
455;349;46
455;350;46
455;351;46
455;352;46
455;353;16
455;354;16
455;355;16
455;356;16
455;357;16
455;358;16
455;359;16
455;360;16
455;361;30
455;362;30
455;363;30
455;364;30
455;365;30
455;366;30
455;367;30
455;368;30
455;369;30
455;370;30
455;371;30
455;372;30
455;373;30
455;374;30
455;375;30
455;376;30
455;377;30
455;378;30
455;379;30
455;380;30
455;381;30
455;382;30
455;383;30
455;384;30
455;385;30
455;386;30
455;387;30
455;388;30
455;389;30
455;390;30
455;391;30
455;392;30
455;393;30
455;394;43
455;395;43
455;396;43
455;397;43
455;398;43
455;399;43
455;400;43
455;401;9
455;402;9
455;403;9
455;404;9
455;405;9
455;406;9
455;407;9
455;408;9
455;409;22
455;410;22
455;411;22
455;412;22
455;413;22
455;414;22
455;415;22
455;416;22
455;417;22
455;418;22
455;419;22
455;420;22
455;421;9
455;422;9
455;423;9
455;424;9
455;425;9
455;426;9
455;427;9
455;428;9
455;429;9
455;430;9
455;431;9
455;432;9
455;433;9
455;434;9
455;435;9
455;436;9
455;437;9
455;438;9
455;439;9
455;440;9
455;441;9
455;442;9
455;443;9
455;444;9
455;445;9
455;446;9
455;447;9
455;448;9
455;449;9
455;450;9
455;451;9
455;452;9
455;453;9
455;454;9
455;455;9
455;456;9
455;457;9
455;458;9
455;459;9
455;460;9
455;461;9
455;462;9
455;463;9
455;464;9
455;465;9
455;466;7
455;467;7
455;468;7
455;469;7
455;470;7
455;471;7
455;472;7
455;473;7
455;474;7
455;475;7
455;476;7
455;477;7
455;478;7
455;479;7
455;480;7
455;481;7
455;482;7
455;483;7
455;484;7
455;485;7
455;486;51
455;487;51
455;488;51
455;489;51
455;490;51
455;491;51
455;492;51
455;493;51
455;494;51
455;495;51
455;496;51
455;497;51
455;498;51
455;499;51
456;0;12
456;1;12
456;2;12
456;3;12
456;4;12
456;5;12
456;6;12
456;7;12
456;8;12
456;9;12
456;10;12
456;11;12
456;12;15
456;13;15
456;14;15
456;15;15
456;16;15
456;17;15
456;18;15
456;19;15
456;20;15
456;21;15
456;22;15
456;23;15
456;24;15
456;25;15
456;26;15
456;27;15
456;28;15
456;29;15
456;30;47
456;31;47
456;32;47
456;33;47
456;34;47
456;35;47
456;36;47
456;37;47
456;38;47
456;39;47
456;40;47
456;41;47
456;42;47
456;43;47
456;44;47
456;45;47
456;46;47
456;47;47
456;48;47
456;49;47
456;50;47
456;51;47
456;52;47
456;53;47
456;54;47
456;55;47
456;56;47
456;57;47
456;58;47
456;59;47
456;60;47
456;61;39
456;62;39
456;63;39
456;64;39
456;65;39
456;66;39
456;67;39
456;68;39
456;69;39
456;70;39
456;71;39
456;72;39
456;73;39
456;74;39
456;75;39
456;76;39
456;77;39
456;78;39
456;79;39
456;80;39
456;81;39
456;82;39
456;83;39
456;84;39
456;85;39
456;86;39
456;87;39
456;88;39
456;89;39
456;90;39
456;91;39
456;92;39
456;93;39
456;94;39
456;95;39
456;96;39
456;97;39
456;98;39
456;99;39
456;100;39
456;101;39
456;102;39
456;103;39
456;104;39
456;105;38
456;106;38
456;107;38
456;108;38
456;109;38
456;110;38
456;111;38
456;112;38
456;113;38
456;114;38
456;115;38
456;116;38
456;117;38
456;118;38
456;119;38
456;120;38
456;121;38
456;122;38
456;123;38
456;124;38
456;125;38
456;126;38
456;127;38
456;128;38
456;129;38
456;130;38
456;131;38
456;132;38
456;133;38
456;134;38
456;135;38
456;136;38
456;137;38
456;138;38
456;139;38
456;140;38
456;141;38
456;142;38
456;143;38
456;144;17
456;145;17
456;146;17
456;147;17
456;148;17
456;149;17
456;150;17
456;151;17
456;152;17
456;153;17
456;154;17
456;155;17
456;156;17
456;157;17
456;158;17
456;159;17
456;160;17
456;161;17
456;162;17
456;163;17
456;164;17
456;165;17
456;166;17
456;167;17
456;168;17
456;169;17
456;170;17
456;171;42
456;172;42
456;173;42
456;174;42
456;175;42
456;176;42
456;177;42
456;178;42
456;179;42
456;180;42
456;181;42
456;182;42
456;183;42
456;184;42
456;185;42
456;186;44
456;187;44
456;188;44
456;189;44
456;190;44
456;191;44
456;192;44
456;193;44
456;194;44
456;195;44
456;196;44
456;197;44
456;198;44
456;199;44
456;200;44
456;201;44
456;202;44
456;203;44
456;204;44
456;205;44
456;206;44
456;207;44
456;208;44
456;209;44
456;210;44
456;211;44
456;212;44
456;213;44
456;214;44
456;215;44
456;216;44
456;217;44
456;218;44
456;219;44
456;220;44
456;221;44
456;222;44
456;223;44
456;224;19
456;225;19
456;226;19
456;227;19
456;228;19
456;229;19
456;230;19
456;231;19
456;232;19
456;233;19
456;234;19
456;235;19
456;236;19
456;237;19
456;238;19
456;239;19
456;240;19
456;241;19
456;242;19
456;243;19
456;244;19
456;245;19
456;246;19
456;247;19
456;248;19
456;249;19
456;250;19
456;251;19
456;252;19
456;253;19
456;254;19
456;255;19
456;256;19
456;257;19
456;258;19
456;259;19
456;260;19
456;261;19
456;262;19
456;263;19
456;264;19
456;265;19
456;266;19
456;267;19
456;268;19
456;269;50
456;270;50
456;271;50
456;272;50
456;273;50
456;274;50
456;275;50
456;276;50
456;277;50
456;278;50
456;279;50
456;280;50
456;281;50
456;282;50
456;283;50
456;284;50
456;285;50
456;286;50
456;287;50
456;288;50
456;289;50
456;290;50
456;291;50
456;292;50
456;293;50
456;294;50
456;295;50
456;296;50
456;297;50
456;298;50
456;299;50
456;300;50
456;301;50
456;302;4
456;303;4
456;304;4
456;305;4
456;306;4
456;307;4
456;308;4
456;309;4
456;310;4
456;311;4
456;312;4
456;313;4
456;314;4
456;315;4
456;316;4
456;317;4
456;318;4
456;319;46
456;320;46
456;321;46
456;322;46
456;323;46
456;324;46
456;325;46
456;326;46
456;327;46
456;328;46
456;329;46
456;330;46
456;331;46
456;332;46
456;333;46
456;334;46
456;335;46
456;336;46
456;337;46
456;338;46
456;339;46
456;340;46
456;341;46
456;342;46
456;343;46
456;344;46
456;345;46
456;346;46
456;347;46
456;348;46
456;349;46
456;350;46
456;351;46
456;352;46
456;353;46
456;354;16
456;355;16
456;356;16
456;357;16
456;358;16
456;359;16
456;360;16
456;361;30
456;362;30
456;363;30
456;364;30
456;365;30
456;366;30
456;367;30
456;368;30
456;369;30
456;370;30
456;371;30
456;372;30
456;373;30
456;374;30
456;375;30
456;376;30
456;377;30
456;378;30
456;379;30
456;380;30
456;381;30
456;382;30
456;383;30
456;384;30
456;385;30
456;386;30
456;387;30
456;388;30
456;389;30
456;390;30
456;391;30
456;392;30
456;393;30
456;394;43
456;395;43
456;396;43
456;397;43
456;398;43
456;399;43
456;400;43
456;401;43
456;402;9
456;403;9
456;404;9
456;405;9
456;406;9
456;407;9
456;408;9
456;409;9
456;410;22
456;411;22
456;412;22
456;413;22
456;414;22
456;415;22
456;416;22
456;417;22
456;418;22
456;419;22
456;420;22
456;421;22
456;422;9
456;423;9
456;424;9
456;425;9
456;426;9
456;427;9
456;428;9
456;429;9
456;430;9
456;431;9
456;432;9
456;433;9
456;434;9
456;435;9
456;436;9
456;437;9
456;438;9
456;439;9
456;440;9
456;441;9
456;442;9
456;443;9
456;444;9
456;445;9
456;446;9
456;447;9
456;448;9
456;449;9
456;450;9
456;451;9
456;452;9
456;453;9
456;454;9
456;455;9
456;456;9
456;457;9
456;458;9
456;459;9
456;460;9
456;461;9
456;462;9
456;463;9
456;464;9
456;465;7
456;466;7
456;467;7
456;468;7
456;469;7
456;470;7
456;471;7
456;472;7
456;473;7
456;474;7
456;475;7
456;476;7
456;477;7
456;478;7
456;479;7
456;480;7
456;481;7
456;482;7
456;483;7
456;484;7
456;485;7
456;486;7
456;487;7
456;488;51
456;489;51
456;490;51
456;491;51
456;492;51
456;493;51
456;494;51
456;495;51
456;496;51
456;497;51
456;498;51
456;499;51
457;0;12
457;1;12
457;2;12
457;3;12
457;4;12
457;5;12
457;6;12
457;7;12
457;8;12
457;9;12
457;10;12
457;11;15
457;12;15
457;13;15
457;14;15
457;15;15
457;16;15
457;17;15
457;18;15
457;19;15
457;20;15
457;21;15
457;22;15
457;23;15
457;24;15
457;25;15
457;26;15
457;27;15
457;28;15
457;29;15
457;30;47
457;31;47
457;32;47
457;33;47
457;34;47
457;35;47
457;36;47
457;37;47
457;38;47
457;39;47
457;40;47
457;41;47
457;42;47
457;43;47
457;44;47
457;45;47
457;46;47
457;47;47
457;48;47
457;49;47
457;50;47
457;51;47
457;52;47
457;53;47
457;54;47
457;55;47
457;56;47
457;57;47
457;58;47
457;59;47
457;60;47
457;61;47
457;62;39
457;63;39
457;64;39
457;65;39
457;66;39
457;67;39
457;68;39
457;69;39
457;70;39
457;71;39
457;72;39
457;73;39
457;74;39
457;75;39
457;76;39
457;77;39
457;78;39
457;79;39
457;80;39
457;81;39
457;82;39
457;83;39
457;84;39
457;85;39
457;86;39
457;87;39
457;88;39
457;89;39
457;90;39
457;91;39
457;92;39
457;93;39
457;94;39
457;95;39
457;96;39
457;97;39
457;98;39
457;99;39
457;100;39
457;101;39
457;102;39
457;103;39
457;104;39
457;105;38
457;106;38
457;107;38
457;108;38
457;109;38
457;110;38
457;111;38
457;112;38
457;113;38
457;114;38
457;115;38
457;116;38
457;117;38
457;118;38
457;119;38
457;120;38
457;121;38
457;122;38
457;123;38
457;124;38
457;125;38
457;126;38
457;127;38
457;128;38
457;129;38
457;130;38
457;131;38
457;132;38
457;133;38
457;134;38
457;135;38
457;136;38
457;137;38
457;138;38
457;139;38
457;140;38
457;141;38
457;142;38
457;143;38
457;144;17
457;145;17
457;146;17
457;147;17
457;148;17
457;149;17
457;150;17
457;151;17
457;152;17
457;153;17
457;154;17
457;155;17
457;156;17
457;157;17
457;158;17
457;159;17
457;160;17
457;161;17
457;162;17
457;163;17
457;164;17
457;165;17
457;166;17
457;167;17
457;168;17
457;169;17
457;170;17
457;171;42
457;172;42
457;173;42
457;174;42
457;175;42
457;176;42
457;177;42
457;178;42
457;179;42
457;180;42
457;181;42
457;182;42
457;183;42
457;184;42
457;185;42
457;186;44
457;187;44
457;188;44
457;189;44
457;190;44
457;191;44
457;192;44
457;193;44
457;194;44
457;195;44
457;196;44
457;197;44
457;198;44
457;199;44
457;200;44
457;201;44
457;202;44
457;203;44
457;204;44
457;205;44
457;206;44
457;207;44
457;208;44
457;209;44
457;210;44
457;211;44
457;212;44
457;213;44
457;214;44
457;215;44
457;216;44
457;217;44
457;218;44
457;219;44
457;220;44
457;221;44
457;222;44
457;223;44
457;224;19
457;225;19
457;226;19
457;227;19
457;228;19
457;229;19
457;230;19
457;231;19
457;232;19
457;233;19
457;234;19
457;235;19
457;236;19
457;237;19
457;238;19
457;239;19
457;240;19
457;241;19
457;242;19
457;243;19
457;244;19
457;245;19
457;246;19
457;247;19
457;248;19
457;249;19
457;250;19
457;251;19
457;252;19
457;253;19
457;254;19
457;255;19
457;256;19
457;257;19
457;258;19
457;259;19
457;260;19
457;261;19
457;262;19
457;263;19
457;264;19
457;265;19
457;266;19
457;267;19
457;268;19
457;269;19
457;270;50
457;271;50
457;272;50
457;273;50
457;274;50
457;275;50
457;276;50
457;277;50
457;278;50
457;279;50
457;280;50
457;281;50
457;282;50
457;283;50
457;284;50
457;285;50
457;286;50
457;287;50
457;288;50
457;289;50
457;290;50
457;291;50
457;292;50
457;293;50
457;294;50
457;295;50
457;296;50
457;297;50
457;298;50
457;299;50
457;300;50
457;301;4
457;302;4
457;303;4
457;304;4
457;305;4
457;306;4
457;307;4
457;308;4
457;309;4
457;310;4
457;311;4
457;312;4
457;313;4
457;314;4
457;315;4
457;316;4
457;317;4
457;318;4
457;319;4
457;320;46
457;321;46
457;322;46
457;323;46
457;324;46
457;325;46
457;326;46
457;327;46
457;328;46
457;329;46
457;330;46
457;331;46
457;332;46
457;333;46
457;334;46
457;335;46
457;336;46
457;337;46
457;338;46
457;339;46
457;340;46
457;341;46
457;342;46
457;343;46
457;344;46
457;345;46
457;346;46
457;347;46
457;348;46
457;349;46
457;350;46
457;351;46
457;352;46
457;353;46
457;354;46
457;355;16
457;356;16
457;357;16
457;358;16
457;359;16
457;360;16
457;361;16
457;362;30
457;363;30
457;364;30
457;365;30
457;366;30
457;367;30
457;368;30
457;369;30
457;370;30
457;371;30
457;372;30
457;373;30
457;374;30
457;375;30
457;376;30
457;377;30
457;378;30
457;379;30
457;380;30
457;381;30
457;382;30
457;383;30
457;384;30
457;385;30
457;386;30
457;387;30
457;388;30
457;389;30
457;390;30
457;391;30
457;392;30
457;393;30
457;394;43
457;395;43
457;396;43
457;397;43
457;398;43
457;399;43
457;400;43
457;401;43
457;402;43
457;403;9
457;404;9
457;405;9
457;406;9
457;407;9
457;408;9
457;409;9
457;410;9
457;411;22
457;412;22
457;413;22
457;414;22
457;415;22
457;416;22
457;417;22
457;418;22
457;419;22
457;420;22
457;421;22
457;422;22
457;423;9
457;424;9
457;425;9
457;426;9
457;427;9
457;428;9
457;429;9
457;430;9
457;431;9
457;432;9
457;433;9
457;434;9
457;435;9
457;436;9
457;437;9
457;438;9
457;439;9
457;440;9
457;441;9
457;442;9
457;443;9
457;444;9
457;445;9
457;446;9
457;447;9
457;448;9
457;449;9
457;450;9
457;451;9
457;452;9
457;453;9
457;454;9
457;455;9
457;456;9
457;457;9
457;458;9
457;459;9
457;460;9
457;461;9
457;462;9
457;463;9
457;464;7
457;465;7
457;466;7
457;467;7
457;468;7
457;469;7
457;470;7
457;471;7
457;472;7
457;473;7
457;474;7
457;475;7
457;476;7
457;477;7
457;478;7
457;479;7
457;480;7
457;481;7
457;482;7
457;483;7
457;484;7
457;485;7
457;486;7
457;487;7
457;488;7
457;489;7
457;490;7
457;491;7
457;492;7
457;493;7
457;494;7
457;495;7
457;496;7
457;497;7
457;498;51
457;499;51
458;0;12
458;1;12
458;2;12
458;3;12
458;4;12
458;5;12
458;6;12
458;7;12
458;8;12
458;9;12
458;10;15
458;11;15
458;12;15
458;13;15
458;14;15
458;15;15
458;16;15
458;17;15
458;18;15
458;19;15
458;20;15
458;21;15
458;22;15
458;23;15
458;24;15
458;25;15
458;26;15
458;27;15
458;28;15
458;29;15
458;30;15
458;31;47
458;32;47
458;33;47
458;34;47
458;35;47
458;36;47
458;37;47
458;38;47
458;39;47
458;40;47
458;41;47
458;42;47
458;43;47
458;44;47
458;45;47
458;46;47
458;47;47
458;48;47
458;49;47
458;50;47
458;51;47
458;52;47
458;53;47
458;54;47
458;55;47
458;56;47
458;57;47
458;58;47
458;59;47
458;60;47
458;61;47
458;62;39
458;63;39
458;64;39
458;65;39
458;66;39
458;67;39
458;68;39
458;69;39
458;70;39
458;71;39
458;72;39
458;73;39
458;74;39
458;75;39
458;76;39
458;77;39
458;78;39
458;79;39
458;80;39
458;81;39
458;82;39
458;83;39
458;84;39
458;85;39
458;86;39
458;87;39
458;88;39
458;89;39
458;90;39
458;91;39
458;92;39
458;93;39
458;94;39
458;95;39
458;96;39
458;97;39
458;98;39
458;99;39
458;100;39
458;101;39
458;102;39
458;103;39
458;104;39
458;105;39
458;106;38
458;107;38
458;108;38
458;109;38
458;110;38
458;111;38
458;112;38
458;113;38
458;114;38
458;115;38
458;116;38
458;117;38
458;118;38
458;119;38
458;120;38
458;121;38
458;122;38
458;123;38
458;124;38
458;125;38
458;126;38
458;127;38
458;128;38
458;129;38
458;130;38
458;131;38
458;132;38
458;133;38
458;134;38
458;135;38
458;136;38
458;137;38
458;138;38
458;139;38
458;140;38
458;141;38
458;142;38
458;143;38
458;144;38
458;145;17
458;146;17
458;147;17
458;148;17
458;149;17
458;150;17
458;151;17
458;152;17
458;153;17
458;154;17
458;155;17
458;156;17
458;157;17
458;158;17
458;159;17
458;160;17
458;161;17
458;162;17
458;163;17
458;164;17
458;165;17
458;166;17
458;167;17
458;168;17
458;169;17
458;170;17
458;171;42
458;172;42
458;173;42
458;174;42
458;175;42
458;176;42
458;177;42
458;178;42
458;179;42
458;180;42
458;181;42
458;182;42
458;183;42
458;184;42
458;185;42
458;186;42
458;187;44
458;188;44
458;189;44
458;190;44
458;191;44
458;192;44
458;193;44
458;194;44
458;195;44
458;196;44
458;197;44
458;198;44
458;199;44
458;200;44
458;201;44
458;202;44
458;203;44
458;204;44
458;205;44
458;206;44
458;207;44
458;208;44
458;209;44
458;210;44
458;211;44
458;212;44
458;213;44
458;214;44
458;215;44
458;216;44
458;217;44
458;218;44
458;219;44
458;220;44
458;221;44
458;222;44
458;223;44
458;224;44
458;225;19
458;226;19
458;227;19
458;228;19
458;229;19
458;230;19
458;231;19
458;232;19
458;233;19
458;234;19
458;235;19
458;236;19
458;237;19
458;238;19
458;239;19
458;240;19
458;241;19
458;242;19
458;243;19
458;244;19
458;245;19
458;246;19
458;247;19
458;248;19
458;249;19
458;250;19
458;251;19
458;252;19
458;253;19
458;254;19
458;255;19
458;256;19
458;257;19
458;258;19
458;259;19
458;260;19
458;261;19
458;262;19
458;263;19
458;264;19
458;265;19
458;266;19
458;267;19
458;268;19
458;269;19
458;270;19
458;271;50
458;272;50
458;273;50
458;274;50
458;275;50
458;276;50
458;277;50
458;278;50
458;279;50
458;280;50
458;281;50
458;282;50
458;283;50
458;284;50
458;285;50
458;286;50
458;287;50
458;288;50
458;289;50
458;290;50
458;291;50
458;292;50
458;293;50
458;294;50
458;295;50
458;296;50
458;297;50
458;298;50
458;299;50
458;300;4
458;301;4
458;302;4
458;303;4
458;304;4
458;305;4
458;306;4
458;307;4
458;308;4
458;309;4
458;310;4
458;311;4
458;312;4
458;313;4
458;314;4
458;315;4
458;316;4
458;317;4
458;318;4
458;319;4
458;320;46
458;321;46
458;322;46
458;323;46
458;324;46
458;325;46
458;326;46
458;327;46
458;328;46
458;329;46
458;330;46
458;331;46
458;332;46
458;333;46
458;334;46
458;335;46
458;336;46
458;337;46
458;338;46
458;339;46
458;340;46
458;341;46
458;342;46
458;343;46
458;344;46
458;345;46
458;346;46
458;347;46
458;348;46
458;349;46
458;350;46
458;351;46
458;352;46
458;353;46
458;354;46
458;355;46
458;356;16
458;357;16
458;358;16
458;359;16
458;360;16
458;361;16
458;362;30
458;363;30
458;364;30
458;365;30
458;366;30
458;367;30
458;368;30
458;369;30
458;370;30
458;371;30
458;372;30
458;373;30
458;374;30
458;375;30
458;376;30
458;377;30
458;378;30
458;379;30
458;380;30
458;381;30
458;382;30
458;383;30
458;384;30
458;385;30
458;386;30
458;387;30
458;388;30
458;389;30
458;390;30
458;391;30
458;392;30
458;393;30
458;394;43
458;395;43
458;396;43
458;397;43
458;398;43
458;399;43
458;400;43
458;401;43
458;402;43
458;403;43
458;404;9
458;405;9
458;406;9
458;407;9
458;408;9
458;409;9
458;410;9
458;411;9
458;412;22
458;413;22
458;414;22
458;415;22
458;416;22
458;417;22
458;418;22
458;419;22
458;420;22
458;421;22
458;422;22
458;423;22
458;424;9
458;425;9
458;426;9
458;427;9
458;428;9
458;429;9
458;430;9
458;431;9
458;432;9
458;433;9
458;434;9
458;435;9
458;436;9
458;437;9
458;438;9
458;439;9
458;440;9
458;441;9
458;442;9
458;443;9
458;444;9
458;445;9
458;446;9
458;447;9
458;448;9
458;449;9
458;450;9
458;451;9
458;452;9
458;453;9
458;454;9
458;455;9
458;456;9
458;457;9
458;458;9
458;459;9
458;460;9
458;461;9
458;462;9
458;463;9
458;464;7
458;465;7
458;466;7
458;467;7
458;468;7
458;469;7
458;470;7
458;471;7
458;472;7
458;473;7
458;474;7
458;475;7
458;476;7
458;477;7
458;478;7
458;479;7
458;480;7
458;481;7
458;482;7
458;483;7
458;484;7
458;485;7
458;486;7
458;487;7
458;488;7
458;489;7
458;490;7
458;491;7
458;492;7
458;493;7
458;494;7
458;495;7
458;496;7
458;497;7
458;498;7
458;499;7
459;0;12
459;1;12
459;2;12
459;3;12
459;4;12
459;5;12
459;6;12
459;7;12
459;8;12
459;9;15
459;10;15
459;11;15
459;12;15
459;13;15
459;14;15
459;15;15
459;16;15
459;17;15
459;18;15
459;19;15
459;20;15
459;21;15
459;22;15
459;23;15
459;24;15
459;25;15
459;26;15
459;27;15
459;28;15
459;29;15
459;30;15
459;31;47
459;32;47
459;33;47
459;34;47
459;35;47
459;36;47
459;37;47
459;38;47
459;39;47
459;40;47
459;41;47
459;42;47
459;43;47
459;44;47
459;45;47
459;46;47
459;47;47
459;48;47
459;49;47
459;50;47
459;51;47
459;52;47
459;53;47
459;54;47
459;55;47
459;56;47
459;57;47
459;58;47
459;59;47
459;60;47
459;61;47
459;62;47
459;63;39
459;64;39
459;65;39
459;66;39
459;67;39
459;68;39
459;69;39
459;70;39
459;71;39
459;72;39
459;73;39
459;74;39
459;75;39
459;76;39
459;77;39
459;78;39
459;79;39
459;80;39
459;81;39
459;82;39
459;83;39
459;84;39
459;85;39
459;86;39
459;87;39
459;88;39
459;89;39
459;90;39
459;91;39
459;92;39
459;93;39
459;94;39
459;95;39
459;96;39
459;97;39
459;98;39
459;99;39
459;100;39
459;101;39
459;102;39
459;103;39
459;104;39
459;105;39
459;106;38
459;107;38
459;108;38
459;109;38
459;110;38
459;111;38
459;112;38
459;113;38
459;114;38
459;115;38
459;116;38
459;117;38
459;118;38
459;119;38
459;120;38
459;121;38
459;122;38
459;123;38
459;124;38
459;125;38
459;126;38
459;127;38
459;128;38
459;129;38
459;130;38
459;131;38
459;132;38
459;133;38
459;134;38
459;135;38
459;136;38
459;137;38
459;138;38
459;139;38
459;140;38
459;141;38
459;142;38
459;143;38
459;144;38
459;145;17
459;146;17
459;147;17
459;148;17
459;149;17
459;150;17
459;151;17
459;152;17
459;153;17
459;154;17
459;155;17
459;156;17
459;157;17
459;158;17
459;159;17
459;160;17
459;161;17
459;162;17
459;163;17
459;164;17
459;165;17
459;166;17
459;167;17
459;168;17
459;169;17
459;170;17
459;171;42
459;172;42
459;173;42
459;174;42
459;175;42
459;176;42
459;177;42
459;178;42
459;179;42
459;180;42
459;181;42
459;182;42
459;183;42
459;184;42
459;185;42
459;186;42
459;187;44
459;188;44
459;189;44
459;190;44
459;191;44
459;192;44
459;193;44
459;194;44
459;195;44
459;196;44
459;197;44
459;198;44
459;199;44
459;200;44
459;201;44
459;202;44
459;203;44
459;204;44
459;205;44
459;206;44
459;207;44
459;208;44
459;209;44
459;210;44
459;211;44
459;212;44
459;213;44
459;214;44
459;215;44
459;216;44
459;217;44
459;218;44
459;219;44
459;220;44
459;221;44
459;222;44
459;223;44
459;224;44
459;225;19
459;226;19
459;227;19
459;228;19
459;229;19
459;230;19
459;231;19
459;232;19
459;233;19
459;234;19
459;235;19
459;236;19
459;237;19
459;238;19
459;239;19
459;240;19
459;241;19
459;242;19
459;243;19
459;244;19
459;245;19
459;246;19
459;247;19
459;248;19
459;249;19
459;250;19
459;251;19
459;252;19
459;253;19
459;254;19
459;255;19
459;256;19
459;257;19
459;258;19
459;259;19
459;260;19
459;261;19
459;262;19
459;263;19
459;264;19
459;265;19
459;266;19
459;267;19
459;268;19
459;269;19
459;270;19
459;271;19
459;272;50
459;273;50
459;274;50
459;275;50
459;276;50
459;277;50
459;278;50
459;279;50
459;280;50
459;281;50
459;282;50
459;283;50
459;284;50
459;285;50
459;286;50
459;287;50
459;288;50
459;289;50
459;290;50
459;291;50
459;292;50
459;293;50
459;294;50
459;295;4
459;296;4
459;297;4
459;298;4
459;299;4
459;300;4
459;301;4
459;302;4
459;303;4
459;304;4
459;305;4
459;306;4
459;307;4
459;308;4
459;309;4
459;310;4
459;311;4
459;312;4
459;313;4
459;314;4
459;315;4
459;316;4
459;317;4
459;318;4
459;319;4
459;320;4
459;321;46
459;322;46
459;323;46
459;324;46
459;325;46
459;326;46
459;327;46
459;328;46
459;329;46
459;330;46
459;331;46
459;332;46
459;333;46
459;334;46
459;335;46
459;336;46
459;337;46
459;338;46
459;339;46
459;340;46
459;341;46
459;342;46
459;343;46
459;344;46
459;345;46
459;346;46
459;347;46
459;348;46
459;349;46
459;350;46
459;351;46
459;352;46
459;353;46
459;354;46
459;355;46
459;356;46
459;357;16
459;358;16
459;359;16
459;360;16
459;361;16
459;362;16
459;363;30
459;364;30
459;365;30
459;366;30
459;367;30
459;368;30
459;369;30
459;370;30
459;371;30
459;372;30
459;373;30
459;374;30
459;375;30
459;376;30
459;377;30
459;378;30
459;379;30
459;380;30
459;381;30
459;382;30
459;383;30
459;384;30
459;385;30
459;386;30
459;387;30
459;388;30
459;389;30
459;390;30
459;391;30
459;392;30
459;393;30
459;394;43
459;395;43
459;396;43
459;397;43
459;398;43
459;399;43
459;400;43
459;401;43
459;402;43
459;403;43
459;404;43
459;405;9
459;406;9
459;407;9
459;408;9
459;409;9
459;410;9
459;411;9
459;412;9
459;413;22
459;414;22
459;415;22
459;416;22
459;417;22
459;418;22
459;419;22
459;420;22
459;421;22
459;422;22
459;423;22
459;424;22
459;425;9
459;426;9
459;427;9
459;428;9
459;429;9
459;430;9
459;431;9
459;432;9
459;433;9
459;434;9
459;435;9
459;436;9
459;437;9
459;438;9
459;439;9
459;440;9
459;441;9
459;442;9
459;443;9
459;444;9
459;445;9
459;446;9
459;447;9
459;448;9
459;449;9
459;450;9
459;451;9
459;452;9
459;453;9
459;454;9
459;455;9
459;456;9
459;457;9
459;458;9
459;459;9
459;460;9
459;461;9
459;462;9
459;463;9
459;464;7
459;465;7
459;466;7
459;467;7
459;468;7
459;469;7
459;470;7
459;471;7
459;472;7
459;473;7
459;474;7
459;475;7
459;476;7
459;477;7
459;478;7
459;479;7
459;480;7
459;481;7
459;482;7
459;483;7
459;484;7
459;485;7
459;486;7
459;487;7
459;488;7
459;489;7
459;490;7
459;491;7
459;492;7
459;493;7
459;494;7
459;495;7
459;496;7
459;497;7
459;498;7
459;499;7
460;0;12
460;1;12
460;2;12
460;3;12
460;4;12
460;5;12
460;6;12
460;7;12
460;8;15
460;9;15
460;10;15
460;11;15
460;12;15
460;13;15
460;14;15
460;15;15
460;16;15
460;17;15
460;18;15
460;19;15
460;20;15
460;21;15
460;22;15
460;23;15
460;24;15
460;25;15
460;26;15
460;27;15
460;28;15
460;29;15
460;30;15
460;31;15
460;32;47
460;33;47
460;34;47
460;35;47
460;36;47
460;37;47
460;38;47
460;39;47
460;40;47
460;41;47
460;42;47
460;43;47
460;44;47
460;45;47
460;46;47
460;47;47
460;48;47
460;49;47
460;50;47
460;51;47
460;52;47
460;53;47
460;54;47
460;55;47
460;56;47
460;57;47
460;58;47
460;59;47
460;60;47
460;61;47
460;62;47
460;63;39
460;64;39
460;65;39
460;66;39
460;67;39
460;68;39
460;69;39
460;70;39
460;71;39
460;72;39
460;73;39
460;74;39
460;75;39
460;76;39
460;77;39
460;78;39
460;79;39
460;80;39
460;81;39
460;82;39
460;83;39
460;84;39
460;85;39
460;86;39
460;87;39
460;88;39
460;89;39
460;90;39
460;91;39
460;92;39
460;93;39
460;94;39
460;95;39
460;96;39
460;97;39
460;98;39
460;99;39
460;100;39
460;101;39
460;102;39
460;103;39
460;104;39
460;105;39
460;106;39
460;107;38
460;108;38
460;109;38
460;110;38
460;111;38
460;112;38
460;113;38
460;114;38
460;115;38
460;116;38
460;117;38
460;118;38
460;119;38
460;120;38
460;121;38
460;122;38
460;123;38
460;124;38
460;125;38
460;126;38
460;127;38
460;128;38
460;129;38
460;130;38
460;131;38
460;132;38
460;133;38
460;134;38
460;135;38
460;136;38
460;137;38
460;138;38
460;139;38
460;140;38
460;141;38
460;142;38
460;143;38
460;144;38
460;145;38
460;146;17
460;147;17
460;148;17
460;149;17
460;150;17
460;151;17
460;152;17
460;153;17
460;154;17
460;155;17
460;156;17
460;157;17
460;158;17
460;159;17
460;160;17
460;161;17
460;162;17
460;163;17
460;164;17
460;165;17
460;166;17
460;167;17
460;168;17
460;169;17
460;170;17
460;171;42
460;172;42
460;173;42
460;174;42
460;175;42
460;176;42
460;177;42
460;178;42
460;179;42
460;180;42
460;181;42
460;182;42
460;183;42
460;184;42
460;185;42
460;186;42
460;187;42
460;188;44
460;189;44
460;190;44
460;191;44
460;192;44
460;193;44
460;194;44
460;195;44
460;196;44
460;197;44
460;198;44
460;199;44
460;200;44
460;201;44
460;202;44
460;203;44
460;204;44
460;205;44
460;206;44
460;207;44
460;208;44
460;209;44
460;210;44
460;211;44
460;212;44
460;213;44
460;214;44
460;215;44
460;216;44
460;217;44
460;218;44
460;219;44
460;220;44
460;221;44
460;222;44
460;223;44
460;224;44
460;225;44
460;226;19
460;227;19
460;228;19
460;229;19
460;230;19
460;231;19
460;232;19
460;233;19
460;234;19
460;235;19
460;236;19
460;237;19
460;238;19
460;239;19
460;240;19
460;241;19
460;242;19
460;243;19
460;244;19
460;245;19
460;246;19
460;247;19
460;248;19
460;249;19
460;250;19
460;251;19
460;252;19
460;253;19
460;254;19
460;255;19
460;256;19
460;257;19
460;258;19
460;259;19
460;260;19
460;261;19
460;262;19
460;263;19
460;264;19
460;265;19
460;266;19
460;267;19
460;268;19
460;269;19
460;270;19
460;271;19
460;272;19
460;273;50
460;274;50
460;275;50
460;276;50
460;277;50
460;278;50
460;279;50
460;280;50
460;281;50
460;282;50
460;283;50
460;284;50
460;285;50
460;286;50
460;287;50
460;288;50
460;289;50
460;290;50
460;291;50
460;292;50
460;293;50
460;294;4
460;295;4
460;296;4
460;297;4
460;298;4
460;299;4
460;300;4
460;301;4
460;302;4
460;303;4
460;304;4
460;305;4
460;306;4
460;307;4
460;308;4
460;309;4
460;310;4
460;311;4
460;312;4
460;313;4
460;314;4
460;315;4
460;316;4
460;317;4
460;318;4
460;319;4
460;320;4
460;321;46
460;322;46
460;323;46
460;324;46
460;325;46
460;326;46
460;327;46
460;328;46
460;329;46
460;330;46
460;331;46
460;332;46
460;333;46
460;334;46
460;335;46
460;336;46
460;337;46
460;338;46
460;339;46
460;340;46
460;341;46
460;342;46
460;343;46
460;344;46
460;345;46
460;346;46
460;347;46
460;348;46
460;349;46
460;350;46
460;351;46
460;352;46
460;353;46
460;354;46
460;355;46
460;356;46
460;357;46
460;358;16
460;359;16
460;360;16
460;361;16
460;362;16
460;363;30
460;364;30
460;365;30
460;366;30
460;367;30
460;368;30
460;369;30
460;370;30
460;371;30
460;372;30
460;373;30
460;374;30
460;375;30
460;376;30
460;377;30
460;378;30
460;379;30
460;380;30
460;381;30
460;382;30
460;383;30
460;384;30
460;385;30
460;386;30
460;387;30
460;388;30
460;389;30
460;390;30
460;391;30
460;392;30
460;393;30
460;394;43
460;395;43
460;396;43
460;397;43
460;398;43
460;399;43
460;400;43
460;401;43
460;402;43
460;403;43
460;404;43
460;405;43
460;406;9
460;407;9
460;408;9
460;409;9
460;410;9
460;411;9
460;412;9
460;413;9
460;414;22
460;415;22
460;416;22
460;417;22
460;418;22
460;419;22
460;420;22
460;421;22
460;422;22
460;423;22
460;424;22
460;425;22
460;426;9
460;427;9
460;428;9
460;429;9
460;430;9
460;431;9
460;432;9
460;433;9
460;434;9
460;435;9
460;436;9
460;437;9
460;438;9
460;439;9
460;440;9
460;441;9
460;442;9
460;443;9
460;444;9
460;445;9
460;446;9
460;447;9
460;448;9
460;449;9
460;450;9
460;451;9
460;452;9
460;453;9
460;454;9
460;455;9
460;456;9
460;457;9
460;458;9
460;459;9
460;460;9
460;461;9
460;462;9
460;463;9
460;464;7
460;465;7
460;466;7
460;467;7
460;468;7
460;469;7
460;470;7
460;471;7
460;472;7
460;473;7
460;474;7
460;475;7
460;476;7
460;477;7
460;478;7
460;479;7
460;480;7
460;481;7
460;482;7
460;483;7
460;484;7
460;485;7
460;486;7
460;487;7
460;488;7
460;489;7
460;490;7
460;491;7
460;492;7
460;493;7
460;494;7
460;495;7
460;496;7
460;497;7
460;498;7
460;499;7
461;0;12
461;1;12
461;2;12
461;3;12
461;4;12
461;5;12
461;6;12
461;7;15
461;8;15
461;9;15
461;10;15
461;11;15
461;12;15
461;13;15
461;14;15
461;15;15
461;16;15
461;17;15
461;18;15
461;19;15
461;20;15
461;21;15
461;22;15
461;23;15
461;24;15
461;25;15
461;26;15
461;27;15
461;28;15
461;29;15
461;30;15
461;31;15
461;32;15
461;33;47
461;34;47
461;35;47
461;36;47
461;37;47
461;38;47
461;39;47
461;40;47
461;41;47
461;42;47
461;43;47
461;44;47
461;45;47
461;46;47
461;47;47
461;48;47
461;49;47
461;50;47
461;51;47
461;52;47
461;53;47
461;54;47
461;55;47
461;56;47
461;57;47
461;58;47
461;59;47
461;60;47
461;61;47
461;62;47
461;63;39
461;64;39
461;65;39
461;66;39
461;67;39
461;68;39
461;69;39
461;70;39
461;71;39
461;72;39
461;73;39
461;74;39
461;75;39
461;76;39
461;77;39
461;78;39
461;79;39
461;80;39
461;81;39
461;82;39
461;83;39
461;84;39
461;85;39
461;86;39
461;87;39
461;88;39
461;89;39
461;90;39
461;91;39
461;92;39
461;93;39
461;94;39
461;95;39
461;96;39
461;97;39
461;98;39
461;99;39
461;100;39
461;101;39
461;102;39
461;103;39
461;104;39
461;105;39
461;106;39
461;107;38
461;108;38
461;109;38
461;110;38
461;111;38
461;112;38
461;113;38
461;114;38
461;115;38
461;116;38
461;117;38
461;118;38
461;119;38
461;120;38
461;121;38
461;122;38
461;123;38
461;124;38
461;125;38
461;126;38
461;127;38
461;128;38
461;129;38
461;130;38
461;131;38
461;132;38
461;133;38
461;134;38
461;135;38
461;136;38
461;137;38
461;138;38
461;139;38
461;140;38
461;141;38
461;142;38
461;143;38
461;144;38
461;145;38
461;146;38
461;147;17
461;148;17
461;149;17
461;150;17
461;151;17
461;152;17
461;153;17
461;154;17
461;155;17
461;156;17
461;157;17
461;158;17
461;159;17
461;160;17
461;161;17
461;162;17
461;163;17
461;164;17
461;165;17
461;166;17
461;167;17
461;168;17
461;169;17
461;170;42
461;171;42
461;172;42
461;173;42
461;174;42
461;175;42
461;176;42
461;177;42
461;178;42
461;179;42
461;180;42
461;181;42
461;182;42
461;183;42
461;184;42
461;185;42
461;186;42
461;187;42
461;188;44
461;189;44
461;190;44
461;191;44
461;192;44
461;193;44
461;194;44
461;195;44
461;196;44
461;197;44
461;198;44
461;199;44
461;200;44
461;201;44
461;202;44
461;203;44
461;204;44
461;205;44
461;206;44
461;207;44
461;208;44
461;209;44
461;210;44
461;211;44
461;212;44
461;213;44
461;214;44
461;215;44
461;216;44
461;217;44
461;218;44
461;219;44
461;220;44
461;221;44
461;222;44
461;223;44
461;224;44
461;225;44
461;226;19
461;227;19
461;228;19
461;229;19
461;230;19
461;231;19
461;232;19
461;233;19
461;234;19
461;235;19
461;236;19
461;237;19
461;238;19
461;239;19
461;240;19
461;241;19
461;242;19
461;243;19
461;244;19
461;245;19
461;246;19
461;247;19
461;248;19
461;249;19
461;250;19
461;251;19
461;252;19
461;253;19
461;254;19
461;255;19
461;256;19
461;257;19
461;258;19
461;259;19
461;260;19
461;261;19
461;262;19
461;263;19
461;264;19
461;265;19
461;266;19
461;267;19
461;268;19
461;269;19
461;270;19
461;271;19
461;272;19
461;273;19
461;274;50
461;275;50
461;276;50
461;277;50
461;278;50
461;279;50
461;280;50
461;281;50
461;282;50
461;283;50
461;284;50
461;285;50
461;286;50
461;287;50
461;288;50
461;289;50
461;290;50
461;291;50
461;292;50
461;293;4
461;294;4
461;295;4
461;296;4
461;297;4
461;298;4
461;299;4
461;300;4
461;301;4
461;302;4
461;303;4
461;304;4
461;305;4
461;306;4
461;307;4
461;308;4
461;309;4
461;310;4
461;311;4
461;312;4
461;313;4
461;314;4
461;315;4
461;316;4
461;317;4
461;318;4
461;319;4
461;320;4
461;321;4
461;322;46
461;323;46
461;324;46
461;325;46
461;326;46
461;327;46
461;328;46
461;329;46
461;330;46
461;331;46
461;332;46
461;333;46
461;334;46
461;335;46
461;336;46
461;337;46
461;338;46
461;339;46
461;340;46
461;341;46
461;342;46
461;343;46
461;344;46
461;345;46
461;346;46
461;347;46
461;348;46
461;349;46
461;350;46
461;351;46
461;352;46
461;353;46
461;354;46
461;355;46
461;356;46
461;357;46
461;358;46
461;359;16
461;360;16
461;361;16
461;362;16
461;363;16
461;364;30
461;365;30
461;366;30
461;367;30
461;368;30
461;369;30
461;370;30
461;371;30
461;372;30
461;373;30
461;374;30
461;375;30
461;376;30
461;377;30
461;378;30
461;379;30
461;380;30
461;381;30
461;382;30
461;383;30
461;384;30
461;385;30
461;386;30
461;387;30
461;388;30
461;389;30
461;390;30
461;391;30
461;392;30
461;393;30
461;394;43
461;395;43
461;396;43
461;397;43
461;398;43
461;399;43
461;400;43
461;401;43
461;402;43
461;403;43
461;404;43
461;405;43
461;406;43
461;407;9
461;408;9
461;409;9
461;410;9
461;411;9
461;412;9
461;413;9
461;414;9
461;415;22
461;416;22
461;417;22
461;418;22
461;419;22
461;420;22
461;421;22
461;422;22
461;423;22
461;424;22
461;425;22
461;426;22
461;427;9
461;428;9
461;429;9
461;430;9
461;431;9
461;432;9
461;433;9
461;434;9
461;435;9
461;436;9
461;437;9
461;438;9
461;439;9
461;440;9
461;441;9
461;442;9
461;443;9
461;444;9
461;445;9
461;446;9
461;447;9
461;448;9
461;449;9
461;450;9
461;451;9
461;452;9
461;453;9
461;454;9
461;455;9
461;456;9
461;457;9
461;458;9
461;459;9
461;460;9
461;461;9
461;462;9
461;463;9
461;464;7
461;465;7
461;466;7
461;467;7
461;468;7
461;469;7
461;470;7
461;471;7
461;472;7
461;473;7
461;474;7
461;475;7
461;476;7
461;477;7
461;478;7
461;479;7
461;480;7
461;481;7
461;482;7
461;483;7
461;484;7
461;485;7
461;486;7
461;487;7
461;488;7
461;489;7
461;490;7
461;491;7
461;492;7
461;493;7
461;494;7
461;495;7
461;496;7
461;497;7
461;498;7
461;499;7
462;0;12
462;1;12
462;2;12
462;3;12
462;4;12
462;5;12
462;6;15
462;7;15
462;8;15
462;9;15
462;10;15
462;11;15
462;12;15
462;13;15
462;14;15
462;15;15
462;16;15
462;17;15
462;18;15
462;19;15
462;20;15
462;21;15
462;22;15
462;23;15
462;24;15
462;25;15
462;26;15
462;27;15
462;28;15
462;29;15
462;30;15
462;31;15
462;32;15
462;33;15
462;34;47
462;35;47
462;36;47
462;37;47
462;38;47
462;39;47
462;40;47
462;41;47
462;42;47
462;43;47
462;44;47
462;45;47
462;46;47
462;47;47
462;48;47
462;49;47
462;50;47
462;51;47
462;52;47
462;53;47
462;54;47
462;55;47
462;56;47
462;57;47
462;58;47
462;59;47
462;60;47
462;61;47
462;62;47
462;63;39
462;64;39
462;65;39
462;66;39
462;67;39
462;68;39
462;69;39
462;70;39
462;71;39
462;72;39
462;73;39
462;74;39
462;75;39
462;76;39
462;77;39
462;78;39
462;79;39
462;80;39
462;81;39
462;82;39
462;83;39
462;84;39
462;85;39
462;86;39
462;87;39
462;88;39
462;89;39
462;90;39
462;91;39
462;92;39
462;93;39
462;94;39
462;95;39
462;96;39
462;97;39
462;98;39
462;99;39
462;100;39
462;101;39
462;102;39
462;103;39
462;104;39
462;105;39
462;106;39
462;107;39
462;108;38
462;109;38
462;110;38
462;111;38
462;112;38
462;113;38
462;114;38
462;115;38
462;116;38
462;117;38
462;118;38
462;119;38
462;120;38
462;121;38
462;122;38
462;123;38
462;124;38
462;125;38
462;126;38
462;127;38
462;128;38
462;129;38
462;130;38
462;131;38
462;132;38
462;133;38
462;134;38
462;135;38
462;136;38
462;137;38
462;138;38
462;139;38
462;140;38
462;141;38
462;142;38
462;143;38
462;144;38
462;145;38
462;146;38
462;147;38
462;148;17
462;149;17
462;150;17
462;151;17
462;152;17
462;153;17
462;154;17
462;155;17
462;156;17
462;157;17
462;158;17
462;159;17
462;160;17
462;161;17
462;162;17
462;163;17
462;164;17
462;165;17
462;166;17
462;167;17
462;168;17
462;169;17
462;170;42
462;171;42
462;172;42
462;173;42
462;174;42
462;175;42
462;176;42
462;177;42
462;178;42
462;179;42
462;180;42
462;181;42
462;182;42
462;183;42
462;184;42
462;185;42
462;186;42
462;187;42
462;188;42
462;189;44
462;190;44
462;191;44
462;192;44
462;193;44
462;194;44
462;195;44
462;196;44
462;197;44
462;198;44
462;199;44
462;200;44
462;201;44
462;202;44
462;203;44
462;204;44
462;205;44
462;206;44
462;207;44
462;208;44
462;209;44
462;210;44
462;211;44
462;212;44
462;213;44
462;214;44
462;215;44
462;216;44
462;217;44
462;218;44
462;219;44
462;220;44
462;221;44
462;222;44
462;223;44
462;224;44
462;225;44
462;226;44
462;227;19
462;228;19
462;229;19
462;230;19
462;231;19
462;232;19
462;233;19
462;234;19
462;235;19
462;236;19
462;237;19
462;238;19
462;239;19
462;240;19
462;241;19
462;242;19
462;243;19
462;244;19
462;245;19
462;246;19
462;247;19
462;248;19
462;249;19
462;250;19
462;251;19
462;252;19
462;253;19
462;254;19
462;255;19
462;256;19
462;257;19
462;258;19
462;259;19
462;260;19
462;261;19
462;262;19
462;263;19
462;264;19
462;265;19
462;266;19
462;267;19
462;268;19
462;269;19
462;270;19
462;271;19
462;272;19
462;273;19
462;274;19
462;275;50
462;276;50
462;277;50
462;278;50
462;279;50
462;280;50
462;281;50
462;282;50
462;283;50
462;284;50
462;285;50
462;286;50
462;287;50
462;288;50
462;289;50
462;290;50
462;291;50
462;292;4
462;293;4
462;294;4
462;295;4
462;296;4
462;297;4
462;298;4
462;299;4
462;300;4
462;301;4
462;302;4
462;303;4
462;304;4
462;305;4
462;306;4
462;307;4
462;308;4
462;309;4
462;310;4
462;311;4
462;312;4
462;313;4
462;314;4
462;315;4
462;316;4
462;317;4
462;318;4
462;319;4
462;320;4
462;321;4
462;322;46
462;323;46
462;324;46
462;325;46
462;326;46
462;327;46
462;328;46
462;329;46
462;330;46
462;331;46
462;332;46
462;333;46
462;334;46
462;335;46
462;336;46
462;337;46
462;338;46
462;339;46
462;340;46
462;341;46
462;342;46
462;343;46
462;344;46
462;345;46
462;346;46
462;347;46
462;348;46
462;349;46
462;350;46
462;351;46
462;352;46
462;353;46
462;354;46
462;355;46
462;356;46
462;357;46
462;358;46
462;359;46
462;360;46
462;361;16
462;362;16
462;363;16
462;364;30
462;365;30
462;366;30
462;367;30
462;368;30
462;369;30
462;370;30
462;371;30
462;372;30
462;373;30
462;374;30
462;375;30
462;376;30
462;377;30
462;378;30
462;379;30
462;380;30
462;381;30
462;382;30
462;383;30
462;384;30
462;385;30
462;386;30
462;387;30
462;388;30
462;389;30
462;390;30
462;391;30
462;392;30
462;393;30
462;394;43
462;395;43
462;396;43
462;397;43
462;398;43
462;399;43
462;400;43
462;401;43
462;402;43
462;403;43
462;404;43
462;405;43
462;406;43
462;407;43
462;408;9
462;409;9
462;410;9
462;411;9
462;412;9
462;413;9
462;414;9
462;415;9
462;416;22
462;417;22
462;418;22
462;419;22
462;420;22
462;421;22
462;422;22
462;423;22
462;424;22
462;425;22
462;426;22
462;427;9
462;428;9
462;429;9
462;430;9
462;431;9
462;432;9
462;433;9
462;434;9
462;435;9
462;436;9
462;437;9
462;438;9
462;439;9
462;440;9
462;441;9
462;442;9
462;443;9
462;444;9
462;445;9
462;446;9
462;447;9
462;448;9
462;449;9
462;450;9
462;451;9
462;452;9
462;453;9
462;454;9
462;455;9
462;456;9
462;457;9
462;458;9
462;459;9
462;460;9
462;461;9
462;462;9
462;463;9
462;464;7
462;465;7
462;466;7
462;467;7
462;468;7
462;469;7
462;470;7
462;471;7
462;472;7
462;473;7
462;474;7
462;475;7
462;476;7
462;477;7
462;478;7
462;479;7
462;480;7
462;481;7
462;482;7
462;483;7
462;484;7
462;485;7
462;486;7
462;487;7
462;488;7
462;489;7
462;490;7
462;491;7
462;492;7
462;493;7
462;494;7
462;495;7
462;496;7
462;497;7
462;498;7
462;499;7
463;0;12
463;1;12
463;2;12
463;3;12
463;4;12
463;5;15
463;6;15
463;7;15
463;8;15
463;9;15
463;10;15
463;11;15
463;12;15
463;13;15
463;14;15
463;15;15
463;16;15
463;17;15
463;18;15
463;19;15
463;20;15
463;21;15
463;22;15
463;23;15
463;24;15
463;25;15
463;26;15
463;27;15
463;28;15
463;29;15
463;30;15
463;31;15
463;32;15
463;33;15
463;34;15
463;35;47
463;36;47
463;37;47
463;38;47
463;39;47
463;40;47
463;41;47
463;42;47
463;43;47
463;44;47
463;45;47
463;46;47
463;47;47
463;48;47
463;49;47
463;50;47
463;51;47
463;52;47
463;53;47
463;54;47
463;55;47
463;56;47
463;57;47
463;58;47
463;59;47
463;60;47
463;61;47
463;62;47
463;63;39
463;64;39
463;65;39
463;66;39
463;67;39
463;68;39
463;69;39
463;70;39
463;71;39
463;72;39
463;73;39
463;74;39
463;75;39
463;76;39
463;77;39
463;78;39
463;79;39
463;80;39
463;81;39
463;82;39
463;83;39
463;84;39
463;85;39
463;86;39
463;87;39
463;88;39
463;89;39
463;90;39
463;91;39
463;92;39
463;93;39
463;94;39
463;95;39
463;96;39
463;97;39
463;98;39
463;99;39
463;100;39
463;101;39
463;102;39
463;103;39
463;104;39
463;105;39
463;106;39
463;107;39
463;108;38
463;109;38
463;110;38
463;111;38
463;112;38
463;113;38
463;114;38
463;115;38
463;116;38
463;117;38
463;118;38
463;119;38
463;120;38
463;121;38
463;122;38
463;123;38
463;124;38
463;125;38
463;126;38
463;127;38
463;128;38
463;129;38
463;130;38
463;131;38
463;132;38
463;133;38
463;134;38
463;135;38
463;136;38
463;137;38
463;138;38
463;139;38
463;140;38
463;141;38
463;142;38
463;143;38
463;144;38
463;145;38
463;146;38
463;147;38
463;148;38
463;149;17
463;150;17
463;151;17
463;152;17
463;153;17
463;154;17
463;155;17
463;156;17
463;157;17
463;158;17
463;159;17
463;160;17
463;161;17
463;162;17
463;163;17
463;164;17
463;165;17
463;166;17
463;167;17
463;168;17
463;169;17
463;170;42
463;171;42
463;172;42
463;173;42
463;174;42
463;175;42
463;176;42
463;177;42
463;178;42
463;179;42
463;180;42
463;181;42
463;182;42
463;183;42
463;184;42
463;185;42
463;186;42
463;187;42
463;188;42
463;189;44
463;190;44
463;191;44
463;192;44
463;193;44
463;194;44
463;195;44
463;196;44
463;197;44
463;198;44
463;199;44
463;200;44
463;201;44
463;202;44
463;203;44
463;204;44
463;205;44
463;206;44
463;207;44
463;208;44
463;209;44
463;210;44
463;211;44
463;212;44
463;213;44
463;214;44
463;215;44
463;216;44
463;217;44
463;218;44
463;219;44
463;220;44
463;221;44
463;222;44
463;223;44
463;224;44
463;225;44
463;226;44
463;227;19
463;228;19
463;229;19
463;230;19
463;231;19
463;232;19
463;233;19
463;234;19
463;235;19
463;236;19
463;237;19
463;238;19
463;239;19
463;240;19
463;241;19
463;242;19
463;243;19
463;244;19
463;245;19
463;246;19
463;247;19
463;248;19
463;249;19
463;250;19
463;251;19
463;252;19
463;253;19
463;254;19
463;255;19
463;256;19
463;257;19
463;258;19
463;259;19
463;260;19
463;261;19
463;262;19
463;263;19
463;264;19
463;265;19
463;266;19
463;267;19
463;268;19
463;269;19
463;270;19
463;271;19
463;272;19
463;273;19
463;274;19
463;275;19
463;276;50
463;277;50
463;278;50
463;279;50
463;280;50
463;281;50
463;282;50
463;283;50
463;284;50
463;285;50
463;286;50
463;287;50
463;288;50
463;289;50
463;290;50
463;291;4
463;292;4
463;293;4
463;294;4
463;295;4
463;296;4
463;297;4
463;298;4
463;299;4
463;300;4
463;301;4
463;302;4
463;303;4
463;304;4
463;305;4
463;306;4
463;307;4
463;308;4
463;309;4
463;310;4
463;311;4
463;312;4
463;313;4
463;314;4
463;315;4
463;316;4
463;317;4
463;318;4
463;319;4
463;320;4
463;321;4
463;322;4
463;323;46
463;324;46
463;325;46
463;326;46
463;327;46
463;328;46
463;329;46
463;330;46
463;331;46
463;332;46
463;333;46
463;334;46
463;335;46
463;336;46
463;337;46
463;338;46
463;339;46
463;340;46
463;341;46
463;342;46
463;343;46
463;344;46
463;345;46
463;346;46
463;347;46
463;348;46
463;349;46
463;350;46
463;351;46
463;352;46
463;353;46
463;354;46
463;355;46
463;356;46
463;357;46
463;358;46
463;359;46
463;360;46
463;361;46
463;362;46
463;363;16
463;364;16
463;365;30
463;366;30
463;367;30
463;368;30
463;369;30
463;370;30
463;371;30
463;372;30
463;373;30
463;374;30
463;375;30
463;376;30
463;377;30
463;378;30
463;379;30
463;380;30
463;381;30
463;382;30
463;383;30
463;384;30
463;385;30
463;386;30
463;387;30
463;388;30
463;389;30
463;390;30
463;391;30
463;392;30
463;393;30
463;394;43
463;395;43
463;396;43
463;397;43
463;398;43
463;399;43
463;400;43
463;401;43
463;402;43
463;403;43
463;404;43
463;405;43
463;406;43
463;407;43
463;408;43
463;409;9
463;410;9
463;411;9
463;412;9
463;413;9
463;414;9
463;415;9
463;416;9
463;417;22
463;418;22
463;419;22
463;420;22
463;421;22
463;422;22
463;423;22
463;424;22
463;425;22
463;426;22
463;427;22
463;428;9
463;429;9
463;430;9
463;431;9
463;432;9
463;433;9
463;434;9
463;435;9
463;436;9
463;437;9
463;438;9
463;439;9
463;440;9
463;441;9
463;442;9
463;443;9
463;444;9
463;445;9
463;446;9
463;447;9
463;448;9
463;449;9
463;450;9
463;451;9
463;452;9
463;453;9
463;454;9
463;455;9
463;456;9
463;457;9
463;458;9
463;459;9
463;460;9
463;461;9
463;462;9
463;463;9
463;464;7
463;465;7
463;466;7
463;467;7
463;468;7
463;469;7
463;470;7
463;471;7
463;472;7
463;473;7
463;474;7
463;475;7
463;476;7
463;477;7
463;478;7
463;479;7
463;480;7
463;481;7
463;482;7
463;483;7
463;484;7
463;485;7
463;486;7
463;487;7
463;488;7
463;489;7
463;490;7
463;491;7
463;492;7
463;493;7
463;494;7
463;495;7
463;496;7
463;497;7
463;498;7
463;499;7
464;0;12
464;1;12
464;2;12
464;3;12
464;4;15
464;5;15
464;6;15
464;7;15
464;8;15
464;9;15
464;10;15
464;11;15
464;12;15
464;13;15
464;14;15
464;15;15
464;16;15
464;17;15
464;18;15
464;19;15
464;20;15
464;21;15
464;22;15
464;23;15
464;24;15
464;25;15
464;26;15
464;27;15
464;28;15
464;29;15
464;30;15
464;31;15
464;32;15
464;33;15
464;34;15
464;35;15
464;36;47
464;37;47
464;38;47
464;39;47
464;40;47
464;41;47
464;42;47
464;43;47
464;44;47
464;45;47
464;46;47
464;47;47
464;48;47
464;49;47
464;50;47
464;51;47
464;52;47
464;53;47
464;54;47
464;55;47
464;56;47
464;57;47
464;58;47
464;59;47
464;60;47
464;61;47
464;62;47
464;63;39
464;64;39
464;65;39
464;66;39
464;67;39
464;68;39
464;69;39
464;70;39
464;71;39
464;72;39
464;73;39
464;74;39
464;75;39
464;76;39
464;77;39
464;78;39
464;79;39
464;80;39
464;81;39
464;82;39
464;83;39
464;84;39
464;85;39
464;86;39
464;87;39
464;88;39
464;89;39
464;90;39
464;91;39
464;92;39
464;93;39
464;94;39
464;95;39
464;96;39
464;97;39
464;98;39
464;99;39
464;100;39
464;101;39
464;102;39
464;103;39
464;104;39
464;105;39
464;106;39
464;107;39
464;108;39
464;109;38
464;110;38
464;111;38
464;112;38
464;113;38
464;114;38
464;115;38
464;116;38
464;117;38
464;118;38
464;119;38
464;120;38
464;121;38
464;122;38
464;123;38
464;124;38
464;125;38
464;126;38
464;127;38
464;128;38
464;129;38
464;130;38
464;131;38
464;132;38
464;133;38
464;134;38
464;135;38
464;136;38
464;137;38
464;138;38
464;139;38
464;140;38
464;141;38
464;142;38
464;143;38
464;144;38
464;145;38
464;146;38
464;147;38
464;148;38
464;149;38
464;150;17
464;151;17
464;152;17
464;153;17
464;154;17
464;155;17
464;156;17
464;157;17
464;158;17
464;159;17
464;160;17
464;161;17
464;162;17
464;163;17
464;164;17
464;165;17
464;166;17
464;167;17
464;168;17
464;169;17
464;170;42
464;171;42
464;172;42
464;173;42
464;174;42
464;175;42
464;176;42
464;177;42
464;178;42
464;179;42
464;180;42
464;181;42
464;182;42
464;183;42
464;184;42
464;185;42
464;186;42
464;187;42
464;188;42
464;189;42
464;190;44
464;191;44
464;192;44
464;193;44
464;194;44
464;195;44
464;196;44
464;197;44
464;198;44
464;199;44
464;200;44
464;201;44
464;202;44
464;203;44
464;204;44
464;205;44
464;206;44
464;207;44
464;208;44
464;209;44
464;210;44
464;211;44
464;212;44
464;213;44
464;214;44
464;215;44
464;216;44
464;217;44
464;218;44
464;219;44
464;220;44
464;221;44
464;222;44
464;223;44
464;224;44
464;225;44
464;226;44
464;227;44
464;228;19
464;229;19
464;230;19
464;231;19
464;232;19
464;233;19
464;234;19
464;235;19
464;236;19
464;237;19
464;238;19
464;239;19
464;240;19
464;241;19
464;242;19
464;243;19
464;244;19
464;245;19
464;246;19
464;247;19
464;248;19
464;249;19
464;250;19
464;251;19
464;252;19
464;253;19
464;254;19
464;255;19
464;256;19
464;257;19
464;258;19
464;259;19
464;260;19
464;261;19
464;262;19
464;263;19
464;264;19
464;265;19
464;266;19
464;267;19
464;268;19
464;269;19
464;270;19
464;271;19
464;272;19
464;273;19
464;274;19
464;275;19
464;276;19
464;277;50
464;278;50
464;279;50
464;280;50
464;281;50
464;282;50
464;283;50
464;284;50
464;285;50
464;286;50
464;287;50
464;288;50
464;289;50
464;290;4
464;291;4
464;292;4
464;293;4
464;294;4
464;295;4
464;296;4
464;297;4
464;298;4
464;299;4
464;300;4
464;301;4
464;302;4
464;303;4
464;304;4
464;305;4
464;306;4
464;307;4
464;308;4
464;309;4
464;310;4
464;311;4
464;312;4
464;313;4
464;314;4
464;315;4
464;316;4
464;317;4
464;318;4
464;319;4
464;320;4
464;321;4
464;322;4
464;323;46
464;324;46
464;325;46
464;326;46
464;327;46
464;328;46
464;329;46
464;330;46
464;331;46
464;332;46
464;333;46
464;334;46
464;335;46
464;336;46
464;337;46
464;338;46
464;339;46
464;340;46
464;341;46
464;342;46
464;343;46
464;344;46
464;345;46
464;346;46
464;347;46
464;348;46
464;349;46
464;350;46
464;351;46
464;352;46
464;353;46
464;354;46
464;355;46
464;356;46
464;357;46
464;358;46
464;359;46
464;360;46
464;361;46
464;362;46
464;363;46
464;364;46
464;365;30
464;366;30
464;367;30
464;368;30
464;369;30
464;370;30
464;371;30
464;372;30
464;373;30
464;374;30
464;375;30
464;376;30
464;377;30
464;378;30
464;379;30
464;380;30
464;381;30
464;382;30
464;383;30
464;384;30
464;385;30
464;386;30
464;387;30
464;388;30
464;389;30
464;390;30
464;391;30
464;392;30
464;393;30
464;394;43
464;395;43
464;396;43
464;397;43
464;398;43
464;399;43
464;400;43
464;401;43
464;402;43
464;403;43
464;404;43
464;405;43
464;406;43
464;407;43
464;408;43
464;409;43
464;410;43
464;411;9
464;412;9
464;413;9
464;414;9
464;415;9
464;416;9
464;417;22
464;418;22
464;419;22
464;420;22
464;421;22
464;422;22
464;423;22
464;424;22
464;425;22
464;426;22
464;427;22
464;428;9
464;429;9
464;430;9
464;431;9
464;432;9
464;433;9
464;434;9
464;435;9
464;436;9
464;437;9
464;438;9
464;439;9
464;440;9
464;441;9
464;442;9
464;443;9
464;444;9
464;445;9
464;446;9
464;447;9
464;448;9
464;449;9
464;450;9
464;451;9
464;452;9
464;453;9
464;454;9
464;455;9
464;456;9
464;457;9
464;458;9
464;459;9
464;460;9
464;461;9
464;462;9
464;463;9
464;464;7
464;465;7
464;466;7
464;467;7
464;468;7
464;469;7
464;470;7
464;471;7
464;472;7
464;473;7
464;474;7
464;475;7
464;476;7
464;477;7
464;478;7
464;479;7
464;480;7
464;481;7
464;482;7
464;483;7
464;484;7
464;485;7
464;486;7
464;487;7
464;488;7
464;489;7
464;490;7
464;491;7
464;492;7
464;493;7
464;494;7
464;495;7
464;496;7
464;497;7
464;498;7
464;499;7
465;0;12
465;1;12
465;2;12
465;3;15
465;4;15
465;5;15
465;6;15
465;7;15
465;8;15
465;9;15
465;10;15
465;11;15
465;12;15
465;13;15
465;14;15
465;15;15
465;16;15
465;17;15
465;18;15
465;19;15
465;20;15
465;21;15
465;22;15
465;23;15
465;24;15
465;25;15
465;26;15
465;27;15
465;28;15
465;29;15
465;30;15
465;31;15
465;32;15
465;33;15
465;34;15
465;35;15
465;36;15
465;37;47
465;38;47
465;39;47
465;40;47
465;41;47
465;42;47
465;43;47
465;44;47
465;45;47
465;46;47
465;47;47
465;48;47
465;49;47
465;50;47
465;51;47
465;52;47
465;53;47
465;54;47
465;55;47
465;56;47
465;57;47
465;58;47
465;59;47
465;60;47
465;61;47
465;62;47
465;63;39
465;64;39
465;65;39
465;66;39
465;67;39
465;68;39
465;69;39
465;70;39
465;71;39
465;72;39
465;73;39
465;74;39
465;75;39
465;76;39
465;77;39
465;78;39
465;79;39
465;80;39
465;81;39
465;82;39
465;83;39
465;84;39
465;85;39
465;86;39
465;87;39
465;88;39
465;89;39
465;90;39
465;91;39
465;92;39
465;93;39
465;94;39
465;95;39
465;96;39
465;97;39
465;98;39
465;99;39
465;100;39
465;101;39
465;102;39
465;103;39
465;104;39
465;105;39
465;106;39
465;107;39
465;108;39
465;109;38
465;110;38
465;111;38
465;112;38
465;113;38
465;114;38
465;115;38
465;116;38
465;117;38
465;118;38
465;119;38
465;120;38
465;121;38
465;122;38
465;123;38
465;124;38
465;125;38
465;126;38
465;127;38
465;128;38
465;129;38
465;130;38
465;131;38
465;132;38
465;133;38
465;134;38
465;135;38
465;136;38
465;137;38
465;138;38
465;139;38
465;140;38
465;141;38
465;142;38
465;143;38
465;144;38
465;145;38
465;146;38
465;147;38
465;148;38
465;149;38
465;150;38
465;151;17
465;152;17
465;153;17
465;154;17
465;155;17
465;156;17
465;157;17
465;158;17
465;159;17
465;160;17
465;161;17
465;162;17
465;163;17
465;164;17
465;165;17
465;166;17
465;167;17
465;168;17
465;169;17
465;170;42
465;171;42
465;172;42
465;173;42
465;174;42
465;175;42
465;176;42
465;177;42
465;178;42
465;179;42
465;180;42
465;181;42
465;182;42
465;183;42
465;184;42
465;185;42
465;186;42
465;187;42
465;188;42
465;189;42
465;190;44
465;191;44
465;192;44
465;193;44
465;194;44
465;195;44
465;196;44
465;197;44
465;198;44
465;199;44
465;200;44
465;201;44
465;202;44
465;203;44
465;204;44
465;205;44
465;206;44
465;207;44
465;208;44
465;209;44
465;210;44
465;211;44
465;212;44
465;213;44
465;214;44
465;215;44
465;216;44
465;217;44
465;218;44
465;219;44
465;220;44
465;221;44
465;222;44
465;223;44
465;224;44
465;225;44
465;226;44
465;227;44
465;228;19
465;229;19
465;230;19
465;231;19
465;232;19
465;233;19
465;234;19
465;235;19
465;236;19
465;237;19
465;238;19
465;239;19
465;240;19
465;241;19
465;242;19
465;243;19
465;244;19
465;245;19
465;246;19
465;247;19
465;248;19
465;249;19
465;250;19
465;251;19
465;252;19
465;253;19
465;254;19
465;255;19
465;256;19
465;257;19
465;258;19
465;259;19
465;260;19
465;261;19
465;262;19
465;263;19
465;264;19
465;265;19
465;266;19
465;267;19
465;268;19
465;269;19
465;270;19
465;271;19
465;272;19
465;273;19
465;274;19
465;275;19
465;276;19
465;277;19
465;278;50
465;279;50
465;280;50
465;281;50
465;282;50
465;283;50
465;284;50
465;285;50
465;286;50
465;287;50
465;288;50
465;289;4
465;290;4
465;291;4
465;292;4
465;293;4
465;294;4
465;295;4
465;296;4
465;297;4
465;298;4
465;299;4
465;300;4
465;301;4
465;302;4
465;303;4
465;304;4
465;305;4
465;306;4
465;307;4
465;308;4
465;309;4
465;310;4
465;311;4
465;312;4
465;313;4
465;314;4
465;315;4
465;316;4
465;317;4
465;318;4
465;319;4
465;320;4
465;321;4
465;322;4
465;323;4
465;324;46
465;325;46
465;326;46
465;327;46
465;328;46
465;329;46
465;330;46
465;331;46
465;332;46
465;333;46
465;334;46
465;335;46
465;336;46
465;337;46
465;338;46
465;339;46
465;340;46
465;341;46
465;342;46
465;343;46
465;344;46
465;345;46
465;346;46
465;347;46
465;348;46
465;349;46
465;350;46
465;351;46
465;352;46
465;353;46
465;354;46
465;355;46
465;356;46
465;357;46
465;358;46
465;359;46
465;360;46
465;361;46
465;362;46
465;363;46
465;364;46
465;365;46
465;366;30
465;367;30
465;368;30
465;369;30
465;370;30
465;371;30
465;372;30
465;373;30
465;374;30
465;375;30
465;376;30
465;377;30
465;378;30
465;379;30
465;380;30
465;381;30
465;382;30
465;383;30
465;384;30
465;385;30
465;386;30
465;387;30
465;388;30
465;389;30
465;390;30
465;391;30
465;392;30
465;393;30
465;394;43
465;395;43
465;396;43
465;397;43
465;398;43
465;399;43
465;400;43
465;401;43
465;402;43
465;403;43
465;404;43
465;405;43
465;406;43
465;407;43
465;408;43
465;409;43
465;410;43
465;411;43
465;412;9
465;413;9
465;414;9
465;415;9
465;416;9
465;417;9
465;418;22
465;419;22
465;420;22
465;421;22
465;422;22
465;423;22
465;424;22
465;425;22
465;426;22
465;427;22
465;428;22
465;429;9
465;430;9
465;431;9
465;432;9
465;433;9
465;434;9
465;435;9
465;436;9
465;437;9
465;438;9
465;439;9
465;440;9
465;441;9
465;442;9
465;443;9
465;444;9
465;445;9
465;446;9
465;447;9
465;448;9
465;449;9
465;450;9
465;451;9
465;452;9
465;453;9
465;454;9
465;455;9
465;456;9
465;457;9
465;458;9
465;459;9
465;460;9
465;461;9
465;462;9
465;463;9
465;464;7
465;465;7
465;466;7
465;467;7
465;468;7
465;469;7
465;470;7
465;471;7
465;472;7
465;473;7
465;474;7
465;475;7
465;476;7
465;477;7
465;478;7
465;479;7
465;480;7
465;481;7
465;482;7
465;483;7
465;484;7
465;485;7
465;486;7
465;487;7
465;488;7
465;489;7
465;490;7
465;491;7
465;492;7
465;493;7
465;494;7
465;495;7
465;496;7
465;497;7
465;498;7
465;499;7
466;0;12
466;1;12
466;2;15
466;3;15
466;4;15
466;5;15
466;6;15
466;7;15
466;8;15
466;9;15
466;10;15
466;11;15
466;12;15
466;13;15
466;14;15
466;15;15
466;16;15
466;17;15
466;18;15
466;19;15
466;20;15
466;21;15
466;22;15
466;23;15
466;24;15
466;25;15
466;26;15
466;27;15
466;28;15
466;29;15
466;30;15
466;31;15
466;32;15
466;33;15
466;34;15
466;35;15
466;36;15
466;37;15
466;38;47
466;39;47
466;40;47
466;41;47
466;42;47
466;43;47
466;44;47
466;45;47
466;46;47
466;47;47
466;48;47
466;49;47
466;50;47
466;51;47
466;52;47
466;53;47
466;54;47
466;55;47
466;56;47
466;57;47
466;58;47
466;59;47
466;60;47
466;61;47
466;62;47
466;63;39
466;64;39
466;65;39
466;66;39
466;67;39
466;68;39
466;69;39
466;70;39
466;71;39
466;72;39
466;73;39
466;74;39
466;75;39
466;76;39
466;77;39
466;78;39
466;79;39
466;80;39
466;81;39
466;82;39
466;83;39
466;84;39
466;85;39
466;86;39
466;87;39
466;88;39
466;89;39
466;90;39
466;91;39
466;92;39
466;93;39
466;94;39
466;95;39
466;96;39
466;97;39
466;98;39
466;99;39
466;100;39
466;101;39
466;102;39
466;103;39
466;104;39
466;105;39
466;106;39
466;107;39
466;108;39
466;109;39
466;110;38
466;111;38
466;112;38
466;113;38
466;114;38
466;115;38
466;116;38
466;117;38
466;118;38
466;119;38
466;120;38
466;121;38
466;122;38
466;123;38
466;124;38
466;125;38
466;126;38
466;127;38
466;128;38
466;129;38
466;130;38
466;131;38
466;132;38
466;133;38
466;134;38
466;135;38
466;136;38
466;137;38
466;138;38
466;139;38
466;140;38
466;141;38
466;142;38
466;143;38
466;144;38
466;145;38
466;146;38
466;147;38
466;148;38
466;149;38
466;150;38
466;151;17
466;152;17
466;153;17
466;154;17
466;155;17
466;156;17
466;157;17
466;158;17
466;159;17
466;160;17
466;161;17
466;162;17
466;163;17
466;164;17
466;165;17
466;166;17
466;167;17
466;168;17
466;169;17
466;170;42
466;171;42
466;172;42
466;173;42
466;174;42
466;175;42
466;176;42
466;177;42
466;178;42
466;179;42
466;180;42
466;181;42
466;182;42
466;183;42
466;184;42
466;185;42
466;186;42
466;187;42
466;188;42
466;189;42
466;190;42
466;191;44
466;192;44
466;193;44
466;194;44
466;195;44
466;196;44
466;197;44
466;198;44
466;199;44
466;200;44
466;201;44
466;202;44
466;203;44
466;204;44
466;205;44
466;206;44
466;207;44
466;208;44
466;209;44
466;210;44
466;211;44
466;212;44
466;213;44
466;214;44
466;215;44
466;216;44
466;217;44
466;218;44
466;219;44
466;220;44
466;221;44
466;222;44
466;223;44
466;224;44
466;225;44
466;226;44
466;227;44
466;228;44
466;229;19
466;230;19
466;231;19
466;232;19
466;233;19
466;234;19
466;235;19
466;236;19
466;237;19
466;238;19
466;239;19
466;240;19
466;241;19
466;242;19
466;243;19
466;244;19
466;245;19
466;246;19
466;247;19
466;248;19
466;249;19
466;250;19
466;251;19
466;252;19
466;253;19
466;254;19
466;255;19
466;256;19
466;257;19
466;258;19
466;259;19
466;260;19
466;261;19
466;262;19
466;263;19
466;264;19
466;265;19
466;266;19
466;267;19
466;268;19
466;269;19
466;270;19
466;271;19
466;272;19
466;273;19
466;274;19
466;275;19
466;276;19
466;277;19
466;278;19
466;279;19
466;280;50
466;281;50
466;282;50
466;283;50
466;284;50
466;285;50
466;286;50
466;287;50
466;288;4
466;289;4
466;290;4
466;291;4
466;292;4
466;293;4
466;294;4
466;295;4
466;296;4
466;297;4
466;298;4
466;299;4
466;300;4
466;301;4
466;302;4
466;303;4
466;304;4
466;305;4
466;306;4
466;307;4
466;308;4
466;309;4
466;310;4
466;311;4
466;312;4
466;313;4
466;314;4
466;315;4
466;316;4
466;317;4
466;318;4
466;319;4
466;320;4
466;321;4
466;322;4
466;323;4
466;324;46
466;325;46
466;326;46
466;327;46
466;328;46
466;329;46
466;330;46
466;331;46
466;332;46
466;333;46
466;334;46
466;335;46
466;336;46
466;337;46
466;338;46
466;339;46
466;340;46
466;341;46
466;342;46
466;343;46
466;344;46
466;345;46
466;346;46
466;347;46
466;348;46
466;349;46
466;350;46
466;351;46
466;352;46
466;353;46
466;354;46
466;355;46
466;356;46
466;357;46
466;358;46
466;359;46
466;360;46
466;361;46
466;362;46
466;363;46
466;364;46
466;365;46
466;366;46
466;367;30
466;368;30
466;369;30
466;370;30
466;371;30
466;372;30
466;373;30
466;374;30
466;375;30
466;376;30
466;377;30
466;378;30
466;379;30
466;380;30
466;381;30
466;382;30
466;383;30
466;384;30
466;385;30
466;386;30
466;387;30
466;388;30
466;389;30
466;390;30
466;391;30
466;392;30
466;393;30
466;394;43
466;395;43
466;396;43
466;397;43
466;398;43
466;399;43
466;400;43
466;401;43
466;402;43
466;403;43
466;404;43
466;405;43
466;406;43
466;407;43
466;408;43
466;409;43
466;410;43
466;411;43
466;412;43
466;413;9
466;414;9
466;415;9
466;416;9
466;417;9
466;418;9
466;419;22
466;420;22
466;421;22
466;422;22
466;423;22
466;424;22
466;425;22
466;426;22
466;427;22
466;428;22
466;429;9
466;430;9
466;431;9
466;432;9
466;433;9
466;434;9
466;435;9
466;436;9
466;437;9
466;438;9
466;439;9
466;440;9
466;441;9
466;442;9
466;443;9
466;444;9
466;445;9
466;446;9
466;447;9
466;448;9
466;449;9
466;450;9
466;451;9
466;452;9
466;453;9
466;454;9
466;455;9
466;456;9
466;457;9
466;458;9
466;459;9
466;460;9
466;461;9
466;462;9
466;463;9
466;464;7
466;465;7
466;466;7
466;467;7
466;468;7
466;469;7
466;470;7
466;471;7
466;472;7
466;473;7
466;474;7
466;475;7
466;476;7
466;477;7
466;478;7
466;479;7
466;480;7
466;481;7
466;482;7
466;483;7
466;484;7
466;485;7
466;486;7
466;487;7
466;488;7
466;489;7
466;490;7
466;491;7
466;492;7
466;493;7
466;494;7
466;495;7
466;496;7
466;497;7
466;498;7
466;499;7
467;0;46
467;1;46
467;2;15
467;3;15
467;4;15
467;5;15
467;6;15
467;7;15
467;8;15
467;9;15
467;10;15
467;11;15
467;12;15
467;13;15
467;14;15
467;15;15
467;16;15
467;17;15
467;18;15
467;19;15
467;20;15
467;21;15
467;22;15
467;23;15
467;24;15
467;25;15
467;26;15
467;27;15
467;28;15
467;29;15
467;30;15
467;31;15
467;32;15
467;33;15
467;34;15
467;35;15
467;36;15
467;37;15
467;38;15
467;39;47
467;40;47
467;41;47
467;42;47
467;43;47
467;44;47
467;45;47
467;46;47
467;47;47
467;48;47
467;49;47
467;50;47
467;51;47
467;52;47
467;53;47
467;54;47
467;55;47
467;56;47
467;57;47
467;58;47
467;59;47
467;60;47
467;61;47
467;62;47
467;63;47
467;64;39
467;65;39
467;66;39
467;67;39
467;68;39
467;69;39
467;70;39
467;71;39
467;72;39
467;73;39
467;74;39
467;75;39
467;76;39
467;77;39
467;78;39
467;79;39
467;80;39
467;81;39
467;82;39
467;83;39
467;84;39
467;85;39
467;86;39
467;87;39
467;88;39
467;89;39
467;90;39
467;91;39
467;92;39
467;93;39
467;94;39
467;95;39
467;96;39
467;97;39
467;98;39
467;99;39
467;100;39
467;101;39
467;102;39
467;103;39
467;104;39
467;105;39
467;106;39
467;107;39
467;108;39
467;109;39
467;110;39
467;111;38
467;112;38
467;113;38
467;114;38
467;115;38
467;116;38
467;117;38
467;118;38
467;119;38
467;120;38
467;121;38
467;122;38
467;123;38
467;124;38
467;125;38
467;126;38
467;127;38
467;128;38
467;129;38
467;130;38
467;131;38
467;132;38
467;133;38
467;134;38
467;135;38
467;136;38
467;137;38
467;138;38
467;139;38
467;140;38
467;141;38
467;142;38
467;143;38
467;144;38
467;145;38
467;146;38
467;147;38
467;148;38
467;149;38
467;150;38
467;151;38
467;152;17
467;153;17
467;154;17
467;155;17
467;156;17
467;157;17
467;158;17
467;159;17
467;160;17
467;161;17
467;162;17
467;163;17
467;164;17
467;165;17
467;166;17
467;167;17
467;168;17
467;169;17
467;170;42
467;171;42
467;172;42
467;173;42
467;174;42
467;175;42
467;176;42
467;177;42
467;178;42
467;179;42
467;180;42
467;181;42
467;182;42
467;183;42
467;184;42
467;185;42
467;186;42
467;187;42
467;188;42
467;189;42
467;190;42
467;191;44
467;192;44
467;193;44
467;194;44
467;195;44
467;196;44
467;197;44
467;198;44
467;199;44
467;200;44
467;201;44
467;202;44
467;203;44
467;204;44
467;205;44
467;206;44
467;207;44
467;208;44
467;209;44
467;210;44
467;211;44
467;212;44
467;213;44
467;214;44
467;215;44
467;216;44
467;217;44
467;218;44
467;219;44
467;220;44
467;221;44
467;222;44
467;223;44
467;224;44
467;225;44
467;226;44
467;227;44
467;228;44
467;229;33
467;230;33
467;231;19
467;232;19
467;233;19
467;234;19
467;235;19
467;236;19
467;237;19
467;238;19
467;239;19
467;240;19
467;241;19
467;242;19
467;243;19
467;244;19
467;245;19
467;246;19
467;247;19
467;248;19
467;249;19
467;250;19
467;251;19
467;252;19
467;253;19
467;254;19
467;255;19
467;256;19
467;257;19
467;258;19
467;259;19
467;260;19
467;261;19
467;262;19
467;263;19
467;264;19
467;265;19
467;266;19
467;267;19
467;268;19
467;269;19
467;270;19
467;271;19
467;272;19
467;273;19
467;274;19
467;275;19
467;276;19
467;277;19
467;278;19
467;279;19
467;280;19
467;281;50
467;282;50
467;283;50
467;284;50
467;285;50
467;286;50
467;287;4
467;288;4
467;289;4
467;290;4
467;291;4
467;292;4
467;293;4
467;294;4
467;295;4
467;296;4
467;297;4
467;298;4
467;299;4
467;300;4
467;301;4
467;302;4
467;303;4
467;304;4
467;305;4
467;306;4
467;307;4
467;308;4
467;309;4
467;310;4
467;311;4
467;312;4
467;313;4
467;314;4
467;315;4
467;316;4
467;317;4
467;318;4
467;319;4
467;320;4
467;321;4
467;322;4
467;323;4
467;324;4
467;325;46
467;326;46
467;327;46
467;328;46
467;329;46
467;330;46
467;331;46
467;332;46
467;333;46
467;334;46
467;335;46
467;336;46
467;337;46
467;338;46
467;339;46
467;340;46
467;341;46
467;342;46
467;343;46
467;344;46
467;345;46
467;346;46
467;347;46
467;348;46
467;349;46
467;350;46
467;351;46
467;352;46
467;353;46
467;354;46
467;355;46
467;356;46
467;357;46
467;358;46
467;359;46
467;360;46
467;361;46
467;362;46
467;363;46
467;364;46
467;365;46
467;366;46
467;367;46
467;368;30
467;369;30
467;370;30
467;371;30
467;372;30
467;373;30
467;374;30
467;375;30
467;376;30
467;377;30
467;378;30
467;379;30
467;380;30
467;381;30
467;382;30
467;383;30
467;384;30
467;385;30
467;386;30
467;387;30
467;388;30
467;389;30
467;390;30
467;391;30
467;392;30
467;393;43
467;394;43
467;395;43
467;396;43
467;397;43
467;398;43
467;399;43
467;400;43
467;401;43
467;402;43
467;403;43
467;404;43
467;405;43
467;406;43
467;407;43
467;408;43
467;409;43
467;410;43
467;411;43
467;412;43
467;413;43
467;414;9
467;415;9
467;416;9
467;417;9
467;418;9
467;419;9
467;420;22
467;421;22
467;422;22
467;423;22
467;424;22
467;425;22
467;426;22
467;427;22
467;428;22
467;429;22
467;430;9
467;431;9
467;432;9
467;433;9
467;434;9
467;435;9
467;436;9
467;437;9
467;438;9
467;439;9
467;440;9
467;441;9
467;442;9
467;443;9
467;444;9
467;445;9
467;446;9
467;447;9
467;448;9
467;449;9
467;450;9
467;451;9
467;452;9
467;453;9
467;454;9
467;455;9
467;456;9
467;457;9
467;458;9
467;459;9
467;460;9
467;461;9
467;462;9
467;463;9
467;464;7
467;465;7
467;466;7
467;467;7
467;468;7
467;469;7
467;470;7
467;471;7
467;472;7
467;473;7
467;474;7
467;475;7
467;476;7
467;477;7
467;478;7
467;479;7
467;480;7
467;481;7
467;482;7
467;483;7
467;484;7
467;485;7
467;486;7
467;487;7
467;488;7
467;489;7
467;490;7
467;491;7
467;492;7
467;493;7
467;494;7
467;495;7
467;496;7
467;497;7
467;498;7
467;499;7
468;0;46
468;1;46
468;2;46
468;3;15
468;4;15
468;5;15
468;6;15
468;7;15
468;8;15
468;9;15
468;10;15
468;11;15
468;12;15
468;13;15
468;14;15
468;15;15
468;16;15
468;17;15
468;18;15
468;19;15
468;20;15
468;21;15
468;22;15
468;23;15
468;24;15
468;25;15
468;26;15
468;27;15
468;28;15
468;29;15
468;30;15
468;31;15
468;32;15
468;33;15
468;34;15
468;35;15
468;36;15
468;37;15
468;38;15
468;39;15
468;40;47
468;41;47
468;42;47
468;43;47
468;44;47
468;45;47
468;46;47
468;47;47
468;48;47
468;49;47
468;50;47
468;51;47
468;52;47
468;53;47
468;54;47
468;55;47
468;56;47
468;57;47
468;58;47
468;59;47
468;60;47
468;61;47
468;62;47
468;63;47
468;64;39
468;65;39
468;66;39
468;67;39
468;68;39
468;69;39
468;70;39
468;71;39
468;72;39
468;73;39
468;74;39
468;75;39
468;76;39
468;77;39
468;78;39
468;79;39
468;80;39
468;81;39
468;82;39
468;83;39
468;84;39
468;85;39
468;86;39
468;87;39
468;88;39
468;89;39
468;90;39
468;91;39
468;92;39
468;93;39
468;94;39
468;95;39
468;96;39
468;97;39
468;98;39
468;99;39
468;100;39
468;101;39
468;102;39
468;103;39
468;104;39
468;105;39
468;106;39
468;107;39
468;108;39
468;109;39
468;110;39
468;111;38
468;112;38
468;113;38
468;114;38
468;115;38
468;116;38
468;117;38
468;118;38
468;119;38
468;120;38
468;121;38
468;122;38
468;123;38
468;124;38
468;125;38
468;126;38
468;127;38
468;128;38
468;129;38
468;130;38
468;131;38
468;132;38
468;133;38
468;134;38
468;135;38
468;136;38
468;137;38
468;138;38
468;139;38
468;140;38
468;141;38
468;142;38
468;143;38
468;144;38
468;145;38
468;146;38
468;147;38
468;148;38
468;149;38
468;150;38
468;151;38
468;152;17
468;153;17
468;154;17
468;155;17
468;156;17
468;157;17
468;158;17
468;159;17
468;160;17
468;161;17
468;162;17
468;163;17
468;164;17
468;165;17
468;166;17
468;167;17
468;168;17
468;169;17
468;170;42
468;171;42
468;172;42
468;173;42
468;174;42
468;175;42
468;176;42
468;177;42
468;178;42
468;179;42
468;180;42
468;181;42
468;182;42
468;183;42
468;184;42
468;185;42
468;186;42
468;187;42
468;188;42
468;189;42
468;190;42
468;191;42
468;192;44
468;193;44
468;194;44
468;195;44
468;196;44
468;197;44
468;198;44
468;199;44
468;200;44
468;201;44
468;202;44
468;203;44
468;204;44
468;205;44
468;206;44
468;207;44
468;208;44
468;209;44
468;210;44
468;211;44
468;212;44
468;213;44
468;214;44
468;215;44
468;216;44
468;217;44
468;218;44
468;219;44
468;220;44
468;221;44
468;222;44
468;223;44
468;224;44
468;225;44
468;226;44
468;227;44
468;228;44
468;229;33
468;230;33
468;231;33
468;232;33
468;233;19
468;234;19
468;235;19
468;236;19
468;237;19
468;238;19
468;239;19
468;240;19
468;241;19
468;242;19
468;243;19
468;244;19
468;245;19
468;246;19
468;247;19
468;248;19
468;249;19
468;250;19
468;251;19
468;252;19
468;253;19
468;254;19
468;255;19
468;256;19
468;257;19
468;258;19
468;259;19
468;260;19
468;261;19
468;262;19
468;263;19
468;264;19
468;265;19
468;266;19
468;267;19
468;268;19
468;269;19
468;270;19
468;271;19
468;272;19
468;273;19
468;274;19
468;275;19
468;276;19
468;277;19
468;278;19
468;279;19
468;280;19
468;281;19
468;282;50
468;283;50
468;284;50
468;285;50
468;286;4
468;287;4
468;288;4
468;289;4
468;290;4
468;291;4
468;292;4
468;293;4
468;294;4
468;295;4
468;296;4
468;297;4
468;298;4
468;299;4
468;300;4
468;301;4
468;302;4
468;303;4
468;304;4
468;305;4
468;306;4
468;307;4
468;308;4
468;309;4
468;310;4
468;311;4
468;312;4
468;313;4
468;314;4
468;315;4
468;316;4
468;317;4
468;318;4
468;319;4
468;320;4
468;321;4
468;322;4
468;323;4
468;324;4
468;325;46
468;326;46
468;327;46
468;328;46
468;329;46
468;330;46
468;331;46
468;332;46
468;333;46
468;334;46
468;335;46
468;336;46
468;337;46
468;338;46
468;339;46
468;340;46
468;341;46
468;342;46
468;343;46
468;344;46
468;345;46
468;346;46
468;347;46
468;348;46
468;349;46
468;350;46
468;351;46
468;352;46
468;353;46
468;354;46
468;355;46
468;356;46
468;357;46
468;358;46
468;359;46
468;360;46
468;361;46
468;362;46
468;363;46
468;364;46
468;365;46
468;366;46
468;367;46
468;368;46
468;369;30
468;370;30
468;371;30
468;372;30
468;373;30
468;374;30
468;375;30
468;376;30
468;377;30
468;378;30
468;379;30
468;380;30
468;381;30
468;382;30
468;383;30
468;384;30
468;385;30
468;386;30
468;387;30
468;388;30
468;389;30
468;390;30
468;391;30
468;392;43
468;393;43
468;394;43
468;395;43
468;396;43
468;397;43
468;398;43
468;399;43
468;400;43
468;401;43
468;402;43
468;403;43
468;404;43
468;405;43
468;406;43
468;407;43
468;408;43
468;409;43
468;410;43
468;411;43
468;412;43
468;413;43
468;414;43
468;415;43
468;416;9
468;417;9
468;418;9
468;419;9
468;420;9
468;421;22
468;422;22
468;423;22
468;424;22
468;425;22
468;426;22
468;427;22
468;428;22
468;429;22
468;430;22
468;431;9
468;432;9
468;433;9
468;434;9
468;435;9
468;436;9
468;437;9
468;438;9
468;439;9
468;440;9
468;441;9
468;442;9
468;443;9
468;444;9
468;445;9
468;446;9
468;447;9
468;448;9
468;449;9
468;450;9
468;451;9
468;452;9
468;453;9
468;454;9
468;455;9
468;456;9
468;457;9
468;458;9
468;459;9
468;460;9
468;461;9
468;462;9
468;463;9
468;464;7
468;465;7
468;466;7
468;467;7
468;468;7
468;469;7
468;470;7
468;471;7
468;472;7
468;473;7
468;474;7
468;475;7
468;476;7
468;477;7
468;478;7
468;479;7
468;480;7
468;481;7
468;482;7
468;483;7
468;484;7
468;485;7
468;486;7
468;487;7
468;488;7
468;489;7
468;490;7
468;491;7
468;492;7
468;493;7
468;494;7
468;495;7
468;496;7
468;497;7
468;498;7
468;499;7
469;0;46
469;1;46
469;2;46
469;3;46
469;4;15
469;5;15
469;6;15
469;7;15
469;8;15
469;9;15
469;10;15
469;11;15
469;12;15
469;13;15
469;14;15
469;15;15
469;16;15
469;17;15
469;18;15
469;19;15
469;20;15
469;21;15
469;22;15
469;23;15
469;24;15
469;25;15
469;26;15
469;27;15
469;28;15
469;29;15
469;30;15
469;31;15
469;32;15
469;33;15
469;34;15
469;35;15
469;36;15
469;37;15
469;38;15
469;39;15
469;40;47
469;41;47
469;42;47
469;43;47
469;44;47
469;45;47
469;46;47
469;47;47
469;48;47
469;49;47
469;50;47
469;51;47
469;52;47
469;53;47
469;54;47
469;55;47
469;56;47
469;57;47
469;58;47
469;59;47
469;60;47
469;61;47
469;62;47
469;63;47
469;64;47
469;65;39
469;66;39
469;67;39
469;68;39
469;69;39
469;70;39
469;71;39
469;72;39
469;73;39
469;74;39
469;75;39
469;76;39
469;77;39
469;78;39
469;79;39
469;80;39
469;81;39
469;82;39
469;83;39
469;84;39
469;85;39
469;86;39
469;87;39
469;88;39
469;89;39
469;90;39
469;91;39
469;92;39
469;93;39
469;94;39
469;95;39
469;96;39
469;97;39
469;98;39
469;99;39
469;100;39
469;101;39
469;102;39
469;103;39
469;104;39
469;105;39
469;106;39
469;107;39
469;108;39
469;109;39
469;110;39
469;111;39
469;112;38
469;113;38
469;114;38
469;115;38
469;116;38
469;117;38
469;118;38
469;119;38
469;120;38
469;121;38
469;122;38
469;123;38
469;124;38
469;125;38
469;126;38
469;127;38
469;128;38
469;129;38
469;130;38
469;131;38
469;132;38
469;133;38
469;134;38
469;135;38
469;136;38
469;137;38
469;138;38
469;139;38
469;140;38
469;141;38
469;142;38
469;143;38
469;144;38
469;145;38
469;146;38
469;147;38
469;148;38
469;149;38
469;150;38
469;151;38
469;152;38
469;153;17
469;154;17
469;155;17
469;156;17
469;157;17
469;158;17
469;159;17
469;160;17
469;161;17
469;162;17
469;163;17
469;164;17
469;165;17
469;166;17
469;167;17
469;168;17
469;169;17
469;170;42
469;171;42
469;172;42
469;173;42
469;174;42
469;175;42
469;176;42
469;177;42
469;178;42
469;179;42
469;180;42
469;181;42
469;182;42
469;183;42
469;184;42
469;185;42
469;186;42
469;187;42
469;188;42
469;189;42
469;190;42
469;191;42
469;192;42
469;193;44
469;194;44
469;195;44
469;196;44
469;197;44
469;198;44
469;199;44
469;200;44
469;201;44
469;202;44
469;203;44
469;204;44
469;205;44
469;206;44
469;207;44
469;208;44
469;209;44
469;210;44
469;211;44
469;212;44
469;213;44
469;214;44
469;215;44
469;216;44
469;217;44
469;218;44
469;219;44
469;220;44
469;221;44
469;222;44
469;223;44
469;224;44
469;225;44
469;226;44
469;227;44
469;228;33
469;229;33
469;230;33
469;231;33
469;232;33
469;233;33
469;234;33
469;235;19
469;236;19
469;237;19
469;238;19
469;239;19
469;240;19
469;241;19
469;242;19
469;243;19
469;244;19
469;245;19
469;246;19
469;247;19
469;248;19
469;249;19
469;250;19
469;251;19
469;252;19
469;253;19
469;254;19
469;255;19
469;256;19
469;257;19
469;258;19
469;259;19
469;260;19
469;261;19
469;262;19
469;263;19
469;264;19
469;265;19
469;266;19
469;267;19
469;268;19
469;269;19
469;270;19
469;271;19
469;272;19
469;273;19
469;274;19
469;275;19
469;276;19
469;277;19
469;278;19
469;279;19
469;280;19
469;281;19
469;282;19
469;283;50
469;284;50
469;285;4
469;286;4
469;287;4
469;288;4
469;289;4
469;290;4
469;291;4
469;292;4
469;293;4
469;294;4
469;295;4
469;296;4
469;297;4
469;298;4
469;299;4
469;300;4
469;301;4
469;302;4
469;303;4
469;304;4
469;305;4
469;306;4
469;307;4
469;308;4
469;309;4
469;310;4
469;311;4
469;312;4
469;313;4
469;314;4
469;315;4
469;316;4
469;317;4
469;318;4
469;319;4
469;320;4
469;321;4
469;322;4
469;323;4
469;324;4
469;325;4
469;326;46
469;327;46
469;328;46
469;329;46
469;330;46
469;331;46
469;332;46
469;333;46
469;334;46
469;335;46
469;336;46
469;337;46
469;338;46
469;339;46
469;340;46
469;341;46
469;342;46
469;343;46
469;344;46
469;345;46
469;346;46
469;347;46
469;348;46
469;349;46
469;350;46
469;351;46
469;352;46
469;353;46
469;354;46
469;355;46
469;356;46
469;357;46
469;358;46
469;359;46
469;360;46
469;361;46
469;362;46
469;363;46
469;364;46
469;365;46
469;366;46
469;367;46
469;368;46
469;369;46
469;370;30
469;371;30
469;372;30
469;373;30
469;374;30
469;375;30
469;376;30
469;377;30
469;378;30
469;379;30
469;380;30
469;381;30
469;382;30
469;383;30
469;384;30
469;385;30
469;386;30
469;387;30
469;388;30
469;389;30
469;390;30
469;391;30
469;392;43
469;393;43
469;394;43
469;395;43
469;396;43
469;397;43
469;398;43
469;399;43
469;400;43
469;401;43
469;402;43
469;403;43
469;404;43
469;405;43
469;406;43
469;407;43
469;408;43
469;409;43
469;410;43
469;411;43
469;412;43
469;413;43
469;414;43
469;415;43
469;416;43
469;417;9
469;418;9
469;419;9
469;420;9
469;421;9
469;422;22
469;423;22
469;424;22
469;425;22
469;426;22
469;427;22
469;428;22
469;429;22
469;430;22
469;431;22
469;432;9
469;433;9
469;434;9
469;435;9
469;436;9
469;437;9
469;438;9
469;439;9
469;440;9
469;441;9
469;442;9
469;443;9
469;444;9
469;445;9
469;446;9
469;447;9
469;448;9
469;449;9
469;450;9
469;451;9
469;452;9
469;453;9
469;454;9
469;455;9
469;456;9
469;457;9
469;458;9
469;459;9
469;460;9
469;461;9
469;462;9
469;463;9
469;464;7
469;465;7
469;466;7
469;467;7
469;468;7
469;469;7
469;470;7
469;471;7
469;472;7
469;473;7
469;474;7
469;475;7
469;476;7
469;477;7
469;478;7
469;479;7
469;480;7
469;481;7
469;482;7
469;483;7
469;484;7
469;485;7
469;486;7
469;487;7
469;488;7
469;489;7
469;490;7
469;491;7
469;492;7
469;493;7
469;494;7
469;495;7
469;496;7
469;497;7
469;498;7
469;499;7
470;0;46
470;1;46
470;2;46
470;3;46
470;4;46
470;5;15
470;6;15
470;7;15
470;8;15
470;9;15
470;10;15
470;11;15
470;12;15
470;13;15
470;14;15
470;15;15
470;16;15
470;17;15
470;18;15
470;19;15
470;20;15
470;21;15
470;22;15
470;23;15
470;24;15
470;25;15
470;26;15
470;27;15
470;28;15
470;29;15
470;30;15
470;31;15
470;32;15
470;33;15
470;34;15
470;35;15
470;36;15
470;37;15
470;38;15
470;39;15
470;40;15
470;41;47
470;42;47
470;43;47
470;44;47
470;45;47
470;46;47
470;47;47
470;48;47
470;49;47
470;50;47
470;51;47
470;52;47
470;53;47
470;54;47
470;55;47
470;56;47
470;57;47
470;58;47
470;59;47
470;60;47
470;61;47
470;62;47
470;63;47
470;64;47
470;65;39
470;66;39
470;67;39
470;68;39
470;69;39
470;70;39
470;71;39
470;72;39
470;73;39
470;74;39
470;75;39
470;76;39
470;77;39
470;78;39
470;79;39
470;80;39
470;81;39
470;82;39
470;83;39
470;84;39
470;85;39
470;86;39
470;87;39
470;88;39
470;89;39
470;90;39
470;91;39
470;92;39
470;93;39
470;94;39
470;95;39
470;96;39
470;97;39
470;98;39
470;99;39
470;100;39
470;101;39
470;102;39
470;103;39
470;104;39
470;105;39
470;106;39
470;107;39
470;108;39
470;109;39
470;110;39
470;111;39
470;112;38
470;113;38
470;114;38
470;115;38
470;116;38
470;117;38
470;118;38
470;119;38
470;120;38
470;121;38
470;122;38
470;123;38
470;124;38
470;125;38
470;126;38
470;127;38
470;128;38
470;129;38
470;130;38
470;131;38
470;132;38
470;133;38
470;134;38
470;135;38
470;136;38
470;137;38
470;138;38
470;139;38
470;140;38
470;141;38
470;142;38
470;143;38
470;144;38
470;145;38
470;146;38
470;147;38
470;148;38
470;149;38
470;150;38
470;151;38
470;152;38
470;153;17
470;154;17
470;155;17
470;156;17
470;157;17
470;158;17
470;159;17
470;160;17
470;161;17
470;162;17
470;163;17
470;164;17
470;165;17
470;166;17
470;167;17
470;168;17
470;169;17
470;170;42
470;171;42
470;172;42
470;173;42
470;174;42
470;175;42
470;176;42
470;177;42
470;178;42
470;179;42
470;180;42
470;181;42
470;182;42
470;183;42
470;184;42
470;185;42
470;186;42
470;187;42
470;188;42
470;189;42
470;190;42
470;191;42
470;192;42
470;193;42
470;194;44
470;195;44
470;196;44
470;197;44
470;198;44
470;199;44
470;200;44
470;201;44
470;202;44
470;203;44
470;204;44
470;205;44
470;206;44
470;207;44
470;208;44
470;209;44
470;210;44
470;211;44
470;212;44
470;213;44
470;214;44
470;215;44
470;216;44
470;217;44
470;218;44
470;219;44
470;220;44
470;221;44
470;222;44
470;223;44
470;224;44
470;225;44
470;226;44
470;227;33
470;228;33
470;229;33
470;230;33
470;231;33
470;232;33
470;233;33
470;234;33
470;235;33
470;236;33
470;237;19
470;238;19
470;239;19
470;240;19
470;241;19
470;242;19
470;243;19
470;244;19
470;245;19
470;246;19
470;247;19
470;248;19
470;249;19
470;250;19
470;251;19
470;252;19
470;253;19
470;254;19
470;255;19
470;256;19
470;257;19
470;258;19
470;259;19
470;260;19
470;261;19
470;262;19
470;263;19
470;264;19
470;265;19
470;266;19
470;267;19
470;268;19
470;269;19
470;270;19
470;271;19
470;272;19
470;273;19
470;274;19
470;275;19
470;276;19
470;277;19
470;278;19
470;279;19
470;280;19
470;281;19
470;282;19
470;283;19
470;284;4
470;285;4
470;286;4
470;287;4
470;288;4
470;289;4
470;290;4
470;291;4
470;292;4
470;293;4
470;294;4
470;295;4
470;296;4
470;297;4
470;298;4
470;299;4
470;300;4
470;301;4
470;302;4
470;303;4
470;304;4
470;305;4
470;306;4
470;307;4
470;308;4
470;309;4
470;310;4
470;311;4
470;312;4
470;313;4
470;314;4
470;315;4
470;316;4
470;317;4
470;318;4
470;319;4
470;320;4
470;321;4
470;322;4
470;323;4
470;324;4
470;325;4
470;326;46
470;327;46
470;328;46
470;329;46
470;330;46
470;331;46
470;332;46
470;333;46
470;334;46
470;335;46
470;336;46
470;337;46
470;338;46
470;339;46
470;340;46
470;341;46
470;342;46
470;343;46
470;344;46
470;345;46
470;346;46
470;347;46
470;348;46
470;349;46
470;350;46
470;351;46
470;352;46
470;353;46
470;354;46
470;355;46
470;356;46
470;357;46
470;358;46
470;359;46
470;360;46
470;361;46
470;362;46
470;363;46
470;364;46
470;365;46
470;366;46
470;367;46
470;368;46
470;369;46
470;370;46
470;371;30
470;372;30
470;373;30
470;374;30
470;375;30
470;376;30
470;377;30
470;378;30
470;379;30
470;380;30
470;381;30
470;382;30
470;383;30
470;384;30
470;385;30
470;386;30
470;387;30
470;388;30
470;389;30
470;390;30
470;391;30
470;392;43
470;393;43
470;394;43
470;395;43
470;396;43
470;397;43
470;398;43
470;399;43
470;400;43
470;401;43
470;402;43
470;403;43
470;404;43
470;405;43
470;406;43
470;407;43
470;408;43
470;409;43
470;410;43
470;411;43
470;412;43
470;413;43
470;414;43
470;415;43
470;416;43
470;417;43
470;418;9
470;419;9
470;420;9
470;421;9
470;422;9
470;423;22
470;424;22
470;425;22
470;426;22
470;427;22
470;428;22
470;429;22
470;430;22
470;431;22
470;432;22
470;433;9
470;434;9
470;435;9
470;436;9
470;437;9
470;438;9
470;439;9
470;440;9
470;441;9
470;442;9
470;443;9
470;444;9
470;445;9
470;446;9
470;447;9
470;448;9
470;449;9
470;450;9
470;451;9
470;452;9
470;453;9
470;454;9
470;455;9
470;456;9
470;457;9
470;458;9
470;459;9
470;460;9
470;461;9
470;462;9
470;463;9
470;464;7
470;465;7
470;466;7
470;467;7
470;468;7
470;469;7
470;470;7
470;471;7
470;472;7
470;473;7
470;474;7
470;475;7
470;476;7
470;477;7
470;478;7
470;479;7
470;480;7
470;481;7
470;482;7
470;483;7
470;484;7
470;485;7
470;486;7
470;487;7
470;488;7
470;489;7
470;490;7
470;491;7
470;492;7
470;493;7
470;494;7
470;495;7
470;496;7
470;497;7
470;498;7
470;499;7
471;0;46
471;1;46
471;2;46
471;3;46
471;4;46
471;5;46
471;6;15
471;7;15
471;8;15
471;9;15
471;10;15
471;11;15
471;12;15
471;13;15
471;14;15
471;15;15
471;16;15
471;17;15
471;18;15
471;19;15
471;20;15
471;21;15
471;22;15
471;23;15
471;24;15
471;25;15
471;26;15
471;27;15
471;28;15
471;29;15
471;30;15
471;31;15
471;32;15
471;33;15
471;34;15
471;35;15
471;36;15
471;37;15
471;38;15
471;39;15
471;40;15
471;41;47
471;42;47
471;43;47
471;44;47
471;45;47
471;46;47
471;47;47
471;48;47
471;49;47
471;50;47
471;51;47
471;52;47
471;53;47
471;54;47
471;55;47
471;56;47
471;57;47
471;58;47
471;59;47
471;60;47
471;61;47
471;62;47
471;63;47
471;64;47
471;65;47
471;66;39
471;67;39
471;68;39
471;69;39
471;70;39
471;71;39
471;72;39
471;73;39
471;74;39
471;75;39
471;76;39
471;77;39
471;78;39
471;79;39
471;80;39
471;81;39
471;82;39
471;83;39
471;84;39
471;85;39
471;86;39
471;87;39
471;88;39
471;89;39
471;90;39
471;91;39
471;92;39
471;93;39
471;94;39
471;95;39
471;96;39
471;97;39
471;98;39
471;99;39
471;100;39
471;101;39
471;102;39
471;103;39
471;104;39
471;105;39
471;106;39
471;107;39
471;108;39
471;109;39
471;110;39
471;111;39
471;112;39
471;113;38
471;114;38
471;115;38
471;116;38
471;117;38
471;118;38
471;119;38
471;120;38
471;121;38
471;122;38
471;123;38
471;124;38
471;125;38
471;126;38
471;127;38
471;128;38
471;129;38
471;130;38
471;131;38
471;132;38
471;133;38
471;134;38
471;135;38
471;136;38
471;137;38
471;138;38
471;139;38
471;140;38
471;141;38
471;142;38
471;143;38
471;144;38
471;145;38
471;146;38
471;147;38
471;148;38
471;149;38
471;150;38
471;151;38
471;152;38
471;153;38
471;154;17
471;155;17
471;156;17
471;157;17
471;158;17
471;159;17
471;160;17
471;161;17
471;162;17
471;163;17
471;164;17
471;165;17
471;166;17
471;167;17
471;168;17
471;169;17
471;170;42
471;171;42
471;172;42
471;173;42
471;174;42
471;175;42
471;176;42
471;177;42
471;178;42
471;179;42
471;180;42
471;181;42
471;182;42
471;183;42
471;184;42
471;185;42
471;186;42
471;187;42
471;188;42
471;189;42
471;190;42
471;191;42
471;192;42
471;193;42
471;194;42
471;195;44
471;196;44
471;197;44
471;198;44
471;199;44
471;200;44
471;201;44
471;202;44
471;203;44
471;204;44
471;205;44
471;206;44
471;207;44
471;208;44
471;209;44
471;210;44
471;211;44
471;212;44
471;213;44
471;214;44
471;215;44
471;216;44
471;217;44
471;218;44
471;219;44
471;220;44
471;221;44
471;222;44
471;223;44
471;224;44
471;225;44
471;226;44
471;227;33
471;228;33
471;229;33
471;230;33
471;231;33
471;232;33
471;233;33
471;234;33
471;235;33
471;236;33
471;237;33
471;238;49
471;239;19
471;240;19
471;241;19
471;242;19
471;243;19
471;244;19
471;245;19
471;246;19
471;247;19
471;248;19
471;249;19
471;250;19
471;251;19
471;252;19
471;253;19
471;254;19
471;255;19
471;256;19
471;257;19
471;258;19
471;259;19
471;260;19
471;261;19
471;262;19
471;263;19
471;264;19
471;265;19
471;266;19
471;267;19
471;268;19
471;269;19
471;270;19
471;271;19
471;272;19
471;273;19
471;274;19
471;275;19
471;276;19
471;277;19
471;278;19
471;279;19
471;280;19
471;281;19
471;282;19
471;283;19
471;284;4
471;285;4
471;286;4
471;287;4
471;288;4
471;289;4
471;290;4
471;291;4
471;292;4
471;293;4
471;294;4
471;295;4
471;296;4
471;297;4
471;298;4
471;299;4
471;300;4
471;301;4
471;302;4
471;303;4
471;304;4
471;305;4
471;306;4
471;307;4
471;308;4
471;309;4
471;310;4
471;311;4
471;312;4
471;313;4
471;314;4
471;315;4
471;316;4
471;317;4
471;318;4
471;319;4
471;320;4
471;321;4
471;322;4
471;323;4
471;324;4
471;325;4
471;326;4
471;327;46
471;328;46
471;329;46
471;330;46
471;331;46
471;332;46
471;333;46
471;334;46
471;335;46
471;336;46
471;337;46
471;338;46
471;339;46
471;340;46
471;341;46
471;342;46
471;343;46
471;344;46
471;345;46
471;346;46
471;347;46
471;348;46
471;349;46
471;350;46
471;351;46
471;352;46
471;353;46
471;354;46
471;355;46
471;356;46
471;357;46
471;358;46
471;359;46
471;360;46
471;361;46
471;362;46
471;363;46
471;364;46
471;365;46
471;366;46
471;367;46
471;368;46
471;369;46
471;370;46
471;371;46
471;372;30
471;373;30
471;374;30
471;375;30
471;376;30
471;377;30
471;378;30
471;379;30
471;380;30
471;381;30
471;382;30
471;383;30
471;384;30
471;385;30
471;386;30
471;387;30
471;388;30
471;389;30
471;390;30
471;391;30
471;392;43
471;393;43
471;394;43
471;395;43
471;396;43
471;397;43
471;398;43
471;399;43
471;400;43
471;401;43
471;402;43
471;403;43
471;404;43
471;405;43
471;406;43
471;407;43
471;408;43
471;409;43
471;410;43
471;411;43
471;412;43
471;413;43
471;414;43
471;415;43
471;416;43
471;417;43
471;418;43
471;419;9
471;420;9
471;421;9
471;422;9
471;423;9
471;424;22
471;425;22
471;426;22
471;427;22
471;428;22
471;429;22
471;430;22
471;431;22
471;432;22
471;433;22
471;434;9
471;435;9
471;436;9
471;437;9
471;438;9
471;439;9
471;440;9
471;441;9
471;442;9
471;443;9
471;444;9
471;445;9
471;446;9
471;447;9
471;448;9
471;449;9
471;450;9
471;451;9
471;452;9
471;453;9
471;454;9
471;455;9
471;456;9
471;457;9
471;458;9
471;459;9
471;460;9
471;461;9
471;462;9
471;463;9
471;464;7
471;465;7
471;466;7
471;467;7
471;468;7
471;469;7
471;470;7
471;471;7
471;472;7
471;473;7
471;474;7
471;475;7
471;476;7
471;477;7
471;478;7
471;479;7
471;480;7
471;481;7
471;482;7
471;483;7
471;484;7
471;485;7
471;486;7
471;487;7
471;488;7
471;489;7
471;490;7
471;491;7
471;492;7
471;493;7
471;494;7
471;495;7
471;496;7
471;497;7
471;498;7
471;499;7
472;0;46
472;1;46
472;2;46
472;3;46
472;4;46
472;5;46
472;6;46
472;7;15
472;8;15
472;9;15
472;10;15
472;11;15
472;12;15
472;13;15
472;14;15
472;15;15
472;16;15
472;17;15
472;18;15
472;19;15
472;20;15
472;21;15
472;22;15
472;23;15
472;24;15
472;25;15
472;26;15
472;27;15
472;28;15
472;29;15
472;30;15
472;31;15
472;32;15
472;33;15
472;34;15
472;35;15
472;36;15
472;37;15
472;38;15
472;39;15
472;40;15
472;41;15
472;42;47
472;43;47
472;44;47
472;45;47
472;46;47
472;47;47
472;48;47
472;49;47
472;50;47
472;51;47
472;52;47
472;53;47
472;54;47
472;55;47
472;56;47
472;57;47
472;58;47
472;59;47
472;60;47
472;61;47
472;62;47
472;63;47
472;64;47
472;65;47
472;66;39
472;67;39
472;68;39
472;69;39
472;70;39
472;71;39
472;72;39
472;73;39
472;74;39
472;75;39
472;76;39
472;77;39
472;78;39
472;79;39
472;80;39
472;81;39
472;82;39
472;83;39
472;84;39
472;85;39
472;86;39
472;87;39
472;88;39
472;89;39
472;90;39
472;91;39
472;92;39
472;93;39
472;94;39
472;95;39
472;96;39
472;97;39
472;98;39
472;99;39
472;100;39
472;101;39
472;102;39
472;103;39
472;104;39
472;105;39
472;106;39
472;107;39
472;108;39
472;109;39
472;110;39
472;111;39
472;112;39
472;113;38
472;114;38
472;115;38
472;116;38
472;117;38
472;118;38
472;119;38
472;120;38
472;121;38
472;122;38
472;123;38
472;124;38
472;125;38
472;126;38
472;127;38
472;128;38
472;129;38
472;130;38
472;131;38
472;132;38
472;133;38
472;134;38
472;135;38
472;136;38
472;137;38
472;138;38
472;139;38
472;140;38
472;141;38
472;142;38
472;143;38
472;144;38
472;145;38
472;146;38
472;147;38
472;148;38
472;149;38
472;150;38
472;151;38
472;152;38
472;153;38
472;154;17
472;155;17
472;156;17
472;157;17
472;158;17
472;159;17
472;160;17
472;161;17
472;162;17
472;163;17
472;164;17
472;165;17
472;166;17
472;167;17
472;168;17
472;169;17
472;170;42
472;171;42
472;172;42
472;173;42
472;174;42
472;175;42
472;176;42
472;177;42
472;178;42
472;179;42
472;180;42
472;181;42
472;182;42
472;183;42
472;184;42
472;185;42
472;186;42
472;187;42
472;188;42
472;189;42
472;190;42
472;191;42
472;192;42
472;193;42
472;194;42
472;195;42
472;196;44
472;197;44
472;198;44
472;199;44
472;200;44
472;201;44
472;202;44
472;203;44
472;204;44
472;205;44
472;206;44
472;207;44
472;208;44
472;209;44
472;210;44
472;211;44
472;212;44
472;213;44
472;214;44
472;215;44
472;216;44
472;217;44
472;218;44
472;219;44
472;220;44
472;221;44
472;222;44
472;223;44
472;224;44
472;225;44
472;226;44
472;227;33
472;228;33
472;229;33
472;230;33
472;231;33
472;232;33
472;233;33
472;234;33
472;235;33
472;236;33
472;237;33
472;238;33
472;239;49
472;240;49
472;241;19
472;242;19
472;243;19
472;244;19
472;245;19
472;246;19
472;247;19
472;248;19
472;249;19
472;250;19
472;251;19
472;252;19
472;253;19
472;254;19
472;255;19
472;256;19
472;257;19
472;258;19
472;259;19
472;260;19
472;261;19
472;262;19
472;263;19
472;264;19
472;265;19
472;266;19
472;267;19
472;268;19
472;269;19
472;270;19
472;271;19
472;272;19
472;273;19
472;274;19
472;275;19
472;276;19
472;277;19
472;278;19
472;279;19
472;280;19
472;281;19
472;282;19
472;283;19
472;284;4
472;285;4
472;286;4
472;287;4
472;288;4
472;289;4
472;290;4
472;291;4
472;292;4
472;293;4
472;294;4
472;295;4
472;296;4
472;297;4
472;298;4
472;299;4
472;300;4
472;301;4
472;302;4
472;303;4
472;304;4
472;305;4
472;306;4
472;307;4
472;308;4
472;309;4
472;310;4
472;311;4
472;312;4
472;313;4
472;314;4
472;315;4
472;316;4
472;317;4
472;318;4
472;319;4
472;320;4
472;321;4
472;322;4
472;323;4
472;324;4
472;325;4
472;326;4
472;327;46
472;328;46
472;329;46
472;330;46
472;331;46
472;332;46
472;333;46
472;334;46
472;335;46
472;336;46
472;337;46
472;338;46
472;339;46
472;340;46
472;341;46
472;342;46
472;343;46
472;344;46
472;345;46
472;346;46
472;347;46
472;348;46
472;349;46
472;350;46
472;351;46
472;352;46
472;353;46
472;354;46
472;355;46
472;356;46
472;357;46
472;358;46
472;359;46
472;360;46
472;361;46
472;362;46
472;363;46
472;364;46
472;365;46
472;366;46
472;367;46
472;368;46
472;369;46
472;370;46
472;371;46
472;372;46
472;373;37
472;374;30
472;375;30
472;376;30
472;377;30
472;378;30
472;379;30
472;380;30
472;381;30
472;382;30
472;383;30
472;384;30
472;385;30
472;386;30
472;387;30
472;388;30
472;389;30
472;390;30
472;391;30
472;392;43
472;393;43
472;394;43
472;395;43
472;396;43
472;397;43
472;398;43
472;399;43
472;400;43
472;401;43
472;402;43
472;403;43
472;404;43
472;405;43
472;406;43
472;407;43
472;408;43
472;409;43
472;410;43
472;411;43
472;412;43
472;413;43
472;414;43
472;415;43
472;416;43
472;417;43
472;418;43
472;419;43
472;420;9
472;421;9
472;422;9
472;423;9
472;424;9
472;425;22
472;426;22
472;427;22
472;428;22
472;429;22
472;430;22
472;431;22
472;432;22
472;433;22
472;434;22
472;435;9
472;436;9
472;437;9
472;438;9
472;439;9
472;440;9
472;441;9
472;442;9
472;443;9
472;444;9
472;445;9
472;446;9
472;447;9
472;448;9
472;449;9
472;450;9
472;451;9
472;452;9
472;453;9
472;454;9
472;455;9
472;456;9
472;457;9
472;458;9
472;459;9
472;460;9
472;461;9
472;462;9
472;463;9
472;464;7
472;465;7
472;466;7
472;467;7
472;468;7
472;469;7
472;470;7
472;471;7
472;472;7
472;473;7
472;474;7
472;475;7
472;476;7
472;477;7
472;478;7
472;479;7
472;480;7
472;481;7
472;482;7
472;483;7
472;484;7
472;485;7
472;486;7
472;487;7
472;488;7
472;489;7
472;490;7
472;491;7
472;492;7
472;493;7
472;494;7
472;495;7
472;496;7
472;497;7
472;498;7
472;499;7
473;0;46
473;1;46
473;2;46
473;3;46
473;4;46
473;5;46
473;6;46
473;7;46
473;8;15
473;9;15
473;10;15
473;11;15
473;12;15
473;13;15
473;14;15
473;15;15
473;16;15
473;17;15
473;18;15
473;19;15
473;20;15
473;21;15
473;22;15
473;23;15
473;24;15
473;25;15
473;26;15
473;27;15
473;28;15
473;29;15
473;30;15
473;31;15
473;32;15
473;33;15
473;34;15
473;35;15
473;36;15
473;37;15
473;38;15
473;39;15
473;40;15
473;41;15
473;42;47
473;43;47
473;44;47
473;45;47
473;46;47
473;47;47
473;48;47
473;49;47
473;50;47
473;51;47
473;52;47
473;53;47
473;54;47
473;55;47
473;56;47
473;57;47
473;58;47
473;59;47
473;60;47
473;61;47
473;62;47
473;63;47
473;64;47
473;65;47
473;66;47
473;67;39
473;68;39
473;69;39
473;70;39
473;71;39
473;72;39
473;73;39
473;74;39
473;75;39
473;76;39
473;77;39
473;78;39
473;79;39
473;80;39
473;81;39
473;82;39
473;83;39
473;84;39
473;85;39
473;86;39
473;87;39
473;88;39
473;89;39
473;90;39
473;91;39
473;92;39
473;93;39
473;94;39
473;95;39
473;96;39
473;97;39
473;98;39
473;99;39
473;100;39
473;101;39
473;102;39
473;103;39
473;104;39
473;105;39
473;106;39
473;107;39
473;108;39
473;109;39
473;110;39
473;111;39
473;112;39
473;113;39
473;114;38
473;115;38
473;116;38
473;117;38
473;118;38
473;119;38
473;120;38
473;121;38
473;122;38
473;123;38
473;124;38
473;125;38
473;126;38
473;127;38
473;128;38
473;129;38
473;130;38
473;131;38
473;132;38
473;133;38
473;134;38
473;135;38
473;136;38
473;137;38
473;138;38
473;139;38
473;140;38
473;141;38
473;142;38
473;143;38
473;144;38
473;145;38
473;146;38
473;147;38
473;148;38
473;149;38
473;150;38
473;151;38
473;152;38
473;153;38
473;154;38
473;155;17
473;156;17
473;157;17
473;158;17
473;159;17
473;160;17
473;161;17
473;162;17
473;163;17
473;164;17
473;165;17
473;166;17
473;167;17
473;168;17
473;169;17
473;170;42
473;171;42
473;172;42
473;173;42
473;174;42
473;175;42
473;176;42
473;177;42
473;178;42
473;179;42
473;180;42
473;181;42
473;182;42
473;183;42
473;184;42
473;185;42
473;186;42
473;187;42
473;188;42
473;189;42
473;190;42
473;191;42
473;192;42
473;193;42
473;194;42
473;195;42
473;196;42
473;197;44
473;198;44
473;199;44
473;200;44
473;201;44
473;202;44
473;203;44
473;204;44
473;205;44
473;206;44
473;207;44
473;208;44
473;209;44
473;210;44
473;211;44
473;212;44
473;213;44
473;214;44
473;215;44
473;216;44
473;217;44
473;218;44
473;219;44
473;220;44
473;221;44
473;222;44
473;223;44
473;224;44
473;225;44
473;226;44
473;227;33
473;228;33
473;229;33
473;230;33
473;231;33
473;232;33
473;233;33
473;234;33
473;235;33
473;236;33
473;237;33
473;238;33
473;239;33
473;240;49
473;241;49
473;242;49
473;243;19
473;244;19
473;245;19
473;246;19
473;247;19
473;248;19
473;249;19
473;250;19
473;251;19
473;252;19
473;253;19
473;254;19
473;255;19
473;256;19
473;257;19
473;258;19
473;259;19
473;260;19
473;261;19
473;262;19
473;263;19
473;264;19
473;265;19
473;266;19
473;267;19
473;268;19
473;269;19
473;270;19
473;271;19
473;272;19
473;273;19
473;274;19
473;275;19
473;276;19
473;277;19
473;278;19
473;279;19
473;280;19
473;281;19
473;282;19
473;283;19
473;284;4
473;285;4
473;286;4
473;287;4
473;288;4
473;289;4
473;290;4
473;291;4
473;292;4
473;293;4
473;294;4
473;295;4
473;296;4
473;297;4
473;298;4
473;299;4
473;300;4
473;301;4
473;302;4
473;303;4
473;304;4
473;305;4
473;306;4
473;307;4
473;308;4
473;309;4
473;310;4
473;311;4
473;312;4
473;313;4
473;314;4
473;315;4
473;316;4
473;317;4
473;318;4
473;319;4
473;320;4
473;321;4
473;322;4
473;323;4
473;324;4
473;325;4
473;326;4
473;327;4
473;328;46
473;329;46
473;330;46
473;331;46
473;332;46
473;333;46
473;334;46
473;335;46
473;336;46
473;337;46
473;338;46
473;339;46
473;340;46
473;341;46
473;342;46
473;343;46
473;344;46
473;345;46
473;346;46
473;347;46
473;348;46
473;349;46
473;350;46
473;351;46
473;352;46
473;353;46
473;354;46
473;355;46
473;356;46
473;357;46
473;358;46
473;359;46
473;360;46
473;361;46
473;362;46
473;363;46
473;364;46
473;365;46
473;366;46
473;367;46
473;368;46
473;369;46
473;370;46
473;371;46
473;372;37
473;373;37
473;374;37
473;375;37
473;376;30
473;377;30
473;378;30
473;379;30
473;380;30
473;381;30
473;382;30
473;383;30
473;384;30
473;385;30
473;386;30
473;387;30
473;388;30
473;389;30
473;390;30
473;391;30
473;392;43
473;393;43
473;394;43
473;395;43
473;396;43
473;397;43
473;398;43
473;399;43
473;400;43
473;401;43
473;402;43
473;403;43
473;404;43
473;405;43
473;406;43
473;407;43
473;408;43
473;409;43
473;410;43
473;411;43
473;412;43
473;413;43
473;414;43
473;415;43
473;416;43
473;417;43
473;418;43
473;419;43
473;420;43
473;421;9
473;422;9
473;423;9
473;424;9
473;425;9
473;426;22
473;427;22
473;428;22
473;429;22
473;430;22
473;431;22
473;432;22
473;433;22
473;434;22
473;435;22
473;436;9
473;437;9
473;438;9
473;439;9
473;440;9
473;441;9
473;442;9
473;443;9
473;444;9
473;445;9
473;446;9
473;447;9
473;448;9
473;449;9
473;450;9
473;451;9
473;452;9
473;453;9
473;454;9
473;455;9
473;456;9
473;457;9
473;458;9
473;459;9
473;460;9
473;461;9
473;462;9
473;463;9
473;464;7
473;465;7
473;466;7
473;467;7
473;468;7
473;469;7
473;470;7
473;471;7
473;472;7
473;473;7
473;474;7
473;475;7
473;476;7
473;477;7
473;478;7
473;479;7
473;480;7
473;481;7
473;482;7
473;483;7
473;484;7
473;485;7
473;486;7
473;487;7
473;488;7
473;489;7
473;490;7
473;491;7
473;492;7
473;493;7
473;494;7
473;495;7
473;496;7
473;497;7
473;498;7
473;499;7
474;0;46
474;1;46
474;2;46
474;3;46
474;4;46
474;5;46
474;6;46
474;7;46
474;8;46
474;9;15
474;10;15
474;11;15
474;12;15
474;13;15
474;14;15
474;15;15
474;16;15
474;17;15
474;18;15
474;19;15
474;20;15
474;21;15
474;22;15
474;23;15
474;24;15
474;25;15
474;26;15
474;27;15
474;28;15
474;29;15
474;30;15
474;31;15
474;32;15
474;33;15
474;34;15
474;35;15
474;36;15
474;37;15
474;38;15
474;39;15
474;40;15
474;41;15
474;42;15
474;43;47
474;44;47
474;45;47
474;46;47
474;47;47
474;48;47
474;49;47
474;50;47
474;51;47
474;52;47
474;53;47
474;54;47
474;55;47
474;56;47
474;57;47
474;58;47
474;59;47
474;60;47
474;61;47
474;62;47
474;63;47
474;64;47
474;65;47
474;66;47
474;67;39
474;68;39
474;69;39
474;70;39
474;71;39
474;72;39
474;73;39
474;74;39
474;75;39
474;76;39
474;77;39
474;78;39
474;79;39
474;80;39
474;81;39
474;82;39
474;83;39
474;84;39
474;85;39
474;86;39
474;87;39
474;88;39
474;89;39
474;90;39
474;91;39
474;92;39
474;93;39
474;94;39
474;95;39
474;96;39
474;97;39
474;98;39
474;99;39
474;100;39
474;101;39
474;102;39
474;103;39
474;104;39
474;105;39
474;106;39
474;107;39
474;108;39
474;109;39
474;110;39
474;111;39
474;112;39
474;113;39
474;114;38
474;115;38
474;116;38
474;117;38
474;118;38
474;119;38
474;120;38
474;121;38
474;122;38
474;123;38
474;124;38
474;125;38
474;126;38
474;127;38
474;128;38
474;129;38
474;130;38
474;131;38
474;132;38
474;133;38
474;134;38
474;135;38
474;136;38
474;137;38
474;138;38
474;139;38
474;140;38
474;141;38
474;142;38
474;143;38
474;144;38
474;145;38
474;146;38
474;147;38
474;148;38
474;149;38
474;150;38
474;151;38
474;152;38
474;153;38
474;154;38
474;155;17
474;156;17
474;157;17
474;158;17
474;159;17
474;160;17
474;161;17
474;162;17
474;163;17
474;164;17
474;165;17
474;166;17
474;167;17
474;168;17
474;169;17
474;170;42
474;171;42
474;172;42
474;173;42
474;174;42
474;175;42
474;176;42
474;177;42
474;178;42
474;179;42
474;180;42
474;181;42
474;182;42
474;183;42
474;184;42
474;185;42
474;186;42
474;187;42
474;188;42
474;189;42
474;190;42
474;191;42
474;192;42
474;193;42
474;194;42
474;195;42
474;196;42
474;197;42
474;198;44
474;199;44
474;200;44
474;201;44
474;202;44
474;203;44
474;204;44
474;205;44
474;206;44
474;207;44
474;208;44
474;209;44
474;210;44
474;211;44
474;212;44
474;213;44
474;214;44
474;215;44
474;216;44
474;217;44
474;218;44
474;219;44
474;220;44
474;221;44
474;222;44
474;223;44
474;224;44
474;225;44
474;226;44
474;227;33
474;228;33
474;229;33
474;230;33
474;231;33
474;232;33
474;233;33
474;234;33
474;235;33
474;236;33
474;237;33
474;238;33
474;239;33
474;240;33
474;241;49
474;242;49
474;243;49
474;244;49
474;245;19
474;246;19
474;247;19
474;248;19
474;249;19
474;250;19
474;251;19
474;252;19
474;253;19
474;254;19
474;255;19
474;256;19
474;257;19
474;258;19
474;259;19
474;260;19
474;261;19
474;262;19
474;263;19
474;264;19
474;265;19
474;266;19
474;267;19
474;268;19
474;269;19
474;270;19
474;271;19
474;272;19
474;273;19
474;274;19
474;275;19
474;276;19
474;277;19
474;278;19
474;279;19
474;280;19
474;281;19
474;282;19
474;283;19
474;284;4
474;285;4
474;286;4
474;287;4
474;288;4
474;289;4
474;290;4
474;291;4
474;292;4
474;293;4
474;294;4
474;295;4
474;296;4
474;297;4
474;298;4
474;299;4
474;300;4
474;301;4
474;302;4
474;303;4
474;304;4
474;305;4
474;306;4
474;307;4
474;308;4
474;309;4
474;310;4
474;311;4
474;312;4
474;313;4
474;314;4
474;315;4
474;316;4
474;317;4
474;318;4
474;319;4
474;320;4
474;321;4
474;322;4
474;323;4
474;324;4
474;325;4
474;326;4
474;327;4
474;328;4
474;329;46
474;330;46
474;331;46
474;332;46
474;333;46
474;334;46
474;335;46
474;336;46
474;337;46
474;338;46
474;339;46
474;340;46
474;341;46
474;342;46
474;343;46
474;344;46
474;345;46
474;346;46
474;347;46
474;348;46
474;349;46
474;350;46
474;351;46
474;352;46
474;353;46
474;354;46
474;355;46
474;356;46
474;357;46
474;358;46
474;359;46
474;360;46
474;361;46
474;362;46
474;363;46
474;364;46
474;365;46
474;366;46
474;367;46
474;368;46
474;369;46
474;370;46
474;371;37
474;372;37
474;373;37
474;374;37
474;375;37
474;376;37
474;377;37
474;378;30
474;379;30
474;380;30
474;381;30
474;382;30
474;383;30
474;384;30
474;385;30
474;386;30
474;387;30
474;388;30
474;389;30
474;390;30
474;391;30
474;392;43
474;393;43
474;394;43
474;395;43
474;396;43
474;397;43
474;398;43
474;399;43
474;400;43
474;401;43
474;402;43
474;403;43
474;404;43
474;405;43
474;406;43
474;407;43
474;408;43
474;409;43
474;410;43
474;411;43
474;412;43
474;413;43
474;414;43
474;415;43
474;416;43
474;417;43
474;418;43
474;419;43
474;420;43
474;421;43
474;422;9
474;423;9
474;424;9
474;425;9
474;426;9
474;427;22
474;428;22
474;429;22
474;430;22
474;431;22
474;432;22
474;433;22
474;434;22
474;435;22
474;436;22
474;437;9
474;438;9
474;439;9
474;440;9
474;441;9
474;442;9
474;443;9
474;444;9
474;445;9
474;446;9
474;447;9
474;448;9
474;449;9
474;450;9
474;451;9
474;452;9
474;453;9
474;454;9
474;455;9
474;456;9
474;457;9
474;458;9
474;459;9
474;460;9
474;461;9
474;462;9
474;463;9
474;464;7
474;465;7
474;466;7
474;467;7
474;468;7
474;469;7
474;470;7
474;471;7
474;472;7
474;473;7
474;474;7
474;475;7
474;476;7
474;477;7
474;478;7
474;479;7
474;480;7
474;481;7
474;482;7
474;483;7
474;484;7
474;485;7
474;486;7
474;487;7
474;488;7
474;489;7
474;490;7
474;491;7
474;492;7
474;493;7
474;494;7
474;495;7
474;496;7
474;497;7
474;498;7
474;499;7
475;0;46
475;1;46
475;2;46
475;3;46
475;4;46
475;5;46
475;6;46
475;7;46
475;8;46
475;9;46
475;10;15
475;11;15
475;12;15
475;13;15
475;14;15
475;15;15
475;16;15
475;17;15
475;18;15
475;19;15
475;20;15
475;21;15
475;22;15
475;23;15
475;24;15
475;25;15
475;26;15
475;27;15
475;28;15
475;29;15
475;30;15
475;31;15
475;32;15
475;33;15
475;34;15
475;35;15
475;36;15
475;37;15
475;38;15
475;39;15
475;40;15
475;41;15
475;42;15
475;43;47
475;44;47
475;45;47
475;46;47
475;47;47
475;48;47
475;49;47
475;50;47
475;51;47
475;52;47
475;53;47
475;54;47
475;55;47
475;56;47
475;57;47
475;58;47
475;59;47
475;60;47
475;61;47
475;62;47
475;63;47
475;64;47
475;65;47
475;66;47
475;67;47
475;68;39
475;69;39
475;70;39
475;71;39
475;72;39
475;73;39
475;74;39
475;75;39
475;76;39
475;77;39
475;78;39
475;79;39
475;80;39
475;81;39
475;82;39
475;83;39
475;84;39
475;85;39
475;86;39
475;87;39
475;88;39
475;89;39
475;90;39
475;91;39
475;92;39
475;93;39
475;94;39
475;95;39
475;96;39
475;97;39
475;98;39
475;99;39
475;100;39
475;101;39
475;102;39
475;103;39
475;104;39
475;105;39
475;106;39
475;107;39
475;108;39
475;109;39
475;110;39
475;111;39
475;112;39
475;113;39
475;114;39
475;115;38
475;116;38
475;117;38
475;118;38
475;119;38
475;120;38
475;121;38
475;122;38
475;123;38
475;124;38
475;125;38
475;126;38
475;127;38
475;128;38
475;129;38
475;130;38
475;131;38
475;132;38
475;133;38
475;134;38
475;135;38
475;136;38
475;137;38
475;138;38
475;139;38
475;140;38
475;141;38
475;142;38
475;143;38
475;144;38
475;145;38
475;146;38
475;147;38
475;148;38
475;149;38
475;150;38
475;151;38
475;152;38
475;153;38
475;154;38
475;155;38
475;156;17
475;157;17
475;158;17
475;159;17
475;160;17
475;161;17
475;162;17
475;163;17
475;164;17
475;165;17
475;166;17
475;167;17
475;168;17
475;169;42
475;170;42
475;171;42
475;172;42
475;173;42
475;174;42
475;175;42
475;176;42
475;177;42
475;178;42
475;179;42
475;180;42
475;181;42
475;182;42
475;183;42
475;184;42
475;185;42
475;186;42
475;187;42
475;188;42
475;189;42
475;190;42
475;191;42
475;192;42
475;193;42
475;194;42
475;195;42
475;196;42
475;197;42
475;198;42
475;199;44
475;200;44
475;201;44
475;202;44
475;203;44
475;204;44
475;205;44
475;206;44
475;207;44
475;208;44
475;209;44
475;210;44
475;211;44
475;212;44
475;213;44
475;214;44
475;215;44
475;216;44
475;217;44
475;218;44
475;219;44
475;220;44
475;221;44
475;222;44
475;223;44
475;224;44
475;225;44
475;226;44
475;227;33
475;228;33
475;229;33
475;230;33
475;231;33
475;232;33
475;233;33
475;234;33
475;235;33
475;236;33
475;237;33
475;238;33
475;239;33
475;240;33
475;241;33
475;242;49
475;243;49
475;244;49
475;245;49
475;246;49
475;247;19
475;248;19
475;249;19
475;250;19
475;251;19
475;252;19
475;253;19
475;254;19
475;255;19
475;256;19
475;257;19
475;258;19
475;259;19
475;260;19
475;261;19
475;262;19
475;263;19
475;264;19
475;265;19
475;266;19
475;267;19
475;268;19
475;269;19
475;270;19
475;271;19
475;272;19
475;273;19
475;274;19
475;275;19
475;276;19
475;277;19
475;278;19
475;279;19
475;280;19
475;281;19
475;282;19
475;283;19
475;284;4
475;285;4
475;286;4
475;287;4
475;288;4
475;289;4
475;290;4
475;291;4
475;292;4
475;293;4
475;294;4
475;295;4
475;296;4
475;297;4
475;298;4
475;299;4
475;300;4
475;301;4
475;302;4
475;303;4
475;304;4
475;305;4
475;306;4
475;307;4
475;308;4
475;309;4
475;310;4
475;311;4
475;312;4
475;313;4
475;314;4
475;315;4
475;316;4
475;317;4
475;318;4
475;319;4
475;320;4
475;321;4
475;322;4
475;323;4
475;324;4
475;325;4
475;326;4
475;327;4
475;328;4
475;329;4
475;330;46
475;331;46
475;332;46
475;333;46
475;334;46
475;335;46
475;336;46
475;337;46
475;338;46
475;339;46
475;340;46
475;341;46
475;342;46
475;343;46
475;344;46
475;345;46
475;346;46
475;347;46
475;348;46
475;349;46
475;350;46
475;351;46
475;352;46
475;353;46
475;354;46
475;355;46
475;356;46
475;357;46
475;358;46
475;359;46
475;360;46
475;361;46
475;362;46
475;363;46
475;364;46
475;365;46
475;366;46
475;367;46
475;368;46
475;369;46
475;370;37
475;371;37
475;372;37
475;373;37
475;374;37
475;375;37
475;376;37
475;377;37
475;378;37
475;379;37
475;380;37
475;381;37
475;382;37
475;383;37
475;384;37
475;385;37
475;386;37
475;387;37
475;388;30
475;389;30
475;390;30
475;391;30
475;392;43
475;393;43
475;394;43
475;395;43
475;396;43
475;397;43
475;398;43
475;399;43
475;400;43
475;401;43
475;402;43
475;403;43
475;404;43
475;405;43
475;406;43
475;407;43
475;408;43
475;409;43
475;410;43
475;411;43
475;412;43
475;413;43
475;414;43
475;415;43
475;416;43
475;417;43
475;418;43
475;419;43
475;420;43
475;421;43
475;422;43
475;423;9
475;424;9
475;425;9
475;426;9
475;427;9
475;428;22
475;429;22
475;430;22
475;431;22
475;432;22
475;433;22
475;434;22
475;435;22
475;436;22
475;437;22
475;438;9
475;439;9
475;440;9
475;441;9
475;442;9
475;443;9
475;444;9
475;445;9
475;446;9
475;447;9
475;448;9
475;449;9
475;450;9
475;451;9
475;452;9
475;453;9
475;454;9
475;455;9
475;456;9
475;457;9
475;458;9
475;459;9
475;460;9
475;461;9
475;462;9
475;463;9
475;464;7
475;465;7
475;466;7
475;467;7
475;468;7
475;469;7
475;470;7
475;471;7
475;472;7
475;473;7
475;474;7
475;475;7
475;476;7
475;477;7
475;478;7
475;479;7
475;480;7
475;481;7
475;482;7
475;483;7
475;484;7
475;485;7
475;486;7
475;487;7
475;488;7
475;489;7
475;490;7
475;491;7
475;492;7
475;493;7
475;494;7
475;495;7
475;496;7
475;497;7
475;498;7
475;499;7
476;0;46
476;1;46
476;2;46
476;3;46
476;4;46
476;5;46
476;6;46
476;7;46
476;8;46
476;9;46
476;10;46
476;11;15
476;12;15
476;13;15
476;14;15
476;15;15
476;16;15
476;17;15
476;18;15
476;19;15
476;20;15
476;21;15
476;22;15
476;23;15
476;24;15
476;25;15
476;26;15
476;27;15
476;28;15
476;29;15
476;30;15
476;31;15
476;32;15
476;33;15
476;34;15
476;35;15
476;36;15
476;37;15
476;38;15
476;39;15
476;40;40
476;41;40
476;42;40
476;43;40
476;44;47
476;45;47
476;46;47
476;47;47
476;48;47
476;49;47
476;50;47
476;51;47
476;52;47
476;53;47
476;54;47
476;55;47
476;56;47
476;57;47
476;58;47
476;59;47
476;60;47
476;61;47
476;62;47
476;63;47
476;64;47
476;65;47
476;66;47
476;67;47
476;68;39
476;69;39
476;70;39
476;71;39
476;72;39
476;73;39
476;74;39
476;75;39
476;76;39
476;77;39
476;78;39
476;79;39
476;80;39
476;81;39
476;82;39
476;83;39
476;84;39
476;85;39
476;86;39
476;87;39
476;88;39
476;89;39
476;90;39
476;91;39
476;92;39
476;93;39
476;94;39
476;95;39
476;96;39
476;97;39
476;98;39
476;99;39
476;100;39
476;101;39
476;102;39
476;103;39
476;104;39
476;105;39
476;106;39
476;107;39
476;108;39
476;109;39
476;110;39
476;111;39
476;112;39
476;113;39
476;114;39
476;115;11
476;116;11
476;117;11
476;118;11
476;119;11
476;120;11
476;121;11
476;122;11
476;123;11
476;124;11
476;125;11
476;126;11
476;127;11
476;128;11
476;129;11
476;130;11
476;131;11
476;132;38
476;133;38
476;134;38
476;135;38
476;136;38
476;137;38
476;138;38
476;139;38
476;140;38
476;141;38
476;142;38
476;143;38
476;144;38
476;145;38
476;146;38
476;147;38
476;148;38
476;149;38
476;150;38
476;151;38
476;152;38
476;153;38
476;154;38
476;155;38
476;156;40
476;157;40
476;158;40
476;159;40
476;160;17
476;161;17
476;162;17
476;163;17
476;164;17
476;165;17
476;166;17
476;167;17
476;168;42
476;169;42
476;170;42
476;171;42
476;172;42
476;173;42
476;174;42
476;175;42
476;176;42
476;177;42
476;178;42
476;179;42
476;180;42
476;181;42
476;182;42
476;183;42
476;184;42
476;185;42
476;186;42
476;187;42
476;188;42
476;189;42
476;190;42
476;191;42
476;192;42
476;193;42
476;194;42
476;195;42
476;196;42
476;197;42
476;198;42
476;199;42
476;200;44
476;201;44
476;202;44
476;203;44
476;204;44
476;205;44
476;206;44
476;207;44
476;208;44
476;209;44
476;210;44
476;211;44
476;212;44
476;213;44
476;214;44
476;215;44
476;216;44
476;217;44
476;218;44
476;219;44
476;220;44
476;221;44
476;222;44
476;223;44
476;224;44
476;225;44
476;226;44
476;227;33
476;228;33
476;229;33
476;230;33
476;231;33
476;232;33
476;233;33
476;234;33
476;235;33
476;236;33
476;237;33
476;238;33
476;239;33
476;240;33
476;241;33
476;242;33
476;243;49
476;244;49
476;245;49
476;246;49
476;247;49
476;248;49
476;249;19
476;250;19
476;251;19
476;252;19
476;253;19
476;254;19
476;255;19
476;256;19
476;257;19
476;258;19
476;259;19
476;260;19
476;261;19
476;262;19
476;263;19
476;264;19
476;265;19
476;266;19
476;267;19
476;268;19
476;269;19
476;270;19
476;271;19
476;272;19
476;273;19
476;274;19
476;275;19
476;276;19
476;277;19
476;278;19
476;279;19
476;280;19
476;281;19
476;282;19
476;283;19
476;284;4
476;285;4
476;286;4
476;287;4
476;288;4
476;289;4
476;290;4
476;291;4
476;292;4
476;293;4
476;294;4
476;295;4
476;296;4
476;297;4
476;298;4
476;299;4
476;300;4
476;301;4
476;302;4
476;303;4
476;304;4
476;305;4
476;306;4
476;307;4
476;308;4
476;309;4
476;310;4
476;311;4
476;312;4
476;313;4
476;314;4
476;315;4
476;316;4
476;317;4
476;318;4
476;319;4
476;320;4
476;321;4
476;322;4
476;323;4
476;324;4
476;325;4
476;326;4
476;327;4
476;328;4
476;329;4
476;330;4
476;331;46
476;332;46
476;333;46
476;334;46
476;335;46
476;336;46
476;337;46
476;338;46
476;339;46
476;340;46
476;341;46
476;342;46
476;343;46
476;344;46
476;345;46
476;346;46
476;347;46
476;348;46
476;349;46
476;350;46
476;351;46
476;352;46
476;353;46
476;354;46
476;355;46
476;356;46
476;357;46
476;358;46
476;359;46
476;360;46
476;361;46
476;362;46
476;363;46
476;364;46
476;365;46
476;366;46
476;367;46
476;368;46
476;369;37
476;370;37
476;371;37
476;372;37
476;373;37
476;374;37
476;375;37
476;376;37
476;377;37
476;378;37
476;379;37
476;380;37
476;381;37
476;382;37
476;383;37
476;384;37
476;385;37
476;386;37
476;387;37
476;388;37
476;389;37
476;390;30
476;391;30
476;392;43
476;393;43
476;394;43
476;395;43
476;396;43
476;397;43
476;398;43
476;399;43
476;400;43
476;401;43
476;402;43
476;403;43
476;404;43
476;405;43
476;406;43
476;407;43
476;408;43
476;409;43
476;410;43
476;411;43
476;412;43
476;413;43
476;414;43
476;415;43
476;416;43
476;417;43
476;418;43
476;419;43
476;420;43
476;421;43
476;422;43
476;423;43
476;424;9
476;425;9
476;426;9
476;427;9
476;428;9
476;429;22
476;430;22
476;431;22
476;432;22
476;433;22
476;434;22
476;435;22
476;436;22
476;437;22
476;438;14
476;439;14
476;440;14
476;441;14
476;442;14
476;443;14
476;444;14
476;445;14
476;446;9
476;447;9
476;448;9
476;449;9
476;450;9
476;451;9
476;452;9
476;453;9
476;454;9
476;455;9
476;456;9
476;457;9
476;458;9
476;459;9
476;460;9
476;461;9
476;462;9
476;463;9
476;464;7
476;465;7
476;466;7
476;467;7
476;468;7
476;469;7
476;470;7
476;471;7
476;472;7
476;473;7
476;474;7
476;475;7
476;476;7
476;477;7
476;478;7
476;479;7
476;480;7
476;481;7
476;482;7
476;483;7
476;484;7
476;485;7
476;486;7
476;487;7
476;488;7
476;489;7
476;490;7
476;491;7
476;492;7
476;493;7
476;494;7
476;495;7
476;496;7
476;497;7
476;498;7
476;499;7
477;0;46
477;1;46
477;2;46
477;3;46
477;4;46
477;5;46
477;6;46
477;7;46
477;8;46
477;9;46
477;10;46
477;11;46
477;12;15
477;13;15
477;14;15
477;15;15
477;16;15
477;17;15
477;18;15
477;19;15
477;20;15
477;21;15
477;22;15
477;23;15
477;24;15
477;25;15
477;26;15
477;27;15
477;28;15
477;29;15
477;30;15
477;31;15
477;32;15
477;33;15
477;34;15
477;35;15
477;36;15
477;37;15
477;38;15
477;39;40
477;40;40
477;41;40
477;42;40
477;43;40
477;44;40
477;45;47
477;46;47
477;47;47
477;48;47
477;49;47
477;50;47
477;51;47
477;52;47
477;53;47
477;54;47
477;55;47
477;56;47
477;57;47
477;58;47
477;59;47
477;60;47
477;61;47
477;62;47
477;63;47
477;64;47
477;65;47
477;66;47
477;67;47
477;68;47
477;69;39
477;70;39
477;71;39
477;72;39
477;73;39
477;74;39
477;75;39
477;76;39
477;77;39
477;78;39
477;79;39
477;80;39
477;81;39
477;82;39
477;83;39
477;84;39
477;85;39
477;86;39
477;87;39
477;88;39
477;89;39
477;90;39
477;91;39
477;92;39
477;93;39
477;94;39
477;95;39
477;96;39
477;97;39
477;98;39
477;99;39
477;100;39
477;101;39
477;102;39
477;103;39
477;104;39
477;105;39
477;106;39
477;107;39
477;108;39
477;109;39
477;110;39
477;111;39
477;112;39
477;113;39
477;114;39
477;115;11
477;116;11
477;117;11
477;118;11
477;119;11
477;120;11
477;121;11
477;122;11
477;123;11
477;124;11
477;125;11
477;126;11
477;127;11
477;128;11
477;129;11
477;130;11
477;131;11
477;132;11
477;133;11
477;134;38
477;135;38
477;136;38
477;137;38
477;138;38
477;139;38
477;140;38
477;141;38
477;142;38
477;143;38
477;144;38
477;145;38
477;146;38
477;147;38
477;148;38
477;149;38
477;150;38
477;151;38
477;152;38
477;153;38
477;154;38
477;155;40
477;156;40
477;157;40
477;158;40
477;159;40
477;160;40
477;161;40
477;162;17
477;163;17
477;164;17
477;165;17
477;166;17
477;167;17
477;168;42
477;169;42
477;170;42
477;171;42
477;172;42
477;173;42
477;174;42
477;175;42
477;176;42
477;177;42
477;178;42
477;179;42
477;180;42
477;181;42
477;182;42
477;183;42
477;184;42
477;185;42
477;186;42
477;187;42
477;188;42
477;189;42
477;190;42
477;191;42
477;192;42
477;193;42
477;194;42
477;195;42
477;196;42
477;197;42
477;198;42
477;199;42
477;200;44
477;201;44
477;202;44
477;203;44
477;204;44
477;205;44
477;206;44
477;207;44
477;208;44
477;209;44
477;210;44
477;211;44
477;212;44
477;213;44
477;214;44
477;215;44
477;216;44
477;217;44
477;218;44
477;219;44
477;220;44
477;221;44
477;222;44
477;223;44
477;224;44
477;225;44
477;226;44
477;227;33
477;228;33
477;229;33
477;230;33
477;231;33
477;232;33
477;233;33
477;234;33
477;235;33
477;236;33
477;237;33
477;238;33
477;239;33
477;240;33
477;241;33
477;242;33
477;243;33
477;244;49
477;245;49
477;246;49
477;247;49
477;248;49
477;249;49
477;250;49
477;251;19
477;252;19
477;253;19
477;254;19
477;255;19
477;256;19
477;257;19
477;258;19
477;259;19
477;260;19
477;261;19
477;262;19
477;263;19
477;264;19
477;265;19
477;266;19
477;267;19
477;268;19
477;269;19
477;270;19
477;271;19
477;272;19
477;273;19
477;274;19
477;275;19
477;276;19
477;277;19
477;278;19
477;279;19
477;280;19
477;281;19
477;282;19
477;283;19
477;284;4
477;285;4
477;286;4
477;287;4
477;288;4
477;289;4
477;290;4
477;291;4
477;292;4
477;293;4
477;294;4
477;295;4
477;296;4
477;297;4
477;298;4
477;299;4
477;300;4
477;301;4
477;302;4
477;303;4
477;304;4
477;305;4
477;306;4
477;307;4
477;308;4
477;309;4
477;310;4
477;311;4
477;312;4
477;313;4
477;314;4
477;315;4
477;316;4
477;317;4
477;318;4
477;319;4
477;320;4
477;321;4
477;322;4
477;323;4
477;324;4
477;325;4
477;326;4
477;327;4
477;328;4
477;329;4
477;330;4
477;331;4
477;332;46
477;333;46
477;334;46
477;335;46
477;336;46
477;337;46
477;338;46
477;339;46
477;340;46
477;341;46
477;342;46
477;343;46
477;344;46
477;345;46
477;346;46
477;347;46
477;348;46
477;349;46
477;350;46
477;351;46
477;352;46
477;353;46
477;354;46
477;355;46
477;356;46
477;357;46
477;358;46
477;359;46
477;360;46
477;361;46
477;362;46
477;363;46
477;364;46
477;365;46
477;366;46
477;367;46
477;368;37
477;369;37
477;370;37
477;371;37
477;372;37
477;373;37
477;374;37
477;375;37
477;376;37
477;377;37
477;378;37
477;379;37
477;380;37
477;381;37
477;382;37
477;383;37
477;384;37
477;385;37
477;386;37
477;387;37
477;388;37
477;389;37
477;390;37
477;391;37
477;392;43
477;393;43
477;394;43
477;395;43
477;396;43
477;397;43
477;398;43
477;399;43
477;400;43
477;401;43
477;402;43
477;403;43
477;404;43
477;405;43
477;406;43
477;407;43
477;408;43
477;409;43
477;410;43
477;411;43
477;412;43
477;413;43
477;414;43
477;415;43
477;416;43
477;417;43
477;418;43
477;419;43
477;420;43
477;421;43
477;422;43
477;423;43
477;424;43
477;425;9
477;426;9
477;427;9
477;428;9
477;429;9
477;430;22
477;431;22
477;432;22
477;433;22
477;434;22
477;435;22
477;436;22
477;437;14
477;438;14
477;439;14
477;440;14
477;441;14
477;442;14
477;443;14
477;444;14
477;445;14
477;446;14
477;447;14
477;448;9
477;449;9
477;450;9
477;451;9
477;452;9
477;453;9
477;454;9
477;455;9
477;456;9
477;457;9
477;458;9
477;459;9
477;460;9
477;461;9
477;462;9
477;463;9
477;464;7
477;465;7
477;466;7
477;467;7
477;468;7
477;469;7
477;470;7
477;471;7
477;472;7
477;473;7
477;474;7
477;475;7
477;476;7
477;477;7
477;478;7
477;479;7
477;480;7
477;481;7
477;482;7
477;483;7
477;484;7
477;485;7
477;486;7
477;487;7
477;488;7
477;489;7
477;490;7
477;491;7
477;492;7
477;493;7
477;494;7
477;495;7
477;496;7
477;497;7
477;498;7
477;499;7
478;0;46
478;1;46
478;2;46
478;3;46
478;4;46
478;5;46
478;6;46
478;7;46
478;8;46
478;9;46
478;10;46
478;11;46
478;12;46
478;13;15
478;14;15
478;15;15
478;16;15
478;17;15
478;18;15
478;19;15
478;20;15
478;21;15
478;22;15
478;23;15
478;24;15
478;25;15
478;26;15
478;27;15
478;28;15
478;29;15
478;30;15
478;31;15
478;32;15
478;33;15
478;34;15
478;35;15
478;36;15
478;37;15
478;38;40
478;39;40
478;40;40
478;41;40
478;42;40
478;43;40
478;44;40
478;45;40
478;46;47
478;47;47
478;48;47
478;49;47
478;50;47
478;51;47
478;52;47
478;53;47
478;54;47
478;55;47
478;56;47
478;57;47
478;58;47
478;59;47
478;60;47
478;61;47
478;62;47
478;63;47
478;64;47
478;65;47
478;66;47
478;67;47
478;68;47
478;69;39
478;70;39
478;71;39
478;72;39
478;73;39
478;74;39
478;75;39
478;76;39
478;77;39
478;78;39
478;79;39
478;80;39
478;81;39
478;82;39
478;83;39
478;84;39
478;85;39
478;86;39
478;87;39
478;88;39
478;89;39
478;90;39
478;91;39
478;92;39
478;93;39
478;94;39
478;95;39
478;96;39
478;97;39
478;98;39
478;99;39
478;100;39
478;101;39
478;102;39
478;103;39
478;104;39
478;105;39
478;106;39
478;107;39
478;108;39
478;109;39
478;110;39
478;111;39
478;112;39
478;113;39
478;114;39
478;115;11
478;116;11
478;117;11
478;118;11
478;119;11
478;120;11
478;121;11
478;122;11
478;123;11
478;124;11
478;125;11
478;126;11
478;127;11
478;128;11
478;129;11
478;130;11
478;131;11
478;132;11
478;133;11
478;134;11
478;135;11
478;136;38
478;137;38
478;138;38
478;139;38
478;140;38
478;141;38
478;142;38
478;143;38
478;144;38
478;145;38
478;146;38
478;147;38
478;148;38
478;149;38
478;150;38
478;151;38
478;152;38
478;153;38
478;154;50
478;155;40
478;156;40
478;157;40
478;158;40
478;159;40
478;160;40
478;161;40
478;162;40
478;163;40
478;164;17
478;165;17
478;166;17
478;167;17
478;168;42
478;169;42
478;170;42
478;171;42
478;172;42
478;173;42
478;174;42
478;175;42
478;176;42
478;177;42
478;178;42
478;179;42
478;180;42
478;181;42
478;182;42
478;183;42
478;184;42
478;185;42
478;186;42
478;187;42
478;188;42
478;189;42
478;190;42
478;191;42
478;192;42
478;193;42
478;194;42
478;195;42
478;196;42
478;197;42
478;198;42
478;199;42
478;200;42
478;201;44
478;202;44
478;203;44
478;204;44
478;205;44
478;206;44
478;207;44
478;208;44
478;209;44
478;210;44
478;211;44
478;212;44
478;213;44
478;214;44
478;215;44
478;216;44
478;217;44
478;218;44
478;219;44
478;220;44
478;221;44
478;222;44
478;223;44
478;224;44
478;225;44
478;226;44
478;227;33
478;228;33
478;229;33
478;230;33
478;231;33
478;232;33
478;233;33
478;234;33
478;235;33
478;236;33
478;237;33
478;238;33
478;239;33
478;240;33
478;241;33
478;242;33
478;243;33
478;244;33
478;245;49
478;246;49
478;247;49
478;248;49
478;249;49
478;250;49
478;251;49
478;252;49
478;253;49
478;254;49
478;255;49
478;256;49
478;257;49
478;258;34
478;259;34
478;260;19
478;261;19
478;262;19
478;263;19
478;264;19
478;265;19
478;266;19
478;267;19
478;268;19
478;269;19
478;270;19
478;271;19
478;272;19
478;273;19
478;274;19
478;275;19
478;276;19
478;277;19
478;278;19
478;279;19
478;280;19
478;281;19
478;282;19
478;283;19
478;284;4
478;285;4
478;286;4
478;287;4
478;288;4
478;289;4
478;290;4
478;291;4
478;292;4
478;293;4
478;294;4
478;295;4
478;296;4
478;297;4
478;298;4
478;299;4
478;300;4
478;301;4
478;302;4
478;303;4
478;304;4
478;305;4
478;306;4
478;307;4
478;308;4
478;309;4
478;310;4
478;311;4
478;312;4
478;313;4
478;314;4
478;315;4
478;316;4
478;317;4
478;318;4
478;319;4
478;320;4
478;321;4
478;322;4
478;323;4
478;324;4
478;325;4
478;326;4
478;327;4
478;328;4
478;329;4
478;330;4
478;331;4
478;332;4
478;333;46
478;334;46
478;335;46
478;336;46
478;337;46
478;338;46
478;339;46
478;340;46
478;341;46
478;342;46
478;343;46
478;344;46
478;345;46
478;346;46
478;347;46
478;348;46
478;349;46
478;350;46
478;351;46
478;352;46
478;353;46
478;354;46
478;355;46
478;356;46
478;357;46
478;358;46
478;359;46
478;360;46
478;361;46
478;362;46
478;363;46
478;364;46
478;365;46
478;366;46
478;367;37
478;368;37
478;369;37
478;370;37
478;371;37
478;372;37
478;373;37
478;374;37
478;375;37
478;376;37
478;377;37
478;378;37
478;379;37
478;380;37
478;381;37
478;382;37
478;383;37
478;384;37
478;385;37
478;386;37
478;387;37
478;388;37
478;389;37
478;390;37
478;391;37
478;392;37
478;393;43
478;394;43
478;395;43
478;396;43
478;397;43
478;398;43
478;399;43
478;400;43
478;401;43
478;402;43
478;403;43
478;404;43
478;405;43
478;406;43
478;407;43
478;408;43
478;409;43
478;410;43
478;411;43
478;412;43
478;413;43
478;414;43
478;415;43
478;416;43
478;417;43
478;418;43
478;419;43
478;420;43
478;421;43
478;422;43
478;423;43
478;424;43
478;425;43
478;426;9
478;427;9
478;428;9
478;429;9
478;430;9
478;431;22
478;432;22
478;433;22
478;434;22
478;435;22
478;436;14
478;437;14
478;438;14
478;439;14
478;440;14
478;441;14
478;442;14
478;443;14
478;444;14
478;445;14
478;446;14
478;447;14
478;448;14
478;449;14
478;450;9
478;451;9
478;452;9
478;453;9
478;454;9
478;455;9
478;456;9
478;457;9
478;458;9
478;459;9
478;460;9
478;461;9
478;462;9
478;463;9
478;464;7
478;465;7
478;466;7
478;467;7
478;468;7
478;469;7
478;470;7
478;471;7
478;472;7
478;473;7
478;474;7
478;475;7
478;476;7
478;477;7
478;478;7
478;479;7
478;480;7
478;481;7
478;482;7
478;483;7
478;484;7
478;485;7
478;486;7
478;487;7
478;488;7
478;489;7
478;490;7
478;491;7
478;492;7
478;493;7
478;494;7
478;495;7
478;496;7
478;497;7
478;498;7
478;499;7
479;0;46
479;1;46
479;2;46
479;3;46
479;4;46
479;5;46
479;6;46
479;7;46
479;8;46
479;9;46
479;10;46
479;11;46
479;12;46
479;13;46
479;14;15
479;15;15
479;16;15
479;17;15
479;18;15
479;19;15
479;20;15
479;21;15
479;22;15
479;23;15
479;24;15
479;25;15
479;26;15
479;27;15
479;28;15
479;29;15
479;30;15
479;31;15
479;32;15
479;33;15
479;34;15
479;35;15
479;36;15
479;37;40
479;38;40
479;39;40
479;40;40
479;41;40
479;42;40
479;43;40
479;44;40
479;45;40
479;46;40
479;47;47
479;48;47
479;49;47
479;50;47
479;51;47
479;52;47
479;53;47
479;54;47
479;55;47
479;56;47
479;57;47
479;58;47
479;59;47
479;60;47
479;61;47
479;62;47
479;63;47
479;64;47
479;65;47
479;66;47
479;67;47
479;68;6
479;69;6
479;70;6
479;71;39
479;72;39
479;73;39
479;74;39
479;75;39
479;76;39
479;77;39
479;78;39
479;79;39
479;80;39
479;81;39
479;82;39
479;83;39
479;84;39
479;85;39
479;86;39
479;87;39
479;88;39
479;89;39
479;90;39
479;91;39
479;92;39
479;93;39
479;94;39
479;95;39
479;96;39
479;97;39
479;98;39
479;99;39
479;100;39
479;101;39
479;102;39
479;103;39
479;104;39
479;105;39
479;106;39
479;107;39
479;108;39
479;109;39
479;110;39
479;111;39
479;112;39
479;113;39
479;114;39
479;115;11
479;116;11
479;117;11
479;118;11
479;119;11
479;120;11
479;121;11
479;122;11
479;123;11
479;124;11
479;125;11
479;126;11
479;127;11
479;128;11
479;129;11
479;130;11
479;131;11
479;132;11
479;133;11
479;134;11
479;135;11
479;136;11
479;137;11
479;138;50
479;139;50
479;140;50
479;141;50
479;142;50
479;143;50
479;144;50
479;145;50
479;146;50
479;147;50
479;148;50
479;149;50
479;150;50
479;151;50
479;152;50
479;153;50
479;154;50
479;155;40
479;156;40
479;157;40
479;158;40
479;159;40
479;160;40
479;161;40
479;162;40
479;163;40
479;164;40
479;165;40
479;166;17
479;167;17
479;168;42
479;169;42
479;170;42
479;171;42
479;172;42
479;173;42
479;174;42
479;175;42
479;176;42
479;177;42
479;178;42
479;179;42
479;180;42
479;181;42
479;182;42
479;183;42
479;184;42
479;185;42
479;186;42
479;187;42
479;188;42
479;189;42
479;190;42
479;191;42
479;192;42
479;193;42
479;194;42
479;195;42
479;196;42
479;197;42
479;198;42
479;199;42
479;200;42
479;201;44
479;202;44
479;203;44
479;204;44
479;205;44
479;206;44
479;207;44
479;208;44
479;209;44
479;210;44
479;211;44
479;212;44
479;213;44
479;214;44
479;215;44
479;216;44
479;217;44
479;218;44
479;219;44
479;220;44
479;221;44
479;222;44
479;223;44
479;224;44
479;225;44
479;226;44
479;227;33
479;228;33
479;229;33
479;230;33
479;231;33
479;232;33
479;233;33
479;234;33
479;235;33
479;236;33
479;237;33
479;238;33
479;239;33
479;240;33
479;241;33
479;242;33
479;243;33
479;244;33
479;245;33
479;246;49
479;247;49
479;248;49
479;249;49
479;250;49
479;251;49
479;252;49
479;253;49
479;254;49
479;255;49
479;256;49
479;257;49
479;258;34
479;259;34
479;260;34
479;261;34
479;262;19
479;263;19
479;264;19
479;265;19
479;266;19
479;267;19
479;268;19
479;269;19
479;270;19
479;271;19
479;272;19
479;273;19
479;274;19
479;275;19
479;276;19
479;277;19
479;278;19
479;279;19
479;280;19
479;281;19
479;282;19
479;283;19
479;284;4
479;285;4
479;286;4
479;287;4
479;288;4
479;289;4
479;290;4
479;291;4
479;292;4
479;293;4
479;294;4
479;295;4
479;296;4
479;297;4
479;298;4
479;299;4
479;300;4
479;301;4
479;302;4
479;303;4
479;304;4
479;305;4
479;306;4
479;307;4
479;308;4
479;309;4
479;310;4
479;311;4
479;312;4
479;313;4
479;314;4
479;315;4
479;316;4
479;317;4
479;318;4
479;319;4
479;320;4
479;321;4
479;322;4
479;323;4
479;324;4
479;325;4
479;326;4
479;327;4
479;328;4
479;329;4
479;330;4
479;331;4
479;332;4
479;333;4
479;334;46
479;335;46
479;336;46
479;337;46
479;338;46
479;339;46
479;340;46
479;341;46
479;342;46
479;343;46
479;344;46
479;345;46
479;346;46
479;347;46
479;348;46
479;349;46
479;350;46
479;351;46
479;352;46
479;353;46
479;354;46
479;355;46
479;356;46
479;357;46
479;358;46
479;359;46
479;360;46
479;361;46
479;362;46
479;363;46
479;364;46
479;365;46
479;366;37
479;367;37
479;368;37
479;369;37
479;370;37
479;371;37
479;372;37
479;373;37
479;374;37
479;375;37
479;376;37
479;377;37
479;378;37
479;379;37
479;380;37
479;381;37
479;382;37
479;383;37
479;384;37
479;385;37
479;386;37
479;387;37
479;388;37
479;389;37
479;390;37
479;391;37
479;392;37
479;393;37
479;394;43
479;395;43
479;396;43
479;397;43
479;398;43
479;399;43
479;400;43
479;401;43
479;402;43
479;403;43
479;404;43
479;405;43
479;406;43
479;407;43
479;408;43
479;409;43
479;410;43
479;411;43
479;412;43
479;413;43
479;414;43
479;415;43
479;416;43
479;417;43
479;418;43
479;419;43
479;420;43
479;421;43
479;422;43
479;423;43
479;424;43
479;425;43
479;426;43
479;427;9
479;428;9
479;429;9
479;430;14
479;431;14
479;432;14
479;433;14
479;434;14
479;435;14
479;436;14
479;437;14
479;438;14
479;439;14
479;440;14
479;441;14
479;442;14
479;443;14
479;444;14
479;445;14
479;446;14
479;447;14
479;448;14
479;449;14
479;450;14
479;451;14
479;452;9
479;453;9
479;454;9
479;455;9
479;456;9
479;457;9
479;458;9
479;459;9
479;460;9
479;461;9
479;462;9
479;463;9
479;464;7
479;465;7
479;466;7
479;467;7
479;468;7
479;469;7
479;470;7
479;471;7
479;472;7
479;473;7
479;474;7
479;475;7
479;476;7
479;477;7
479;478;7
479;479;7
479;480;7
479;481;7
479;482;7
479;483;7
479;484;7
479;485;7
479;486;7
479;487;7
479;488;7
479;489;7
479;490;7
479;491;7
479;492;7
479;493;7
479;494;7
479;495;7
479;496;7
479;497;7
479;498;7
479;499;7
480;0;46
480;1;46
480;2;46
480;3;46
480;4;46
480;5;46
480;6;46
480;7;46
480;8;46
480;9;46
480;10;46
480;11;46
480;12;46
480;13;46
480;14;46
480;15;15
480;16;15
480;17;15
480;18;15
480;19;15
480;20;15
480;21;15
480;22;15
480;23;15
480;24;15
480;25;15
480;26;15
480;27;15
480;28;40
480;29;40
480;30;40
480;31;40
480;32;40
480;33;40
480;34;40
480;35;40
480;36;40
480;37;40
480;38;40
480;39;40
480;40;40
480;41;40
480;42;40
480;43;40
480;44;40
480;45;40
480;46;40
480;47;40
480;48;47
480;49;47
480;50;47
480;51;47
480;52;47
480;53;47
480;54;6
480;55;6
480;56;6
480;57;6
480;58;6
480;59;6
480;60;6
480;61;6
480;62;6
480;63;6
480;64;6
480;65;6
480;66;6
480;67;6
480;68;6
480;69;6
480;70;6
480;71;6
480;72;6
480;73;39
480;74;39
480;75;39
480;76;39
480;77;39
480;78;39
480;79;39
480;80;39
480;81;39
480;82;39
480;83;39
480;84;39
480;85;39
480;86;39
480;87;39
480;88;39
480;89;39
480;90;39
480;91;39
480;92;39
480;93;39
480;94;39
480;95;39
480;96;39
480;97;39
480;98;39
480;99;39
480;100;39
480;101;39
480;102;39
480;103;39
480;104;39
480;105;39
480;106;39
480;107;39
480;108;39
480;109;39
480;110;39
480;111;39
480;112;39
480;113;39
480;114;39
480;115;11
480;116;11
480;117;11
480;118;11
480;119;11
480;120;11
480;121;11
480;122;11
480;123;11
480;124;11
480;125;11
480;126;11
480;127;11
480;128;11
480;129;11
480;130;11
480;131;11
480;132;11
480;133;11
480;134;11
480;135;11
480;136;11
480;137;11
480;138;11
480;139;50
480;140;50
480;141;50
480;142;50
480;143;50
480;144;50
480;145;50
480;146;50
480;147;50
480;148;50
480;149;50
480;150;50
480;151;50
480;152;50
480;153;50
480;154;50
480;155;40
480;156;40
480;157;40
480;158;40
480;159;40
480;160;40
480;161;40
480;162;40
480;163;40
480;164;40
480;165;40
480;166;40
480;167;40
480;168;42
480;169;42
480;170;42
480;171;42
480;172;42
480;173;42
480;174;42
480;175;42
480;176;42
480;177;42
480;178;42
480;179;42
480;180;42
480;181;42
480;182;42
480;183;42
480;184;42
480;185;42
480;186;42
480;187;42
480;188;42
480;189;42
480;190;42
480;191;42
480;192;42
480;193;42
480;194;42
480;195;42
480;196;42
480;197;42
480;198;42
480;199;42
480;200;42
480;201;42
480;202;44
480;203;44
480;204;44
480;205;44
480;206;44
480;207;44
480;208;44
480;209;44
480;210;44
480;211;44
480;212;44
480;213;44
480;214;44
480;215;44
480;216;44
480;217;44
480;218;44
480;219;44
480;220;44
480;221;44
480;222;44
480;223;44
480;224;44
480;225;44
480;226;44
480;227;33
480;228;33
480;229;33
480;230;33
480;231;33
480;232;33
480;233;33
480;234;33
480;235;33
480;236;33
480;237;33
480;238;33
480;239;33
480;240;33
480;241;33
480;242;33
480;243;33
480;244;33
480;245;33
480;246;33
480;247;49
480;248;49
480;249;49
480;250;49
480;251;49
480;252;49
480;253;49
480;254;49
480;255;49
480;256;49
480;257;49
480;258;34
480;259;34
480;260;34
480;261;34
480;262;34
480;263;34
480;264;19
480;265;19
480;266;19
480;267;19
480;268;19
480;269;19
480;270;19
480;271;19
480;272;19
480;273;19
480;274;19
480;275;19
480;276;19
480;277;19
480;278;19
480;279;19
480;280;19
480;281;19
480;282;19
480;283;19
480;284;19
480;285;4
480;286;4
480;287;4
480;288;4
480;289;4
480;290;4
480;291;4
480;292;4
480;293;4
480;294;4
480;295;4
480;296;4
480;297;4
480;298;4
480;299;4
480;300;4
480;301;4
480;302;4
480;303;4
480;304;4
480;305;4
480;306;4
480;307;4
480;308;4
480;309;4
480;310;4
480;311;4
480;312;4
480;313;4
480;314;4
480;315;4
480;316;4
480;317;4
480;318;4
480;319;4
480;320;4
480;321;4
480;322;4
480;323;4
480;324;4
480;325;4
480;326;4
480;327;4
480;328;4
480;329;4
480;330;4
480;331;4
480;332;4
480;333;4
480;334;4
480;335;46
480;336;46
480;337;46
480;338;46
480;339;46
480;340;46
480;341;46
480;342;46
480;343;46
480;344;46
480;345;46
480;346;46
480;347;46
480;348;46
480;349;46
480;350;46
480;351;46
480;352;46
480;353;46
480;354;46
480;355;46
480;356;46
480;357;46
480;358;46
480;359;46
480;360;46
480;361;46
480;362;46
480;363;46
480;364;46
480;365;46
480;366;37
480;367;37
480;368;37
480;369;37
480;370;37
480;371;37
480;372;37
480;373;37
480;374;37
480;375;37
480;376;37
480;377;37
480;378;37
480;379;37
480;380;37
480;381;37
480;382;37
480;383;37
480;384;37
480;385;37
480;386;37
480;387;37
480;388;37
480;389;37
480;390;37
480;391;37
480;392;37
480;393;37
480;394;37
480;395;43
480;396;43
480;397;43
480;398;43
480;399;43
480;400;43
480;401;43
480;402;43
480;403;43
480;404;43
480;405;43
480;406;43
480;407;43
480;408;43
480;409;43
480;410;43
480;411;43
480;412;43
480;413;43
480;414;43
480;415;43
480;416;43
480;417;43
480;418;43
480;419;43
480;420;43
480;421;43
480;422;43
480;423;43
480;424;43
480;425;43
480;426;43
480;427;43
480;428;14
480;429;14
480;430;14
480;431;14
480;432;14
480;433;14
480;434;14
480;435;14
480;436;14
480;437;14
480;438;14
480;439;14
480;440;14
480;441;14
480;442;14
480;443;14
480;444;14
480;445;14
480;446;14
480;447;14
480;448;14
480;449;14
480;450;14
480;451;14
480;452;14
480;453;14
480;454;9
480;455;9
480;456;9
480;457;9
480;458;9
480;459;9
480;460;9
480;461;9
480;462;9
480;463;9
480;464;7
480;465;7
480;466;7
480;467;7
480;468;7
480;469;7
480;470;7
480;471;7
480;472;7
480;473;7
480;474;7
480;475;7
480;476;7
480;477;7
480;478;7
480;479;7
480;480;7
480;481;7
480;482;7
480;483;7
480;484;7
480;485;7
480;486;7
480;487;7
480;488;7
480;489;7
480;490;7
480;491;7
480;492;7
480;493;7
480;494;7
480;495;7
480;496;7
480;497;7
480;498;7
480;499;7
481;0;46
481;1;46
481;2;46
481;3;46
481;4;46
481;5;46
481;6;46
481;7;46
481;8;46
481;9;46
481;10;46
481;11;46
481;12;46
481;13;46
481;14;46
481;15;46
481;16;15
481;17;15
481;18;15
481;19;15
481;20;15
481;21;15
481;22;15
481;23;15
481;24;15
481;25;15
481;26;15
481;27;40
481;28;40
481;29;40
481;30;40
481;31;40
481;32;40
481;33;40
481;34;40
481;35;40
481;36;40
481;37;40
481;38;40
481;39;40
481;40;40
481;41;40
481;42;40
481;43;40
481;44;40
481;45;40
481;46;40
481;47;40
481;48;40
481;49;40
481;50;47
481;51;47
481;52;47
481;53;6
481;54;6
481;55;6
481;56;6
481;57;6
481;58;6
481;59;6
481;60;6
481;61;6
481;62;6
481;63;6
481;64;6
481;65;6
481;66;6
481;67;6
481;68;6
481;69;6
481;70;6
481;71;6
481;72;6
481;73;6
481;74;39
481;75;39
481;76;39
481;77;39
481;78;39
481;79;39
481;80;39
481;81;39
481;82;39
481;83;39
481;84;39
481;85;39
481;86;39
481;87;39
481;88;39
481;89;39
481;90;39
481;91;39
481;92;39
481;93;39
481;94;39
481;95;39
481;96;39
481;97;39
481;98;39
481;99;39
481;100;39
481;101;39
481;102;39
481;103;39
481;104;39
481;105;39
481;106;39
481;107;39
481;108;39
481;109;39
481;110;39
481;111;39
481;112;39
481;113;39
481;114;39
481;115;11
481;116;11
481;117;11
481;118;11
481;119;11
481;120;11
481;121;11
481;122;11
481;123;11
481;124;11
481;125;11
481;126;11
481;127;11
481;128;11
481;129;11
481;130;11
481;131;11
481;132;11
481;133;11
481;134;11
481;135;11
481;136;11
481;137;11
481;138;11
481;139;11
481;140;50
481;141;50
481;142;50
481;143;50
481;144;50
481;145;50
481;146;50
481;147;50
481;148;50
481;149;50
481;150;50
481;151;50
481;152;50
481;153;50
481;154;50
481;155;40
481;156;40
481;157;40
481;158;40
481;159;40
481;160;40
481;161;40
481;162;40
481;163;40
481;164;40
481;165;40
481;166;40
481;167;40
481;168;40
481;169;42
481;170;42
481;171;42
481;172;42
481;173;42
481;174;42
481;175;42
481;176;42
481;177;42
481;178;42
481;179;42
481;180;42
481;181;42
481;182;42
481;183;42
481;184;42
481;185;42
481;186;42
481;187;42
481;188;42
481;189;42
481;190;42
481;191;42
481;192;42
481;193;42
481;194;42
481;195;42
481;196;42
481;197;42
481;198;42
481;199;42
481;200;42
481;201;42
481;202;44
481;203;44
481;204;44
481;205;44
481;206;44
481;207;44
481;208;44
481;209;44
481;210;44
481;211;44
481;212;44
481;213;44
481;214;44
481;215;44
481;216;44
481;217;44
481;218;44
481;219;44
481;220;44
481;221;44
481;222;44
481;223;44
481;224;44
481;225;44
481;226;44
481;227;33
481;228;33
481;229;33
481;230;33
481;231;33
481;232;33
481;233;33
481;234;33
481;235;33
481;236;33
481;237;33
481;238;33
481;239;33
481;240;33
481;241;33
481;242;33
481;243;33
481;244;33
481;245;33
481;246;33
481;247;49
481;248;49
481;249;49
481;250;49
481;251;49
481;252;49
481;253;49
481;254;49
481;255;49
481;256;49
481;257;49
481;258;34
481;259;34
481;260;34
481;261;34
481;262;34
481;263;34
481;264;34
481;265;34
481;266;19
481;267;19
481;268;19
481;269;19
481;270;19
481;271;19
481;272;19
481;273;19
481;274;19
481;275;19
481;276;19
481;277;19
481;278;19
481;279;19
481;280;19
481;281;19
481;282;19
481;283;19
481;284;19
481;285;4
481;286;4
481;287;4
481;288;4
481;289;4
481;290;4
481;291;4
481;292;4
481;293;4
481;294;4
481;295;4
481;296;4
481;297;4
481;298;4
481;299;4
481;300;4
481;301;4
481;302;4
481;303;4
481;304;4
481;305;4
481;306;4
481;307;4
481;308;4
481;309;4
481;310;4
481;311;4
481;312;4
481;313;4
481;314;4
481;315;4
481;316;4
481;317;4
481;318;4
481;319;4
481;320;4
481;321;4
481;322;4
481;323;4
481;324;4
481;325;4
481;326;4
481;327;4
481;328;4
481;329;4
481;330;4
481;331;4
481;332;4
481;333;4
481;334;4
481;335;46
481;336;46
481;337;46
481;338;46
481;339;46
481;340;46
481;341;46
481;342;46
481;343;46
481;344;46
481;345;46
481;346;46
481;347;46
481;348;46
481;349;46
481;350;46
481;351;46
481;352;46
481;353;46
481;354;46
481;355;46
481;356;46
481;357;46
481;358;46
481;359;46
481;360;46
481;361;46
481;362;46
481;363;46
481;364;46
481;365;46
481;366;37
481;367;37
481;368;37
481;369;37
481;370;37
481;371;37
481;372;37
481;373;37
481;374;37
481;375;37
481;376;37
481;377;37
481;378;37
481;379;37
481;380;37
481;381;37
481;382;37
481;383;37
481;384;37
481;385;37
481;386;37
481;387;37
481;388;37
481;389;37
481;390;37
481;391;37
481;392;37
481;393;37
481;394;37
481;395;37
481;396;43
481;397;43
481;398;43
481;399;43
481;400;43
481;401;43
481;402;43
481;403;43
481;404;43
481;405;43
481;406;43
481;407;43
481;408;43
481;409;43
481;410;43
481;411;43
481;412;43
481;413;43
481;414;43
481;415;43
481;416;43
481;417;43
481;418;43
481;419;43
481;420;43
481;421;43
481;422;43
481;423;43
481;424;43
481;425;43
481;426;43
481;427;43
481;428;14
481;429;14
481;430;14
481;431;14
481;432;14
481;433;14
481;434;14
481;435;14
481;436;14
481;437;14
481;438;14
481;439;14
481;440;14
481;441;14
481;442;14
481;443;14
481;444;14
481;445;14
481;446;14
481;447;14
481;448;14
481;449;14
481;450;14
481;451;14
481;452;14
481;453;14
481;454;14
481;455;14
481;456;14
481;457;14
481;458;14
481;459;14
481;460;14
481;461;14
481;462;14
481;463;14
481;464;7
481;465;7
481;466;7
481;467;7
481;468;7
481;469;7
481;470;7
481;471;7
481;472;7
481;473;7
481;474;7
481;475;7
481;476;7
481;477;7
481;478;7
481;479;7
481;480;7
481;481;7
481;482;7
481;483;7
481;484;7
481;485;7
481;486;7
481;487;7
481;488;7
481;489;7
481;490;7
481;491;7
481;492;7
481;493;7
481;494;7
481;495;7
481;496;7
481;497;7
481;498;7
481;499;7
482;0;46
482;1;46
482;2;46
482;3;46
482;4;46
482;5;46
482;6;46
482;7;46
482;8;46
482;9;46
482;10;46
482;11;46
482;12;46
482;13;46
482;14;46
482;15;46
482;16;46
482;17;15
482;18;15
482;19;15
482;20;15
482;21;15
482;22;15
482;23;15
482;24;15
482;25;15
482;26;40
482;27;40
482;28;40
482;29;40
482;30;40
482;31;40
482;32;40
482;33;40
482;34;40
482;35;40
482;36;40
482;37;40
482;38;40
482;39;40
482;40;40
482;41;40
482;42;40
482;43;40
482;44;40
482;45;40
482;46;40
482;47;40
482;48;40
482;49;40
482;50;40
482;51;40
482;52;6
482;53;6
482;54;6
482;55;6
482;56;6
482;57;6
482;58;6
482;59;6
482;60;6
482;61;6
482;62;6
482;63;6
482;64;6
482;65;6
482;66;6
482;67;6
482;68;6
482;69;6
482;70;6
482;71;6
482;72;6
482;73;6
482;74;6
482;75;39
482;76;39
482;77;39
482;78;39
482;79;39
482;80;39
482;81;39
482;82;39
482;83;39
482;84;39
482;85;39
482;86;39
482;87;39
482;88;39
482;89;39
482;90;39
482;91;39
482;92;39
482;93;39
482;94;39
482;95;39
482;96;39
482;97;39
482;98;39
482;99;39
482;100;39
482;101;39
482;102;39
482;103;39
482;104;39
482;105;39
482;106;39
482;107;39
482;108;39
482;109;39
482;110;39
482;111;39
482;112;39
482;113;39
482;114;39
482;115;11
482;116;11
482;117;11
482;118;11
482;119;11
482;120;11
482;121;11
482;122;11
482;123;11
482;124;11
482;125;11
482;126;11
482;127;11
482;128;11
482;129;11
482;130;11
482;131;11
482;132;11
482;133;11
482;134;11
482;135;11
482;136;11
482;137;11
482;138;11
482;139;11
482;140;11
482;141;50
482;142;50
482;143;50
482;144;50
482;145;50
482;146;50
482;147;50
482;148;50
482;149;50
482;150;50
482;151;50
482;152;50
482;153;50
482;154;50
482;155;40
482;156;40
482;157;40
482;158;40
482;159;40
482;160;40
482;161;40
482;162;40
482;163;40
482;164;40
482;165;40
482;166;40
482;167;40
482;168;40
482;169;40
482;170;42
482;171;42
482;172;42
482;173;42
482;174;42
482;175;42
482;176;42
482;177;42
482;178;42
482;179;42
482;180;42
482;181;42
482;182;42
482;183;42
482;184;42
482;185;42
482;186;42
482;187;42
482;188;42
482;189;42
482;190;42
482;191;42
482;192;42
482;193;42
482;194;42
482;195;42
482;196;42
482;197;42
482;198;42
482;199;42
482;200;42
482;201;42
482;202;42
482;203;44
482;204;44
482;205;44
482;206;44
482;207;44
482;208;44
482;209;44
482;210;44
482;211;44
482;212;44
482;213;44
482;214;44
482;215;44
482;216;44
482;217;44
482;218;44
482;219;44
482;220;44
482;221;44
482;222;44
482;223;44
482;224;44
482;225;44
482;226;44
482;227;33
482;228;33
482;229;33
482;230;33
482;231;33
482;232;33
482;233;33
482;234;33
482;235;33
482;236;33
482;237;33
482;238;33
482;239;33
482;240;33
482;241;33
482;242;33
482;243;33
482;244;33
482;245;33
482;246;33
482;247;33
482;248;49
482;249;49
482;250;49
482;251;49
482;252;49
482;253;49
482;254;49
482;255;49
482;256;49
482;257;49
482;258;34
482;259;34
482;260;34
482;261;34
482;262;34
482;263;34
482;264;34
482;265;34
482;266;34
482;267;34
482;268;34
482;269;34
482;270;34
482;271;34
482;272;34
482;273;34
482;274;34
482;275;34
482;276;34
482;277;34
482;278;34
482;279;34
482;280;34
482;281;34
482;282;34
482;283;34
482;284;34
482;285;34
482;286;4
482;287;4
482;288;4
482;289;4
482;290;4
482;291;4
482;292;4
482;293;4
482;294;4
482;295;4
482;296;4
482;297;4
482;298;4
482;299;4
482;300;4
482;301;4
482;302;4
482;303;4
482;304;4
482;305;4
482;306;4
482;307;4
482;308;4
482;309;4
482;310;4
482;311;4
482;312;4
482;313;4
482;314;4
482;315;4
482;316;4
482;317;4
482;318;4
482;319;4
482;320;4
482;321;4
482;322;4
482;323;4
482;324;4
482;325;4
482;326;4
482;327;4
482;328;4
482;329;4
482;330;4
482;331;4
482;332;4
482;333;4
482;334;4
482;335;4
482;336;46
482;337;46
482;338;46
482;339;46
482;340;46
482;341;46
482;342;46
482;343;46
482;344;46
482;345;46
482;346;46
482;347;46
482;348;46
482;349;46
482;350;46
482;351;46
482;352;46
482;353;46
482;354;46
482;355;46
482;356;46
482;357;46
482;358;46
482;359;46
482;360;46
482;361;46
482;362;46
482;363;46
482;364;46
482;365;46
482;366;37
482;367;37
482;368;37
482;369;37
482;370;37
482;371;37
482;372;37
482;373;37
482;374;37
482;375;37
482;376;37
482;377;37
482;378;37
482;379;37
482;380;37
482;381;37
482;382;37
482;383;37
482;384;37
482;385;37
482;386;37
482;387;37
482;388;37
482;389;37
482;390;37
482;391;37
482;392;37
482;393;37
482;394;37
482;395;37
482;396;37
482;397;43
482;398;43
482;399;43
482;400;43
482;401;43
482;402;43
482;403;43
482;404;43
482;405;43
482;406;43
482;407;43
482;408;43
482;409;43
482;410;43
482;411;43
482;412;43
482;413;43
482;414;43
482;415;43
482;416;43
482;417;43
482;418;43
482;419;43
482;420;43
482;421;43
482;422;43
482;423;43
482;424;43
482;425;43
482;426;43
482;427;43
482;428;14
482;429;14
482;430;14
482;431;14
482;432;14
482;433;14
482;434;14
482;435;14
482;436;14
482;437;14
482;438;14
482;439;14
482;440;14
482;441;14
482;442;14
482;443;14
482;444;14
482;445;14
482;446;14
482;447;14
482;448;14
482;449;14
482;450;14
482;451;14
482;452;14
482;453;14
482;454;14
482;455;14
482;456;14
482;457;14
482;458;14
482;459;14
482;460;14
482;461;14
482;462;14
482;463;14
482;464;7
482;465;7
482;466;7
482;467;7
482;468;7
482;469;7
482;470;7
482;471;7
482;472;7
482;473;7
482;474;7
482;475;7
482;476;7
482;477;7
482;478;7
482;479;7
482;480;7
482;481;7
482;482;7
482;483;7
482;484;7
482;485;7
482;486;7
482;487;7
482;488;7
482;489;7
482;490;7
482;491;7
482;492;7
482;493;7
482;494;7
482;495;7
482;496;7
482;497;7
482;498;7
482;499;7
483;0;46
483;1;46
483;2;46
483;3;46
483;4;46
483;5;46
483;6;46
483;7;46
483;8;46
483;9;46
483;10;46
483;11;46
483;12;46
483;13;46
483;14;46
483;15;46
483;16;46
483;17;46
483;18;15
483;19;15
483;20;15
483;21;15
483;22;15
483;23;15
483;24;15
483;25;40
483;26;40
483;27;40
483;28;40
483;29;40
483;30;40
483;31;40
483;32;40
483;33;40
483;34;40
483;35;40
483;36;40
483;37;40
483;38;40
483;39;40
483;40;40
483;41;40
483;42;40
483;43;40
483;44;40
483;45;40
483;46;40
483;47;40
483;48;40
483;49;40
483;50;40
483;51;40
483;52;40
483;53;6
483;54;6
483;55;6
483;56;6
483;57;6
483;58;6
483;59;6
483;60;6
483;61;6
483;62;6
483;63;6
483;64;6
483;65;6
483;66;6
483;67;6
483;68;6
483;69;6
483;70;6
483;71;6
483;72;6
483;73;6
483;74;6
483;75;6
483;76;39
483;77;39
483;78;39
483;79;39
483;80;39
483;81;39
483;82;39
483;83;39
483;84;39
483;85;39
483;86;39
483;87;39
483;88;39
483;89;39
483;90;39
483;91;39
483;92;39
483;93;39
483;94;39
483;95;39
483;96;39
483;97;39
483;98;39
483;99;39
483;100;39
483;101;39
483;102;39
483;103;39
483;104;39
483;105;39
483;106;39
483;107;39
483;108;39
483;109;39
483;110;39
483;111;39
483;112;39
483;113;39
483;114;39
483;115;11
483;116;11
483;117;11
483;118;11
483;119;11
483;120;11
483;121;11
483;122;11
483;123;11
483;124;11
483;125;11
483;126;11
483;127;11
483;128;11
483;129;11
483;130;11
483;131;11
483;132;11
483;133;11
483;134;11
483;135;11
483;136;11
483;137;11
483;138;11
483;139;11
483;140;11
483;141;11
483;142;50
483;143;50
483;144;50
483;145;50
483;146;50
483;147;50
483;148;50
483;149;50
483;150;50
483;151;50
483;152;50
483;153;50
483;154;50
483;155;40
483;156;40
483;157;40
483;158;40
483;159;40
483;160;40
483;161;40
483;162;40
483;163;40
483;164;40
483;165;40
483;166;40
483;167;40
483;168;40
483;169;40
483;170;40
483;171;42
483;172;42
483;173;42
483;174;42
483;175;42
483;176;42
483;177;42
483;178;42
483;179;42
483;180;42
483;181;42
483;182;42
483;183;42
483;184;42
483;185;42
483;186;42
483;187;42
483;188;42
483;189;42
483;190;42
483;191;42
483;192;42
483;193;42
483;194;42
483;195;42
483;196;42
483;197;42
483;198;42
483;199;42
483;200;42
483;201;42
483;202;42
483;203;44
483;204;44
483;205;44
483;206;44
483;207;44
483;208;44
483;209;44
483;210;44
483;211;44
483;212;44
483;213;44
483;214;44
483;215;44
483;216;44
483;217;44
483;218;44
483;219;44
483;220;44
483;221;44
483;222;44
483;223;44
483;224;44
483;225;44
483;226;44
483;227;33
483;228;33
483;229;33
483;230;33
483;231;33
483;232;33
483;233;33
483;234;33
483;235;33
483;236;33
483;237;33
483;238;33
483;239;33
483;240;33
483;241;33
483;242;33
483;243;33
483;244;33
483;245;33
483;246;33
483;247;33
483;248;49
483;249;49
483;250;49
483;251;49
483;252;49
483;253;49
483;254;49
483;255;49
483;256;49
483;257;49
483;258;34
483;259;34
483;260;34
483;261;34
483;262;34
483;263;34
483;264;34
483;265;34
483;266;34
483;267;34
483;268;34
483;269;34
483;270;34
483;271;34
483;272;34
483;273;34
483;274;34
483;275;34
483;276;34
483;277;34
483;278;34
483;279;34
483;280;34
483;281;34
483;282;34
483;283;34
483;284;34
483;285;34
483;286;34
483;287;4
483;288;4
483;289;4
483;290;4
483;291;4
483;292;4
483;293;4
483;294;4
483;295;4
483;296;4
483;297;4
483;298;4
483;299;4
483;300;4
483;301;4
483;302;4
483;303;4
483;304;4
483;305;4
483;306;4
483;307;4
483;308;4
483;309;4
483;310;4
483;311;4
483;312;4
483;313;4
483;314;4
483;315;4
483;316;4
483;317;4
483;318;4
483;319;4
483;320;4
483;321;4
483;322;4
483;323;4
483;324;4
483;325;4
483;326;4
483;327;4
483;328;4
483;329;4
483;330;4
483;331;4
483;332;4
483;333;4
483;334;4
483;335;4
483;336;46
483;337;46
483;338;46
483;339;46
483;340;46
483;341;46
483;342;46
483;343;46
483;344;46
483;345;46
483;346;46
483;347;46
483;348;46
483;349;46
483;350;46
483;351;46
483;352;46
483;353;46
483;354;46
483;355;46
483;356;46
483;357;46
483;358;46
483;359;46
483;360;46
483;361;46
483;362;46
483;363;46
483;364;46
483;365;46
483;366;37
483;367;37
483;368;37
483;369;37
483;370;37
483;371;37
483;372;37
483;373;37
483;374;37
483;375;37
483;376;37
483;377;37
483;378;37
483;379;37
483;380;37
483;381;37
483;382;37
483;383;37
483;384;37
483;385;37
483;386;37
483;387;37
483;388;37
483;389;37
483;390;37
483;391;37
483;392;37
483;393;37
483;394;37
483;395;37
483;396;37
483;397;37
483;398;43
483;399;43
483;400;43
483;401;43
483;402;43
483;403;43
483;404;43
483;405;43
483;406;43
483;407;43
483;408;43
483;409;43
483;410;43
483;411;43
483;412;43
483;413;43
483;414;43
483;415;43
483;416;43
483;417;43
483;418;43
483;419;43
483;420;43
483;421;43
483;422;43
483;423;43
483;424;43
483;425;43
483;426;43
483;427;43
483;428;14
483;429;14
483;430;14
483;431;14
483;432;14
483;433;14
483;434;14
483;435;14
483;436;14
483;437;14
483;438;14
483;439;14
483;440;14
483;441;14
483;442;14
483;443;14
483;444;14
483;445;14
483;446;14
483;447;14
483;448;14
483;449;14
483;450;14
483;451;14
483;452;14
483;453;14
483;454;14
483;455;14
483;456;14
483;457;14
483;458;14
483;459;14
483;460;14
483;461;14
483;462;14
483;463;14
483;464;14
483;465;7
483;466;7
483;467;7
483;468;7
483;469;7
483;470;7
483;471;7
483;472;7
483;473;7
483;474;7
483;475;7
483;476;7
483;477;7
483;478;7
483;479;7
483;480;7
483;481;7
483;482;7
483;483;7
483;484;7
483;485;7
483;486;7
483;487;7
483;488;7
483;489;7
483;490;7
483;491;7
483;492;7
483;493;7
483;494;7
483;495;7
483;496;7
483;497;7
483;498;7
483;499;7
484;0;46
484;1;46
484;2;46
484;3;46
484;4;46
484;5;46
484;6;46
484;7;46
484;8;46
484;9;46
484;10;46
484;11;46
484;12;46
484;13;46
484;14;46
484;15;46
484;16;46
484;17;46
484;18;46
484;19;40
484;20;40
484;21;40
484;22;40
484;23;40
484;24;40
484;25;40
484;26;40
484;27;40
484;28;40
484;29;40
484;30;40
484;31;40
484;32;40
484;33;40
484;34;40
484;35;40
484;36;40
484;37;40
484;38;40
484;39;40
484;40;40
484;41;40
484;42;40
484;43;40
484;44;40
484;45;40
484;46;40
484;47;40
484;48;40
484;49;40
484;50;40
484;51;40
484;52;40
484;53;6
484;54;6
484;55;6
484;56;6
484;57;6
484;58;6
484;59;6
484;60;6
484;61;6
484;62;6
484;63;6
484;64;6
484;65;6
484;66;6
484;67;6
484;68;6
484;69;6
484;70;6
484;71;6
484;72;6
484;73;6
484;74;6
484;75;6
484;76;6
484;77;39
484;78;39
484;79;39
484;80;39
484;81;39
484;82;39
484;83;39
484;84;39
484;85;39
484;86;39
484;87;39
484;88;39
484;89;39
484;90;39
484;91;39
484;92;39
484;93;39
484;94;39
484;95;39
484;96;39
484;97;39
484;98;39
484;99;39
484;100;39
484;101;39
484;102;39
484;103;39
484;104;39
484;105;39
484;106;39
484;107;39
484;108;39
484;109;39
484;110;39
484;111;39
484;112;39
484;113;39
484;114;39
484;115;11
484;116;11
484;117;11
484;118;11
484;119;11
484;120;11
484;121;11
484;122;11
484;123;11
484;124;11
484;125;11
484;126;11
484;127;11
484;128;11
484;129;11
484;130;11
484;131;11
484;132;11
484;133;11
484;134;11
484;135;11
484;136;11
484;137;11
484;138;11
484;139;11
484;140;11
484;141;11
484;142;11
484;143;50
484;144;50
484;145;50
484;146;50
484;147;50
484;148;50
484;149;50
484;150;50
484;151;50
484;152;50
484;153;50
484;154;50
484;155;40
484;156;40
484;157;40
484;158;40
484;159;40
484;160;40
484;161;40
484;162;40
484;163;40
484;164;40
484;165;40
484;166;40
484;167;40
484;168;40
484;169;40
484;170;40
484;171;40
484;172;42
484;173;42
484;174;42
484;175;42
484;176;42
484;177;42
484;178;42
484;179;42
484;180;42
484;181;42
484;182;42
484;183;42
484;184;42
484;185;42
484;186;42
484;187;42
484;188;42
484;189;42
484;190;42
484;191;42
484;192;42
484;193;42
484;194;42
484;195;42
484;196;42
484;197;42
484;198;42
484;199;42
484;200;42
484;201;42
484;202;42
484;203;42
484;204;44
484;205;44
484;206;44
484;207;44
484;208;44
484;209;44
484;210;44
484;211;44
484;212;44
484;213;44
484;214;44
484;215;44
484;216;44
484;217;44
484;218;44
484;219;44
484;220;44
484;221;44
484;222;44
484;223;44
484;224;44
484;225;44
484;226;44
484;227;33
484;228;33
484;229;33
484;230;33
484;231;33
484;232;33
484;233;33
484;234;33
484;235;33
484;236;33
484;237;33
484;238;33
484;239;33
484;240;33
484;241;33
484;242;33
484;243;33
484;244;33
484;245;33
484;246;33
484;247;33
484;248;33
484;249;49
484;250;49
484;251;49
484;252;49
484;253;49
484;254;49
484;255;49
484;256;49
484;257;49
484;258;34
484;259;34
484;260;34
484;261;34
484;262;34
484;263;34
484;264;34
484;265;34
484;266;34
484;267;34
484;268;34
484;269;34
484;270;34
484;271;34
484;272;34
484;273;34
484;274;34
484;275;34
484;276;34
484;277;34
484;278;34
484;279;34
484;280;34
484;281;34
484;282;34
484;283;34
484;284;34
484;285;34
484;286;34
484;287;34
484;288;4
484;289;4
484;290;4
484;291;4
484;292;4
484;293;4
484;294;4
484;295;4
484;296;4
484;297;4
484;298;4
484;299;4
484;300;4
484;301;4
484;302;4
484;303;4
484;304;4
484;305;4
484;306;4
484;307;4
484;308;4
484;309;4
484;310;4
484;311;4
484;312;4
484;313;4
484;314;4
484;315;4
484;316;4
484;317;4
484;318;4
484;319;4
484;320;4
484;321;4
484;322;4
484;323;4
484;324;4
484;325;4
484;326;4
484;327;4
484;328;4
484;329;4
484;330;4
484;331;4
484;332;4
484;333;4
484;334;4
484;335;4
484;336;25
484;337;25
484;338;25
484;339;25
484;340;25
484;341;25
484;342;46
484;343;46
484;344;46
484;345;46
484;346;46
484;347;46
484;348;46
484;349;46
484;350;46
484;351;46
484;352;46
484;353;46
484;354;46
484;355;46
484;356;46
484;357;46
484;358;46
484;359;46
484;360;46
484;361;46
484;362;46
484;363;46
484;364;46
484;365;46
484;366;37
484;367;37
484;368;37
484;369;37
484;370;37
484;371;37
484;372;37
484;373;37
484;374;37
484;375;37
484;376;37
484;377;37
484;378;37
484;379;37
484;380;37
484;381;37
484;382;37
484;383;37
484;384;37
484;385;37
484;386;37
484;387;37
484;388;37
484;389;37
484;390;37
484;391;37
484;392;37
484;393;37
484;394;37
484;395;37
484;396;37
484;397;37
484;398;37
484;399;43
484;400;43
484;401;43
484;402;43
484;403;43
484;404;43
484;405;43
484;406;43
484;407;43
484;408;43
484;409;43
484;410;43
484;411;43
484;412;43
484;413;43
484;414;43
484;415;43
484;416;43
484;417;43
484;418;43
484;419;43
484;420;43
484;421;43
484;422;43
484;423;43
484;424;43
484;425;43
484;426;43
484;427;43
484;428;14
484;429;14
484;430;14
484;431;14
484;432;14
484;433;14
484;434;14
484;435;14
484;436;14
484;437;14
484;438;14
484;439;14
484;440;14
484;441;14
484;442;14
484;443;14
484;444;14
484;445;14
484;446;14
484;447;14
484;448;14
484;449;14
484;450;14
484;451;14
484;452;14
484;453;14
484;454;14
484;455;14
484;456;14
484;457;14
484;458;14
484;459;14
484;460;14
484;461;14
484;462;14
484;463;14
484;464;14
484;465;7
484;466;7
484;467;7
484;468;7
484;469;7
484;470;7
484;471;7
484;472;7
484;473;7
484;474;7
484;475;7
484;476;7
484;477;7
484;478;7
484;479;7
484;480;7
484;481;7
484;482;7
484;483;7
484;484;7
484;485;7
484;486;7
484;487;7
484;488;7
484;489;7
484;490;7
484;491;7
484;492;7
484;493;7
484;494;7
484;495;7
484;496;7
484;497;7
484;498;7
484;499;7
485;0;46
485;1;46
485;2;46
485;3;46
485;4;46
485;5;46
485;6;46
485;7;46
485;8;46
485;9;46
485;10;46
485;11;46
485;12;46
485;13;46
485;14;46
485;15;46
485;16;46
485;17;46
485;18;46
485;19;40
485;20;40
485;21;40
485;22;40
485;23;40
485;24;40
485;25;40
485;26;40
485;27;40
485;28;40
485;29;40
485;30;40
485;31;40
485;32;40
485;33;40
485;34;40
485;35;40
485;36;40
485;37;40
485;38;40
485;39;40
485;40;40
485;41;40
485;42;40
485;43;40
485;44;40
485;45;40
485;46;40
485;47;40
485;48;40
485;49;40
485;50;40
485;51;40
485;52;40
485;53;40
485;54;6
485;55;6
485;56;6
485;57;6
485;58;6
485;59;6
485;60;6
485;61;6
485;62;6
485;63;6
485;64;6
485;65;6
485;66;6
485;67;6
485;68;6
485;69;6
485;70;6
485;71;6
485;72;6
485;73;6
485;74;6
485;75;6
485;76;6
485;77;6
485;78;39
485;79;39
485;80;39
485;81;39
485;82;39
485;83;39
485;84;39
485;85;39
485;86;39
485;87;39
485;88;39
485;89;39
485;90;39
485;91;39
485;92;39
485;93;39
485;94;39
485;95;39
485;96;39
485;97;39
485;98;39
485;99;39
485;100;39
485;101;39
485;102;39
485;103;39
485;104;39
485;105;39
485;106;39
485;107;39
485;108;39
485;109;39
485;110;39
485;111;39
485;112;39
485;113;39
485;114;39
485;115;11
485;116;11
485;117;11
485;118;11
485;119;11
485;120;11
485;121;11
485;122;11
485;123;11
485;124;11
485;125;11
485;126;11
485;127;11
485;128;11
485;129;11
485;130;11
485;131;11
485;132;11
485;133;11
485;134;11
485;135;11
485;136;11
485;137;11
485;138;11
485;139;11
485;140;11
485;141;11
485;142;11
485;143;11
485;144;50
485;145;50
485;146;50
485;147;50
485;148;50
485;149;50
485;150;50
485;151;50
485;152;50
485;153;50
485;154;50
485;155;40
485;156;40
485;157;40
485;158;40
485;159;40
485;160;40
485;161;40
485;162;40
485;163;40
485;164;40
485;165;40
485;166;40
485;167;40
485;168;40
485;169;40
485;170;40
485;171;40
485;172;40
485;173;42
485;174;42
485;175;42
485;176;42
485;177;42
485;178;42
485;179;42
485;180;42
485;181;42
485;182;42
485;183;42
485;184;42
485;185;42
485;186;42
485;187;42
485;188;42
485;189;42
485;190;42
485;191;42
485;192;42
485;193;42
485;194;42
485;195;42
485;196;42
485;197;42
485;198;42
485;199;42
485;200;42
485;201;42
485;202;42
485;203;42
485;204;44
485;205;44
485;206;44
485;207;44
485;208;44
485;209;44
485;210;44
485;211;44
485;212;44
485;213;44
485;214;44
485;215;44
485;216;44
485;217;44
485;218;44
485;219;44
485;220;44
485;221;44
485;222;44
485;223;44
485;224;44
485;225;44
485;226;44
485;227;33
485;228;33
485;229;33
485;230;33
485;231;33
485;232;33
485;233;33
485;234;33
485;235;33
485;236;33
485;237;33
485;238;33
485;239;33
485;240;33
485;241;33
485;242;33
485;243;33
485;244;33
485;245;33
485;246;33
485;247;33
485;248;33
485;249;49
485;250;49
485;251;49
485;252;49
485;253;49
485;254;49
485;255;49
485;256;49
485;257;49
485;258;34
485;259;34
485;260;34
485;261;34
485;262;34
485;263;34
485;264;34
485;265;34
485;266;34
485;267;34
485;268;34
485;269;34
485;270;34
485;271;34
485;272;34
485;273;34
485;274;34
485;275;34
485;276;34
485;277;34
485;278;34
485;279;34
485;280;34
485;281;34
485;282;34
485;283;34
485;284;34
485;285;34
485;286;34
485;287;34
485;288;34
485;289;4
485;290;4
485;291;4
485;292;4
485;293;4
485;294;4
485;295;4
485;296;4
485;297;4
485;298;4
485;299;4
485;300;4
485;301;4
485;302;4
485;303;4
485;304;4
485;305;4
485;306;4
485;307;4
485;308;4
485;309;4
485;310;4
485;311;4
485;312;4
485;313;4
485;314;4
485;315;4
485;316;4
485;317;4
485;318;4
485;319;4
485;320;4
485;321;4
485;322;4
485;323;4
485;324;4
485;325;4
485;326;4
485;327;4
485;328;4
485;329;4
485;330;4
485;331;4
485;332;4
485;333;4
485;334;4
485;335;4
485;336;25
485;337;25
485;338;25
485;339;25
485;340;25
485;341;25
485;342;25
485;343;25
485;344;46
485;345;46
485;346;46
485;347;46
485;348;46
485;349;46
485;350;46
485;351;46
485;352;46
485;353;46
485;354;46
485;355;46
485;356;46
485;357;46
485;358;46
485;359;46
485;360;46
485;361;46
485;362;46
485;363;46
485;364;46
485;365;46
485;366;37
485;367;37
485;368;37
485;369;37
485;370;37
485;371;37
485;372;37
485;373;37
485;374;37
485;375;37
485;376;37
485;377;37
485;378;37
485;379;37
485;380;37
485;381;37
485;382;37
485;383;37
485;384;37
485;385;37
485;386;37
485;387;37
485;388;37
485;389;37
485;390;37
485;391;37
485;392;37
485;393;37
485;394;37
485;395;37
485;396;37
485;397;37
485;398;37
485;399;37
485;400;43
485;401;43
485;402;43
485;403;43
485;404;43
485;405;43
485;406;43
485;407;43
485;408;43
485;409;43
485;410;43
485;411;43
485;412;43
485;413;43
485;414;43
485;415;43
485;416;43
485;417;43
485;418;43
485;419;43
485;420;43
485;421;43
485;422;43
485;423;43
485;424;43
485;425;43
485;426;43
485;427;43
485;428;14
485;429;14
485;430;14
485;431;14
485;432;14
485;433;14
485;434;14
485;435;14
485;436;14
485;437;14
485;438;14
485;439;14
485;440;14
485;441;14
485;442;14
485;443;14
485;444;14
485;445;14
485;446;14
485;447;14
485;448;14
485;449;14
485;450;14
485;451;14
485;452;14
485;453;14
485;454;14
485;455;14
485;456;14
485;457;14
485;458;14
485;459;14
485;460;14
485;461;14
485;462;14
485;463;14
485;464;14
485;465;14
485;466;7
485;467;7
485;468;7
485;469;7
485;470;7
485;471;7
485;472;7
485;473;7
485;474;7
485;475;7
485;476;7
485;477;7
485;478;7
485;479;7
485;480;7
485;481;7
485;482;7
485;483;7
485;484;7
485;485;7
485;486;7
485;487;7
485;488;7
485;489;7
485;490;7
485;491;7
485;492;7
485;493;7
485;494;7
485;495;7
485;496;7
485;497;7
485;498;7
485;499;7
486;0;46
486;1;46
486;2;46
486;3;46
486;4;46
486;5;46
486;6;46
486;7;46
486;8;46
486;9;46
486;10;46
486;11;46
486;12;46
486;13;46
486;14;46
486;15;46
486;16;46
486;17;46
486;18;46
486;19;46
486;20;40
486;21;40
486;22;40
486;23;40
486;24;40
486;25;40
486;26;40
486;27;40
486;28;40
486;29;40
486;30;40
486;31;40
486;32;40
486;33;40
486;34;40
486;35;40
486;36;40
486;37;40
486;38;40
486;39;40
486;40;40
486;41;40
486;42;40
486;43;40
486;44;40
486;45;40
486;46;40
486;47;40
486;48;40
486;49;40
486;50;40
486;51;40
486;52;40
486;53;40
486;54;6
486;55;6
486;56;6
486;57;6
486;58;6
486;59;6
486;60;6
486;61;6
486;62;6
486;63;6
486;64;6
486;65;6
486;66;6
486;67;6
486;68;6
486;69;6
486;70;6
486;71;6
486;72;6
486;73;6
486;74;6
486;75;6
486;76;6
486;77;6
486;78;6
486;79;6
486;80;39
486;81;39
486;82;39
486;83;39
486;84;39
486;85;39
486;86;39
486;87;39
486;88;39
486;89;39
486;90;39
486;91;39
486;92;39
486;93;39
486;94;39
486;95;39
486;96;39
486;97;39
486;98;39
486;99;39
486;100;39
486;101;39
486;102;39
486;103;39
486;104;39
486;105;39
486;106;39
486;107;39
486;108;39
486;109;39
486;110;39
486;111;39
486;112;39
486;113;39
486;114;39
486;115;11
486;116;11
486;117;11
486;118;11
486;119;11
486;120;11
486;121;11
486;122;11
486;123;11
486;124;11
486;125;11
486;126;11
486;127;11
486;128;11
486;129;11
486;130;11
486;131;11
486;132;11
486;133;11
486;134;11
486;135;11
486;136;11
486;137;11
486;138;11
486;139;11
486;140;11
486;141;11
486;142;11
486;143;11
486;144;11
486;145;50
486;146;50
486;147;50
486;148;50
486;149;50
486;150;50
486;151;50
486;152;50
486;153;50
486;154;50
486;155;40
486;156;40
486;157;40
486;158;40
486;159;40
486;160;40
486;161;40
486;162;40
486;163;40
486;164;40
486;165;40
486;166;40
486;167;40
486;168;40
486;169;40
486;170;40
486;171;40
486;172;40
486;173;40
486;174;42
486;175;42
486;176;42
486;177;42
486;178;42
486;179;42
486;180;42
486;181;42
486;182;42
486;183;42
486;184;42
486;185;42
486;186;42
486;187;42
486;188;42
486;189;42
486;190;42
486;191;42
486;192;42
486;193;42
486;194;42
486;195;42
486;196;42
486;197;42
486;198;42
486;199;42
486;200;42
486;201;42
486;202;42
486;203;42
486;204;42
486;205;44
486;206;44
486;207;44
486;208;44
486;209;44
486;210;44
486;211;44
486;212;44
486;213;44
486;214;44
486;215;44
486;216;44
486;217;44
486;218;44
486;219;44
486;220;44
486;221;44
486;222;44
486;223;44
486;224;44
486;225;44
486;226;44
486;227;33
486;228;33
486;229;33
486;230;33
486;231;33
486;232;33
486;233;33
486;234;33
486;235;33
486;236;33
486;237;33
486;238;33
486;239;33
486;240;33
486;241;33
486;242;33
486;243;33
486;244;33
486;245;33
486;246;33
486;247;33
486;248;33
486;249;33
486;250;49
486;251;49
486;252;49
486;253;49
486;254;49
486;255;49
486;256;49
486;257;49
486;258;34
486;259;34
486;260;34
486;261;34
486;262;34
486;263;34
486;264;34
486;265;34
486;266;34
486;267;34
486;268;34
486;269;34
486;270;34
486;271;34
486;272;34
486;273;34
486;274;34
486;275;34
486;276;34
486;277;34
486;278;34
486;279;34
486;280;34
486;281;34
486;282;34
486;283;34
486;284;34
486;285;34
486;286;34
486;287;34
486;288;34
486;289;34
486;290;4
486;291;4
486;292;4
486;293;4
486;294;4
486;295;4
486;296;4
486;297;4
486;298;4
486;299;4
486;300;4
486;301;4
486;302;4
486;303;4
486;304;4
486;305;4
486;306;4
486;307;4
486;308;4
486;309;4
486;310;4
486;311;4
486;312;4
486;313;4
486;314;4
486;315;4
486;316;4
486;317;4
486;318;4
486;319;4
486;320;4
486;321;4
486;322;4
486;323;4
486;324;4
486;325;4
486;326;4
486;327;4
486;328;4
486;329;4
486;330;4
486;331;4
486;332;4
486;333;4
486;334;4
486;335;4
486;336;25
486;337;25
486;338;25
486;339;25
486;340;25
486;341;25
486;342;25
486;343;25
486;344;25
486;345;25
486;346;25
486;347;25
486;348;25
486;349;25
486;350;25
486;351;25
486;352;25
486;353;25
486;354;25
486;355;25
486;356;25
486;357;46
486;358;46
486;359;46
486;360;46
486;361;46
486;362;46
486;363;46
486;364;46
486;365;46
486;366;37
486;367;37
486;368;37
486;369;37
486;370;37
486;371;37
486;372;37
486;373;37
486;374;37
486;375;37
486;376;37
486;377;37
486;378;37
486;379;37
486;380;37
486;381;37
486;382;37
486;383;37
486;384;37
486;385;37
486;386;37
486;387;37
486;388;37
486;389;37
486;390;37
486;391;37
486;392;37
486;393;37
486;394;37
486;395;37
486;396;37
486;397;37
486;398;37
486;399;37
486;400;37
486;401;43
486;402;43
486;403;43
486;404;43
486;405;43
486;406;43
486;407;43
486;408;43
486;409;43
486;410;43
486;411;43
486;412;43
486;413;43
486;414;43
486;415;43
486;416;43
486;417;43
486;418;43
486;419;43
486;420;43
486;421;43
486;422;43
486;423;43
486;424;43
486;425;43
486;426;43
486;427;14
486;428;14
486;429;14
486;430;14
486;431;14
486;432;14
486;433;14
486;434;14
486;435;14
486;436;14
486;437;14
486;438;14
486;439;14
486;440;14
486;441;14
486;442;14
486;443;14
486;444;14
486;445;14
486;446;14
486;447;14
486;448;14
486;449;14
486;450;14
486;451;14
486;452;14
486;453;14
486;454;14
486;455;14
486;456;14
486;457;14
486;458;14
486;459;14
486;460;14
486;461;14
486;462;14
486;463;14
486;464;14
486;465;14
486;466;7
486;467;7
486;468;7
486;469;7
486;470;7
486;471;7
486;472;7
486;473;7
486;474;7
486;475;7
486;476;7
486;477;7
486;478;7
486;479;7
486;480;7
486;481;7
486;482;7
486;483;7
486;484;7
486;485;7
486;486;7
486;487;7
486;488;7
486;489;7
486;490;7
486;491;7
486;492;7
486;493;7
486;494;7
486;495;7
486;496;7
486;497;7
486;498;7
486;499;7
487;0;46
487;1;46
487;2;46
487;3;46
487;4;46
487;5;46
487;6;46
487;7;46
487;8;46
487;9;46
487;10;46
487;11;46
487;12;46
487;13;46
487;14;46
487;15;46
487;16;46
487;17;46
487;18;46
487;19;46
487;20;40
487;21;40
487;22;40
487;23;40
487;24;40
487;25;40
487;26;40
487;27;40
487;28;40
487;29;40
487;30;40
487;31;40
487;32;40
487;33;40
487;34;40
487;35;40
487;36;40
487;37;40
487;38;40
487;39;40
487;40;40
487;41;40
487;42;40
487;43;40
487;44;40
487;45;40
487;46;40
487;47;40
487;48;40
487;49;40
487;50;40
487;51;40
487;52;40
487;53;40
487;54;40
487;55;6
487;56;6
487;57;6
487;58;6
487;59;6
487;60;6
487;61;6
487;62;6
487;63;6
487;64;6
487;65;6
487;66;6
487;67;6
487;68;6
487;69;6
487;70;6
487;71;6
487;72;6
487;73;6
487;74;6
487;75;6
487;76;6
487;77;6
487;78;6
487;79;6
487;80;6
487;81;6
487;82;39
487;83;39
487;84;39
487;85;39
487;86;39
487;87;39
487;88;39
487;89;39
487;90;39
487;91;39
487;92;39
487;93;39
487;94;39
487;95;39
487;96;39
487;97;39
487;98;39
487;99;39
487;100;39
487;101;39
487;102;39
487;103;39
487;104;39
487;105;39
487;106;39
487;107;39
487;108;39
487;109;39
487;110;39
487;111;39
487;112;39
487;113;39
487;114;39
487;115;11
487;116;11
487;117;11
487;118;11
487;119;11
487;120;11
487;121;11
487;122;11
487;123;11
487;124;11
487;125;11
487;126;11
487;127;11
487;128;11
487;129;11
487;130;11
487;131;11
487;132;11
487;133;11
487;134;11
487;135;11
487;136;11
487;137;11
487;138;11
487;139;11
487;140;11
487;141;11
487;142;11
487;143;11
487;144;11
487;145;11
487;146;50
487;147;50
487;148;50
487;149;50
487;150;50
487;151;50
487;152;50
487;153;50
487;154;50
487;155;40
487;156;40
487;157;40
487;158;40
487;159;40
487;160;40
487;161;40
487;162;40
487;163;40
487;164;40
487;165;40
487;166;40
487;167;40
487;168;40
487;169;40
487;170;40
487;171;40
487;172;40
487;173;40
487;174;40
487;175;42
487;176;42
487;177;42
487;178;42
487;179;42
487;180;42
487;181;42
487;182;42
487;183;42
487;184;42
487;185;42
487;186;42
487;187;42
487;188;42
487;189;42
487;190;42
487;191;42
487;192;42
487;193;42
487;194;42
487;195;42
487;196;42
487;197;42
487;198;42
487;199;42
487;200;42
487;201;42
487;202;42
487;203;42
487;204;42
487;205;44
487;206;44
487;207;44
487;208;44
487;209;44
487;210;44
487;211;44
487;212;44
487;213;44
487;214;44
487;215;44
487;216;44
487;217;44
487;218;44
487;219;44
487;220;44
487;221;44
487;222;44
487;223;44
487;224;44
487;225;44
487;226;44
487;227;33
487;228;33
487;229;33
487;230;33
487;231;33
487;232;33
487;233;33
487;234;33
487;235;33
487;236;33
487;237;33
487;238;33
487;239;33
487;240;33
487;241;33
487;242;33
487;243;33
487;244;33
487;245;33
487;246;33
487;247;33
487;248;33
487;249;33
487;250;49
487;251;49
487;252;49
487;253;49
487;254;49
487;255;49
487;256;49
487;257;49
487;258;34
487;259;34
487;260;34
487;261;34
487;262;34
487;263;34
487;264;34
487;265;34
487;266;34
487;267;34
487;268;34
487;269;34
487;270;34
487;271;34
487;272;34
487;273;34
487;274;34
487;275;34
487;276;34
487;277;34
487;278;34
487;279;34
487;280;34
487;281;34
487;282;34
487;283;34
487;284;34
487;285;34
487;286;34
487;287;34
487;288;34
487;289;34
487;290;34
487;291;4
487;292;4
487;293;4
487;294;4
487;295;4
487;296;4
487;297;4
487;298;4
487;299;4
487;300;4
487;301;4
487;302;4
487;303;4
487;304;4
487;305;4
487;306;4
487;307;4
487;308;4
487;309;4
487;310;4
487;311;4
487;312;4
487;313;4
487;314;4
487;315;4
487;316;4
487;317;4
487;318;4
487;319;4
487;320;4
487;321;4
487;322;4
487;323;4
487;324;4
487;325;4
487;326;4
487;327;4
487;328;4
487;329;4
487;330;4
487;331;4
487;332;4
487;333;4
487;334;4
487;335;4
487;336;25
487;337;25
487;338;25
487;339;25
487;340;25
487;341;25
487;342;25
487;343;25
487;344;25
487;345;25
487;346;25
487;347;25
487;348;25
487;349;25
487;350;25
487;351;25
487;352;25
487;353;25
487;354;25
487;355;25
487;356;25
487;357;25
487;358;25
487;359;46
487;360;46
487;361;46
487;362;46
487;363;46
487;364;46
487;365;46
487;366;37
487;367;37
487;368;37
487;369;37
487;370;37
487;371;37
487;372;37
487;373;37
487;374;37
487;375;37
487;376;37
487;377;37
487;378;37
487;379;37
487;380;37
487;381;37
487;382;37
487;383;37
487;384;37
487;385;37
487;386;37
487;387;37
487;388;37
487;389;37
487;390;37
487;391;37
487;392;37
487;393;37
487;394;37
487;395;37
487;396;37
487;397;37
487;398;37
487;399;37
487;400;37
487;401;37
487;402;43
487;403;43
487;404;43
487;405;43
487;406;43
487;407;43
487;408;43
487;409;43
487;410;43
487;411;43
487;412;43
487;413;43
487;414;43
487;415;43
487;416;43
487;417;43
487;418;43
487;419;43
487;420;43
487;421;43
487;422;43
487;423;43
487;424;43
487;425;43
487;426;14
487;427;14
487;428;14
487;429;14
487;430;14
487;431;14
487;432;14
487;433;14
487;434;14
487;435;14
487;436;14
487;437;14
487;438;14
487;439;14
487;440;14
487;441;14
487;442;14
487;443;14
487;444;14
487;445;14
487;446;14
487;447;14
487;448;14
487;449;14
487;450;14
487;451;14
487;452;14
487;453;14
487;454;14
487;455;14
487;456;14
487;457;14
487;458;14
487;459;14
487;460;14
487;461;14
487;462;14
487;463;14
487;464;14
487;465;14
487;466;14
487;467;7
487;468;7
487;469;7
487;470;7
487;471;7
487;472;7
487;473;7
487;474;7
487;475;7
487;476;7
487;477;7
487;478;7
487;479;7
487;480;7
487;481;7
487;482;7
487;483;7
487;484;7
487;485;7
487;486;7
487;487;7
487;488;7
487;489;7
487;490;7
487;491;7
487;492;7
487;493;7
487;494;7
487;495;7
487;496;7
487;497;7
487;498;7
487;499;7
488;0;46
488;1;46
488;2;46
488;3;46
488;4;46
488;5;46
488;6;46
488;7;46
488;8;46
488;9;46
488;10;46
488;11;46
488;12;46
488;13;46
488;14;46
488;15;46
488;16;46
488;17;46
488;18;46
488;19;46
488;20;46
488;21;40
488;22;40
488;23;40
488;24;40
488;25;40
488;26;40
488;27;40
488;28;40
488;29;40
488;30;40
488;31;40
488;32;40
488;33;40
488;34;40
488;35;40
488;36;40
488;37;40
488;38;40
488;39;40
488;40;40
488;41;40
488;42;40
488;43;40
488;44;40
488;45;40
488;46;40
488;47;40
488;48;40
488;49;40
488;50;40
488;51;40
488;52;40
488;53;40
488;54;40
488;55;6
488;56;6
488;57;6
488;58;6
488;59;6
488;60;6
488;61;6
488;62;6
488;63;6
488;64;6
488;65;6
488;66;6
488;67;6
488;68;6
488;69;6
488;70;6
488;71;6
488;72;6
488;73;6
488;74;6
488;75;6
488;76;6
488;77;6
488;78;6
488;79;6
488;80;6
488;81;6
488;82;6
488;83;6
488;84;39
488;85;39
488;86;39
488;87;39
488;88;39
488;89;39
488;90;39
488;91;39
488;92;39
488;93;39
488;94;39
488;95;39
488;96;39
488;97;39
488;98;39
488;99;39
488;100;39
488;101;39
488;102;39
488;103;39
488;104;39
488;105;39
488;106;39
488;107;39
488;108;39
488;109;39
488;110;39
488;111;39
488;112;39
488;113;39
488;114;39
488;115;11
488;116;11
488;117;11
488;118;11
488;119;11
488;120;11
488;121;11
488;122;11
488;123;11
488;124;11
488;125;11
488;126;11
488;127;11
488;128;11
488;129;11
488;130;11
488;131;11
488;132;11
488;133;11
488;134;11
488;135;11
488;136;11
488;137;11
488;138;11
488;139;11
488;140;11
488;141;11
488;142;11
488;143;11
488;144;11
488;145;11
488;146;11
488;147;50
488;148;50
488;149;50
488;150;50
488;151;50
488;152;50
488;153;50
488;154;50
488;155;40
488;156;40
488;157;40
488;158;40
488;159;40
488;160;40
488;161;40
488;162;40
488;163;40
488;164;40
488;165;40
488;166;40
488;167;40
488;168;40
488;169;40
488;170;40
488;171;40
488;172;40
488;173;40
488;174;40
488;175;40
488;176;42
488;177;42
488;178;42
488;179;42
488;180;42
488;181;42
488;182;42
488;183;42
488;184;42
488;185;42
488;186;42
488;187;42
488;188;42
488;189;42
488;190;42
488;191;42
488;192;42
488;193;42
488;194;42
488;195;42
488;196;42
488;197;42
488;198;42
488;199;42
488;200;42
488;201;42
488;202;42
488;203;42
488;204;42
488;205;42
488;206;44
488;207;44
488;208;44
488;209;44
488;210;44
488;211;44
488;212;44
488;213;44
488;214;44
488;215;44
488;216;44
488;217;44
488;218;44
488;219;44
488;220;44
488;221;44
488;222;44
488;223;44
488;224;44
488;225;44
488;226;44
488;227;33
488;228;33
488;229;33
488;230;33
488;231;33
488;232;33
488;233;33
488;234;33
488;235;33
488;236;33
488;237;33
488;238;33
488;239;33
488;240;33
488;241;33
488;242;33
488;243;33
488;244;33
488;245;33
488;246;33
488;247;33
488;248;33
488;249;33
488;250;33
488;251;49
488;252;49
488;253;49
488;254;49
488;255;49
488;256;49
488;257;49
488;258;34
488;259;34
488;260;34
488;261;34
488;262;34
488;263;34
488;264;34
488;265;34
488;266;34
488;267;34
488;268;34
488;269;34
488;270;34
488;271;34
488;272;34
488;273;34
488;274;34
488;275;34
488;276;34
488;277;34
488;278;34
488;279;34
488;280;34
488;281;34
488;282;34
488;283;34
488;284;34
488;285;34
488;286;34
488;287;34
488;288;34
488;289;34
488;290;34
488;291;34
488;292;4
488;293;4
488;294;4
488;295;4
488;296;4
488;297;4
488;298;4
488;299;4
488;300;4
488;301;4
488;302;4
488;303;4
488;304;4
488;305;4
488;306;4
488;307;4
488;308;4
488;309;4
488;310;4
488;311;4
488;312;4
488;313;4
488;314;4
488;315;4
488;316;4
488;317;4
488;318;4
488;319;4
488;320;4
488;321;4
488;322;4
488;323;4
488;324;4
488;325;4
488;326;4
488;327;4
488;328;4
488;329;4
488;330;4
488;331;4
488;332;4
488;333;4
488;334;4
488;335;4
488;336;25
488;337;25
488;338;25
488;339;25
488;340;25
488;341;25
488;342;25
488;343;25
488;344;25
488;345;25
488;346;25
488;347;25
488;348;25
488;349;25
488;350;25
488;351;25
488;352;25
488;353;25
488;354;25
488;355;25
488;356;25
488;357;25
488;358;25
488;359;25
488;360;25
488;361;46
488;362;46
488;363;46
488;364;46
488;365;46
488;366;37
488;367;37
488;368;37
488;369;37
488;370;37
488;371;37
488;372;37
488;373;37
488;374;37
488;375;37
488;376;37
488;377;37
488;378;37
488;379;37
488;380;37
488;381;37
488;382;37
488;383;37
488;384;37
488;385;37
488;386;37
488;387;37
488;388;37
488;389;37
488;390;37
488;391;37
488;392;37
488;393;37
488;394;37
488;395;37
488;396;37
488;397;37
488;398;37
488;399;37
488;400;37
488;401;37
488;402;37
488;403;43
488;404;43
488;405;43
488;406;43
488;407;43
488;408;43
488;409;43
488;410;43
488;411;43
488;412;43
488;413;43
488;414;43
488;415;43
488;416;43
488;417;43
488;418;43
488;419;43
488;420;43
488;421;43
488;422;43
488;423;43
488;424;43
488;425;14
488;426;14
488;427;14
488;428;14
488;429;14
488;430;14
488;431;14
488;432;14
488;433;14
488;434;14
488;435;14
488;436;14
488;437;14
488;438;14
488;439;14
488;440;14
488;441;14
488;442;14
488;443;14
488;444;14
488;445;14
488;446;14
488;447;14
488;448;14
488;449;14
488;450;14
488;451;14
488;452;14
488;453;14
488;454;14
488;455;14
488;456;14
488;457;14
488;458;14
488;459;14
488;460;14
488;461;14
488;462;14
488;463;14
488;464;14
488;465;14
488;466;14
488;467;7
488;468;7
488;469;7
488;470;7
488;471;7
488;472;7
488;473;7
488;474;7
488;475;7
488;476;7
488;477;7
488;478;7
488;479;7
488;480;7
488;481;7
488;482;7
488;483;7
488;484;7
488;485;7
488;486;7
488;487;7
488;488;7
488;489;7
488;490;7
488;491;7
488;492;7
488;493;7
488;494;7
488;495;7
488;496;7
488;497;7
488;498;7
488;499;7
489;0;46
489;1;46
489;2;46
489;3;46
489;4;46
489;5;46
489;6;46
489;7;46
489;8;46
489;9;46
489;10;46
489;11;46
489;12;46
489;13;46
489;14;46
489;15;46
489;16;46
489;17;46
489;18;46
489;19;46
489;20;46
489;21;40
489;22;40
489;23;40
489;24;40
489;25;40
489;26;40
489;27;40
489;28;40
489;29;40
489;30;40
489;31;40
489;32;40
489;33;40
489;34;40
489;35;40
489;36;40
489;37;40
489;38;40
489;39;40
489;40;40
489;41;40
489;42;40
489;43;40
489;44;40
489;45;40
489;46;40
489;47;40
489;48;40
489;49;40
489;50;40
489;51;40
489;52;40
489;53;40
489;54;40
489;55;40
489;56;6
489;57;6
489;58;6
489;59;6
489;60;6
489;61;6
489;62;6
489;63;6
489;64;6
489;65;6
489;66;6
489;67;6
489;68;6
489;69;6
489;70;6
489;71;6
489;72;6
489;73;6
489;74;6
489;75;6
489;76;6
489;77;6
489;78;6
489;79;6
489;80;6
489;81;6
489;82;6
489;83;6
489;84;6
489;85;6
489;86;39
489;87;39
489;88;39
489;89;39
489;90;39
489;91;39
489;92;39
489;93;39
489;94;39
489;95;39
489;96;39
489;97;39
489;98;39
489;99;39
489;100;39
489;101;39
489;102;39
489;103;39
489;104;39
489;105;39
489;106;39
489;107;39
489;108;39
489;109;39
489;110;39
489;111;39
489;112;39
489;113;39
489;114;39
489;115;11
489;116;11
489;117;11
489;118;11
489;119;11
489;120;11
489;121;11
489;122;11
489;123;11
489;124;11
489;125;11
489;126;11
489;127;11
489;128;11
489;129;11
489;130;11
489;131;11
489;132;11
489;133;11
489;134;11
489;135;11
489;136;11
489;137;11
489;138;11
489;139;11
489;140;11
489;141;11
489;142;11
489;143;11
489;144;11
489;145;11
489;146;11
489;147;11
489;148;50
489;149;50
489;150;50
489;151;50
489;152;50
489;153;50
489;154;50
489;155;50
489;156;40
489;157;40
489;158;40
489;159;40
489;160;40
489;161;40
489;162;40
489;163;40
489;164;40
489;165;40
489;166;40
489;167;40
489;168;40
489;169;40
489;170;40
489;171;40
489;172;40
489;173;40
489;174;40
489;175;40
489;176;40
489;177;42
489;178;42
489;179;42
489;180;42
489;181;42
489;182;42
489;183;42
489;184;42
489;185;42
489;186;42
489;187;42
489;188;42
489;189;42
489;190;42
489;191;42
489;192;42
489;193;42
489;194;42
489;195;42
489;196;42
489;197;42
489;198;42
489;199;42
489;200;42
489;201;42
489;202;42
489;203;42
489;204;42
489;205;42
489;206;44
489;207;44
489;208;44
489;209;44
489;210;44
489;211;44
489;212;44
489;213;44
489;214;44
489;215;44
489;216;44
489;217;44
489;218;44
489;219;44
489;220;44
489;221;44
489;222;44
489;223;44
489;224;44
489;225;44
489;226;33
489;227;33
489;228;33
489;229;33
489;230;33
489;231;33
489;232;33
489;233;33
489;234;33
489;235;33
489;236;33
489;237;33
489;238;33
489;239;33
489;240;33
489;241;33
489;242;33
489;243;33
489;244;33
489;245;33
489;246;33
489;247;33
489;248;33
489;249;33
489;250;33
489;251;49
489;252;49
489;253;49
489;254;49
489;255;49
489;256;49
489;257;49
489;258;34
489;259;34
489;260;34
489;261;34
489;262;34
489;263;34
489;264;34
489;265;34
489;266;34
489;267;34
489;268;34
489;269;34
489;270;34
489;271;34
489;272;34
489;273;34
489;274;34
489;275;34
489;276;34
489;277;34
489;278;34
489;279;34
489;280;34
489;281;34
489;282;34
489;283;34
489;284;34
489;285;34
489;286;34
489;287;34
489;288;34
489;289;34
489;290;34
489;291;34
489;292;34
489;293;4
489;294;4
489;295;4
489;296;4
489;297;4
489;298;4
489;299;4
489;300;4
489;301;4
489;302;4
489;303;4
489;304;4
489;305;4
489;306;4
489;307;4
489;308;4
489;309;4
489;310;4
489;311;4
489;312;4
489;313;4
489;314;4
489;315;4
489;316;4
489;317;4
489;318;4
489;319;4
489;320;4
489;321;4
489;322;4
489;323;4
489;324;4
489;325;4
489;326;4
489;327;4
489;328;4
489;329;4
489;330;4
489;331;4
489;332;4
489;333;4
489;334;4
489;335;4
489;336;25
489;337;25
489;338;25
489;339;25
489;340;25
489;341;25
489;342;25
489;343;25
489;344;25
489;345;25
489;346;25
489;347;25
489;348;25
489;349;25
489;350;25
489;351;25
489;352;25
489;353;25
489;354;25
489;355;25
489;356;25
489;357;25
489;358;25
489;359;25
489;360;25
489;361;25
489;362;25
489;363;25
489;364;25
489;365;25
489;366;37
489;367;37
489;368;37
489;369;37
489;370;37
489;371;37
489;372;37
489;373;37
489;374;37
489;375;37
489;376;37
489;377;37
489;378;37
489;379;37
489;380;37
489;381;37
489;382;37
489;383;37
489;384;37
489;385;37
489;386;37
489;387;37
489;388;37
489;389;37
489;390;37
489;391;37
489;392;37
489;393;37
489;394;37
489;395;37
489;396;37
489;397;37
489;398;37
489;399;37
489;400;37
489;401;37
489;402;37
489;403;37
489;404;43
489;405;43
489;406;43
489;407;43
489;408;43
489;409;43
489;410;43
489;411;43
489;412;43
489;413;43
489;414;43
489;415;43
489;416;43
489;417;43
489;418;43
489;419;43
489;420;43
489;421;43
489;422;43
489;423;43
489;424;14
489;425;14
489;426;14
489;427;14
489;428;14
489;429;14
489;430;14
489;431;14
489;432;14
489;433;14
489;434;14
489;435;14
489;436;14
489;437;14
489;438;14
489;439;14
489;440;14
489;441;14
489;442;14
489;443;14
489;444;14
489;445;14
489;446;14
489;447;14
489;448;14
489;449;14
489;450;14
489;451;14
489;452;14
489;453;14
489;454;14
489;455;14
489;456;14
489;457;14
489;458;14
489;459;14
489;460;14
489;461;14
489;462;14
489;463;14
489;464;14
489;465;14
489;466;14
489;467;14
489;468;7
489;469;7
489;470;7
489;471;7
489;472;7
489;473;7
489;474;7
489;475;7
489;476;7
489;477;7
489;478;7
489;479;7
489;480;7
489;481;7
489;482;7
489;483;7
489;484;7
489;485;7
489;486;7
489;487;7
489;488;7
489;489;7
489;490;7
489;491;7
489;492;7
489;493;7
489;494;7
489;495;7
489;496;7
489;497;7
489;498;7
489;499;7
490;0;46
490;1;46
490;2;46
490;3;46
490;4;46
490;5;46
490;6;46
490;7;46
490;8;46
490;9;46
490;10;46
490;11;46
490;12;46
490;13;46
490;14;46
490;15;46
490;16;46
490;17;46
490;18;46
490;19;46
490;20;46
490;21;40
490;22;40
490;23;40
490;24;40
490;25;40
490;26;40
490;27;40
490;28;40
490;29;40
490;30;40
490;31;40
490;32;40
490;33;40
490;34;40
490;35;40
490;36;40
490;37;40
490;38;40
490;39;40
490;40;40
490;41;40
490;42;40
490;43;40
490;44;40
490;45;40
490;46;40
490;47;40
490;48;40
490;49;40
490;50;40
490;51;40
490;52;40
490;53;40
490;54;40
490;55;40
490;56;6
490;57;6
490;58;6
490;59;6
490;60;6
490;61;6
490;62;6
490;63;6
490;64;6
490;65;6
490;66;6
490;67;6
490;68;6
490;69;6
490;70;6
490;71;6
490;72;6
490;73;6
490;74;6
490;75;6
490;76;6
490;77;6
490;78;6
490;79;6
490;80;6
490;81;6
490;82;6
490;83;6
490;84;6
490;85;6
490;86;6
490;87;6
490;88;39
490;89;39
490;90;39
490;91;39
490;92;39
490;93;39
490;94;39
490;95;39
490;96;39
490;97;39
490;98;39
490;99;39
490;100;39
490;101;39
490;102;39
490;103;39
490;104;39
490;105;39
490;106;39
490;107;39
490;108;39
490;109;39
490;110;39
490;111;39
490;112;39
490;113;39
490;114;39
490;115;11
490;116;11
490;117;11
490;118;11
490;119;11
490;120;11
490;121;11
490;122;11
490;123;11
490;124;11
490;125;11
490;126;11
490;127;11
490;128;11
490;129;11
490;130;11
490;131;11
490;132;11
490;133;11
490;134;11
490;135;11
490;136;11
490;137;11
490;138;11
490;139;11
490;140;11
490;141;11
490;142;11
490;143;11
490;144;11
490;145;11
490;146;11
490;147;11
490;148;11
490;149;50
490;150;50
490;151;50
490;152;50
490;153;50
490;154;50
490;155;50
490;156;40
490;157;40
490;158;40
490;159;40
490;160;40
490;161;40
490;162;40
490;163;40
490;164;40
490;165;40
490;166;40
490;167;40
490;168;40
490;169;40
490;170;40
490;171;40
490;172;40
490;173;40
490;174;40
490;175;40
490;176;40
490;177;40
490;178;42
490;179;42
490;180;42
490;181;42
490;182;42
490;183;42
490;184;42
490;185;42
490;186;42
490;187;42
490;188;42
490;189;42
490;190;42
490;191;42
490;192;42
490;193;42
490;194;42
490;195;42
490;196;42
490;197;42
490;198;42
490;199;42
490;200;42
490;201;42
490;202;42
490;203;42
490;204;42
490;205;42
490;206;42
490;207;44
490;208;44
490;209;44
490;210;44
490;211;44
490;212;44
490;213;44
490;214;44
490;215;44
490;216;44
490;217;44
490;218;44
490;219;44
490;220;44
490;221;44
490;222;44
490;223;44
490;224;44
490;225;44
490;226;33
490;227;33
490;228;33
490;229;33
490;230;33
490;231;33
490;232;33
490;233;33
490;234;33
490;235;33
490;236;33
490;237;33
490;238;33
490;239;33
490;240;33
490;241;33
490;242;33
490;243;33
490;244;33
490;245;33
490;246;33
490;247;33
490;248;33
490;249;33
490;250;33
490;251;33
490;252;49
490;253;49
490;254;49
490;255;49
490;256;49
490;257;49
490;258;34
490;259;34
490;260;34
490;261;34
490;262;34
490;263;34
490;264;34
490;265;34
490;266;34
490;267;34
490;268;34
490;269;34
490;270;34
490;271;34
490;272;34
490;273;34
490;274;34
490;275;34
490;276;34
490;277;34
490;278;34
490;279;34
490;280;34
490;281;34
490;282;34
490;283;34
490;284;34
490;285;34
490;286;34
490;287;34
490;288;34
490;289;34
490;290;34
490;291;34
490;292;34
490;293;34
490;294;4
490;295;4
490;296;4
490;297;4
490;298;4
490;299;4
490;300;4
490;301;4
490;302;4
490;303;4
490;304;4
490;305;4
490;306;4
490;307;4
490;308;4
490;309;4
490;310;4
490;311;4
490;312;4
490;313;4
490;314;4
490;315;4
490;316;4
490;317;4
490;318;4
490;319;4
490;320;4
490;321;4
490;322;4
490;323;4
490;324;4
490;325;4
490;326;4
490;327;4
490;328;4
490;329;4
490;330;4
490;331;4
490;332;4
490;333;4
490;334;4
490;335;4
490;336;25
490;337;25
490;338;25
490;339;25
490;340;25
490;341;25
490;342;25
490;343;25
490;344;25
490;345;25
490;346;25
490;347;25
490;348;25
490;349;25
490;350;25
490;351;25
490;352;25
490;353;25
490;354;25
490;355;25
490;356;25
490;357;25
490;358;25
490;359;25
490;360;25
490;361;25
490;362;25
490;363;25
490;364;25
490;365;25
490;366;25
490;367;37
490;368;37
490;369;37
490;370;37
490;371;37
490;372;37
490;373;37
490;374;37
490;375;37
490;376;37
490;377;37
490;378;37
490;379;37
490;380;37
490;381;37
490;382;37
490;383;37
490;384;37
490;385;37
490;386;37
490;387;37
490;388;37
490;389;37
490;390;37
490;391;37
490;392;37
490;393;37
490;394;37
490;395;37
490;396;37
490;397;37
490;398;37
490;399;37
490;400;37
490;401;37
490;402;37
490;403;37
490;404;37
490;405;43
490;406;43
490;407;43
490;408;43
490;409;43
490;410;43
490;411;43
490;412;43
490;413;43
490;414;43
490;415;43
490;416;43
490;417;43
490;418;43
490;419;43
490;420;43
490;421;43
490;422;43
490;423;14
490;424;14
490;425;14
490;426;14
490;427;14
490;428;14
490;429;14
490;430;14
490;431;14
490;432;14
490;433;14
490;434;14
490;435;14
490;436;14
490;437;14
490;438;14
490;439;14
490;440;14
490;441;14
490;442;14
490;443;14
490;444;14
490;445;14
490;446;14
490;447;14
490;448;14
490;449;14
490;450;14
490;451;14
490;452;14
490;453;14
490;454;14
490;455;14
490;456;14
490;457;14
490;458;14
490;459;14
490;460;14
490;461;14
490;462;14
490;463;14
490;464;14
490;465;14
490;466;14
490;467;14
490;468;7
490;469;7
490;470;7
490;471;7
490;472;7
490;473;7
490;474;7
490;475;7
490;476;7
490;477;7
490;478;7
490;479;7
490;480;7
490;481;7
490;482;7
490;483;7
490;484;7
490;485;7
490;486;7
490;487;7
490;488;7
490;489;7
490;490;7
490;491;7
490;492;7
490;493;7
490;494;7
490;495;7
490;496;7
490;497;7
490;498;7
490;499;7
491;0;46
491;1;46
491;2;46
491;3;46
491;4;46
491;5;46
491;6;46
491;7;46
491;8;46
491;9;46
491;10;46
491;11;46
491;12;46
491;13;46
491;14;46
491;15;46
491;16;46
491;17;46
491;18;46
491;19;46
491;20;46
491;21;40
491;22;40
491;23;40
491;24;40
491;25;40
491;26;40
491;27;40
491;28;40
491;29;40
491;30;40
491;31;40
491;32;40
491;33;40
491;34;40
491;35;40
491;36;40
491;37;40
491;38;40
491;39;40
491;40;40
491;41;40
491;42;40
491;43;40
491;44;40
491;45;40
491;46;40
491;47;40
491;48;40
491;49;40
491;50;40
491;51;40
491;52;40
491;53;40
491;54;40
491;55;40
491;56;40
491;57;6
491;58;6
491;59;6
491;60;6
491;61;6
491;62;6
491;63;6
491;64;6
491;65;6
491;66;6
491;67;6
491;68;6
491;69;6
491;70;6
491;71;6
491;72;6
491;73;6
491;74;6
491;75;6
491;76;6
491;77;6
491;78;6
491;79;6
491;80;6
491;81;6
491;82;6
491;83;6
491;84;6
491;85;6
491;86;6
491;87;6
491;88;6
491;89;6
491;90;39
491;91;39
491;92;39
491;93;39
491;94;39
491;95;39
491;96;39
491;97;39
491;98;39
491;99;39
491;100;39
491;101;39
491;102;39
491;103;39
491;104;39
491;105;39
491;106;39
491;107;39
491;108;39
491;109;39
491;110;39
491;111;39
491;112;39
491;113;39
491;114;39
491;115;11
491;116;11
491;117;11
491;118;11
491;119;11
491;120;11
491;121;11
491;122;11
491;123;11
491;124;11
491;125;11
491;126;11
491;127;11
491;128;11
491;129;11
491;130;11
491;131;11
491;132;11
491;133;11
491;134;11
491;135;11
491;136;11
491;137;11
491;138;11
491;139;11
491;140;11
491;141;11
491;142;11
491;143;11
491;144;11
491;145;11
491;146;11
491;147;11
491;148;11
491;149;11
491;150;50
491;151;50
491;152;50
491;153;50
491;154;50
491;155;50
491;156;50
491;157;40
491;158;40
491;159;40
491;160;40
491;161;40
491;162;40
491;163;40
491;164;40
491;165;40
491;166;40
491;167;40
491;168;40
491;169;40
491;170;40
491;171;40
491;172;40
491;173;40
491;174;40
491;175;40
491;176;40
491;177;40
491;178;40
491;179;42
491;180;42
491;181;42
491;182;42
491;183;42
491;184;42
491;185;42
491;186;42
491;187;42
491;188;42
491;189;42
491;190;42
491;191;42
491;192;42
491;193;42
491;194;42
491;195;42
491;196;42
491;197;42
491;198;42
491;199;42
491;200;42
491;201;42
491;202;42
491;203;42
491;204;42
491;205;42
491;206;42
491;207;44
491;208;44
491;209;44
491;210;44
491;211;44
491;212;44
491;213;44
491;214;44
491;215;44
491;216;44
491;217;44
491;218;44
491;219;44
491;220;44
491;221;44
491;222;44
491;223;44
491;224;44
491;225;44
491;226;33
491;227;33
491;228;33
491;229;33
491;230;33
491;231;33
491;232;33
491;233;33
491;234;33
491;235;33
491;236;33
491;237;33
491;238;33
491;239;33
491;240;33
491;241;33
491;242;33
491;243;33
491;244;33
491;245;33
491;246;33
491;247;33
491;248;33
491;249;33
491;250;33
491;251;33
491;252;49
491;253;49
491;254;49
491;255;49
491;256;49
491;257;49
491;258;49
491;259;34
491;260;34
491;261;34
491;262;34
491;263;34
491;264;34
491;265;34
491;266;34
491;267;34
491;268;34
491;269;34
491;270;34
491;271;34
491;272;34
491;273;34
491;274;34
491;275;34
491;276;34
491;277;34
491;278;34
491;279;34
491;280;34
491;281;34
491;282;34
491;283;34
491;284;34
491;285;34
491;286;34
491;287;34
491;288;34
491;289;34
491;290;34
491;291;34
491;292;34
491;293;34
491;294;4
491;295;4
491;296;4
491;297;4
491;298;4
491;299;4
491;300;4
491;301;4
491;302;4
491;303;4
491;304;4
491;305;4
491;306;4
491;307;4
491;308;4
491;309;4
491;310;4
491;311;4
491;312;4
491;313;4
491;314;4
491;315;4
491;316;4
491;317;4
491;318;4
491;319;4
491;320;4
491;321;4
491;322;4
491;323;4
491;324;4
491;325;4
491;326;4
491;327;4
491;328;4
491;329;4
491;330;4
491;331;4
491;332;4
491;333;4
491;334;4
491;335;4
491;336;25
491;337;25
491;338;25
491;339;25
491;340;25
491;341;25
491;342;25
491;343;25
491;344;25
491;345;25
491;346;25
491;347;25
491;348;25
491;349;25
491;350;25
491;351;25
491;352;25
491;353;25
491;354;25
491;355;25
491;356;25
491;357;25
491;358;25
491;359;25
491;360;25
491;361;25
491;362;25
491;363;25
491;364;25
491;365;25
491;366;25
491;367;37
491;368;37
491;369;37
491;370;37
491;371;37
491;372;37
491;373;37
491;374;37
491;375;37
491;376;37
491;377;37
491;378;37
491;379;37
491;380;37
491;381;37
491;382;37
491;383;37
491;384;37
491;385;37
491;386;37
491;387;37
491;388;37
491;389;37
491;390;37
491;391;37
491;392;37
491;393;37
491;394;37
491;395;37
491;396;37
491;397;37
491;398;37
491;399;37
491;400;37
491;401;37
491;402;37
491;403;37
491;404;37
491;405;37
491;406;43
491;407;43
491;408;43
491;409;43
491;410;43
491;411;43
491;412;43
491;413;43
491;414;43
491;415;43
491;416;43
491;417;43
491;418;43
491;419;43
491;420;43
491;421;43
491;422;14
491;423;14
491;424;14
491;425;14
491;426;14
491;427;14
491;428;14
491;429;14
491;430;14
491;431;14
491;432;14
491;433;14
491;434;14
491;435;14
491;436;14
491;437;14
491;438;14
491;439;14
491;440;14
491;441;14
491;442;14
491;443;14
491;444;14
491;445;14
491;446;14
491;447;14
491;448;14
491;449;14
491;450;14
491;451;14
491;452;14
491;453;14
491;454;14
491;455;14
491;456;14
491;457;14
491;458;14
491;459;14
491;460;14
491;461;14
491;462;14
491;463;14
491;464;14
491;465;14
491;466;14
491;467;14
491;468;14
491;469;7
491;470;7
491;471;7
491;472;7
491;473;7
491;474;7
491;475;7
491;476;7
491;477;7
491;478;7
491;479;7
491;480;7
491;481;7
491;482;7
491;483;7
491;484;7
491;485;7
491;486;7
491;487;7
491;488;7
491;489;7
491;490;7
491;491;7
491;492;7
491;493;7
491;494;7
491;495;7
491;496;7
491;497;7
491;498;7
491;499;7
492;0;46
492;1;46
492;2;46
492;3;46
492;4;46
492;5;46
492;6;46
492;7;46
492;8;46
492;9;46
492;10;46
492;11;46
492;12;46
492;13;46
492;14;46
492;15;46
492;16;46
492;17;46
492;18;46
492;19;46
492;20;46
492;21;40
492;22;40
492;23;40
492;24;40
492;25;40
492;26;40
492;27;40
492;28;40
492;29;40
492;30;40
492;31;40
492;32;40
492;33;40
492;34;40
492;35;40
492;36;40
492;37;40
492;38;40
492;39;40
492;40;40
492;41;40
492;42;40
492;43;40
492;44;40
492;45;40
492;46;40
492;47;40
492;48;40
492;49;40
492;50;40
492;51;40
492;52;40
492;53;40
492;54;40
492;55;40
492;56;40
492;57;6
492;58;6
492;59;6
492;60;6
492;61;6
492;62;6
492;63;6
492;64;6
492;65;6
492;66;6
492;67;6
492;68;6
492;69;6
492;70;6
492;71;6
492;72;6
492;73;6
492;74;6
492;75;6
492;76;6
492;77;6
492;78;6
492;79;6
492;80;6
492;81;6
492;82;6
492;83;6
492;84;6
492;85;6
492;86;6
492;87;6
492;88;6
492;89;6
492;90;6
492;91;6
492;92;39
492;93;39
492;94;39
492;95;39
492;96;39
492;97;39
492;98;39
492;99;39
492;100;39
492;101;39
492;102;39
492;103;39
492;104;39
492;105;39
492;106;39
492;107;39
492;108;39
492;109;39
492;110;39
492;111;39
492;112;39
492;113;39
492;114;39
492;115;11
492;116;11
492;117;11
492;118;11
492;119;11
492;120;11
492;121;11
492;122;11
492;123;11
492;124;11
492;125;11
492;126;11
492;127;11
492;128;11
492;129;11
492;130;11
492;131;11
492;132;11
492;133;11
492;134;11
492;135;11
492;136;11
492;137;11
492;138;11
492;139;11
492;140;11
492;141;11
492;142;11
492;143;11
492;144;11
492;145;11
492;146;11
492;147;11
492;148;11
492;149;11
492;150;11
492;151;50
492;152;50
492;153;50
492;154;50
492;155;50
492;156;50
492;157;40
492;158;40
492;159;40
492;160;40
492;161;40
492;162;40
492;163;40
492;164;40
492;165;40
492;166;40
492;167;40
492;168;40
492;169;40
492;170;40
492;171;40
492;172;40
492;173;40
492;174;40
492;175;40
492;176;40
492;177;40
492;178;40
492;179;40
492;180;42
492;181;42
492;182;42
492;183;42
492;184;42
492;185;42
492;186;42
492;187;42
492;188;42
492;189;42
492;190;42
492;191;42
492;192;42
492;193;42
492;194;42
492;195;42
492;196;42
492;197;42
492;198;42
492;199;42
492;200;42
492;201;42
492;202;42
492;203;42
492;204;42
492;205;42
492;206;42
492;207;42
492;208;44
492;209;44
492;210;44
492;211;44
492;212;44
492;213;44
492;214;44
492;215;44
492;216;44
492;217;44
492;218;44
492;219;44
492;220;44
492;221;44
492;222;44
492;223;44
492;224;44
492;225;44
492;226;33
492;227;33
492;228;33
492;229;33
492;230;33
492;231;33
492;232;33
492;233;33
492;234;33
492;235;33
492;236;33
492;237;33
492;238;33
492;239;33
492;240;33
492;241;33
492;242;33
492;243;33
492;244;33
492;245;33
492;246;33
492;247;33
492;248;33
492;249;33
492;250;33
492;251;33
492;252;33
492;253;49
492;254;49
492;255;49
492;256;49
492;257;49
492;258;49
492;259;34
492;260;34
492;261;34
492;262;34
492;263;34
492;264;34
492;265;34
492;266;34
492;267;34
492;268;34
492;269;34
492;270;34
492;271;34
492;272;34
492;273;34
492;274;34
492;275;34
492;276;34
492;277;34
492;278;34
492;279;34
492;280;34
492;281;34
492;282;34
492;283;34
492;284;34
492;285;34
492;286;34
492;287;34
492;288;34
492;289;34
492;290;34
492;291;34
492;292;34
492;293;34
492;294;34
492;295;4
492;296;4
492;297;4
492;298;4
492;299;4
492;300;4
492;301;4
492;302;4
492;303;4
492;304;4
492;305;4
492;306;4
492;307;4
492;308;4
492;309;4
492;310;4
492;311;4
492;312;4
492;313;4
492;314;4
492;315;4
492;316;4
492;317;4
492;318;4
492;319;4
492;320;4
492;321;4
492;322;4
492;323;4
492;324;4
492;325;4
492;326;4
492;327;4
492;328;4
492;329;4
492;330;4
492;331;4
492;332;4
492;333;4
492;334;4
492;335;4
492;336;25
492;337;25
492;338;25
492;339;25
492;340;25
492;341;25
492;342;25
492;343;25
492;344;25
492;345;25
492;346;25
492;347;25
492;348;25
492;349;25
492;350;25
492;351;25
492;352;25
492;353;25
492;354;25
492;355;25
492;356;25
492;357;25
492;358;25
492;359;25
492;360;25
492;361;25
492;362;25
492;363;25
492;364;25
492;365;25
492;366;25
492;367;25
492;368;37
492;369;37
492;370;37
492;371;37
492;372;37
492;373;37
492;374;37
492;375;37
492;376;37
492;377;37
492;378;37
492;379;37
492;380;37
492;381;37
492;382;37
492;383;37
492;384;37
492;385;37
492;386;37
492;387;37
492;388;37
492;389;37
492;390;37
492;391;37
492;392;37
492;393;37
492;394;37
492;395;37
492;396;37
492;397;37
492;398;37
492;399;37
492;400;37
492;401;37
492;402;37
492;403;37
492;404;37
492;405;37
492;406;37
492;407;43
492;408;43
492;409;43
492;410;43
492;411;43
492;412;43
492;413;43
492;414;43
492;415;43
492;416;43
492;417;43
492;418;43
492;419;43
492;420;43
492;421;14
492;422;14
492;423;14
492;424;14
492;425;14
492;426;14
492;427;14
492;428;14
492;429;14
492;430;14
492;431;14
492;432;14
492;433;14
492;434;14
492;435;14
492;436;14
492;437;14
492;438;14
492;439;14
492;440;14
492;441;14
492;442;14
492;443;14
492;444;14
492;445;14
492;446;14
492;447;14
492;448;14
492;449;14
492;450;14
492;451;14
492;452;14
492;453;14
492;454;14
492;455;14
492;456;14
492;457;14
492;458;14
492;459;14
492;460;14
492;461;14
492;462;14
492;463;14
492;464;14
492;465;14
492;466;14
492;467;14
492;468;14
492;469;14
492;470;7
492;471;7
492;472;7
492;473;7
492;474;7
492;475;7
492;476;7
492;477;7
492;478;7
492;479;7
492;480;7
492;481;7
492;482;7
492;483;7
492;484;7
492;485;7
492;486;7
492;487;7
492;488;7
492;489;7
492;490;7
492;491;7
492;492;7
492;493;7
492;494;7
492;495;7
492;496;7
492;497;7
492;498;7
492;499;7
493;0;46
493;1;46
493;2;46
493;3;46
493;4;46
493;5;46
493;6;46
493;7;46
493;8;46
493;9;46
493;10;46
493;11;46
493;12;46
493;13;46
493;14;46
493;15;46
493;16;46
493;17;46
493;18;46
493;19;46
493;20;46
493;21;46
493;22;40
493;23;40
493;24;40
493;25;40
493;26;40
493;27;40
493;28;40
493;29;40
493;30;40
493;31;40
493;32;40
493;33;40
493;34;40
493;35;40
493;36;40
493;37;40
493;38;40
493;39;40
493;40;40
493;41;40
493;42;40
493;43;40
493;44;40
493;45;40
493;46;40
493;47;40
493;48;40
493;49;40
493;50;40
493;51;40
493;52;40
493;53;40
493;54;40
493;55;40
493;56;40
493;57;6
493;58;6
493;59;6
493;60;6
493;61;6
493;62;6
493;63;6
493;64;6
493;65;6
493;66;6
493;67;6
493;68;6
493;69;6
493;70;6
493;71;6
493;72;6
493;73;6
493;74;6
493;75;6
493;76;6
493;77;6
493;78;6
493;79;6
493;80;6
493;81;6
493;82;6
493;83;6
493;84;6
493;85;6
493;86;6
493;87;6
493;88;6
493;89;6
493;90;6
493;91;6
493;92;6
493;93;6
493;94;39
493;95;39
493;96;39
493;97;39
493;98;39
493;99;39
493;100;39
493;101;39
493;102;39
493;103;39
493;104;39
493;105;39
493;106;39
493;107;39
493;108;39
493;109;39
493;110;39
493;111;39
493;112;39
493;113;39
493;114;39
493;115;11
493;116;11
493;117;11
493;118;11
493;119;11
493;120;11
493;121;11
493;122;11
493;123;11
493;124;11
493;125;11
493;126;11
493;127;11
493;128;11
493;129;11
493;130;11
493;131;11
493;132;11
493;133;11
493;134;11
493;135;11
493;136;11
493;137;11
493;138;11
493;139;11
493;140;11
493;141;11
493;142;11
493;143;11
493;144;11
493;145;11
493;146;11
493;147;11
493;148;11
493;149;11
493;150;11
493;151;11
493;152;50
493;153;50
493;154;50
493;155;50
493;156;50
493;157;50
493;158;40
493;159;40
493;160;40
493;161;40
493;162;40
493;163;40
493;164;40
493;165;40
493;166;40
493;167;40
493;168;40
493;169;40
493;170;40
493;171;40
493;172;40
493;173;40
493;174;40
493;175;40
493;176;40
493;177;40
493;178;40
493;179;40
493;180;42
493;181;42
493;182;42
493;183;42
493;184;42
493;185;42
493;186;42
493;187;42
493;188;42
493;189;42
493;190;42
493;191;42
493;192;42
493;193;42
493;194;42
493;195;42
493;196;42
493;197;42
493;198;42
493;199;42
493;200;42
493;201;42
493;202;42
493;203;42
493;204;42
493;205;42
493;206;42
493;207;42
493;208;42
493;209;44
493;210;44
493;211;44
493;212;44
493;213;44
493;214;44
493;215;44
493;216;44
493;217;44
493;218;44
493;219;44
493;220;44
493;221;44
493;222;44
493;223;44
493;224;44
493;225;44
493;226;33
493;227;33
493;228;33
493;229;33
493;230;33
493;231;33
493;232;33
493;233;33
493;234;33
493;235;33
493;236;33
493;237;33
493;238;33
493;239;33
493;240;33
493;241;33
493;242;33
493;243;33
493;244;33
493;245;33
493;246;33
493;247;33
493;248;33
493;249;33
493;250;33
493;251;33
493;252;33
493;253;49
493;254;49
493;255;49
493;256;49
493;257;49
493;258;49
493;259;34
493;260;34
493;261;34
493;262;34
493;263;34
493;264;34
493;265;34
493;266;34
493;267;34
493;268;34
493;269;34
493;270;34
493;271;34
493;272;34
493;273;34
493;274;34
493;275;34
493;276;34
493;277;34
493;278;34
493;279;34
493;280;34
493;281;34
493;282;34
493;283;34
493;284;34
493;285;34
493;286;34
493;287;34
493;288;34
493;289;34
493;290;34
493;291;34
493;292;34
493;293;34
493;294;34
493;295;4
493;296;4
493;297;4
493;298;4
493;299;4
493;300;4
493;301;4
493;302;4
493;303;4
493;304;4
493;305;4
493;306;4
493;307;4
493;308;4
493;309;4
493;310;4
493;311;4
493;312;4
493;313;4
493;314;4
493;315;4
493;316;4
493;317;4
493;318;4
493;319;4
493;320;4
493;321;4
493;322;4
493;323;4
493;324;4
493;325;4
493;326;4
493;327;4
493;328;4
493;329;4
493;330;4
493;331;4
493;332;4
493;333;4
493;334;4
493;335;4
493;336;25
493;337;25
493;338;25
493;339;25
493;340;25
493;341;25
493;342;25
493;343;25
493;344;25
493;345;25
493;346;25
493;347;25
493;348;25
493;349;25
493;350;25
493;351;25
493;352;25
493;353;25
493;354;25
493;355;25
493;356;25
493;357;25
493;358;25
493;359;25
493;360;25
493;361;25
493;362;25
493;363;25
493;364;25
493;365;25
493;366;25
493;367;25
493;368;37
493;369;37
493;370;37
493;371;37
493;372;37
493;373;37
493;374;37
493;375;37
493;376;37
493;377;37
493;378;37
493;379;37
493;380;37
493;381;37
493;382;37
493;383;37
493;384;37
493;385;37
493;386;37
493;387;37
493;388;37
493;389;37
493;390;37
493;391;37
493;392;37
493;393;37
493;394;37
493;395;37
493;396;37
493;397;37
493;398;37
493;399;37
493;400;37
493;401;37
493;402;37
493;403;37
493;404;37
493;405;37
493;406;37
493;407;37
493;408;43
493;409;43
493;410;43
493;411;43
493;412;43
493;413;43
493;414;43
493;415;43
493;416;43
493;417;43
493;418;43
493;419;43
493;420;14
493;421;14
493;422;14
493;423;14
493;424;14
493;425;14
493;426;14
493;427;14
493;428;14
493;429;14
493;430;14
493;431;14
493;432;14
493;433;14
493;434;14
493;435;14
493;436;14
493;437;14
493;438;14
493;439;14
493;440;14
493;441;14
493;442;14
493;443;14
493;444;14
493;445;14
493;446;14
493;447;14
493;448;14
493;449;14
493;450;14
493;451;14
493;452;14
493;453;14
493;454;14
493;455;14
493;456;14
493;457;14
493;458;14
493;459;14
493;460;14
493;461;14
493;462;14
493;463;14
493;464;14
493;465;14
493;466;14
493;467;14
493;468;14
493;469;14
493;470;14
493;471;7
493;472;7
493;473;7
493;474;7
493;475;7
493;476;7
493;477;7
493;478;7
493;479;7
493;480;7
493;481;7
493;482;7
493;483;7
493;484;7
493;485;7
493;486;7
493;487;7
493;488;7
493;489;7
493;490;7
493;491;7
493;492;7
493;493;7
493;494;7
493;495;7
493;496;7
493;497;7
493;498;7
493;499;7
494;0;46
494;1;46
494;2;46
494;3;46
494;4;46
494;5;46
494;6;46
494;7;46
494;8;46
494;9;46
494;10;46
494;11;46
494;12;46
494;13;46
494;14;46
494;15;46
494;16;46
494;17;46
494;18;46
494;19;46
494;20;46
494;21;46
494;22;40
494;23;40
494;24;40
494;25;40
494;26;40
494;27;40
494;28;40
494;29;40
494;30;40
494;31;40
494;32;40
494;33;40
494;34;40
494;35;40
494;36;40
494;37;40
494;38;40
494;39;40
494;40;40
494;41;40
494;42;40
494;43;40
494;44;40
494;45;40
494;46;40
494;47;40
494;48;40
494;49;40
494;50;40
494;51;40
494;52;40
494;53;40
494;54;40
494;55;40
494;56;40
494;57;6
494;58;6
494;59;6
494;60;6
494;61;6
494;62;6
494;63;6
494;64;6
494;65;6
494;66;6
494;67;6
494;68;6
494;69;6
494;70;6
494;71;6
494;72;6
494;73;6
494;74;6
494;75;6
494;76;6
494;77;6
494;78;6
494;79;6
494;80;6
494;81;6
494;82;6
494;83;6
494;84;6
494;85;6
494;86;6
494;87;6
494;88;6
494;89;6
494;90;6
494;91;6
494;92;6
494;93;6
494;94;6
494;95;6
494;96;39
494;97;39
494;98;39
494;99;39
494;100;39
494;101;39
494;102;39
494;103;39
494;104;39
494;105;39
494;106;39
494;107;39
494;108;39
494;109;39
494;110;39
494;111;39
494;112;39
494;113;39
494;114;39
494;115;11
494;116;11
494;117;11
494;118;11
494;119;11
494;120;11
494;121;11
494;122;11
494;123;11
494;124;11
494;125;11
494;126;11
494;127;11
494;128;11
494;129;11
494;130;11
494;131;11
494;132;11
494;133;11
494;134;11
494;135;11
494;136;11
494;137;11
494;138;11
494;139;11
494;140;11
494;141;11
494;142;11
494;143;11
494;144;11
494;145;11
494;146;11
494;147;11
494;148;11
494;149;11
494;150;11
494;151;11
494;152;11
494;153;50
494;154;50
494;155;50
494;156;50
494;157;50
494;158;40
494;159;40
494;160;40
494;161;40
494;162;40
494;163;40
494;164;40
494;165;40
494;166;40
494;167;40
494;168;40
494;169;40
494;170;40
494;171;40
494;172;40
494;173;40
494;174;40
494;175;40
494;176;40
494;177;40
494;178;40
494;179;40
494;180;40
494;181;42
494;182;42
494;183;42
494;184;42
494;185;42
494;186;42
494;187;42
494;188;42
494;189;42
494;190;42
494;191;42
494;192;42
494;193;42
494;194;42
494;195;42
494;196;42
494;197;42
494;198;42
494;199;42
494;200;42
494;201;42
494;202;42
494;203;42
494;204;42
494;205;42
494;206;42
494;207;42
494;208;42
494;209;42
494;210;44
494;211;44
494;212;44
494;213;44
494;214;44
494;215;44
494;216;44
494;217;44
494;218;44
494;219;44
494;220;44
494;221;44
494;222;44
494;223;44
494;224;44
494;225;44
494;226;33
494;227;33
494;228;33
494;229;33
494;230;33
494;231;33
494;232;33
494;233;33
494;234;33
494;235;33
494;236;33
494;237;33
494;238;33
494;239;33
494;240;33
494;241;33
494;242;33
494;243;33
494;244;33
494;245;33
494;246;33
494;247;33
494;248;33
494;249;33
494;250;33
494;251;33
494;252;33
494;253;33
494;254;49
494;255;49
494;256;49
494;257;49
494;258;49
494;259;34
494;260;34
494;261;34
494;262;34
494;263;34
494;264;34
494;265;34
494;266;34
494;267;34
494;268;34
494;269;34
494;270;34
494;271;34
494;272;34
494;273;34
494;274;34
494;275;34
494;276;34
494;277;34
494;278;34
494;279;34
494;280;34
494;281;34
494;282;34
494;283;34
494;284;34
494;285;34
494;286;34
494;287;34
494;288;34
494;289;34
494;290;34
494;291;34
494;292;34
494;293;34
494;294;34
494;295;34
494;296;4
494;297;4
494;298;4
494;299;4
494;300;4
494;301;4
494;302;4
494;303;4
494;304;4
494;305;4
494;306;4
494;307;4
494;308;4
494;309;4
494;310;4
494;311;4
494;312;4
494;313;4
494;314;4
494;315;4
494;316;4
494;317;4
494;318;4
494;319;4
494;320;4
494;321;4
494;322;4
494;323;4
494;324;4
494;325;4
494;326;4
494;327;4
494;328;4
494;329;4
494;330;4
494;331;4
494;332;4
494;333;4
494;334;4
494;335;4
494;336;25
494;337;25
494;338;25
494;339;25
494;340;25
494;341;25
494;342;25
494;343;25
494;344;25
494;345;25
494;346;25
494;347;25
494;348;25
494;349;25
494;350;25
494;351;25
494;352;25
494;353;25
494;354;25
494;355;25
494;356;25
494;357;25
494;358;25
494;359;25
494;360;25
494;361;25
494;362;25
494;363;25
494;364;25
494;365;25
494;366;25
494;367;25
494;368;25
494;369;37
494;370;37
494;371;37
494;372;37
494;373;37
494;374;37
494;375;37
494;376;37
494;377;37
494;378;37
494;379;37
494;380;37
494;381;37
494;382;37
494;383;37
494;384;37
494;385;37
494;386;37
494;387;37
494;388;37
494;389;37
494;390;37
494;391;37
494;392;37
494;393;37
494;394;37
494;395;37
494;396;37
494;397;37
494;398;37
494;399;37
494;400;37
494;401;37
494;402;37
494;403;37
494;404;37
494;405;37
494;406;37
494;407;37
494;408;37
494;409;43
494;410;43
494;411;43
494;412;43
494;413;43
494;414;43
494;415;43
494;416;43
494;417;43
494;418;43
494;419;14
494;420;14
494;421;14
494;422;14
494;423;14
494;424;14
494;425;14
494;426;14
494;427;14
494;428;14
494;429;14
494;430;14
494;431;14
494;432;14
494;433;14
494;434;14
494;435;14
494;436;14
494;437;14
494;438;14
494;439;14
494;440;14
494;441;14
494;442;14
494;443;14
494;444;14
494;445;14
494;446;14
494;447;14
494;448;14
494;449;14
494;450;14
494;451;14
494;452;14
494;453;14
494;454;14
494;455;14
494;456;14
494;457;14
494;458;14
494;459;14
494;460;14
494;461;14
494;462;14
494;463;14
494;464;14
494;465;14
494;466;14
494;467;14
494;468;14
494;469;14
494;470;14
494;471;14
494;472;7
494;473;7
494;474;7
494;475;7
494;476;7
494;477;7
494;478;7
494;479;7
494;480;7
494;481;7
494;482;7
494;483;7
494;484;7
494;485;7
494;486;7
494;487;7
494;488;7
494;489;7
494;490;7
494;491;7
494;492;7
494;493;7
494;494;7
494;495;7
494;496;7
494;497;7
494;498;7
494;499;7
495;0;46
495;1;46
495;2;46
495;3;46
495;4;46
495;5;46
495;6;46
495;7;46
495;8;46
495;9;46
495;10;46
495;11;46
495;12;46
495;13;46
495;14;46
495;15;46
495;16;46
495;17;46
495;18;46
495;19;46
495;20;46
495;21;46
495;22;46
495;23;40
495;24;40
495;25;40
495;26;40
495;27;40
495;28;40
495;29;40
495;30;40
495;31;40
495;32;40
495;33;40
495;34;40
495;35;40
495;36;40
495;37;40
495;38;40
495;39;40
495;40;40
495;41;40
495;42;40
495;43;40
495;44;40
495;45;40
495;46;40
495;47;40
495;48;40
495;49;40
495;50;40
495;51;40
495;52;40
495;53;40
495;54;40
495;55;40
495;56;40
495;57;6
495;58;6
495;59;6
495;60;6
495;61;6
495;62;6
495;63;6
495;64;6
495;65;6
495;66;6
495;67;6
495;68;6
495;69;6
495;70;6
495;71;6
495;72;6
495;73;6
495;74;6
495;75;6
495;76;6
495;77;6
495;78;6
495;79;6
495;80;6
495;81;6
495;82;6
495;83;6
495;84;6
495;85;6
495;86;6
495;87;6
495;88;6
495;89;6
495;90;6
495;91;6
495;92;6
495;93;6
495;94;6
495;95;6
495;96;6
495;97;6
495;98;39
495;99;39
495;100;39
495;101;39
495;102;39
495;103;39
495;104;39
495;105;39
495;106;39
495;107;39
495;108;39
495;109;39
495;110;39
495;111;39
495;112;39
495;113;39
495;114;39
495;115;11
495;116;11
495;117;11
495;118;11
495;119;11
495;120;11
495;121;11
495;122;11
495;123;11
495;124;11
495;125;11
495;126;11
495;127;11
495;128;11
495;129;11
495;130;11
495;131;11
495;132;11
495;133;11
495;134;11
495;135;11
495;136;11
495;137;11
495;138;11
495;139;11
495;140;11
495;141;11
495;142;11
495;143;11
495;144;11
495;145;11
495;146;11
495;147;11
495;148;11
495;149;11
495;150;11
495;151;11
495;152;11
495;153;11
495;154;50
495;155;50
495;156;50
495;157;50
495;158;50
495;159;40
495;160;40
495;161;40
495;162;40
495;163;40
495;164;40
495;165;40
495;166;40
495;167;40
495;168;40
495;169;40
495;170;40
495;171;40
495;172;40
495;173;40
495;174;40
495;175;40
495;176;40
495;177;40
495;178;40
495;179;40
495;180;40
495;181;42
495;182;42
495;183;42
495;184;42
495;185;42
495;186;42
495;187;42
495;188;42
495;189;42
495;190;42
495;191;42
495;192;42
495;193;42
495;194;42
495;195;42
495;196;42
495;197;42
495;198;42
495;199;42
495;200;42
495;201;42
495;202;42
495;203;42
495;204;42
495;205;42
495;206;42
495;207;42
495;208;42
495;209;42
495;210;42
495;211;44
495;212;44
495;213;44
495;214;44
495;215;44
495;216;44
495;217;44
495;218;44
495;219;44
495;220;44
495;221;44
495;222;44
495;223;44
495;224;44
495;225;44
495;226;33
495;227;33
495;228;33
495;229;33
495;230;33
495;231;33
495;232;33
495;233;33
495;234;33
495;235;33
495;236;33
495;237;33
495;238;33
495;239;33
495;240;33
495;241;33
495;242;33
495;243;33
495;244;33
495;245;33
495;246;33
495;247;33
495;248;33
495;249;33
495;250;33
495;251;33
495;252;33
495;253;33
495;254;49
495;255;49
495;256;49
495;257;49
495;258;49
495;259;34
495;260;34
495;261;34
495;262;34
495;263;34
495;264;34
495;265;34
495;266;34
495;267;34
495;268;34
495;269;34
495;270;34
495;271;34
495;272;34
495;273;34
495;274;34
495;275;34
495;276;34
495;277;34
495;278;34
495;279;34
495;280;34
495;281;34
495;282;34
495;283;34
495;284;34
495;285;34
495;286;34
495;287;34
495;288;34
495;289;34
495;290;34
495;291;34
495;292;34
495;293;34
495;294;34
495;295;34
495;296;4
495;297;4
495;298;4
495;299;4
495;300;4
495;301;4
495;302;4
495;303;4
495;304;4
495;305;4
495;306;4
495;307;4
495;308;4
495;309;4
495;310;4
495;311;4
495;312;4
495;313;4
495;314;4
495;315;4
495;316;4
495;317;4
495;318;4
495;319;4
495;320;4
495;321;4
495;322;4
495;323;4
495;324;4
495;325;4
495;326;4
495;327;4
495;328;4
495;329;4
495;330;4
495;331;4
495;332;4
495;333;4
495;334;4
495;335;4
495;336;25
495;337;25
495;338;25
495;339;25
495;340;25
495;341;25
495;342;25
495;343;25
495;344;25
495;345;25
495;346;25
495;347;25
495;348;25
495;349;25
495;350;25
495;351;25
495;352;25
495;353;25
495;354;25
495;355;25
495;356;25
495;357;25
495;358;25
495;359;25
495;360;25
495;361;25
495;362;25
495;363;25
495;364;25
495;365;25
495;366;25
495;367;25
495;368;25
495;369;37
495;370;37
495;371;37
495;372;37
495;373;37
495;374;37
495;375;37
495;376;37
495;377;37
495;378;37
495;379;37
495;380;37
495;381;37
495;382;37
495;383;37
495;384;37
495;385;37
495;386;37
495;387;37
495;388;37
495;389;37
495;390;37
495;391;37
495;392;37
495;393;37
495;394;37
495;395;37
495;396;37
495;397;37
495;398;37
495;399;37
495;400;37
495;401;37
495;402;37
495;403;37
495;404;37
495;405;37
495;406;37
495;407;37
495;408;37
495;409;37
495;410;43
495;411;43
495;412;43
495;413;43
495;414;43
495;415;43
495;416;43
495;417;43
495;418;14
495;419;14
495;420;14
495;421;14
495;422;14
495;423;14
495;424;14
495;425;14
495;426;14
495;427;14
495;428;14
495;429;14
495;430;14
495;431;14
495;432;14
495;433;14
495;434;14
495;435;14
495;436;14
495;437;14
495;438;14
495;439;14
495;440;14
495;441;14
495;442;14
495;443;14
495;444;14
495;445;14
495;446;14
495;447;14
495;448;14
495;449;14
495;450;14
495;451;14
495;452;14
495;453;14
495;454;14
495;455;14
495;456;14
495;457;14
495;458;14
495;459;14
495;460;14
495;461;14
495;462;14
495;463;14
495;464;14
495;465;14
495;466;14
495;467;14
495;468;14
495;469;14
495;470;14
495;471;14
495;472;14
495;473;7
495;474;7
495;475;7
495;476;7
495;477;7
495;478;7
495;479;7
495;480;7
495;481;7
495;482;7
495;483;7
495;484;7
495;485;7
495;486;7
495;487;7
495;488;7
495;489;7
495;490;7
495;491;7
495;492;7
495;493;7
495;494;7
495;495;7
495;496;7
495;497;7
495;498;7
495;499;7
496;0;46
496;1;46
496;2;46
496;3;46
496;4;46
496;5;46
496;6;46
496;7;46
496;8;46
496;9;46
496;10;46
496;11;46
496;12;46
496;13;46
496;14;46
496;15;46
496;16;46
496;17;46
496;18;46
496;19;46
496;20;46
496;21;46
496;22;46
496;23;40
496;24;40
496;25;40
496;26;40
496;27;40
496;28;40
496;29;40
496;30;40
496;31;40
496;32;40
496;33;40
496;34;40
496;35;40
496;36;40
496;37;40
496;38;40
496;39;40
496;40;40
496;41;40
496;42;40
496;43;40
496;44;40
496;45;40
496;46;40
496;47;40
496;48;40
496;49;40
496;50;40
496;51;40
496;52;40
496;53;40
496;54;40
496;55;40
496;56;40
496;57;6
496;58;6
496;59;6
496;60;6
496;61;6
496;62;6
496;63;6
496;64;6
496;65;6
496;66;6
496;67;6
496;68;6
496;69;6
496;70;6
496;71;6
496;72;6
496;73;6
496;74;6
496;75;6
496;76;6
496;77;6
496;78;6
496;79;6
496;80;6
496;81;6
496;82;6
496;83;6
496;84;6
496;85;6
496;86;6
496;87;6
496;88;6
496;89;6
496;90;6
496;91;6
496;92;6
496;93;6
496;94;6
496;95;6
496;96;6
496;97;6
496;98;6
496;99;6
496;100;39
496;101;39
496;102;39
496;103;39
496;104;39
496;105;39
496;106;39
496;107;39
496;108;39
496;109;39
496;110;39
496;111;39
496;112;39
496;113;39
496;114;39
496;115;11
496;116;11
496;117;11
496;118;11
496;119;11
496;120;11
496;121;11
496;122;11
496;123;11
496;124;11
496;125;11
496;126;11
496;127;11
496;128;11
496;129;11
496;130;11
496;131;11
496;132;11
496;133;11
496;134;11
496;135;11
496;136;11
496;137;11
496;138;11
496;139;11
496;140;11
496;141;11
496;142;11
496;143;11
496;144;11
496;145;11
496;146;11
496;147;11
496;148;11
496;149;11
496;150;11
496;151;11
496;152;11
496;153;11
496;154;50
496;155;50
496;156;50
496;157;50
496;158;50
496;159;40
496;160;40
496;161;40
496;162;40
496;163;40
496;164;40
496;165;40
496;166;40
496;167;40
496;168;40
496;169;40
496;170;40
496;171;40
496;172;40
496;173;40
496;174;40
496;175;40
496;176;40
496;177;40
496;178;40
496;179;40
496;180;40
496;181;40
496;182;42
496;183;42
496;184;42
496;185;42
496;186;42
496;187;42
496;188;42
496;189;42
496;190;42
496;191;42
496;192;42
496;193;42
496;194;42
496;195;42
496;196;42
496;197;42
496;198;42
496;199;42
496;200;42
496;201;42
496;202;42
496;203;42
496;204;42
496;205;42
496;206;42
496;207;42
496;208;42
496;209;42
496;210;42
496;211;42
496;212;44
496;213;44
496;214;44
496;215;44
496;216;44
496;217;44
496;218;44
496;219;44
496;220;44
496;221;44
496;222;44
496;223;44
496;224;44
496;225;44
496;226;33
496;227;33
496;228;33
496;229;33
496;230;33
496;231;33
496;232;33
496;233;33
496;234;33
496;235;33
496;236;33
496;237;33
496;238;33
496;239;33
496;240;33
496;241;33
496;242;33
496;243;33
496;244;33
496;245;33
496;246;33
496;247;33
496;248;33
496;249;33
496;250;33
496;251;33
496;252;33
496;253;33
496;254;33
496;255;49
496;256;49
496;257;49
496;258;49
496;259;34
496;260;34
496;261;34
496;262;34
496;263;34
496;264;34
496;265;34
496;266;34
496;267;34
496;268;34
496;269;34
496;270;34
496;271;34
496;272;34
496;273;34
496;274;34
496;275;34
496;276;34
496;277;34
496;278;34
496;279;34
496;280;34
496;281;34
496;282;34
496;283;34
496;284;34
496;285;34
496;286;34
496;287;34
496;288;34
496;289;34
496;290;34
496;291;34
496;292;34
496;293;34
496;294;34
496;295;34
496;296;34
496;297;4
496;298;4
496;299;4
496;300;4
496;301;4
496;302;4
496;303;4
496;304;4
496;305;4
496;306;4
496;307;4
496;308;4
496;309;4
496;310;4
496;311;4
496;312;4
496;313;4
496;314;4
496;315;4
496;316;4
496;317;4
496;318;4
496;319;4
496;320;4
496;321;4
496;322;4
496;323;4
496;324;4
496;325;4
496;326;4
496;327;4
496;328;4
496;329;4
496;330;4
496;331;4
496;332;4
496;333;4
496;334;4
496;335;4
496;336;25
496;337;25
496;338;25
496;339;25
496;340;25
496;341;25
496;342;25
496;343;25
496;344;25
496;345;25
496;346;25
496;347;25
496;348;25
496;349;25
496;350;25
496;351;25
496;352;25
496;353;25
496;354;25
496;355;25
496;356;25
496;357;25
496;358;25
496;359;25
496;360;25
496;361;25
496;362;25
496;363;25
496;364;25
496;365;25
496;366;25
496;367;25
496;368;25
496;369;25
496;370;37
496;371;37
496;372;37
496;373;37
496;374;37
496;375;37
496;376;37
496;377;37
496;378;37
496;379;37
496;380;37
496;381;37
496;382;37
496;383;37
496;384;37
496;385;37
496;386;37
496;387;37
496;388;37
496;389;37
496;390;37
496;391;37
496;392;37
496;393;37
496;394;37
496;395;37
496;396;37
496;397;37
496;398;37
496;399;37
496;400;37
496;401;37
496;402;37
496;403;37
496;404;37
496;405;37
496;406;37
496;407;37
496;408;37
496;409;37
496;410;37
496;411;43
496;412;43
496;413;43
496;414;43
496;415;43
496;416;43
496;417;14
496;418;14
496;419;14
496;420;14
496;421;14
496;422;14
496;423;14
496;424;14
496;425;14
496;426;14
496;427;14
496;428;14
496;429;14
496;430;14
496;431;14
496;432;14
496;433;14
496;434;14
496;435;14
496;436;14
496;437;14
496;438;14
496;439;14
496;440;14
496;441;14
496;442;14
496;443;14
496;444;14
496;445;14
496;446;14
496;447;14
496;448;14
496;449;14
496;450;14
496;451;14
496;452;14
496;453;14
496;454;14
496;455;14
496;456;14
496;457;14
496;458;14
496;459;14
496;460;14
496;461;14
496;462;14
496;463;14
496;464;14
496;465;14
496;466;14
496;467;14
496;468;14
496;469;14
496;470;14
496;471;14
496;472;14
496;473;14
496;474;7
496;475;7
496;476;7
496;477;7
496;478;7
496;479;7
496;480;7
496;481;7
496;482;7
496;483;7
496;484;7
496;485;7
496;486;7
496;487;7
496;488;7
496;489;7
496;490;7
496;491;7
496;492;7
496;493;7
496;494;7
496;495;7
496;496;7
496;497;7
496;498;7
496;499;7
497;0;46
497;1;46
497;2;46
497;3;46
497;4;46
497;5;46
497;6;46
497;7;46
497;8;46
497;9;46
497;10;46
497;11;46
497;12;46
497;13;46
497;14;46
497;15;46
497;16;46
497;17;46
497;18;46
497;19;46
497;20;46
497;21;46
497;22;46
497;23;46
497;24;40
497;25;40
497;26;40
497;27;40
497;28;40
497;29;40
497;30;40
497;31;40
497;32;40
497;33;40
497;34;40
497;35;40
497;36;40
497;37;40
497;38;40
497;39;40
497;40;40
497;41;40
497;42;40
497;43;40
497;44;40
497;45;40
497;46;40
497;47;40
497;48;40
497;49;40
497;50;40
497;51;40
497;52;40
497;53;40
497;54;40
497;55;40
497;56;40
497;57;6
497;58;6
497;59;6
497;60;6
497;61;6
497;62;6
497;63;6
497;64;6
497;65;6
497;66;6
497;67;6
497;68;6
497;69;6
497;70;6
497;71;6
497;72;6
497;73;6
497;74;6
497;75;6
497;76;6
497;77;6
497;78;6
497;79;6
497;80;6
497;81;6
497;82;6
497;83;6
497;84;6
497;85;6
497;86;6
497;87;6
497;88;6
497;89;6
497;90;6
497;91;6
497;92;6
497;93;6
497;94;6
497;95;6
497;96;6
497;97;6
497;98;6
497;99;6
497;100;6
497;101;6
497;102;39
497;103;39
497;104;39
497;105;39
497;106;39
497;107;39
497;108;39
497;109;39
497;110;39
497;111;39
497;112;39
497;113;39
497;114;39
497;115;39
497;116;11
497;117;11
497;118;11
497;119;11
497;120;11
497;121;11
497;122;11
497;123;11
497;124;11
497;125;11
497;126;11
497;127;11
497;128;11
497;129;11
497;130;11
497;131;11
497;132;11
497;133;11
497;134;11
497;135;11
497;136;11
497;137;11
497;138;11
497;139;11
497;140;11
497;141;11
497;142;11
497;143;11
497;144;11
497;145;11
497;146;11
497;147;11
497;148;11
497;149;11
497;150;11
497;151;11
497;152;11
497;153;11
497;154;11
497;155;50
497;156;50
497;157;50
497;158;50
497;159;50
497;160;40
497;161;40
497;162;40
497;163;40
497;164;40
497;165;40
497;166;40
497;167;40
497;168;40
497;169;40
497;170;40
497;171;40
497;172;40
497;173;40
497;174;40
497;175;40
497;176;40
497;177;40
497;178;40
497;179;40
497;180;40
497;181;40
497;182;42
497;183;42
497;184;42
497;185;42
497;186;42
497;187;42
497;188;42
497;189;42
497;190;42
497;191;42
497;192;42
497;193;42
497;194;42
497;195;42
497;196;42
497;197;42
497;198;42
497;199;42
497;200;42
497;201;42
497;202;42
497;203;42
497;204;42
497;205;42
497;206;42
497;207;42
497;208;42
497;209;42
497;210;42
497;211;42
497;212;42
497;213;44
497;214;44
497;215;44
497;216;44
497;217;44
497;218;44
497;219;44
497;220;44
497;221;44
497;222;44
497;223;44
497;224;44
497;225;44
497;226;33
497;227;33
497;228;33
497;229;33
497;230;33
497;231;33
497;232;33
497;233;33
497;234;33
497;235;33
497;236;33
497;237;33
497;238;33
497;239;33
497;240;33
497;241;33
497;242;33
497;243;33
497;244;33
497;245;33
497;246;33
497;247;33
497;248;33
497;249;33
497;250;33
497;251;33
497;252;33
497;253;33
497;254;33
497;255;49
497;256;49
497;257;49
497;258;49
497;259;34
497;260;34
497;261;34
497;262;34
497;263;34
497;264;34
497;265;34
497;266;34
497;267;34
497;268;34
497;269;34
497;270;34
497;271;34
497;272;34
497;273;34
497;274;34
497;275;34
497;276;34
497;277;34
497;278;34
497;279;34
497;280;34
497;281;34
497;282;34
497;283;34
497;284;34
497;285;34
497;286;34
497;287;34
497;288;34
497;289;34
497;290;34
497;291;34
497;292;34
497;293;34
497;294;34
497;295;34
497;296;34
497;297;4
497;298;4
497;299;4
497;300;4
497;301;4
497;302;4
497;303;4
497;304;4
497;305;4
497;306;4
497;307;4
497;308;4
497;309;4
497;310;4
497;311;4
497;312;4
497;313;4
497;314;4
497;315;4
497;316;4
497;317;4
497;318;4
497;319;4
497;320;4
497;321;4
497;322;4
497;323;4
497;324;4
497;325;4
497;326;4
497;327;4
497;328;4
497;329;4
497;330;4
497;331;4
497;332;4
497;333;4
497;334;4
497;335;4
497;336;25
497;337;25
497;338;25
497;339;25
497;340;25
497;341;25
497;342;25
497;343;25
497;344;25
497;345;25
497;346;25
497;347;25
497;348;25
497;349;25
497;350;25
497;351;25
497;352;25
497;353;25
497;354;25
497;355;25
497;356;25
497;357;25
497;358;25
497;359;25
497;360;25
497;361;25
497;362;25
497;363;25
497;364;25
497;365;25
497;366;25
497;367;25
497;368;25
497;369;25
497;370;37
497;371;37
497;372;37
497;373;37
497;374;37
497;375;37
497;376;37
497;377;37
497;378;37
497;379;37
497;380;37
497;381;37
497;382;37
497;383;37
497;384;37
497;385;37
497;386;37
497;387;37
497;388;37
497;389;37
497;390;37
497;391;37
497;392;37
497;393;37
497;394;37
497;395;37
497;396;37
497;397;37
497;398;37
497;399;37
497;400;37
497;401;37
497;402;37
497;403;37
497;404;37
497;405;37
497;406;37
497;407;37
497;408;37
497;409;37
497;410;37
497;411;37
497;412;37
497;413;43
497;414;43
497;415;43
497;416;43
497;417;14
497;418;14
497;419;14
497;420;14
497;421;14
497;422;14
497;423;14
497;424;14
497;425;14
497;426;14
497;427;14
497;428;14
497;429;14
497;430;14
497;431;14
497;432;14
497;433;14
497;434;14
497;435;14
497;436;14
497;437;14
497;438;14
497;439;14
497;440;14
497;441;14
497;442;14
497;443;14
497;444;14
497;445;14
497;446;14
497;447;14
497;448;14
497;449;14
497;450;14
497;451;14
497;452;14
497;453;14
497;454;14
497;455;14
497;456;14
497;457;14
497;458;14
497;459;14
497;460;14
497;461;14
497;462;14
497;463;14
497;464;14
497;465;14
497;466;14
497;467;14
497;468;14
497;469;14
497;470;14
497;471;14
497;472;14
497;473;14
497;474;7
497;475;7
497;476;7
497;477;7
497;478;7
497;479;7
497;480;7
497;481;7
497;482;7
497;483;7
497;484;7
497;485;7
497;486;7
497;487;7
497;488;7
497;489;7
497;490;7
497;491;7
497;492;7
497;493;7
497;494;7
497;495;7
497;496;7
497;497;7
497;498;7
497;499;7
498;0;46
498;1;46
498;2;46
498;3;46
498;4;46
498;5;46
498;6;46
498;7;46
498;8;46
498;9;46
498;10;46
498;11;46
498;12;46
498;13;46
498;14;46
498;15;46
498;16;46
498;17;46
498;18;46
498;19;46
498;20;46
498;21;46
498;22;46
498;23;46
498;24;40
498;25;40
498;26;40
498;27;40
498;28;40
498;29;40
498;30;40
498;31;40
498;32;40
498;33;40
498;34;40
498;35;40
498;36;40
498;37;40
498;38;40
498;39;40
498;40;40
498;41;40
498;42;40
498;43;40
498;44;40
498;45;40
498;46;40
498;47;40
498;48;40
498;49;40
498;50;40
498;51;40
498;52;40
498;53;40
498;54;40
498;55;40
498;56;40
498;57;6
498;58;6
498;59;6
498;60;6
498;61;6
498;62;6
498;63;6
498;64;6
498;65;6
498;66;6
498;67;6
498;68;6
498;69;6
498;70;6
498;71;6
498;72;6
498;73;6
498;74;6
498;75;6
498;76;6
498;77;6
498;78;6
498;79;6
498;80;6
498;81;6
498;82;6
498;83;6
498;84;6
498;85;6
498;86;6
498;87;6
498;88;6
498;89;6
498;90;6
498;91;6
498;92;6
498;93;6
498;94;6
498;95;6
498;96;6
498;97;6
498;98;6
498;99;6
498;100;6
498;101;6
498;102;6
498;103;6
498;104;39
498;105;39
498;106;39
498;107;39
498;108;39
498;109;39
498;110;39
498;111;39
498;112;39
498;113;39
498;114;39
498;115;39
498;116;11
498;117;11
498;118;11
498;119;11
498;120;11
498;121;11
498;122;11
498;123;11
498;124;11
498;125;11
498;126;11
498;127;11
498;128;11
498;129;11
498;130;11
498;131;11
498;132;11
498;133;11
498;134;11
498;135;11
498;136;11
498;137;11
498;138;11
498;139;11
498;140;11
498;141;11
498;142;11
498;143;11
498;144;11
498;145;11
498;146;11
498;147;11
498;148;11
498;149;11
498;150;11
498;151;11
498;152;11
498;153;11
498;154;11
498;155;11
498;156;50
498;157;50
498;158;50
498;159;50
498;160;50
498;161;40
498;162;40
498;163;40
498;164;40
498;165;40
498;166;40
498;167;40
498;168;40
498;169;40
498;170;40
498;171;40
498;172;40
498;173;40
498;174;40
498;175;40
498;176;40
498;177;40
498;178;40
498;179;40
498;180;40
498;181;40
498;182;40
498;183;42
498;184;42
498;185;42
498;186;42
498;187;42
498;188;42
498;189;42
498;190;42
498;191;42
498;192;42
498;193;42
498;194;42
498;195;42
498;196;42
498;197;42
498;198;42
498;199;42
498;200;42
498;201;42
498;202;42
498;203;42
498;204;42
498;205;42
498;206;42
498;207;42
498;208;42
498;209;42
498;210;42
498;211;42
498;212;42
498;213;42
498;214;44
498;215;44
498;216;44
498;217;44
498;218;44
498;219;44
498;220;44
498;221;44
498;222;44
498;223;44
498;224;44
498;225;44
498;226;33
498;227;33
498;228;33
498;229;33
498;230;33
498;231;33
498;232;33
498;233;33
498;234;33
498;235;33
498;236;33
498;237;33
498;238;33
498;239;33
498;240;33
498;241;33
498;242;33
498;243;33
498;244;33
498;245;33
498;246;33
498;247;33
498;248;33
498;249;33
498;250;33
498;251;33
498;252;33
498;253;33
498;254;33
498;255;33
498;256;49
498;257;49
498;258;49
498;259;34
498;260;34
498;261;34
498;262;34
498;263;34
498;264;34
498;265;34
498;266;34
498;267;34
498;268;34
498;269;34
498;270;34
498;271;34
498;272;34
498;273;34
498;274;34
498;275;34
498;276;34
498;277;34
498;278;34
498;279;34
498;280;34
498;281;34
498;282;34
498;283;34
498;284;34
498;285;34
498;286;34
498;287;34
498;288;34
498;289;34
498;290;34
498;291;34
498;292;34
498;293;34
498;294;34
498;295;34
498;296;34
498;297;34
498;298;4
498;299;4
498;300;4
498;301;4
498;302;4
498;303;4
498;304;4
498;305;4
498;306;4
498;307;4
498;308;4
498;309;4
498;310;4
498;311;4
498;312;4
498;313;4
498;314;4
498;315;4
498;316;4
498;317;4
498;318;4
498;319;4
498;320;4
498;321;4
498;322;4
498;323;4
498;324;4
498;325;4
498;326;4
498;327;4
498;328;4
498;329;4
498;330;4
498;331;4
498;332;4
498;333;4
498;334;4
498;335;4
498;336;25
498;337;25
498;338;25
498;339;25
498;340;25
498;341;25
498;342;25
498;343;25
498;344;25
498;345;25
498;346;25
498;347;25
498;348;25
498;349;25
498;350;25
498;351;25
498;352;25
498;353;25
498;354;25
498;355;25
498;356;25
498;357;25
498;358;25
498;359;25
498;360;25
498;361;25
498;362;25
498;363;25
498;364;25
498;365;25
498;366;25
498;367;25
498;368;25
498;369;25
498;370;25
498;371;37
498;372;37
498;373;37
498;374;37
498;375;37
498;376;37
498;377;37
498;378;37
498;379;37
498;380;37
498;381;37
498;382;37
498;383;37
498;384;37
498;385;37
498;386;37
498;387;37
498;388;37
498;389;37
498;390;37
498;391;37
498;392;37
498;393;37
498;394;37
498;395;37
498;396;37
498;397;37
498;398;37
498;399;37
498;400;37
498;401;37
498;402;37
498;403;37
498;404;37
498;405;37
498;406;37
498;407;37
498;408;37
498;409;37
498;410;37
498;411;37
498;412;37
498;413;37
498;414;37
498;415;43
498;416;43
498;417;14
498;418;14
498;419;14
498;420;14
498;421;14
498;422;14
498;423;14
498;424;14
498;425;14
498;426;14
498;427;14
498;428;14
498;429;14
498;430;14
498;431;14
498;432;14
498;433;14
498;434;14
498;435;14
498;436;14
498;437;14
498;438;14
498;439;14
498;440;14
498;441;14
498;442;14
498;443;14
498;444;14
498;445;14
498;446;14
498;447;14
498;448;14
498;449;14
498;450;14
498;451;14
498;452;14
498;453;14
498;454;14
498;455;14
498;456;14
498;457;14
498;458;14
498;459;14
498;460;14
498;461;14
498;462;14
498;463;14
498;464;14
498;465;14
498;466;14
498;467;14
498;468;14
498;469;14
498;470;14
498;471;14
498;472;14
498;473;14
498;474;14
498;475;7
498;476;7
498;477;7
498;478;7
498;479;7
498;480;7
498;481;7
498;482;7
498;483;7
498;484;7
498;485;7
498;486;7
498;487;7
498;488;7
498;489;7
498;490;7
498;491;7
498;492;7
498;493;7
498;494;7
498;495;7
498;496;7
498;497;7
498;498;7
498;499;7
499;0;46
499;1;46
499;2;46
499;3;46
499;4;46
499;5;46
499;6;46
499;7;46
499;8;46
499;9;46
499;10;46
499;11;46
499;12;46
499;13;46
499;14;46
499;15;46
499;16;46
499;17;46
499;18;46
499;19;46
499;20;46
499;21;46
499;22;46
499;23;46
499;24;46
499;25;40
499;26;40
499;27;40
499;28;40
499;29;40
499;30;40
499;31;40
499;32;40
499;33;40
499;34;40
499;35;40
499;36;40
499;37;40
499;38;40
499;39;40
499;40;40
499;41;40
499;42;40
499;43;40
499;44;40
499;45;40
499;46;40
499;47;40
499;48;40
499;49;40
499;50;40
499;51;40
499;52;40
499;53;40
499;54;40
499;55;40
499;56;40
499;57;6
499;58;6
499;59;6
499;60;6
499;61;6
499;62;6
499;63;6
499;64;6
499;65;6
499;66;6
499;67;6
499;68;6
499;69;6
499;70;6
499;71;6
499;72;6
499;73;6
499;74;6
499;75;6
499;76;6
499;77;6
499;78;6
499;79;6
499;80;6
499;81;6
499;82;6
499;83;6
499;84;6
499;85;6
499;86;6
499;87;6
499;88;6
499;89;6
499;90;6
499;91;6
499;92;6
499;93;6
499;94;6
499;95;6
499;96;6
499;97;6
499;98;6
499;99;6
499;100;6
499;101;6
499;102;6
499;103;6
499;104;6
499;105;6
499;106;39
499;107;39
499;108;39
499;109;39
499;110;39
499;111;39
499;112;39
499;113;39
499;114;39
499;115;39
499;116;39
499;117;11
499;118;11
499;119;11
499;120;11
499;121;11
499;122;11
499;123;11
499;124;11
499;125;11
499;126;11
499;127;11
499;128;11
499;129;11
499;130;11
499;131;11
499;132;11
499;133;11
499;134;11
499;135;11
499;136;11
499;137;11
499;138;11
499;139;11
499;140;11
499;141;11
499;142;11
499;143;11
499;144;11
499;145;11
499;146;11
499;147;11
499;148;11
499;149;11
499;150;11
499;151;11
499;152;11
499;153;11
499;154;11
499;155;11
499;156;11
499;157;50
499;158;50
499;159;50
499;160;50
499;161;50
499;162;40
499;163;40
499;164;40
499;165;40
499;166;40
499;167;40
499;168;40
499;169;40
499;170;40
499;171;40
499;172;40
499;173;40
499;174;40
499;175;40
499;176;40
499;177;40
499;178;40
499;179;40
499;180;40
499;181;40
499;182;40
499;183;42
499;184;42
499;185;42
499;186;42
499;187;42
499;188;42
499;189;42
499;190;42
499;191;42
499;192;42
499;193;42
499;194;42
499;195;42
499;196;42
499;197;42
499;198;42
499;199;42
499;200;42
499;201;42
499;202;42
499;203;42
499;204;42
499;205;42
499;206;42
499;207;42
499;208;42
499;209;42
499;210;42
499;211;42
499;212;42
499;213;42
499;214;42
499;215;44
499;216;44
499;217;44
499;218;44
499;219;44
499;220;44
499;221;44
499;222;44
499;223;44
499;224;44
499;225;44
499;226;33
499;227;33
499;228;33
499;229;33
499;230;33
499;231;33
499;232;33
499;233;33
499;234;33
499;235;33
499;236;33
499;237;33
499;238;33
499;239;33
499;240;33
499;241;33
499;242;33
499;243;33
499;244;33
499;245;33
499;246;33
499;247;33
499;248;33
499;249;33
499;250;33
499;251;33
499;252;33
499;253;33
499;254;33
499;255;33
499;256;49
499;257;49
499;258;49
499;259;34
499;260;34
499;261;34
499;262;34
499;263;34
499;264;34
499;265;34
499;266;34
499;267;34
499;268;34
499;269;34
499;270;34
499;271;34
499;272;34
499;273;34
499;274;34
499;275;34
499;276;34
499;277;34
499;278;34
499;279;34
499;280;34
499;281;34
499;282;34
499;283;34
499;284;34
499;285;34
499;286;34
499;287;34
499;288;34
499;289;34
499;290;34
499;291;34
499;292;34
499;293;34
499;294;34
499;295;34
499;296;34
499;297;34
499;298;4
499;299;4
499;300;4
499;301;4
499;302;4
499;303;4
499;304;4
499;305;4
499;306;4
499;307;4
499;308;4
499;309;4
499;310;4
499;311;4
499;312;4
499;313;4
499;314;4
499;315;4
499;316;4
499;317;4
499;318;4
499;319;4
499;320;4
499;321;4
499;322;4
499;323;4
499;324;4
499;325;4
499;326;4
499;327;4
499;328;4
499;329;4
499;330;4
499;331;4
499;332;4
499;333;4
499;334;4
499;335;4
499;336;25
499;337;25
499;338;25
499;339;25
499;340;25
499;341;25
499;342;25
499;343;25
499;344;25
499;345;25
499;346;25
499;347;25
499;348;25
499;349;25
499;350;25
499;351;25
499;352;25
499;353;25
499;354;25
499;355;25
499;356;25
499;357;25
499;358;25
499;359;25
499;360;25
499;361;25
499;362;25
499;363;25
499;364;25
499;365;25
499;366;25
499;367;25
499;368;25
499;369;25
499;370;25
499;371;37
499;372;37
499;373;37
499;374;37
499;375;37
499;376;37
499;377;37
499;378;37
499;379;37
499;380;37
499;381;37
499;382;37
499;383;37
499;384;37
499;385;37
499;386;37
499;387;37
499;388;37
499;389;37
499;390;37
499;391;37
499;392;37
499;393;37
499;394;37
499;395;37
499;396;37
499;397;37
499;398;37
499;399;37
499;400;37
499;401;37
499;402;37
499;403;37
499;404;37
499;405;37
499;406;37
499;407;37
499;408;37
499;409;37
499;410;37
499;411;37
499;412;37
499;413;37
499;414;37
499;415;37
499;416;37
499;417;14
499;418;14
499;419;14
499;420;14
499;421;14
499;422;14
499;423;14
499;424;14
499;425;14
499;426;14
499;427;14
499;428;14
499;429;14
499;430;14
499;431;14
499;432;14
499;433;14
499;434;14
499;435;14
499;436;14
499;437;14
499;438;14
499;439;14
499;440;14
499;441;14
499;442;14
499;443;14
499;444;14
499;445;14
499;446;14
499;447;14
499;448;14
499;449;14
499;450;14
499;451;14
499;452;14
499;453;14
499;454;14
499;455;14
499;456;14
499;457;14
499;458;14
499;459;14
499;460;14
499;461;14
499;462;14
499;463;14
499;464;14
499;465;14
499;466;14
499;467;14
499;468;14
499;469;14
499;470;14
499;471;14
499;472;14
499;473;14
499;474;14
499;475;7
499;476;7
499;477;7
499;478;7
499;479;7
499;480;7
499;481;7
499;482;7
499;483;7
499;484;7
499;485;7
499;486;7
499;487;7
499;488;7
499;489;7
499;490;7
499;491;7
499;492;7
499;493;7
499;494;7
499;495;7
499;496;7
499;497;7
499;498;7
499;499;7
